-0.999999, -0.000797434, -0.000797196, 0.290901, 0.000796858, 0.000424669, -1, 0.848124, 0.000797772, -1, -0.000424033, 1.02183, 0, 0, 0, 1
-0.999999, -0.000797398, -0.00079661, 0.290901, 0.000796271, 0.000425016, -1, 0.848124, 0.000797736, -1, -0.00042438, 1.02183, 0, 0, 0, 1
-0.999999, -0.000797289, -0.000794852, 0.290901, 0.000794512, 0.000426056, -1, 0.848124, 0.000797627, -1, -0.000425422, 1.02183, 0, 0, 0, 1
-0.999999, -0.000797107, -0.000791921, 0.290901, 0.00079158, 0.000427789, -1, 0.848125, 0.000797446, -1, -0.000427158, 1.02183, 0, 0, 0, 1
-0.999999, -0.000796853, -0.000787818, 0.290901, 0.000787475, 0.000430216, -1, 0.848125, 0.000797192, -1, -0.000429588, 1.02183, 0, 0, 0, 1
-0.999999, -0.000796526, -0.000782543, 0.290901, 0.000782198, 0.000433336, -1, 0.848125, 0.000796865, -1, -0.000432713, 1.02183, 0, 0, 0, 1
-0.999999, -0.000796127, -0.000776095, 0.2909, 0.000775748, 0.00043715, -1, 0.848126, 0.000796466, -1, -0.000436532, 1.02183, 0, 0, 0, 1
-0.999999, -0.000795654, -0.000768476, 0.2909, 0.000768125, 0.000441657, -1, 0.848126, 0.000795994, -1, -0.000441046, 1.02183, 0, 0, 0, 1
-0.999999, -0.00079511, -0.000759684, 0.2909, 0.000759329, 0.000446858, -1, 0.848127, 0.000795449, -1, -0.000446254, 1.02183, 0, 0, 0, 1
-0.999999, -0.000794492, -0.00074972, 0.2909, 0.00074936, 0.000452752, -1, 0.848128, 0.000794831, -1, -0.000452156, 1.02183, 0, 0, 0, 1
-0.999999, -0.000793802, -0.000738583, 0.290899, 0.000738219, 0.000459339, -1, 0.848128, 0.000794141, -1, -0.000458753, 1.02183, 0, 0, 0, 1
-0.999999, -0.00079304, -0.000726275, 0.290899, 0.000725905, 0.00046662, -1, 0.848129, 0.000793378, -1, -0.000466044, 1.02183, 0, 0, 0, 1
-0.999999, -0.000792204, -0.000712794, 0.290899, 0.000712418, 0.000474594, -1, 0.84813, 0.000792542, -1, -0.000474029, 1.02183, 0, 0, 0, 1
-0.999999, -0.000791296, -0.000698141, 0.290898, 0.000697758, 0.000483261, -1, 0.848131, 0.000791634, -1, -0.000482709, 1.02183, 0, 0, 0, 1
-0.999999, -0.000790316, -0.000682315, 0.290898, 0.000681926, 0.000492622, -1, 0.848133, 0.000790652, -1, -0.000492083, 1.02183, 0, 0, 0, 1
-0.999999, -0.000789263, -0.000665318, 0.290897, 0.000664921, 0.000502677, -1, 0.848134, 0.000789597, -1, -0.000502152, 1.02182, 0, 0, 0, 1
-0.999999, -0.000788137, -0.000647148, 0.290897, 0.000646743, 0.000513424, -1, 0.848135, 0.000788469, -1, -0.000512914, 1.02182, 0, 0, 0, 1
-0.999999, -0.000786939, -0.000627805, 0.290896, 0.000627392, 0.000524866, -1, 0.848137, 0.000787269, -1, -0.000524372, 1.02182, 0, 0, 0, 1
-1, -0.000785669, -0.000607291, 0.290895, 0.000606869, 0.000537, -1, 0.848138, 0.000785995, -1, -0.000536523, 1.02182, 0, 0, 0, 1
-1, -0.000784326, -0.000585604, 0.290895, 0.000585173, 0.000549828, -1, 0.84814, 0.000784647, -1, -0.000549369, 1.02182, 0, 0, 0, 1
-1, -0.00078291, -0.000562745, 0.290894, 0.000562304, 0.00056335, -1, 0.848141, 0.000783227, -1, -0.000562909, 1.02182, 0, 0, 0, 1
-1, -0.000781422, -0.000538714, 0.290893, 0.000538263, 0.000577564, -1, 0.848143, 0.000781732, -1, -0.000577143, 1.02181, 0, 0, 0, 1
-1, -0.000779861, -0.000513511, 0.290893, 0.000513049, 0.000592473, -1, 0.848145, 0.000780165, -1, -0.000592072, 1.02181, 0, 0, 0, 1
-1, -0.000778228, -0.000487135, 0.290892, 0.000486662, 0.000608074, -1, 0.848147, 0.000778524, -1, -0.000607695, 1.02181, 0, 0, 0, 1
-1, -0.000776522, -0.000459587, 0.290891, 0.000459102, 0.000624369, -1, 0.848149, 0.000776809, -1, -0.000624013, 1.02181, 0, 0, 0, 1
-1, -0.000774744, -0.000430867, 0.29089, 0.00043037, 0.000641358, -1, 0.848151, 0.00077502, -0.999999, -0.000641024, 1.0218, 0, 0, 0, 1
-1, -0.000772894, -0.000400974, 0.290889, 0.000400465, 0.00065904, -1, 0.848153, 0.000773158, -0.999999, -0.00065873, 1.0218, 0, 0, 0, 1
-1, -0.000770971, -0.00036991, 0.290888, 0.000369387, 0.000677415, -1, 0.848155, 0.000771221, -0.999999, -0.00067713, 1.0218, 0, 0, 0, 1
-1, -0.000768975, -0.000337673, 0.290888, 0.000337137, 0.000696484, -1, 0.848158, 0.00076921, -0.999999, -0.000696224, 1.0218, 0, 0, 0, 1
-1, -0.000766908, -0.000304263, 0.290887, 0.000303714, 0.000716246, -1, 0.84816, 0.000767125, -0.999999, -0.000716013, 1.02179, 0, 0, 0, 1
-1, -0.000764768, -0.000269682, 0.290886, 0.000269118, 0.000736702, -1, 0.848163, 0.000764966, -0.999999, -0.000736496, 1.02179, 0, 0, 0, 1
-1, -0.000762555, -0.000233928, 0.290884, 0.00023335, 0.000757851, -1, 0.848165, 0.000762732, -0.999999, -0.000757673, 1.02179, 0, 0, 0, 1
-1, -0.000760271, -0.000197002, 0.290883, 0.000196409, 0.000779693, -1, 0.848168, 0.000760424, -0.999999, -0.000779544, 1.02178, 0, 0, 0, 1
-1, -0.000757914, -0.000158904, 0.290882, 0.000158296, 0.000802229, -1, 0.848171, 0.000758041, -0.999999, -0.000802109, 1.02178, 0, 0, 0, 1
-1, -0.000755485, -0.000119633, 0.290881, 0.00011901, 0.000825459, -1, 0.848174, 0.000755583, -0.999999, -0.000825369, 1.02178, 0, 0, 0, 1
-1, -0.000752983, -7.91906e-05, 0.29088, 7.8551e-05, 0.000849382, -1, 0.848177, 0.00075305, -0.999999, -0.000849322, 1.02177, 0, 0, 0, 1
-1, -0.00075041, -3.75756e-05, 0.290879, 3.69197e-05, 0.000873998, -1, 0.84818, 0.000750442, -0.999999, -0.00087397, 1.02177, 0, 0, 0, 1
-1, -0.000747764, 5.2117e-06, 0.290877, -5.88417e-06, 0.000899308, -1, 0.848183, 0.000747759, -0.999999, -0.000899312, 1.02177, 0, 0, 0, 1
-1, -0.000745046, 4.91712e-05, 0.290876, -4.98606e-05, 0.000925311, -1, 0.848186, 0.000745, -0.999999, -0.000925348, 1.02176, 0, 0, 0, 1
-1, -0.000742256, 9.4303e-05, 0.290875, -9.50096e-05, 0.000952007, -1, 0.848189, 0.000742166, -0.999999, -0.000952078, 1.02176, 0, 0, 0, 1
-1, -0.000739394, 0.000140607, 0.290873, -0.000141331, 0.000979398, -1, 0.848193, 0.000739256, -0.999999, -0.000979502, 1.02176, 0, 0, 0, 1
-1, -0.00073646, 0.000188083, 0.290872, -0.000188825, 0.00100748, -0.999999, 0.848196, 0.00073627, -0.999999, -0.00100762, 1.02175, 0, 0, 0, 1
-1, -0.000733453, 0.000236732, 0.290871, -0.000237492, 0.00103626, -0.999999, 0.8482, 0.000733208, -0.999999, -0.00103643, 1.02175, 0, 0, 0, 1
-1, -0.000730375, 0.000286553, 0.290869, -0.000287331, 0.00106573, -0.999999, 0.848203, 0.000730069, -0.999999, -0.00106594, 1.02174, 0, 0, 0, 1
-1, -0.000727225, 0.000337546, 0.290868, -0.000338343, 0.00109589, -0.999999, 0.848207, 0.000726855, -0.999999, -0.00109614, 1.02174, 0, 0, 0, 1
-1, -0.000724003, 0.000389711, 0.290866, -0.000390527, 0.00112675, -0.999999, 0.848211, 0.000723563, -0.999999, -0.00112703, 1.02174, 0, 0, 0, 1
-1, -0.000720709, 0.000443049, 0.290865, -0.000443883, 0.0011583, -0.999999, 0.848215, 0.000720195, -0.999999, -0.00115862, 1.02173, 0, 0, 0, 1
-1, -0.000717343, 0.000497558, 0.290863, -0.000498412, 0.00119055, -0.999999, 0.848219, 0.00071675, -0.999999, -0.0011909, 1.02173, 0, 0, 0, 1
-1, -0.000713905, 0.00055324, 0.290861, -0.000554114, 0.00122348, -0.999999, 0.848223, 0.000713227, -0.999999, -0.00122388, 1.02172, 0, 0, 0, 1
-1, -0.000710395, 0.000610095, 0.29086, -0.000610987, 0.00125711, -0.999999, 0.848227, 0.000709627, -0.999999, -0.00125755, 1.02172, 0, 0, 0, 1
-1, -0.000706813, 0.000668121, 0.290858, -0.000669034, 0.00129144, -0.999999, 0.848231, 0.00070595, -0.999999, -0.00129191, 1.02171, 0, 0, 0, 1
-0.999999, -0.00070316, 0.00072732, 0.290856, -0.000728252, 0.00132646, -0.999999, 0.848235, 0.000702195, -0.999999, -0.00132697, 1.02171, 0, 0, 0, 1
-0.999999, -0.000699435, 0.000787691, 0.290854, -0.000788643, 0.00136217, -0.999999, 0.84824, 0.000698361, -0.999999, -0.00136272, 1.0217, 0, 0, 0, 1
-0.999999, -0.000695639, 0.000849235, 0.290853, -0.000850207, 0.00139857, -0.999999, 0.848244, 0.00069445, -0.999999, -0.00139917, 1.0217, 0, 0, 0, 1
-0.999999, -0.00069177, 0.00091195, 0.290851, -0.000912943, 0.00143567, -0.999999, 0.848249, 0.00069046, -0.999999, -0.0014363, 1.02169, 0, 0, 0, 1
-0.999999, -0.000687831, 0.000975838, 0.290849, -0.000976851, 0.00147347, -0.999998, 0.848253, 0.000686392, -0.999999, -0.00147414, 1.02169, 0, 0, 0, 1
-0.999999, -0.000683819, 0.0010409, 0.290847, -0.00104193, 0.00151195, -0.999998, 0.848258, 0.000682244, -0.999999, -0.00151266, 1.02168, 0, 0, 0, 1
-0.999999, -0.000679736, 0.00110713, 0.290845, -0.00110818, 0.00155113, -0.999998, 0.848263, 0.000678018, -0.999999, -0.00155188, 1.02168, 0, 0, 0, 1
-0.999999, -0.000675582, 0.00117453, 0.290843, -0.00117561, 0.001591, -0.999998, 0.848268, 0.000673712, -0.999999, -0.0015918, 1.02167, 0, 0, 0, 1
-0.999999, -0.000671356, 0.00124311, 0.290841, -0.00124421, 0.00163157, -0.999998, 0.848273, 0.000669326, -0.999998, -0.0016324, 1.02167, 0, 0, 0, 1
-0.999999, -0.000667059, 0.00131286, 0.290839, -0.00131398, 0.00167283, -0.999998, 0.848278, 0.000664861, -0.999998, -0.00167371, 1.02166, 0, 0, 0, 1
-0.999999, -0.00066269, 0.00138378, 0.290837, -0.00138492, 0.00171478, -0.999998, 0.848283, 0.000660316, -0.999998, -0.0017157, 1.02165, 0, 0, 0, 1
-0.999999, -0.00065825, 0.00145588, 0.290835, -0.00145703, 0.00175743, -0.999997, 0.848288, 0.00065569, -0.999998, -0.00175839, 1.02165, 0, 0, 0, 1
-0.999999, -0.000653739, 0.00152914, 0.290833, -0.00153032, 0.00180077, -0.999997, 0.848294, 0.000650983, -0.999998, -0.00180177, 1.02164, 0, 0, 0, 1
-0.999999, -0.000649156, 0.00160358, 0.29083, -0.00160477, 0.00184481, -0.999997, 0.848299, 0.000646196, -0.999998, -0.00184584, 1.02164, 0, 0, 0, 1
-0.999998, -0.000644503, 0.00167919, 0.290828, -0.0016804, 0.00188953, -0.999997, 0.848305, 0.000641328, -0.999998, -0.00189061, 1.02163, 0, 0, 0, 1
-0.999998, -0.000639778, 0.00175597, 0.290826, -0.00175721, 0.00193495, -0.999997, 0.84831, 0.000636378, -0.999998, -0.00193608, 1.02162, 0, 0, 0, 1
-0.999998, -0.000634982, 0.00183393, 0.290824, -0.00183518, 0.00198107, -0.999996, 0.848316, 0.000631347, -0.999998, -0.00198223, 1.02162, 0, 0, 0, 1
-0.999998, -0.000630115, 0.00191305, 0.290821, -0.00191433, 0.00202788, -0.999996, 0.848322, 0.000626234, -0.999998, -0.00202908, 1.02161, 0, 0, 0, 1
-0.999998, -0.000625178, 0.00199335, 0.290819, -0.00199465, 0.00207538, -0.999996, 0.848328, 0.000621038, -0.999998, -0.00207662, 1.0216, 0, 0, 0, 1
-0.999998, -0.000620169, 0.00207482, 0.290817, -0.00207614, 0.00212357, -0.999996, 0.848334, 0.00061576, -0.999998, -0.00212486, 1.0216, 0, 0, 0, 1
-0.999997, -0.000615089, 0.00215747, 0.290814, -0.0021588, 0.00217246, -0.999995, 0.84834, 0.000610399, -0.999997, -0.00217379, 1.02159, 0, 0, 0, 1
-0.999997, -0.000609939, 0.00224128, 0.290812, -0.00224263, 0.00222205, -0.999995, 0.848346, 0.000604955, -0.999997, -0.00222341, 1.02158, 0, 0, 0, 1
-0.999997, -0.000604717, 0.00232627, 0.290809, -0.00232764, 0.00227232, -0.999995, 0.848352, 0.000599428, -0.999997, -0.00227372, 1.02158, 0, 0, 0, 1
-0.999997, -0.000599425, 0.00241243, 0.290807, -0.00241382, 0.00232329, -0.999994, 0.848358, 0.000593817, -0.999997, -0.00232473, 1.02157, 0, 0, 0, 1
-0.999997, -0.000594063, 0.00249977, 0.290804, -0.00250117, 0.00237496, -0.999994, 0.848365, 0.000588122, -0.999997, -0.00237643, 1.02156, 0, 0, 0, 1
-0.999996, -0.000588629, 0.00258827, 0.290801, -0.00258969, 0.00242731, -0.999994, 0.848371, 0.000582343, -0.999997, -0.00242883, 1.02155, 0, 0, 0, 1
-0.999996, -0.000583125, 0.00267795, 0.290799, -0.00267939, 0.00248036, -0.999993, 0.848378, 0.000576479, -0.999997, -0.00248192, 1.02155, 0, 0, 0, 1
-0.999996, -0.000577551, 0.0027688, 0.290796, -0.00277025, 0.00253411, -0.999993, 0.848384, 0.00057053, -0.999997, -0.0025357, 1.02154, 0, 0, 0, 1
-0.999996, -0.000571906, 0.00286082, 0.290793, -0.00286229, 0.00258855, -0.999993, 0.848391, 0.000564496, -0.999996, -0.00259017, 1.02153, 0, 0, 0, 1
-0.999995, -0.000566191, 0.00295401, 0.290791, -0.0029555, 0.00264368, -0.999992, 0.848398, 0.000558377, -0.999996, -0.00264534, 1.02152, 0, 0, 0, 1
-0.999995, -0.000560405, 0.00304838, 0.290788, -0.00304988, 0.0026995, -0.999992, 0.848405, 0.000552171, -0.999996, -0.0027012, 1.02152, 0, 0, 0, 1
-0.999995, -0.000554549, 0.00314392, 0.290785, -0.00314543, 0.00275602, -0.999991, 0.848412, 0.000545879, -0.999996, -0.00275775, 1.02151, 0, 0, 0, 1
-0.999995, -0.000548623, 0.00324063, 0.290782, -0.00324216, 0.00281323, -0.999991, 0.848419, 0.000539501, -0.999996, -0.002815, 1.0215, 0, 0, 0, 1
-0.999994, -0.000542626, 0.00333851, 0.290779, -0.00334005, 0.00287114, -0.99999, 0.848426, 0.000533036, -0.999996, -0.00287294, 1.02149, 0, 0, 0, 1
-0.999994, -0.00053656, 0.00343756, 0.290776, -0.00343912, 0.00292974, -0.99999, 0.848433, 0.000526483, -0.999996, -0.00293157, 1.02148, 0, 0, 0, 1
-0.999994, -0.000530423, 0.00353779, 0.290773, -0.00353936, 0.00298903, -0.999989, 0.84844, 0.000519843, -0.999995, -0.00299089, 1.02147, 0, 0, 0, 1
-0.999993, -0.000524217, 0.00363919, 0.29077, -0.00364077, 0.00304902, -0.999989, 0.848448, 0.000513115, -0.999995, -0.00305091, 1.02147, 0, 0, 0, 1
-0.999993, -0.00051794, 0.00374176, 0.290767, -0.00374336, 0.0031097, -0.999988, 0.848455, 0.000506298, -0.999995, -0.00311162, 1.02146, 0, 0, 0, 1
-0.999992, -0.000511594, 0.00384551, 0.290764, -0.00384711, 0.00317107, -0.999988, 0.848463, 0.000499393, -0.999995, -0.00317302, 1.02145, 0, 0, 0, 1
-0.999992, -0.000505178, 0.00395042, 0.290761, -0.00395204, 0.00323314, -0.999987, 0.84847, 0.000492399, -0.999995, -0.00323511, 1.02144, 0, 0, 0, 1
-0.999992, -0.000498692, 0.00405651, 0.290758, -0.00405813, 0.0032959, -0.999986, 0.848478, 0.000485315, -0.999994, -0.0032979, 1.02143, 0, 0, 0, 1
-0.999991, -0.000492136, 0.00416377, 0.290755, -0.0041654, 0.00335936, -0.999986, 0.848486, 0.000478142, -0.999994, -0.00336138, 1.02142, 0, 0, 0, 1
-0.999991, -0.000485511, 0.0042722, 0.290752, -0.00427384, 0.00342351, -0.999985, 0.848494, 0.000470878, -0.999994, -0.00342555, 1.02141, 0, 0, 0, 1
-0.99999, -0.000478816, 0.00438181, 0.290748, -0.00438345, 0.00348835, -0.999984, 0.848502, 0.000463524, -0.999994, -0.00349042, 1.02141, 0, 0, 0, 1
-0.99999, -0.000472052, 0.00449258, 0.290745, -0.00449423, 0.00355389, -0.999984, 0.84851, 0.000456078, -0.999994, -0.00355597, 1.0214, 0, 0, 0, 1
-0.999989, -0.000465218, 0.00460453, 0.290742, -0.00460619, 0.00362012, -0.999983, 0.848518, 0.000448542, -0.999993, -0.00362222, 1.02139, 0, 0, 0, 1
-0.999989, -0.000458315, 0.00471765, 0.290739, -0.00471931, 0.00368704, -0.999982, 0.848527, 0.000440913, -0.999993, -0.00368916, 1.02138, 0, 0, 0, 1
-0.999988, -0.000451343, 0.00483195, 0.290735, -0.00483361, 0.00375466, -0.999981, 0.848535, 0.000433192, -0.999993, -0.0037568, 1.02137, 0, 0, 0, 1
-0.999988, -0.000444302, 0.00494741, 0.290732, -0.00494908, 0.00382297, -0.99998, 0.848543, 0.000425379, -0.999993, -0.00382512, 1.02136, 0, 0, 0, 1
-0.999987, -0.000437191, 0.00506405, 0.290728, -0.00506571, 0.00389198, -0.99998, 0.848552, 0.000417473, -0.999992, -0.00389414, 1.02135, 0, 0, 0, 1
-0.999986, -0.000430012, 0.00518186, 0.290725, -0.00518352, 0.00396168, -0.999979, 0.84856, 0.000409474, -0.999992, -0.00396385, 1.02134, 0, 0, 0, 1
-0.999986, -0.000422763, 0.00530084, 0.290721, -0.0053025, 0.00403207, -0.999978, 0.848569, 0.00040138, -0.999992, -0.00403425, 1.02133, 0, 0, 0, 1
-0.999985, -0.000415445, 0.005421, 0.290718, -0.00542266, 0.00410315, -0.999977, 0.848578, 0.000393193, -0.999991, -0.00410535, 1.02132, 0, 0, 0, 1
-0.999985, -0.000408059, 0.00554232, 0.290714, -0.00554398, 0.00417493, -0.999976, 0.848587, 0.00038491, -0.999991, -0.00417713, 1.02131, 0, 0, 0, 1
-0.999984, -0.000400604, 0.00566482, 0.290711, -0.00566647, 0.00424741, -0.999975, 0.848596, 0.000376533, -0.999991, -0.00424961, 1.0213, 0, 0, 0, 1
-0.999983, -0.00039308, 0.00578849, 0.290707, -0.00579014, 0.00432058, -0.999974, 0.848605, 0.00036806, -0.999991, -0.00432278, 1.02129, 0, 0, 0, 1
-0.999982, -0.000385487, 0.00591333, 0.290703, -0.00591497, 0.00439444, -0.999973, 0.848614, 0.000359491, -0.99999, -0.00439664, 1.02128, 0, 0, 0, 1
-0.999982, -0.000377826, 0.00603935, 0.2907, -0.00604098, 0.00446899, -0.999972, 0.848623, 0.000350826, -0.99999, -0.00447119, 1.02127, 0, 0, 0, 1
-0.999981, -0.000370097, 0.00616654, 0.290696, -0.00616815, 0.00454424, -0.999971, 0.848632, 0.000342064, -0.99999, -0.00454644, 1.02126, 0, 0, 0, 1
-0.99998, -0.000362299, 0.0062949, 0.290692, -0.0062965, 0.00462019, -0.99997, 0.848642, 0.000333204, -0.999989, -0.00462237, 1.02125, 0, 0, 0, 1
-0.999979, -0.000354433, 0.00642443, 0.290688, -0.00642602, 0.00469682, -0.999968, 0.848651, 0.000324247, -0.999989, -0.004699, 1.02124, 0, 0, 0, 1
-0.999978, -0.000346498, 0.00655513, 0.290684, -0.00655671, 0.00477415, -0.999967, 0.848661, 0.000315192, -0.999989, -0.00477632, 1.02123, 0, 0, 0, 1
-0.999978, -0.000338496, 0.00668701, 0.29068, -0.00668857, 0.00485218, -0.999966, 0.84867, 0.000306038, -0.999988, -0.00485433, 1.02121, 0, 0, 0, 1
-0.999977, -0.000330425, 0.00682005, 0.290676, -0.0068216, 0.0049309, -0.999965, 0.84868, 0.000296785, -0.999988, -0.00493303, 1.0212, 0, 0, 0, 1
-0.999976, -0.000322287, 0.00695427, 0.290672, -0.0069558, 0.00501031, -0.999963, 0.84869, 0.000287432, -0.999987, -0.00501243, 1.02119, 0, 0, 0, 1
-0.999975, -0.00031408, 0.00708966, 0.290668, -0.00709117, 0.00509041, -0.999962, 0.8487, 0.000277979, -0.999987, -0.00509251, 1.02118, 0, 0, 0, 1
-0.999974, -0.000305806, 0.00722623, 0.290664, -0.00722771, 0.00517121, -0.999961, 0.84871, 0.000268425, -0.999987, -0.00517329, 1.02117, 0, 0, 0, 1
-0.999973, -0.000297464, 0.00736396, 0.29066, -0.00736542, 0.00525271, -0.999959, 0.84872, 0.000258771, -0.999986, -0.00525476, 1.02116, 0, 0, 0, 1
-0.999972, -0.000289054, 0.00750287, 0.290656, -0.00750431, 0.00533489, -0.999958, 0.84873, 0.000249015, -0.999986, -0.00533691, 1.02115, 0, 0, 0, 1
-0.999971, -0.000280577, 0.00764295, 0.290652, -0.00764436, 0.00541778, -0.999956, 0.84874, 0.000239156, -0.999985, -0.00541976, 1.02114, 0, 0, 0, 1
-0.99997, -0.000272032, 0.0077842, 0.290648, -0.00778558, 0.00550135, -0.999955, 0.848751, 0.000229196, -0.999985, -0.0055033, 1.02112, 0, 0, 0, 1
-0.999969, -0.00026342, 0.00792663, 0.290644, -0.00792797, 0.00558562, -0.999953, 0.848761, 0.000219132, -0.999984, -0.00558753, 1.02111, 0, 0, 0, 1
-0.999967, -0.00025474, 0.00807022, 0.290639, -0.00807154, 0.00567058, -0.999951, 0.848771, 0.000208965, -0.999984, -0.00567246, 1.0211, 0, 0, 0, 1
-0.999966, -0.000245993, 0.00821499, 0.290635, -0.00821627, 0.00575624, -0.99995, 0.848782, 0.000198693, -0.999983, -0.00575807, 1.02109, 0, 0, 0, 1
-0.999965, -0.000237179, 0.00836093, 0.290631, -0.00836217, 0.00584259, -0.999948, 0.848793, 0.000188318, -0.999983, -0.00584437, 1.02108, 0, 0, 0, 1
-0.999964, -0.000228299, 0.00850804, 0.290626, -0.00850925, 0.00592964, -0.999946, 0.848804, 0.000177837, -0.999982, -0.00593136, 1.02106, 0, 0, 0, 1
-0.999963, -0.000219351, 0.00865633, 0.290622, -0.00865749, 0.00601738, -0.999944, 0.848814, 0.00016725, -0.999982, -0.00601905, 1.02105, 0, 0, 0, 1
-0.999961, -0.000210336, 0.00880578, 0.290618, -0.0088069, 0.00610581, -0.999943, 0.848825, 0.000156557, -0.999981, -0.00610742, 1.02104, 0, 0, 0, 1
-0.99996, -0.000201254, 0.00895641, 0.290613, -0.00895749, 0.00619493, -0.999941, 0.848836, 0.000145758, -0.999981, -0.00619649, 1.02103, 0, 0, 0, 1
-0.999959, -0.000192106, 0.00910821, 0.290609, -0.00910924, 0.00628476, -0.999939, 0.848847, 0.000134852, -0.99998, -0.00628624, 1.02101, 0, 0, 0, 1
-0.999957, -0.000182891, 0.00926118, 0.290604, -0.00926216, 0.00637527, -0.999937, 0.848859, 0.000123837, -0.99998, -0.00637669, 1.021, 0, 0, 0, 1
-0.999956, -0.00017361, 0.00941533, 0.2906, -0.00941625, 0.00646648, -0.999935, 0.84887, 0.000112715, -0.999979, -0.00646783, 1.02099, 0, 0, 0, 1
-0.999954, -0.000164262, 0.00957064, 0.290595, -0.00957151, 0.00655838, -0.999933, 0.848881, 0.000101483, -0.999978, -0.00655965, 1.02098, 0, 0, 0, 1
-0.999953, -0.000154848, 0.00972713, 0.29059, -0.00972794, 0.00665098, -0.999931, 0.848893, 9.01428e-05, -0.999978, -0.00665217, 1.02096, 0, 0, 0, 1
-0.999951, -0.000145368, 0.00988479, 0.290586, -0.00988554, 0.00674427, -0.999928, 0.848904, 7.86922e-05, -0.999977, -0.00674538, 1.02095, 0, 0, 0, 1
-0.99995, -0.000135822, 0.0100436, 0.290581, -0.0100443, 0.00683825, -0.999926, 0.848916, 6.71311e-05, -0.999977, -0.00683927, 1.02094, 0, 0, 0, 1
-0.999948, -0.00012621, 0.0102036, 0.290576, -0.0102043, 0.00693293, -0.999924, 0.848928, 5.5459e-05, -0.999976, -0.00693386, 1.02092, 0, 0, 0, 1
-0.999946, -0.000116531, 0.0103648, 0.290571, -0.0103654, 0.0070283, -0.999922, 0.848939, 4.36753e-05, -0.999975, -0.00702913, 1.02091, 0, 0, 0, 1
-0.999945, -0.000106787, 0.0105271, 0.290567, -0.0105276, 0.00712437, -0.999919, 0.848951, 3.17794e-05, -0.999975, -0.0071251, 1.0209, 0, 0, 0, 1
-0.999943, -9.69776e-05, 0.0106907, 0.290562, -0.0106911, 0.00722113, -0.999917, 0.848963, 1.97708e-05, -0.999974, -0.00722175, 1.02088, 0, 0, 0, 1
-0.999941, -8.71022e-05, 0.0108554, 0.290557, -0.0108557, 0.00731859, -0.999914, 0.848975, 7.64886e-06, -0.999973, -0.0073191, 1.02087, 0, 0, 0, 1
-0.999939, -7.71613e-05, 0.0110212, 0.290552, -0.0110215, 0.00741673, -0.999912, 0.848987, -4.587e-06, -0.999972, -0.00741713, 1.02086, 0, 0, 0, 1
-0.999937, -6.71549e-05, 0.0111883, 0.290547, -0.0111884, 0.00751558, -0.999909, 0.849, -1.69374e-05, -0.999972, -0.00751586, 1.02084, 0, 0, 0, 1
-0.999936, -5.70833e-05, 0.0113565, 0.290542, -0.0113566, 0.00761511, -0.999907, 0.849012, -2.94028e-05, -0.999971, -0.00761527, 1.02083, 0, 0, 0, 1
-0.999934, -4.69464e-05, 0.0115258, 0.290537, -0.0115259, 0.00771534, -0.999904, 0.849024, -4.19839e-05, -0.99997, -0.00771537, 1.02082, 0, 0, 0, 1
-0.999932, -3.67444e-05, 0.0116964, 0.290532, -0.0116963, 0.00781627, -0.999901, 0.849037, -5.46813e-05, -0.999969, -0.00781616, 1.0208, 0, 0, 0, 1
-0.99993, -2.64774e-05, 0.0118681, 0.290527, -0.0118679, 0.00791789, -0.999898, 0.849049, -6.74956e-05, -0.999969, -0.00791764, 1.02079, 0, 0, 0, 1
-0.999928, -1.61455e-05, 0.012041, 0.290522, -0.0120407, 0.0080202, -0.999895, 0.849062, -8.04274e-05, -0.999968, -0.00801981, 1.02077, 0, 0, 0, 1
-0.999925, -5.74885e-06, 0.0122151, 0.290517, -0.0122147, 0.00812321, -0.999892, 0.849075, -9.34773e-05, -0.999967, -0.00812267, 1.02076, 0, 0, 0, 1
-0.999923, 4.71252e-06, 0.0123903, 0.290511, -0.0123898, 0.00822691, -0.999889, 0.849088, -0.000106646, -0.999966, -0.00822622, 1.02074, 0, 0, 0, 1
-0.999921, 1.52385e-05, 0.0125667, 0.290506, -0.0125662, 0.00833131, -0.999886, 0.849101, -0.000119934, -0.999965, -0.00833046, 1.02073, 0, 0, 0, 1
-0.999919, 2.58289e-05, 0.0127443, 0.290501, -0.0127436, 0.00843639, -0.999883, 0.849114, -0.000133342, -0.999964, -0.00843538, 1.02072, 0, 0, 0, 1
-0.999916, 3.64837e-05, 0.012923, 0.290496, -0.0129223, 0.00854218, -0.99988, 0.849127, -0.00014687, -0.999964, -0.00854099, 1.0207, 0, 0, 0, 1
-0.999914, 4.72027e-05, 0.013103, 0.29049, -0.0131021, 0.00864866, -0.999877, 0.84914, -0.00016052, -0.999963, -0.0086473, 1.02069, 0, 0, 0, 1
-0.999912, 5.79859e-05, 0.0132841, 0.290485, -0.013283, 0.00875583, -0.999873, 0.849153, -0.000174292, -0.999962, -0.00875429, 1.02067, 0, 0, 0, 1
-0.999909, 6.88331e-05, 0.0134663, 0.290479, -0.0134652, 0.00886369, -0.99987, 0.849167, -0.000188186, -0.999961, -0.00886196, 1.02066, 0, 0, 0, 1
-0.999907, 7.97443e-05, 0.0136498, 0.290474, -0.0136485, 0.00897225, -0.999867, 0.84918, -0.000202203, -0.99996, -0.00897033, 1.02064, 0, 0, 0, 1
-0.999904, 9.07192e-05, 0.0138344, 0.290468, -0.013833, 0.00908151, -0.999863, 0.849193, -0.000216344, -0.999959, -0.00907938, 1.02063, 0, 0, 0, 1
-0.999902, 0.000101758, 0.0140202, 0.290463, -0.0140186, 0.00919146, -0.999859, 0.849207, -0.000230609, -0.999958, -0.00918913, 1.02061, 0, 0, 0, 1
-0.999899, 0.00011286, 0.0142071, 0.290457, -0.0142055, 0.0093021, -0.999856, 0.849221, -0.000245, -0.999957, -0.00929956, 1.0206, 0, 0, 0, 1
-0.999896, 0.000124026, 0.0143952, 0.290452, -0.0143934, 0.00941344, -0.999852, 0.849235, -0.000259516, -0.999956, -0.00941068, 1.02058, 0, 0, 0, 1
-0.999894, 0.000135255, 0.0145845, 0.290446, -0.0145826, 0.00952547, -0.999848, 0.849248, -0.000274159, -0.999955, -0.00952248, 1.02056, 0, 0, 0, 1
-0.999891, 0.000146547, 0.014775, 0.29044, -0.0147729, 0.00963819, -0.999844, 0.849262, -0.000288929, -0.999954, -0.00963498, 1.02055, 0, 0, 0, 1
-0.999888, 0.000157903, 0.0149666, 0.290435, -0.0149644, 0.00975161, -0.99984, 0.849276, -0.000303826, -0.999952, -0.00974816, 1.02053, 0, 0, 0, 1
-0.999885, 0.000169321, 0.0151595, 0.290429, -0.015157, 0.00986573, -0.999836, 0.849291, -0.000318852, -0.999951, -0.00986203, 1.02052, 0, 0, 0, 1
-0.999882, 0.000180802, 0.0153534, 0.290423, -0.0153509, 0.00998053, -0.999832, 0.849305, -0.000334008, -0.99995, -0.00997658, 1.0205, 0, 0, 0, 1
-0.999879, 0.000192346, 0.0155486, 0.290417, -0.0155459, 0.010096, -0.999828, 0.849319, -0.000349293, -0.999949, -0.0100918, 1.02049, 0, 0, 0, 1
-0.999876, 0.000203953, 0.0157449, 0.290412, -0.015742, 0.0102122, -0.999824, 0.849334, -0.000364708, -0.999948, -0.0102078, 1.02047, 0, 0, 0, 1
-0.999873, 0.000215622, 0.0159424, 0.290406, -0.0159393, 0.0103291, -0.99982, 0.849348, -0.000380255, -0.999947, -0.0103244, 1.02045, 0, 0, 0, 1
-0.99987, 0.000227354, 0.0161411, 0.2904, -0.0161378, 0.0104467, -0.999815, 0.849363, -0.000395933, -0.999945, -0.0104417, 1.02044, 0, 0, 0, 1
-0.999866, 0.000239148, 0.0163409, 0.290394, -0.0163375, 0.010565, -0.999811, 0.849377, -0.000411744, -0.999944, -0.0105597, 1.02042, 0, 0, 0, 1
-0.999863, 0.000251004, 0.0165419, 0.290388, -0.0165383, 0.010684, -0.999806, 0.849392, -0.000427689, -0.999943, -0.0106783, 1.0204, 0, 0, 0, 1
-0.99986, 0.000262922, 0.0167441, 0.290382, -0.0167403, 0.0108036, -0.999802, 0.849407, -0.000443767, -0.999942, -0.0107977, 1.02039, 0, 0, 0, 1
-0.999856, 0.000274902, 0.0169475, 0.290376, -0.0169435, 0.010924, -0.999797, 0.849422, -0.000459981, -0.99994, -0.0109178, 1.02037, 0, 0, 0, 1
-0.999853, 0.000286944, 0.017152, 0.29037, -0.0171478, 0.011045, -0.999792, 0.849437, -0.000476329, -0.999939, -0.0110385, 1.02035, 0, 0, 0, 1
-0.999849, 0.000299048, 0.0173577, 0.290363, -0.0173533, 0.0111668, -0.999787, 0.849452, -0.000492814, -0.999938, -0.0111599, 1.02034, 0, 0, 0, 1
-0.999846, 0.000311213, 0.0175646, 0.290357, -0.0175599, 0.0112892, -0.999782, 0.849467, -0.000509436, -0.999936, -0.011282, 1.02032, 0, 0, 0, 1
-0.999842, 0.000323439, 0.0177726, 0.290351, -0.0177677, 0.0114124, -0.999777, 0.849482, -0.000526195, -0.999935, -0.0114048, 1.0203, 0, 0, 0, 1
-0.999838, 0.000335727, 0.0179818, 0.290345, -0.0179767, 0.0115362, -0.999772, 0.849498, -0.000543093, -0.999933, -0.0115283, 1.02029, 0, 0, 0, 1
-0.999834, 0.000348076, 0.0181922, 0.290339, -0.0181869, 0.0116607, -0.999767, 0.849513, -0.000560129, -0.999932, -0.0116525, 1.02027, 0, 0, 0, 1
-0.999831, 0.000360486, 0.0184037, 0.290332, -0.0183982, 0.011786, -0.999761, 0.849529, -0.000577306, -0.99993, -0.0117773, 1.02025, 0, 0, 0, 1
-0.999827, 0.000372957, 0.0186165, 0.290326, -0.0186107, 0.0119119, -0.999756, 0.849544, -0.000594623, -0.999929, -0.0119029, 1.02023, 0, 0, 0, 1
-0.999823, 0.000385489, 0.0188303, 0.29032, -0.0188243, 0.0120385, -0.99975, 0.84956, -0.000612082, -0.999927, -0.0120291, 1.02022, 0, 0, 0, 1
-0.999819, 0.000398081, 0.0190454, 0.290313, -0.0190392, 0.0121658, -0.999745, 0.849576, -0.000629682, -0.999926, -0.012156, 1.0202, 0, 0, 0, 1
-0.999814, 0.000410734, 0.0192616, 0.290307, -0.0192551, 0.0122938, -0.999739, 0.849592, -0.000647425, -0.999924, -0.0122836, 1.02018, 0, 0, 0, 1
-0.99981, 0.000423447, 0.0194791, 0.2903, -0.0194723, 0.0124225, -0.999733, 0.849608, -0.000665312, -0.999923, -0.0124119, 1.02016, 0, 0, 0, 1
-0.999806, 0.00043622, 0.0196976, 0.290294, -0.0196906, 0.0125519, -0.999727, 0.849624, -0.000683344, -0.999921, -0.0125409, 1.02015, 0, 0, 0, 1
-0.999802, 0.000449054, 0.0199174, 0.290287, -0.0199101, 0.012682, -0.999721, 0.84964, -0.00070152, -0.999919, -0.0126705, 1.02013, 0, 0, 0, 1
-0.999797, 0.000461948, 0.0201383, 0.29028, -0.0201307, 0.0128127, -0.999715, 0.849656, -0.000719843, -0.999918, -0.0128008, 1.02011, 0, 0, 0, 1
-0.999793, 0.000474901, 0.0203604, 0.290274, -0.0203525, 0.0129442, -0.999709, 0.849672, -0.000738312, -0.999916, -0.0129319, 1.02009, 0, 0, 0, 1
-0.999788, 0.000487914, 0.0205836, 0.290267, -0.0205755, 0.0130764, -0.999703, 0.849689, -0.000756929, -0.999914, -0.0130636, 1.02007, 0, 0, 0, 1
-0.999783, 0.000500987, 0.0208081, 0.29026, -0.0207996, 0.0132092, -0.999696, 0.849705, -0.000775693, -0.999913, -0.013196, 1.02006, 0, 0, 0, 1
-0.999779, 0.000514119, 0.0210337, 0.290254, -0.021025, 0.0133428, -0.99969, 0.849722, -0.000794607, -0.999911, -0.013329, 1.02004, 0, 0, 0, 1
-0.999774, 0.00052731, 0.0212605, 0.290247, -0.0212514, 0.013477, -0.999683, 0.849739, -0.000813671, -0.999909, -0.0134628, 1.02002, 0, 0, 0, 1
-0.999769, 0.000540561, 0.0214884, 0.29024, -0.0214791, 0.013612, -0.999677, 0.849755, -0.000832886, -0.999907, -0.0135972, 1.02, 0, 0, 0, 1
-0.999764, 0.00055387, 0.0217175, 0.290233, -0.0217078, 0.0137476, -0.99967, 0.849772, -0.000852251, -0.999905, -0.0137324, 1.01998, 0, 0, 0, 1
-0.999759, 0.000567238, 0.0219478, 0.290226, -0.0219378, 0.013884, -0.999663, 0.849789, -0.00087177, -0.999903, -0.0138682, 1.01996, 0, 0, 0, 1
-0.999754, 0.000580666, 0.0221792, 0.290219, -0.0221689, 0.014021, -0.999656, 0.849806, -0.000891441, -0.999902, -0.0140047, 1.01994, 0, 0, 0, 1
-0.999749, 0.000594151, 0.0224119, 0.290212, -0.0224012, 0.0141587, -0.999649, 0.849823, -0.000911266, -0.9999, -0.0141418, 1.01993, 0, 0, 0, 1
-0.999743, 0.000607695, 0.0226457, 0.290205, -0.0226347, 0.0142971, -0.999642, 0.84984, -0.000931246, -0.999898, -0.0142797, 1.01991, 0, 0, 0, 1
-0.999738, 0.000621298, 0.0228806, 0.290198, -0.0228693, 0.0144362, -0.999634, 0.849858, -0.000951381, -0.999896, -0.0144182, 1.01989, 0, 0, 0, 1
-0.999733, 0.000634959, 0.0231168, 0.290191, -0.0231051, 0.014576, -0.999627, 0.849875, -0.000971673, -0.999894, -0.0145575, 1.01987, 0, 0, 0, 1
-0.999727, 0.000648677, 0.0233541, 0.290184, -0.023342, 0.0147165, -0.999619, 0.849893, -0.000992122, -0.999891, -0.0146974, 1.01985, 0, 0, 0, 1
-0.999721, 0.000662454, 0.0235926, 0.290177, -0.0235801, 0.0148577, -0.999612, 0.84991, -0.00101273, -0.999889, -0.014838, 1.01983, 0, 0, 0, 1
-0.999716, 0.000676288, 0.0238322, 0.29017, -0.0238194, 0.0149996, -0.999604, 0.849928, -0.00103349, -0.999887, -0.0149793, 1.01981, 0, 0, 0, 1
-0.99971, 0.00069018, 0.024073, 0.290163, -0.0240598, 0.0151422, -0.999596, 0.849945, -0.00105442, -0.999885, -0.0151212, 1.01979, 0, 0, 0, 1
-0.999704, 0.000704129, 0.024315, 0.290155, -0.0243014, 0.0152855, -0.999588, 0.849963, -0.00107551, -0.999883, -0.0152639, 1.01977, 0, 0, 0, 1
-0.999698, 0.000718136, 0.0245582, 0.290148, -0.0245442, 0.0154295, -0.99958, 0.849981, -0.00109675, -0.999881, -0.0154072, 1.01975, 0, 0, 0, 1
-0.999692, 0.000732199, 0.0248025, 0.290141, -0.0247881, 0.0155741, -0.999571, 0.849999, -0.00111816, -0.999878, -0.0155512, 1.01973, 0, 0, 0, 1
-0.999686, 0.00074632, 0.025048, 0.290133, -0.0250332, 0.0157195, -0.999563, 0.850017, -0.00113974, -0.999876, -0.0156959, 1.01971, 0, 0, 0, 1
-0.99968, 0.000760498, 0.0252947, 0.290126, -0.0252794, 0.0158655, -0.999555, 0.850035, -0.00116147, -0.999874, -0.0158412, 1.01969, 0, 0, 0, 1
-0.999673, 0.000774732, 0.0255425, 0.290118, -0.0255268, 0.0160123, -0.999546, 0.850054, -0.00118337, -0.999871, -0.0159873, 1.01967, 0, 0, 0, 1
-0.999667, 0.000789023, 0.0257915, 0.290111, -0.0257754, 0.0161597, -0.999537, 0.850072, -0.00120544, -0.999869, -0.016134, 1.01965, 0, 0, 0, 1
-0.999661, 0.00080337, 0.0260417, 0.290103, -0.0260252, 0.0163079, -0.999528, 0.85009, -0.00122768, -0.999867, -0.0162814, 1.01963, 0, 0, 0, 1
-0.999654, 0.000817773, 0.0262931, 0.290096, -0.026276, 0.0164567, -0.999519, 0.850109, -0.00125008, -0.999864, -0.0164295, 1.01961, 0, 0, 0, 1
-0.999647, 0.000832233, 0.0265456, 0.290088, -0.0265281, 0.0166062, -0.99951, 0.850128, -0.00127265, -0.999862, -0.0165783, 1.01959, 0, 0, 0, 1
-0.99964, 0.000846748, 0.0267993, 0.290081, -0.0267813, 0.0167565, -0.999501, 0.850146, -0.00129539, -0.999859, -0.0167278, 1.01957, 0, 0, 0, 1
-0.999634, 0.000861319, 0.0270541, 0.290073, -0.0270357, 0.0169074, -0.999491, 0.850165, -0.0013183, -0.999857, -0.0168779, 1.01955, 0, 0, 0, 1
-0.999627, 0.000875946, 0.0273101, 0.290065, -0.0272912, 0.017059, -0.999482, 0.850184, -0.00134138, -0.999854, -0.0170287, 1.01953, 0, 0, 0, 1
-0.99962, 0.000890628, 0.0275673, 0.290058, -0.027548, 0.0172113, -0.999472, 0.850203, -0.00136463, -0.999851, -0.0171802, 1.01951, 0, 0, 0, 1
-0.999612, 0.000905365, 0.0278257, 0.29005, -0.0278058, 0.0173643, -0.999463, 0.850222, -0.00138805, -0.999849, -0.0173324, 1.01949, 0, 0, 0, 1
-0.999605, 0.000920158, 0.0280853, 0.290042, -0.0280648, 0.017518, -0.999453, 0.850241, -0.00141165, -0.999846, -0.0174853, 1.01947, 0, 0, 0, 1
-0.999598, 0.000935006, 0.028346, 0.290034, -0.028325, 0.0176724, -0.999443, 0.85026, -0.00143543, -0.999843, -0.0176388, 1.01944, 0, 0, 0, 1
-0.99959, 0.000949908, 0.0286078, 0.290026, -0.0285864, 0.0178275, -0.999432, 0.85028, -0.00145937, -0.999841, -0.017793, 1.01942, 0, 0, 0, 1
-0.999583, 0.000964865, 0.0288709, 0.290018, -0.0288489, 0.0179833, -0.999422, 0.850299, -0.0014835, -0.999838, -0.0179479, 1.0194, 0, 0, 0, 1
-0.999575, 0.000979877, 0.0291351, 0.29001, -0.0291125, 0.0181397, -0.999412, 0.850318, -0.0015078, -0.999835, -0.0181035, 1.01938, 0, 0, 0, 1
-0.999567, 0.000994943, 0.0294005, 0.290002, -0.0293774, 0.0182969, -0.999401, 0.850338, -0.00153228, -0.999832, -0.0182598, 1.01936, 0, 0, 0, 1
-0.999559, 0.00101006, 0.029667, 0.289994, -0.0296434, 0.0184548, -0.99939, 0.850358, -0.00155695, -0.999829, -0.0184167, 1.01934, 0, 0, 0, 1
-0.999551, 0.00102524, 0.0299348, 0.289986, -0.0299105, 0.0186133, -0.999379, 0.850377, -0.00158179, -0.999826, -0.0185743, 1.01932, 0, 0, 0, 1
-0.999543, 0.00104046, 0.0302036, 0.289978, -0.0301788, 0.0187726, -0.999368, 0.850397, -0.00160681, -0.999823, -0.0187326, 1.01929, 0, 0, 0, 1
-0.999535, 0.00105575, 0.0304737, 0.28997, -0.0304483, 0.0189325, -0.999357, 0.850417, -0.00163201, -0.99982, -0.0188916, 1.01927, 0, 0, 0, 1
-0.999527, 0.00107108, 0.0307449, 0.289962, -0.0307189, 0.0190932, -0.999346, 0.850437, -0.0016574, -0.999817, -0.0190512, 1.01925, 0, 0, 0, 1
-0.999518, 0.00108647, 0.0310173, 0.289954, -0.0309907, 0.0192545, -0.999334, 0.850457, -0.00168297, -0.999814, -0.0192116, 1.01923, 0, 0, 0, 1
-0.99951, 0.00110191, 0.0312909, 0.289945, -0.0312636, 0.0194165, -0.999323, 0.850477, -0.00170873, -0.999811, -0.0193726, 1.01921, 0, 0, 0, 1
-0.999501, 0.00111741, 0.0315656, 0.289937, -0.0315377, 0.0195793, -0.999311, 0.850498, -0.00173467, -0.999808, -0.0195343, 1.01918, 0, 0, 0, 1
-0.999492, 0.00113295, 0.0318416, 0.289929, -0.031813, 0.0197427, -0.999299, 0.850518, -0.0017608, -0.999804, -0.0196966, 1.01916, 0, 0, 0, 1
-0.999483, 0.00114855, 0.0321186, 0.28992, -0.0320894, 0.0199068, -0.999287, 0.850539, -0.00178711, -0.999801, -0.0198597, 1.01914, 0, 0, 0, 1
-0.999474, 0.00116421, 0.0323969, 0.289912, -0.032367, 0.0200716, -0.999274, 0.850559, -0.00181362, -0.999798, -0.0200234, 1.01912, 0, 0, 0, 1
-0.999465, 0.00117991, 0.0326763, 0.289904, -0.0326457, 0.0202371, -0.999262, 0.85058, -0.00184032, -0.999795, -0.0201878, 1.01909, 0, 0, 0, 1
-0.999456, 0.00119567, 0.0329569, 0.289895, -0.0329256, 0.0204033, -0.99925, 0.8506, -0.0018672, -0.999791, -0.0203529, 1.01907, 0, 0, 0, 1
-0.999447, 0.00121148, 0.0332386, 0.289887, -0.0332067, 0.0205702, -0.999237, 0.850621, -0.00189428, -0.999788, -0.0205186, 1.01905, 0, 0, 0, 1
-0.999437, 0.00122734, 0.0335215, 0.289878, -0.0334889, 0.0207378, -0.999224, 0.850642, -0.00192155, -0.999784, -0.020685, 1.01903, 0, 0, 0, 1
-0.999428, 0.00124325, 0.0338056, 0.289869, -0.0337723, 0.0209061, -0.999211, 0.850663, -0.00194901, -0.999781, -0.0208521, 1.019, 0, 0, 0, 1
-0.999418, 0.00125922, 0.0340909, 0.289861, -0.0340568, 0.0210751, -0.999198, 0.850684, -0.00197667, -0.999777, -0.0210199, 1.01898, 0, 0, 0, 1
-0.999408, 0.00127523, 0.0343773, 0.289852, -0.0343425, 0.0212448, -0.999184, 0.850705, -0.00200453, -0.999773, -0.0211884, 1.01896, 0, 0, 0, 1
-0.999398, 0.0012913, 0.0346649, 0.289843, -0.0346293, 0.0214151, -0.999171, 0.850727, -0.00203258, -0.99977, -0.0213575, 1.01893, 0, 0, 0, 1
-0.999388, 0.00130742, 0.0349536, 0.289835, -0.0349173, 0.0215862, -0.999157, 0.850748, -0.00206083, -0.999766, -0.0215273, 1.01891, 0, 0, 0, 1
-0.999378, 0.00132358, 0.0352436, 0.289826, -0.0352065, 0.0217579, -0.999143, 0.850769, -0.00208928, -0.999762, -0.0216978, 1.01889, 0, 0, 0, 1
-0.999368, 0.0013398, 0.0355347, 0.289817, -0.0354968, 0.0219304, -0.999129, 0.850791, -0.00211793, -0.999759, -0.021869, 1.01886, 0, 0, 0, 1
-0.999357, 0.00135607, 0.0358269, 0.289808, -0.0357882, 0.0221035, -0.999115, 0.850813, -0.00214677, -0.999755, -0.0220408, 1.01884, 0, 0, 0, 1
-0.999347, 0.00137239, 0.0361204, 0.289799, -0.0360809, 0.0222774, -0.999101, 0.850834, -0.00217583, -0.999751, -0.0222133, 1.01882, 0, 0, 0, 1
-0.999336, 0.00138876, 0.0364149, 0.28979, -0.0363746, 0.0224519, -0.999086, 0.850856, -0.00220508, -0.999747, -0.0223865, 1.01879, 0, 0, 0, 1
-0.999325, 0.00140518, 0.0367107, 0.289781, -0.0366696, 0.0226272, -0.999071, 0.850878, -0.00223454, -0.999743, -0.0225604, 1.01877, 0, 0, 0, 1
-0.999314, 0.00142165, 0.0370076, 0.289772, -0.0369657, 0.0228031, -0.999056, 0.8509, -0.0022642, -0.999739, -0.0227349, 1.01875, 0, 0, 0, 1
-0.999303, 0.00143817, 0.0373057, 0.289763, -0.0372629, 0.0229797, -0.999041, 0.850922, -0.00229407, -0.999735, -0.0229101, 1.01872, 0, 0, 0, 1
-0.999292, 0.00145474, 0.037605, 0.289754, -0.0375613, 0.023157, -0.999026, 0.850944, -0.00232414, -0.999731, -0.023086, 1.0187, 0, 0, 0, 1
-0.99928, 0.00147135, 0.0379055, 0.289745, -0.0378609, 0.023335, -0.999011, 0.850966, -0.00235442, -0.999727, -0.0232625, 1.01867, 0, 0, 0, 1
-0.999269, 0.00148802, 0.0382071, 0.289736, -0.0381616, 0.0235137, -0.998995, 0.850989, -0.00238492, -0.999722, -0.0234398, 1.01865, 0, 0, 0, 1
-0.999257, 0.00150474, 0.0385098, 0.289727, -0.0384634, 0.0236931, -0.998979, 0.851011, -0.00241562, -0.999718, -0.0236177, 1.01863, 0, 0, 0, 1
-0.999245, 0.0015215, 0.0388138, 0.289718, -0.0387665, 0.0238732, -0.998963, 0.851034, -0.00244653, -0.999714, -0.0237962, 1.0186, 0, 0, 0, 1
-0.999233, 0.00153831, 0.0391189, 0.289708, -0.0390706, 0.024054, -0.998947, 0.851056, -0.00247766, -0.999709, -0.0239755, 1.01858, 0, 0, 0, 1
-0.999221, 0.00155517, 0.0394251, 0.289699, -0.0393759, 0.0242355, -0.998931, 0.851079, -0.002509, -0.999705, -0.0241554, 1.01855, 0, 0, 0, 1
-0.999209, 0.00157208, 0.0397326, 0.28969, -0.0396824, 0.0244177, -0.998914, 0.851102, -0.00254055, -0.999701, -0.024336, 1.01853, 0, 0, 0, 1
-0.999197, 0.00158904, 0.0400412, 0.28968, -0.0399901, 0.0246006, -0.998897, 0.851124, -0.00257232, -0.999696, -0.0245173, 1.0185, 0, 0, 0, 1
-0.999184, 0.00160604, 0.040351, 0.289671, -0.0402988, 0.0247841, -0.99888, 0.851147, -0.00260431, -0.999692, -0.0246992, 1.01848, 0, 0, 0, 1
-0.999172, 0.00162309, 0.0406619, 0.289661, -0.0406088, 0.0249684, -0.998863, 0.85117, -0.00263651, -0.999687, -0.0248818, 1.01845, 0, 0, 0, 1
-0.999159, 0.00164019, 0.040974, 0.289652, -0.0409199, 0.0251534, -0.998846, 0.851194, -0.00266893, -0.999682, -0.0250651, 1.01843, 0, 0, 0, 1
-0.999146, 0.00165734, 0.0412873, 0.289642, -0.0412321, 0.025339, -0.998828, 0.851217, -0.00270157, -0.999678, -0.025249, 1.0184, 0, 0, 0, 1
-0.999133, 0.00167453, 0.0416017, 0.289633, -0.0415455, 0.0255254, -0.998811, 0.85124, -0.00273443, -0.999673, -0.0254337, 1.01838, 0, 0, 0, 1
-0.99912, 0.00169177, 0.0419173, 0.289623, -0.0418601, 0.0257124, -0.998793, 0.851264, -0.00276752, -0.999668, -0.025619, 1.01835, 0, 0, 0, 1
-0.999106, 0.00170905, 0.0422341, 0.289614, -0.0421757, 0.0259001, -0.998774, 0.851287, -0.00280083, -0.999663, -0.0258049, 1.01833, 0, 0, 0, 1
-0.999093, 0.00172639, 0.042552, 0.289604, -0.0424926, 0.0260886, -0.998756, 0.851311, -0.00283436, -0.999658, -0.0259915, 1.0183, 0, 0, 0, 1
-0.999079, 0.00174376, 0.0428711, 0.289594, -0.0428106, 0.0262777, -0.998738, 0.851334, -0.00286812, -0.999653, -0.0261789, 1.01828, 0, 0, 0, 1
-0.999065, 0.00176119, 0.0431914, 0.289584, -0.0431298, 0.0264675, -0.998719, 0.851358, -0.0029021, -0.999648, -0.0263668, 1.01825, 0, 0, 0, 1
-0.999051, 0.00177866, 0.0435128, 0.289575, -0.0434501, 0.026658, -0.9987, 0.851382, -0.00293631, -0.999643, -0.0265555, 1.01823, 0, 0, 0, 1
