-0.999999, -0.000797434, -0.000797196, 0.290901, 0.000796858, 0.000424669, -1, 0.848124, 0.000797772, -1, -0.000424033, 1.02183, 0, 0, 0, 1
-0.999999, -0.000797406, -0.000796605, 0.290901, 0.000796266, 0.000425036, -1, 0.848124, 0.000797744, -1, -0.000424401, 1.02183, 0, 0, 0, 1
-0.999999, -0.00079732, -0.000794832, 0.290901, 0.000794492, 0.000426138, -1, 0.848124, 0.000797658, -1, -0.000425504, 1.02183, 0, 0, 0, 1
-0.999999, -0.000797177, -0.000791876, 0.290901, 0.000791535, 0.000427974, -1, 0.848124, 0.000797516, -1, -0.000427343, 1.02183, 0, 0, 0, 1
-0.999999, -0.000796977, -0.000787738, 0.290901, 0.000787395, 0.000430544, -1, 0.848124, 0.000797316, -1, -0.000429917, 1.02184, 0, 0, 0, 1
-0.999999, -0.00079672, -0.000782418, 0.290901, 0.000782073, 0.000433849, -1, 0.848124, 0.000797059, -1, -0.000433226, 1.02184, 0, 0, 0, 1
-0.999999, -0.000796406, -0.000775916, 0.2909, 0.000775567, 0.000437889, -1, 0.848123, 0.000796745, -1, -0.000437271, 1.02184, 0, 0, 0, 1
-0.999999, -0.000796034, -0.000768232, 0.2909, 0.000767879, 0.000442662, -1, 0.848123, 0.000796374, -1, -0.000442051, 1.02184, 0, 0, 0, 1
-0.999999, -0.000795606, -0.000759365, 0.2909, 0.000759009, 0.000448171, -1, 0.848123, 0.000795946, -1, -0.000447567, 1.02184, 0, 0, 0, 1
-0.999999, -0.00079512, -0.000749316, 0.290899, 0.000748955, 0.000454413, -1, 0.848122, 0.00079546, -1, -0.000453818, 1.02184, 0, 0, 0, 1
-0.999999, -0.000794577, -0.000738085, 0.290899, 0.000737718, 0.000461391, -1, 0.848122, 0.000794917, -1, -0.000460804, 1.02184, 0, 0, 0, 1
-0.999999, -0.000793977, -0.000725672, 0.290899, 0.000725299, 0.000469102, -1, 0.848121, 0.000794317, -1, -0.000468526, 1.02184, 0, 0, 0, 1
-0.999999, -0.00079332, -0.000712076, 0.290898, 0.000711697, 0.000477548, -1, 0.848121, 0.00079366, -1, -0.000476983, 1.02184, 0, 0, 0, 1
-0.999999, -0.000792606, -0.000697298, 0.290898, 0.000696913, 0.000486729, -1, 0.84812, 0.000792945, -1, -0.000486176, 1.02184, 0, 0, 0, 1
-0.999999, -0.000791835, -0.000681338, 0.290897, 0.000680945, 0.000496644, -1, 0.848119, 0.000792173, -1, -0.000496104, 1.02184, 0, 0, 0, 1
-0.999999, -0.000791007, -0.000664196, 0.290896, 0.000663795, 0.000507293, -1, 0.848119, 0.000791343, -1, -0.000506768, 1.02184, 0, 0, 0, 1
-0.999999, -0.000790121, -0.000645872, 0.290896, 0.000645462, 0.000518677, -1, 0.848118, 0.000790456, -1, -0.000518166, 1.02185, 0, 0, 0, 1
-0.999999, -0.000789179, -0.000626365, 0.290895, 0.000625946, 0.000530795, -1, 0.848117, 0.000789511, -1, -0.000530301, 1.02185, 0, 0, 0, 1
-1, -0.000788179, -0.000605676, 0.290894, 0.000605248, 0.000543648, -1, 0.848116, 0.000788509, -1, -0.00054317, 1.02185, 0, 0, 0, 1
-1, -0.000787123, -0.000583805, 0.290894, 0.000583366, 0.000557235, -1, 0.848115, 0.000787448, -1, -0.000556775, 1.02185, 0, 0, 0, 1
-1, -0.00078601, -0.000560752, 0.290893, 0.000560302, 0.000571556, -1, 0.848114, 0.00078633, -1, -0.000571116, 1.02185, 0, 0, 0, 1
-1, -0.000784839, -0.000536516, 0.290892, 0.000536056, 0.000586612, -1, 0.848113, 0.000785154, -1, -0.000586191, 1.02185, 0, 0, 0, 1
-1, -0.000783612, -0.000511098, 0.290891, 0.000510626, 0.000602403, -1, 0.848112, 0.000783919, -1, -0.000602002, 1.02185, 0, 0, 0, 1
-1, -0.000782328, -0.000484498, 0.29089, 0.000484014, 0.000618928, -1, 0.848111, 0.000782627, -1, -0.000618549, 1.02186, 0, 0, 0, 1
-1, -0.000780986, -0.000456716, 0.290889, 0.000456219, 0.000636187, -1, 0.84811, 0.000781277, -0.999999, -0.000635831, 1.02186, 0, 0, 0, 1
-1, -0.000779588, -0.000427752, 0.290888, 0.000427242, 0.000654181, -1, 0.848109, 0.000779868, -0.999999, -0.000653848, 1.02186, 0, 0, 0, 1
-1, -0.000778133, -0.000397605, 0.290887, 0.000397081, 0.000672909, -1, 0.848107, 0.0007784, -0.999999, -0.0006726, 1.02186, 0, 0, 0, 1
-1, -0.000776621, -0.000366276, 0.290886, 0.000365738, 0.000692372, -1, 0.848106, 0.000776874, -0.999999, -0.000692088, 1.02186, 0, 0, 0, 1
-1, -0.000775052, -0.000333765, 0.290885, 0.000333213, 0.000712569, -1, 0.848105, 0.00077529, -0.999999, -0.000712311, 1.02187, 0, 0, 0, 1
-1, -0.000773426, -0.000300072, 0.290884, 0.000299504, 0.000733501, -1, 0.848103, 0.000773646, -0.999999, -0.000733269, 1.02187, 0, 0, 0, 1
-1, -0.000771744, -0.000265196, 0.290883, 0.000264613, 0.000755167, -1, 0.848102, 0.000771944, -0.999999, -0.000754962, 1.02187, 0, 0, 0, 1
-1, -0.000770005, -0.000229138, 0.290881, 0.000228539, 0.000777567, -1, 0.8481, 0.000770183, -0.999999, -0.000777391, 1.02187, 0, 0, 0, 1
-1, -0.000768209, -0.000191898, 0.29088, 0.000191283, 0.000800702, -1, 0.848099, 0.000768362, -0.999999, -0.000800555, 1.02188, 0, 0, 0, 1
-1, -0.000766356, -0.000153476, 0.290879, 0.000152844, 0.000824572, -1, 0.848097, 0.000766482, -0.999999, -0.000824455, 1.02188, 0, 0, 0, 1
-1, -0.000764446, -0.000113872, 0.290877, 0.000113222, 0.000849176, -1, 0.848095, 0.000764543, -0.999999, -0.000849089, 1.02188, 0, 0, 0, 1
-1, -0.00076248, -7.30848e-05, 0.290876, 7.2418e-05, 0.000874514, -1, 0.848094, 0.000762544, -0.999999, -0.000874459, 1.02188, 0, 0, 0, 1
-1, -0.000760457, -3.11159e-05, 0.290874, 3.04311e-05, 0.000900587, -1, 0.848092, 0.000760485, -0.999999, -0.000900564, 1.02189, 0, 0, 0, 1
-1, -0.000758378, 1.20352e-05, 0.290873, -1.27385e-05, 0.000927395, -1, 0.84809, 0.000758367, -0.999999, -0.000927404, 1.02189, 0, 0, 0, 1
-1, -0.000756242, 5.63685e-05, 0.290871, -5.70907e-05, 0.000954937, -1, 0.848088, 0.000756188, -0.999999, -0.000954979, 1.02189, 0, 0, 0, 1
-1, -0.000754049, 0.000101884, 0.29087, -0.000102625, 0.000983213, -1, 0.848086, 0.000753949, -0.999999, -0.00098329, 1.0219, 0, 0, 0, 1
-1, -0.0007518, 0.000148582, 0.290868, -0.000149343, 0.00101222, -0.999999, 0.848084, 0.000751649, -0.999999, -0.00101234, 1.0219, 0, 0, 0, 1
-1, -0.000749495, 0.000196462, 0.290866, -0.000197243, 0.00104197, -0.999999, 0.848082, 0.000749289, -0.999999, -0.00104212, 1.0219, 0, 0, 0, 1
-1, -0.000747132, 0.000245524, 0.290865, -0.000246325, 0.00107245, -0.999999, 0.84808, 0.000746869, -0.999999, -0.00107263, 1.02191, 0, 0, 0, 1
-1, -0.000744714, 0.000295769, 0.290863, -0.00029659, 0.00110366, -0.999999, 0.848078, 0.000744387, -0.999999, -0.00110388, 1.02191, 0, 0, 0, 1
-1, -0.000742239, 0.000347195, 0.290861, -0.000348038, 0.00113561, -0.999999, 0.848076, 0.000741844, -0.999999, -0.00113587, 1.02191, 0, 0, 0, 1
-1, -0.000739707, 0.000399804, 0.290859, -0.000400668, 0.0011683, -0.999999, 0.848074, 0.00073924, -0.999999, -0.00116859, 1.02192, 0, 0, 0, 1
-1, -0.00073712, 0.000453595, 0.290857, -0.000454481, 0.00120171, -0.999999, 0.848071, 0.000736574, -0.999999, -0.00120205, 1.02192, 0, 0, 0, 1
-1, -0.000734476, 0.000508569, 0.290856, -0.000509476, 0.00123587, -0.999999, 0.848069, 0.000733847, -0.999999, -0.00123624, 1.02192, 0, 0, 0, 1
-1, -0.000731776, 0.000564724, 0.290854, -0.000565654, 0.00127075, -0.999999, 0.848067, 0.000731057, -0.999999, -0.00127117, 1.02193, 0, 0, 0, 1
-1, -0.000729019, 0.000622062, 0.290852, -0.000623014, 0.00130637, -0.999999, 0.848064, 0.000728206, -0.999999, -0.00130683, 1.02193, 0, 0, 0, 1
-1, -0.000726206, 0.000680582, 0.29085, -0.000681557, 0.00134273, -0.999999, 0.848062, 0.000725292, -0.999999, -0.00134322, 1.02194, 0, 0, 0, 1
-0.999999, -0.000723338, 0.000740284, 0.290848, -0.000741282, 0.00137982, -0.999999, 0.848059, 0.000722315, -0.999999, -0.00138035, 1.02194, 0, 0, 0, 1
-0.999999, -0.000720413, 0.000801169, 0.290845, -0.000802189, 0.00141764, -0.999999, 0.848057, 0.000719276, -0.999999, -0.00141822, 1.02195, 0, 0, 0, 1
-0.999999, -0.000717432, 0.000863235, 0.290843, -0.000864279, 0.0014562, -0.999999, 0.848054, 0.000716174, -0.999999, -0.00145682, 1.02195, 0, 0, 0, 1
-0.999999, -0.000714395, 0.000926484, 0.290841, -0.000927552, 0.0014955, -0.999998, 0.848051, 0.000713008, -0.999999, -0.00149616, 1.02195, 0, 0, 0, 1
-0.999999, -0.000711302, 0.000990915, 0.290839, -0.000992007, 0.00153553, -0.999998, 0.848049, 0.000709779, -0.999999, -0.00153623, 1.02196, 0, 0, 0, 1
-0.999999, -0.000708153, 0.00105653, 0.290837, -0.00105764, 0.00157629, -0.999998, 0.848046, 0.000706486, -0.999999, -0.00157704, 1.02196, 0, 0, 0, 1
-0.999999, -0.000704948, 0.00112332, 0.290834, -0.00112446, 0.00161779, -0.999998, 0.848043, 0.000703129, -0.999998, -0.00161858, 1.02197, 0, 0, 0, 1
-0.999999, -0.000701687, 0.0011913, 0.290832, -0.00119247, 0.00166002, -0.999998, 0.84804, 0.000699708, -0.999998, -0.00166085, 1.02197, 0, 0, 0, 1
-0.999999, -0.000698371, 0.00126046, 0.290829, -0.00126165, 0.00170298, -0.999998, 0.848037, 0.000696223, -0.999998, -0.00170386, 1.02198, 0, 0, 0, 1
-0.999999, -0.000694999, 0.0013308, 0.290827, -0.00133202, 0.00174669, -0.999998, 0.848034, 0.000692672, -0.999998, -0.00174761, 1.02198, 0, 0, 0, 1
-0.999999, -0.000691571, 0.00140233, 0.290824, -0.00140357, 0.00179112, -0.999997, 0.848031, 0.000689057, -0.999998, -0.00179209, 1.02199, 0, 0, 0, 1
-0.999999, -0.000688087, 0.00147504, 0.290822, -0.0014763, 0.00183629, -0.999997, 0.848028, 0.000685377, -0.999998, -0.0018373, 1.02199, 0, 0, 0, 1
-0.999999, -0.000684548, 0.00154892, 0.290819, -0.00155021, 0.0018822, -0.999997, 0.848025, 0.000681631, -0.999998, -0.00188325, 1.022, 0, 0, 0, 1
-0.999998, -0.000680953, 0.001624, 0.290817, -0.00162531, 0.00192884, -0.999997, 0.848022, 0.000677819, -0.999998, -0.00192994, 1.022, 0, 0, 0, 1
-0.999998, -0.000677303, 0.00170025, 0.290814, -0.00170158, 0.00197621, -0.999997, 0.848019, 0.000673941, -0.999998, -0.00197736, 1.02201, 0, 0, 0, 1
-0.999998, -0.000673597, 0.00177768, 0.290811, -0.00177904, 0.00202432, -0.999996, 0.848015, 0.000669996, -0.999998, -0.00202551, 1.02201, 0, 0, 0, 1
-0.999998, -0.000669836, 0.0018563, 0.290809, -0.00185769, 0.00207316, -0.999996, 0.848012, 0.000665985, -0.999998, -0.0020744, 1.02202, 0, 0, 0, 1
-0.999998, -0.00066602, 0.0019361, 0.290806, -0.00193751, 0.00212274, -0.999996, 0.848009, 0.000661907, -0.999998, -0.00212402, 1.02202, 0, 0, 0, 1
-0.999998, -0.000662148, 0.00201708, 0.290803, -0.00201852, 0.00217305, -0.999996, 0.848005, 0.000657762, -0.999997, -0.00217438, 1.02203, 0, 0, 0, 1
-0.999998, -0.000658221, 0.00209925, 0.2908, -0.00210071, 0.0022241, -0.999995, 0.848002, 0.000653549, -0.999997, -0.00222547, 1.02204, 0, 0, 0, 1
-0.999997, -0.000654239, 0.00218259, 0.290797, -0.00218408, 0.00227588, -0.999995, 0.847998, 0.000649268, -0.999997, -0.0022773, 1.02204, 0, 0, 0, 1
-0.999997, -0.000650202, 0.00226712, 0.290794, -0.00226863, 0.00232839, -0.999995, 0.847995, 0.00064492, -0.999997, -0.00232986, 1.02205, 0, 0, 0, 1
-0.999997, -0.000646109, 0.00235283, 0.290791, -0.00235437, 0.00238164, -0.999994, 0.847991, 0.000640502, -0.999997, -0.00238316, 1.02205, 0, 0, 0, 1
-0.999997, -0.000641962, 0.00243973, 0.290788, -0.00244128, 0.00243563, -0.999994, 0.847987, 0.000636016, -0.999997, -0.00243719, 1.02206, 0, 0, 0, 1
-0.999997, -0.00063776, 0.0025278, 0.290785, -0.00252938, 0.00249035, -0.999994, 0.847984, 0.000631461, -0.999997, -0.00249195, 1.02206, 0, 0, 0, 1
-0.999996, -0.000633503, 0.00261706, 0.290782, -0.00261866, 0.0025458, -0.999993, 0.84798, 0.000626836, -0.999997, -0.00254745, 1.02207, 0, 0, 0, 1
-0.999996, -0.000629191, 0.0027075, 0.290779, -0.00270913, 0.00260199, -0.999993, 0.847976, 0.000622141, -0.999996, -0.00260369, 1.02208, 0, 0, 0, 1
-0.999996, -0.000624824, 0.00279912, 0.290776, -0.00280077, 0.00265891, -0.999993, 0.847972, 0.000617377, -0.999996, -0.00266065, 1.02208, 0, 0, 0, 1
-0.999996, -0.000620402, 0.00289193, 0.290773, -0.0028936, 0.00271657, -0.999992, 0.847968, 0.000612541, -0.999996, -0.00271836, 1.02209, 0, 0, 0, 1
-0.999995, -0.000615926, 0.00298591, 0.290769, -0.00298761, 0.00277497, -0.999992, 0.847964, 0.000607635, -0.999996, -0.00277679, 1.0221, 0, 0, 0, 1
-0.999995, -0.000611395, 0.00308108, 0.290766, -0.0030828, 0.00283409, -0.999991, 0.84796, 0.000602658, -0.999996, -0.00283596, 1.0221, 0, 0, 0, 1
-0.999995, -0.00060681, 0.00317743, 0.290763, -0.00317917, 0.00289395, -0.999991, 0.847956, 0.000597609, -0.999996, -0.00289587, 1.02211, 0, 0, 0, 1
-0.999994, -0.000602171, 0.00327496, 0.290759, -0.00327673, 0.00295455, -0.99999, 0.847952, 0.000592489, -0.999995, -0.00295651, 1.02212, 0, 0, 0, 1
-0.999994, -0.000597476, 0.00337368, 0.290756, -0.00337547, 0.00301588, -0.99999, 0.847948, 0.000587296, -0.999995, -0.00301788, 1.02212, 0, 0, 0, 1
-0.999994, -0.000592728, 0.00347358, 0.290752, -0.00347538, 0.00307795, -0.999989, 0.847944, 0.00058203, -0.999995, -0.00307999, 1.02213, 0, 0, 0, 1
-0.999993, -0.000587925, 0.00357465, 0.290749, -0.00357648, 0.00314075, -0.999989, 0.847939, 0.000576692, -0.999995, -0.00314283, 1.02214, 0, 0, 0, 1
-0.999993, -0.000583069, 0.00367692, 0.290745, -0.00367877, 0.00320428, -0.999988, 0.847935, 0.00057128, -0.999995, -0.00320641, 1.02214, 0, 0, 0, 1
-0.999993, -0.000578158, 0.00378036, 0.290742, -0.00378223, 0.00326855, -0.999988, 0.847931, 0.000565794, -0.999994, -0.00327072, 1.02215, 0, 0, 0, 1
-0.999992, -0.000573193, 0.00388499, 0.290738, -0.00388688, 0.00333356, -0.999987, 0.847926, 0.000560234, -0.999994, -0.00333576, 1.02216, 0, 0, 0, 1
-0.999992, -0.000568174, 0.00399079, 0.290734, -0.0039927, 0.0033993, -0.999986, 0.847922, 0.0005546, -0.999994, -0.00340154, 1.02217, 0, 0, 0, 1
-0.999991, -0.000563101, 0.00409778, 0.290731, -0.00409971, 0.00346577, -0.999986, 0.847917, 0.000548891, -0.999994, -0.00346805, 1.02217, 0, 0, 0, 1
-0.999991, -0.000557974, 0.00420596, 0.290727, -0.0042079, 0.00353298, -0.999985, 0.847913, 0.000543106, -0.999994, -0.00353529, 1.02218, 0, 0, 0, 1
-0.999991, -0.000552794, 0.00431531, 0.290723, -0.00431727, 0.00360092, -0.999984, 0.847908, 0.000537246, -0.999993, -0.00360327, 1.02219, 0, 0, 0, 1
-0.99999, -0.00054756, 0.00442585, 0.290719, -0.00442783, 0.0036696, -0.999983, 0.847904, 0.00053131, -0.999993, -0.00367199, 1.0222, 0, 0, 0, 1
-0.99999, -0.000542272, 0.00453757, 0.290715, -0.00453956, 0.00373901, -0.999983, 0.847899, 0.000525297, -0.999993, -0.00374143, 1.0222, 0, 0, 0, 1
-0.999989, -0.000536931, 0.00465047, 0.290712, -0.00465248, 0.00380916, -0.999982, 0.847894, 0.000519207, -0.999993, -0.00381162, 1.02221, 0, 0, 0, 1
-0.999989, -0.000531536, 0.00476455, 0.290708, -0.00476658, 0.00388004, -0.999981, 0.847889, 0.00051304, -0.999992, -0.00388253, 1.02222, 0, 0, 0, 1
-0.999988, -0.000526088, 0.00487982, 0.290704, -0.00488186, 0.00395166, -0.99998, 0.847884, 0.000506795, -0.999992, -0.00395418, 1.02223, 0, 0, 0, 1
-0.999987, -0.000520587, 0.00499626, 0.2907, -0.00499832, 0.00402401, -0.999979, 0.847879, 0.000500471, -0.999992, -0.00402656, 1.02224, 0, 0, 0, 1
-0.999987, -0.000515033, 0.00511389, 0.290695, -0.00511596, 0.00409709, -0.999979, 0.847874, 0.000494069, -0.999991, -0.00409968, 1.02224, 0, 0, 0, 1
-0.999986, -0.000509425, 0.0052327, 0.290691, -0.00523478, 0.00417092, -0.999978, 0.847869, 0.000487588, -0.999991, -0.00417352, 1.02225, 0, 0, 0, 1
-0.999986, -0.000503764, 0.0053527, 0.290687, -0.00535479, 0.00424547, -0.999977, 0.847864, 0.000481028, -0.999991, -0.00424811, 1.02226, 0, 0, 0, 1
-0.999985, -0.00049805, 0.00547387, 0.290683, -0.00547597, 0.00432076, -0.999976, 0.847859, 0.000474387, -0.999991, -0.00432342, 1.02227, 0, 0, 0, 1
-0.999984, -0.000492284, 0.00559623, 0.290679, -0.00559834, 0.00439679, -0.999975, 0.847854, 0.000467666, -0.99999, -0.00439947, 1.02228, 0, 0, 0, 1
-0.999984, -0.000486465, 0.00571977, 0.290674, -0.00572189, 0.00447354, -0.999974, 0.847849, 0.000460864, -0.99999, -0.00447625, 1.02229, 0, 0, 0, 1
-0.999983, -0.000480592, 0.00584449, 0.29067, -0.00584662, 0.00455104, -0.999973, 0.847844, 0.000453981, -0.99999, -0.00455377, 1.02229, 0, 0, 0, 1
-0.999982, -0.000474668, 0.0059704, 0.290666, -0.00597253, 0.00462927, -0.999971, 0.847838, 0.000447016, -0.999989, -0.00463202, 1.0223, 0, 0, 0, 1
-0.999981, -0.00046869, 0.00609748, 0.290661, -0.00609962, 0.00470823, -0.99997, 0.847833, 0.000439968, -0.999989, -0.004711, 1.02231, 0, 0, 0, 1
-0.999981, -0.000462661, 0.00622575, 0.290657, -0.0062279, 0.00478793, -0.999969, 0.847827, 0.000432838, -0.999988, -0.00479072, 1.02232, 0, 0, 0, 1
-0.99998, -0.000456579, 0.0063552, 0.290652, -0.00635735, 0.00486836, -0.999968, 0.847822, 0.000425624, -0.999988, -0.00487117, 1.02233, 0, 0, 0, 1
-0.999979, -0.000450444, 0.00648584, 0.290648, -0.00648799, 0.00494953, -0.999967, 0.847816, 0.000418327, -0.999988, -0.00495235, 1.02234, 0, 0, 0, 1
-0.999978, -0.000444257, 0.00661765, 0.290643, -0.0066198, 0.00503143, -0.999965, 0.847811, 0.000410946, -0.999987, -0.00503427, 1.02235, 0, 0, 0, 1
-0.999977, -0.000438019, 0.00675065, 0.290639, -0.0067528, 0.00511407, -0.999964, 0.847805, 0.00040348, -0.999987, -0.00511691, 1.02236, 0, 0, 0, 1
-0.999976, -0.000431728, 0.00688483, 0.290634, -0.00688698, 0.00519744, -0.999963, 0.8478, 0.000395928, -0.999986, -0.00520029, 1.02237, 0, 0, 0, 1
-0.999975, -0.000425385, 0.00702019, 0.290629, -0.00702234, 0.00528155, -0.999961, 0.847794, 0.000388291, -0.999986, -0.00528441, 1.02238, 0, 0, 0, 1
-0.999974, -0.000418991, 0.00715673, 0.290624, -0.00715887, 0.00536639, -0.99996, 0.847788, 0.000380568, -0.999986, -0.00536926, 1.02239, 0, 0, 0, 1
-0.999973, -0.000412544, 0.00729445, 0.29062, -0.00729659, 0.00545197, -0.999959, 0.847782, 0.000372758, -0.999985, -0.00545484, 1.0224, 0, 0, 0, 1
-0.999972, -0.000406047, 0.00743336, 0.290615, -0.0074355, 0.00553828, -0.999957, 0.847776, 0.000364861, -0.999985, -0.00554115, 1.0224, 0, 0, 0, 1
-0.999971, -0.000399497, 0.00757345, 0.29061, -0.00757558, 0.00562533, -0.999955, 0.84777, 0.000356876, -0.999984, -0.00562819, 1.02241, 0, 0, 0, 1
-0.99997, -0.000392896, 0.00771472, 0.290605, -0.00771684, 0.00571311, -0.999954, 0.847764, 0.000348803, -0.999984, -0.00571597, 1.02242, 0, 0, 0, 1
-0.999969, -0.000386244, 0.00785717, 0.2906, -0.00785928, 0.00580163, -0.999952, 0.847758, 0.000340641, -0.999983, -0.00580448, 1.02243, 0, 0, 0, 1
-0.999968, -0.00037954, 0.00800081, 0.290595, -0.00800291, 0.00589088, -0.999951, 0.847752, 0.00033239, -0.999983, -0.00589373, 1.02244, 0, 0, 0, 1
-0.999967, -0.000372785, 0.00814562, 0.29059, -0.00814771, 0.00598086, -0.999949, 0.847746, 0.000324048, -0.999982, -0.0059837, 1.02245, 0, 0, 0, 1
-0.999966, -0.00036598, 0.00829162, 0.290585, -0.00829369, 0.00607158, -0.999947, 0.84774, 0.000315617, -0.999982, -0.00607441, 1.02246, 0, 0, 0, 1
-0.999964, -0.000359123, 0.0084388, 0.29058, -0.00844086, 0.00616304, -0.999945, 0.847734, 0.000307094, -0.999981, -0.00616585, 1.02247, 0, 0, 0, 1
-0.999963, -0.000352215, 0.00858717, 0.290575, -0.0085892, 0.00625523, -0.999944, 0.847728, 0.00029848, -0.99998, -0.00625802, 1.02249, 0, 0, 0, 1
-0.999962, -0.000345257, 0.00873671, 0.29057, -0.00873873, 0.00634815, -0.999942, 0.847721, 0.000289774, -0.99998, -0.00635093, 1.0225, 0, 0, 0, 1
-0.99996, -0.000338247, 0.00888744, 0.290564, -0.00888943, 0.00644181, -0.99994, 0.847715, 0.000280976, -0.999979, -0.00644457, 1.02251, 0, 0, 0, 1
-0.999959, -0.000331188, 0.00903935, 0.290559, -0.00904132, 0.00653621, -0.999938, 0.847708, 0.000272084, -0.999979, -0.00653894, 1.02252, 0, 0, 0, 1
-0.999958, -0.000324078, 0.00919244, 0.290554, -0.00919438, 0.00663134, -0.999936, 0.847702, 0.000263099, -0.999978, -0.00663404, 1.02253, 0, 0, 0, 1
-0.999956, -0.000316917, 0.00934671, 0.290548, -0.00934863, 0.0067272, -0.999934, 0.847695, 0.000254019, -0.999977, -0.00672987, 1.02254, 0, 0, 0, 1
-0.999955, -0.000309706, 0.00950216, 0.290543, -0.00950406, 0.0068238, -0.999932, 0.847689, 0.000244844, -0.999977, -0.00682644, 1.02255, 0, 0, 0, 1
-0.999953, -0.000302445, 0.0096588, 0.290538, -0.00966066, 0.00692114, -0.999929, 0.847682, 0.000235574, -0.999976, -0.00692374, 1.02256, 0, 0, 0, 1
-0.999952, -0.000295134, 0.00981662, 0.290532, -0.00981845, 0.00701921, -0.999927, 0.847675, 0.000226208, -0.999975, -0.00702177, 1.02257, 0, 0, 0, 1
-0.99995, -0.000287773, 0.00997562, 0.290527, -0.00997741, 0.00711801, -0.999925, 0.847669, 0.000216745, -0.999975, -0.00712053, 1.02258, 0, 0, 0, 1
-0.999949, -0.000280363, 0.0101358, 0.290521, -0.0101376, 0.00721755, -0.999923, 0.847662, 0.000207185, -0.999974, -0.00722002, 1.02259, 0, 0, 0, 1
-0.999947, -0.000272902, 0.0102972, 0.290515, -0.0102989, 0.00731782, -0.99992, 0.847655, 0.000197528, -0.999973, -0.00732025, 1.0226, 0, 0, 0, 1
-0.999945, -0.000265392, 0.0104597, 0.29051, -0.0104614, 0.00741883, -0.999918, 0.847648, 0.000187771, -0.999972, -0.0074212, 1.02262, 0, 0, 0, 1
-0.999944, -0.000257833, 0.0106234, 0.290504, -0.0106251, 0.00752058, -0.999915, 0.847641, 0.000177916, -0.999972, -0.00752289, 1.02263, 0, 0, 0, 1
-0.999942, -0.000250224, 0.0107883, 0.290498, -0.0107899, 0.00762305, -0.999913, 0.847634, 0.000167962, -0.999971, -0.00762531, 1.02264, 0, 0, 0, 1
-0.99994, -0.000242565, 0.0109544, 0.290493, -0.010956, 0.00772627, -0.99991, 0.847627, 0.000157907, -0.99997, -0.00772846, 1.02265, 0, 0, 0, 1
-0.999938, -0.000234858, 0.0111217, 0.290487, -0.0111232, 0.00783022, -0.999907, 0.84762, 0.000147751, -0.999969, -0.00783234, 1.02266, 0, 0, 0, 1
-0.999936, -0.000227101, 0.0112902, 0.290481, -0.0112916, 0.0079349, -0.999905, 0.847613, 0.000137493, -0.999968, -0.00793696, 1.02267, 0, 0, 0, 1
-0.999934, -0.000219296, 0.0114598, 0.290475, -0.0114612, 0.00804032, -0.999902, 0.847606, 0.000127134, -0.999968, -0.0080423, 1.02268, 0, 0, 0, 1
-0.999932, -0.000211442, 0.0116306, 0.290469, -0.011632, 0.00814647, -0.999899, 0.847599, 0.000116672, -0.999967, -0.00814838, 1.0227, 0, 0, 0, 1
-0.99993, -0.000203539, 0.0118026, 0.290463, -0.0118039, 0.00825336, -0.999896, 0.847591, 0.000106106, -0.999966, -0.00825519, 1.02271, 0, 0, 0, 1
-0.999928, -0.000195587, 0.0119758, 0.290457, -0.011977, 0.00836098, -0.999893, 0.847584, 9.54369e-05, -0.999965, -0.00836273, 1.02272, 0, 0, 0, 1
-0.999926, -0.000187587, 0.0121502, 0.290451, -0.0121513, 0.00846934, -0.99989, 0.847577, 8.46628e-05, -0.999964, -0.008471, 1.02273, 0, 0, 0, 1
-0.999924, -0.000179539, 0.0123257, 0.290445, -0.0123268, 0.00857843, -0.999887, 0.847569, 7.37834e-05, -0.999963, -0.00858, 1.02274, 0, 0, 0, 1
-0.999922, -0.000171442, 0.0125024, 0.290439, -0.0125035, 0.00868826, -0.999884, 0.847562, 6.2798e-05, -0.999962, -0.00868973, 1.02276, 0, 0, 0, 1
-0.99992, -0.000163298, 0.0126803, 0.290433, -0.0126813, 0.00879883, -0.999881, 0.847554, 5.1706e-05, -0.999961, -0.00880019, 1.02277, 0, 0, 0, 1
-0.999917, -0.000155105, 0.0128594, 0.290427, -0.0128603, 0.00891012, -0.999878, 0.847547, 4.05068e-05, -0.99996, -0.00891138, 1.02278, 0, 0, 0, 1
-0.999915, -0.000146864, 0.0130397, 0.29042, -0.0130405, 0.00902216, -0.999874, 0.847539, 2.91996e-05, -0.999959, -0.00902331, 1.02279, 0, 0, 0, 1
-0.999913, -0.000138576, 0.0132212, 0.290414, -0.0132219, 0.00913493, -0.999871, 0.847531, 1.77838e-05, -0.999958, -0.00913596, 1.02281, 0, 0, 0, 1
-0.99991, -0.00013024, 0.0134038, 0.290408, -0.0134044, 0.00924843, -0.999867, 0.847524, 6.25878e-06, -0.999957, -0.00924934, 1.02282, 0, 0, 0, 1
-0.999908, -0.000121857, 0.0135876, 0.290401, -0.0135882, 0.00936267, -0.999864, 0.847516, -5.37622e-06, -0.999956, -0.00936346, 1.02283, 0, 0, 0, 1
-0.999905, -0.000113426, 0.0137726, 0.290395, -0.0137731, 0.00947764, -0.99986, 0.847508, -1.71219e-05, -0.999955, -0.0094783, 1.02285, 0, 0, 0, 1
-0.999903, -0.000104948, 0.0139588, 0.290389, -0.0139591, 0.00959335, -0.999857, 0.8475, -2.89788e-05, -0.999954, -0.00959388, 1.02286, 0, 0, 0, 1
-0.9999, -9.64225e-05, 0.0141461, 0.290382, -0.0141464, 0.00970979, -0.999853, 0.847492, -4.09478e-05, -0.999953, -0.00971018, 1.02287, 0, 0, 0, 1
-0.999897, -8.78503e-05, 0.0143347, 0.290375, -0.0143349, 0.00982697, -0.999849, 0.847484, -5.30295e-05, -0.999952, -0.00982722, 1.02288, 0, 0, 0, 1
-0.999895, -7.92313e-05, 0.0145244, 0.290369, -0.0145245, 0.00994488, -0.999845, 0.847476, -6.52246e-05, -0.999951, -0.00994498, 1.0229, 0, 0, 0, 1
-0.999892, -7.05655e-05, 0.0147153, 0.290362, -0.0147153, 0.0100635, -0.999841, 0.847468, -7.75338e-05, -0.999949, -0.0100635, 1.02291, 0, 0, 0, 1
-0.999889, -6.1853e-05, 0.0149074, 0.290356, -0.0149073, 0.0101829, -0.999837, 0.84746, -8.99578e-05, -0.999948, -0.0101827, 1.02292, 0, 0, 0, 1
-0.999886, -5.30941e-05, 0.0151007, 0.290349, -0.0151004, 0.010303, -0.999833, 0.847452, -0.000102497, -0.999947, -0.0103027, 1.02294, 0, 0, 0, 1
-0.999883, -4.42889e-05, 0.0152951, 0.290342, -0.0152947, 0.0104239, -0.999829, 0.847443, -0.000115153, -0.999946, -0.0104233, 1.02295, 0, 0, 0, 1
-0.99988, -3.54375e-05, 0.0154908, 0.290335, -0.0154903, 0.0105455, -0.999824, 0.847435, -0.000127926, -0.999944, -0.0105448, 1.02296, 0, 0, 0, 1
-0.999877, -2.65399e-05, 0.0156876, 0.290329, -0.015687, 0.0106678, -0.99982, 0.847427, -0.000140817, -0.999943, -0.0106669, 1.02298, 0, 0, 0, 1
-0.999874, -1.75964e-05, 0.0158856, 0.290322, -0.0158848, 0.0107909, -0.999816, 0.847418, -0.000153826, -0.999942, -0.0107898, 1.02299, 0, 0, 0, 1
-0.999871, -8.60713e-06, 0.0160847, 0.290315, -0.0160839, 0.0109147, -0.999811, 0.84741, -0.000166954, -0.99994, -0.0109134, 1.02301, 0, 0, 0, 1
-0.999867, 4.27853e-07, 0.0162851, 0.290308, -0.0162841, 0.0110392, -0.999806, 0.847401, -0.000180202, -0.999939, -0.0110377, 1.02302, 0, 0, 0, 1
-0.999864, 9.50838e-06, 0.0164866, 0.290301, -0.0164855, 0.0111644, -0.999802, 0.847393, -0.00019357, -0.999938, -0.0111628, 1.02303, 0, 0, 0, 1
-0.999861, 1.86343e-05, 0.0166893, 0.290294, -0.0166881, 0.0112904, -0.999797, 0.847384, -0.000207061, -0.999936, -0.0112886, 1.02305, 0, 0, 0, 1
-0.999857, 2.78055e-05, 0.0168932, 0.290287, -0.0168918, 0.0114172, -0.999792, 0.847376, -0.000220673, -0.999935, -0.0114151, 1.02306, 0, 0, 0, 1
-0.999854, 3.70218e-05, 0.0170983, 0.29028, -0.0170968, 0.0115446, -0.999787, 0.847367, -0.000234408, -0.999933, -0.0115423, 1.02308, 0, 0, 0, 1
-0.99985, 4.62832e-05, 0.0173046, 0.290273, -0.0173029, 0.0116729, -0.999782, 0.847358, -0.000248267, -0.999932, -0.0116703, 1.02309, 0, 0, 0, 1
-0.999847, 5.55893e-05, 0.017512, 0.290265, -0.0175102, 0.0118018, -0.999777, 0.847349, -0.00026225, -0.99993, -0.011799, 1.02311, 0, 0, 0, 1
-0.999843, 6.49402e-05, 0.0177207, 0.290258, -0.0177186, 0.0119315, -0.999772, 0.847341, -0.000276359, -0.999929, -0.0119284, 1.02312, 0, 0, 0, 1
-0.999839, 7.43357e-05, 0.0179305, 0.290251, -0.0179283, 0.0120619, -0.999767, 0.847332, -0.000290593, -0.999927, -0.0120586, 1.02313, 0, 0, 0, 1
-0.999835, 8.37755e-05, 0.0181414, 0.290244, -0.0181391, 0.012193, -0.999761, 0.847323, -0.000304954, -0.999926, -0.0121895, 1.02315, 0, 0, 0, 1
-0.999832, 9.32597e-05, 0.0183536, 0.290236, -0.0183511, 0.0123249, -0.999756, 0.847314, -0.000319443, -0.999924, -0.0123211, 1.02316, 0, 0, 0, 1
-0.999828, 0.000102788, 0.018567, 0.290229, -0.0185642, 0.0124575, -0.99975, 0.847305, -0.00033406, -0.999922, -0.0124535, 1.02318, 0, 0, 0, 1
-0.999824, 0.00011236, 0.0187815, 0.290221, -0.0187786, 0.0125909, -0.999744, 0.847296, -0.000348807, -0.999921, -0.0125865, 1.02319, 0, 0, 0, 1
-0.99982, 0.000121976, 0.0189972, 0.290214, -0.0189941, 0.0127249, -0.999739, 0.847286, -0.000363683, -0.999919, -0.0127203, 1.02321, 0, 0, 0, 1
-0.999815, 0.000131636, 0.0192141, 0.290207, -0.0192108, 0.0128598, -0.999733, 0.847277, -0.00037869, -0.999917, -0.0128549, 1.02322, 0, 0, 0, 1
-0.999811, 0.00014134, 0.0194322, 0.290199, -0.0194287, 0.0129953, -0.999727, 0.847268, -0.000393828, -0.999916, -0.0129901, 1.02324, 0, 0, 0, 1
-0.999807, 0.000151086, 0.0196514, 0.290191, -0.0196477, 0.0131316, -0.999721, 0.847259, -0.000409099, -0.999914, -0.0131261, 1.02325, 0, 0, 0, 1
-0.999803, 0.000160876, 0.0198719, 0.290184, -0.019868, 0.0132686, -0.999715, 0.847249, -0.000424503, -0.999912, -0.0132628, 1.02327, 0, 0, 0, 1
-0.999798, 0.00017071, 0.0200935, 0.290176, -0.0200894, 0.0134064, -0.999708, 0.84724, -0.000440041, -0.99991, -0.0134003, 1.02329, 0, 0, 0, 1
-0.999794, 0.000180586, 0.0203163, 0.290168, -0.020312, 0.0135449, -0.999702, 0.84723, -0.000455714, -0.999908, -0.0135384, 1.0233, 0, 0, 0, 1
-0.999789, 0.000190505, 0.0205402, 0.290161, -0.0205357, 0.0136841, -0.999695, 0.847221, -0.000471522, -0.999906, -0.0136773, 1.02332, 0, 0, 0, 1
-0.999784, 0.000200466, 0.0207654, 0.290153, -0.0207606, 0.0138241, -0.999689, 0.847211, -0.000487467, -0.999904, -0.013817, 1.02333, 0, 0, 0, 1
-0.99978, 0.00021047, 0.0209917, 0.290145, -0.0209868, 0.0139648, -0.999682, 0.847202, -0.000503549, -0.999902, -0.0139573, 1.02335, 0, 0, 0, 1
-0.999775, 0.000220517, 0.0212193, 0.290137, -0.021214, 0.0141062, -0.999675, 0.847192, -0.000519769, -0.9999, -0.0140984, 1.02336, 0, 0, 0, 1
-0.99977, 0.000230605, 0.021448, 0.290129, -0.0214425, 0.0142484, -0.999669, 0.847182, -0.000536128, -0.999898, -0.0142402, 1.02338, 0, 0, 0, 1
-0.999765, 0.000240736, 0.0216778, 0.290121, -0.0216721, 0.0143913, -0.999662, 0.847173, -0.000552627, -0.999896, -0.0143827, 1.0234, 0, 0, 0, 1
-0.99976, 0.000250908, 0.0219089, 0.290113, -0.0219029, 0.014535, -0.999654, 0.847163, -0.000569266, -0.999894, -0.014526, 1.02341, 0, 0, 0, 1
-0.999755, 0.000261123, 0.0221411, 0.290105, -0.0221349, 0.0146793, -0.999647, 0.847153, -0.000586048, -0.999892, -0.01467, 1.02343, 0, 0, 0, 1
-0.99975, 0.000271378, 0.0223746, 0.290097, -0.0223681, 0.0148244, -0.99964, 0.847143, -0.000602971, -0.99989, -0.0148147, 1.02344, 0, 0, 0, 1
-0.999744, 0.000281676, 0.0226092, 0.290089, -0.0226024, 0.0149703, -0.999632, 0.847133, -0.000620038, -0.999888, -0.0149601, 1.02346, 0, 0, 0, 1
-0.999739, 0.000292014, 0.0228449, 0.290081, -0.0228379, 0.0151169, -0.999625, 0.847123, -0.000637249, -0.999886, -0.0151063, 1.02348, 0, 0, 0, 1
-0.999734, 0.000302394, 0.0230819, 0.290073, -0.0230746, 0.0152642, -0.999617, 0.847113, -0.000654604, -0.999883, -0.0152532, 1.02349, 0, 0, 0, 1
-0.999728, 0.000312814, 0.02332, 0.290065, -0.0233125, 0.0154122, -0.999609, 0.847103, -0.000672106, -0.999881, -0.0154008, 1.02351, 0, 0, 0, 1
-0.999722, 0.000323275, 0.0235594, 0.290056, -0.0235515, 0.015561, -0.999602, 0.847093, -0.000689755, -0.999879, -0.0155491, 1.02353, 0, 0, 0, 1
-0.999717, 0.000333777, 0.0237999, 0.290048, -0.0237917, 0.0157106, -0.999593, 0.847083, -0.000707551, -0.999877, -0.0156982, 1.02354, 0, 0, 0, 1
-0.999711, 0.000344319, 0.0240416, 0.29004, -0.0240331, 0.0158608, -0.999585, 0.847072, -0.000725495, -0.999874, -0.015848, 1.02356, 0, 0, 0, 1
-0.999705, 0.000354902, 0.0242844, 0.290031, -0.0242756, 0.0160118, -0.999577, 0.847062, -0.000743589, -0.999872, -0.0159985, 1.02358, 0, 0, 0, 1
-0.999699, 0.000365524, 0.0245285, 0.290023, -0.0245194, 0.0161635, -0.999569, 0.847052, -0.000761834, -0.999869, -0.0161497, 1.02359, 0, 0, 0, 1
-0.999693, 0.000376187, 0.0247737, 0.290014, -0.0247643, 0.016316, -0.99956, 0.847041, -0.000780229, -0.999867, -0.0163017, 1.02361, 0, 0, 0, 1
-0.999687, 0.000386889, 0.0250201, 0.290006, -0.0250103, 0.0164692, -0.999552, 0.847031, -0.000798777, -0.999864, -0.0164544, 1.02363, 0, 0, 0, 1
-0.999681, 0.000397631, 0.0252677, 0.289997, -0.0252576, 0.0166231, -0.999543, 0.84702, -0.000817478, -0.999862, -0.0166078, 1.02365, 0, 0, 0, 1
-0.999674, 0.000408413, 0.0255164, 0.289989, -0.025506, 0.0167778, -0.999534, 0.84701, -0.000836332, -0.999859, -0.0167619, 1.02366, 0, 0, 0, 1
-0.999668, 0.000419233, 0.0257664, 0.28998, -0.0257556, 0.0169332, -0.999525, 0.846999, -0.000855342, -0.999857, -0.0169168, 1.02368, 0, 0, 0, 1
-0.999661, 0.000430093, 0.0260175, 0.289971, -0.0260064, 0.0170894, -0.999516, 0.846988, -0.000874507, -0.999854, -0.0170724, 1.0237, 0, 0, 0, 1
-0.999655, 0.000440992, 0.0262698, 0.289963, -0.0262583, 0.0172462, -0.999506, 0.846978, -0.000893829, -0.999851, -0.0172287, 1.02372, 0, 0, 0, 1
-0.999648, 0.000451929, 0.0265233, 0.289954, -0.0265114, 0.0174038, -0.999497, 0.846967, -0.000913309, -0.999848, -0.0173857, 1.02373, 0, 0, 0, 1
-0.999641, 0.000462905, 0.026778, 0.289945, -0.0267657, 0.0175622, -0.999487, 0.846956, -0.000932948, -0.999846, -0.0175435, 1.02375, 0, 0, 0, 1
-0.999634, 0.00047392, 0.0270338, 0.289936, -0.0270212, 0.0177213, -0.999478, 0.846945, -0.000952746, -0.999843, -0.017702, 1.02377, 0, 0, 0, 1
-0.999627, 0.000484972, 0.0272908, 0.289927, -0.0272778, 0.0178811, -0.999468, 0.846934, -0.000972704, -0.99984, -0.0178612, 1.02379, 0, 0, 0, 1
-0.99962, 0.000496063, 0.027549, 0.289918, -0.0275356, 0.0180416, -0.999458, 0.846923, -0.000992824, -0.999837, -0.0180211, 1.02381, 0, 0, 0, 1
-0.999613, 0.000507192, 0.0278084, 0.289909, -0.0277946, 0.0182029, -0.999448, 0.846912, -0.00101311, -0.999834, -0.0181818, 1.02382, 0, 0, 0, 1
-0.999606, 0.000518358, 0.028069, 0.2899, -0.0280547, 0.018365, -0.999438, 0.846901, -0.00103355, -0.999831, -0.0183432, 1.02384, 0, 0, 0, 1
-0.999598, 0.000529562, 0.0283307, 0.289891, -0.028316, 0.0185277, -0.999427, 0.84689, -0.00105416, -0.999828, -0.0185053, 1.02386, 0, 0, 0, 1
-0.999591, 0.000540803, 0.0285936, 0.289882, -0.0285785, 0.0186912, -0.999417, 0.846879, -0.00107494, -0.999825, -0.0186681, 1.02388, 0, 0, 0, 1
-0.999583, 0.000552082, 0.0288577, 0.289873, -0.0288422, 0.0188554, -0.999406, 0.846868, -0.00109588, -0.999822, -0.0188317, 1.0239, 0, 0, 0, 1
-0.999576, 0.000563397, 0.029123, 0.289864, -0.029107, 0.0190204, -0.999395, 0.846856, -0.00111699, -0.999819, -0.0189959, 1.02392, 0, 0, 0, 1
-0.999568, 0.000574749, 0.0293895, 0.289855, -0.029373, 0.0191861, -0.999384, 0.846845, -0.00113826, -0.999816, -0.0191609, 1.02393, 0, 0, 0, 1
-0.99956, 0.000586138, 0.0296571, 0.289846, -0.0296402, 0.0193525, -0.999373, 0.846834, -0.00115971, -0.999813, -0.0193266, 1.02395, 0, 0, 0, 1
-0.999552, 0.000597563, 0.0299259, 0.289836, -0.0299086, 0.0195197, -0.999362, 0.846822, -0.00118133, -0.999809, -0.0194931, 1.02397, 0, 0, 0, 1
-0.999544, 0.000609025, 0.0301959, 0.289827, -0.0301781, 0.0196876, -0.999351, 0.846811, -0.00120311, -0.999806, -0.0196602, 1.02399, 0, 0, 0, 1
-0.999536, 0.000620523, 0.0304671, 0.289818, -0.0304488, 0.0198562, -0.999339, 0.846799, -0.00122507, -0.999803, -0.0198281, 1.02401, 0, 0, 0, 1
-0.999527, 0.000632056, 0.0307394, 0.289808, -0.0307206, 0.0200256, -0.999327, 0.846788, -0.00124721, -0.999799, -0.0199967, 1.02403, 0, 0, 0, 1
-0.999519, 0.000643626, 0.031013, 0.289799, -0.0309936, 0.0201957, -0.999316, 0.846776, -0.00126951, -0.999796, -0.0201661, 1.02405, 0, 0, 0, 1
-0.99951, 0.00065523, 0.0312877, 0.289789, -0.0312678, 0.0203666, -0.999304, 0.846764, -0.001292, -0.999792, -0.0203361, 1.02407, 0, 0, 0, 1
-0.999502, 0.000666871, 0.0315636, 0.28978, -0.0315432, 0.0205382, -0.999291, 0.846753, -0.00131466, -0.999789, -0.0205069, 1.02409, 0, 0, 0, 1
-0.999493, 0.000678546, 0.0318406, 0.28977, -0.0318198, 0.0207105, -0.999279, 0.846741, -0.00133749, -0.999785, -0.0206784, 1.02411, 0, 0, 0, 1
-0.999484, 0.000690256, 0.0321189, 0.289761, -0.0320975, 0.0208835, -0.999267, 0.846729, -0.00136051, -0.999782, -0.0208506, 1.02413, 0, 0, 0, 1
-0.999475, 0.000702001, 0.0323983, 0.289751, -0.0323763, 0.0210573, -0.999254, 0.846717, -0.0013837, -0.999778, -0.0210235, 1.02415, 0, 0, 0, 1
-0.999466, 0.000713781, 0.0326789, 0.289741, -0.0326564, 0.0212318, -0.999241, 0.846705, -0.00140707, -0.999774, -0.0211972, 1.02416, 0, 0, 0, 1
-0.999456, 0.000725595, 0.0329607, 0.289732, -0.0329376, 0.0214071, -0.999228, 0.846693, -0.00143063, -0.999771, -0.0213716, 1.02418, 0, 0, 0, 1
-0.999447, 0.000737443, 0.0332436, 0.289722, -0.03322, 0.0215831, -0.999215, 0.846681, -0.00145436, -0.999767, -0.0215467, 1.0242, 0, 0, 0, 1
-0.999438, 0.000749326, 0.0335278, 0.289712, -0.0335036, 0.0217598, -0.999202, 0.846669, -0.00147829, -0.999763, -0.0217225, 1.02422, 0, 0, 0, 1
-0.999428, 0.000761242, 0.0338131, 0.289702, -0.0337883, 0.0219373, -0.999188, 0.846657, -0.00150239, -0.999759, -0.021899, 1.02424, 0, 0, 0, 1
-0.999418, 0.000773192, 0.0340996, 0.289692, -0.0340742, 0.0221155, -0.999175, 0.846645, -0.00152668, -0.999755, -0.0220763, 1.02426, 0, 0, 0, 1
-0.999408, 0.000785175, 0.0343873, 0.289683, -0.0343612, 0.0222944, -0.999161, 0.846632, -0.00155116, -0.999751, -0.0222542, 1.02428, 0, 0, 0, 1
-0.999398, 0.000797191, 0.0346761, 0.289673, -0.0346495, 0.0224741, -0.999147, 0.84662, -0.00157582, -0.999747, -0.0224329, 1.0243, 0, 0, 0, 1
-0.999388, 0.000809241, 0.0349661, 0.289663, -0.0349389, 0.0226545, -0.999133, 0.846608, -0.00160068, -0.999743, -0.0226123, 1.02432, 0, 0, 0, 1
-0.999378, 0.000821323, 0.0352573, 0.289653, -0.0352294, 0.0228356, -0.999118, 0.846595, -0.00162572, -0.999739, -0.0227925, 1.02435, 0, 0, 0, 1
-0.999368, 0.000833438, 0.0355497, 0.289642, -0.0355212, 0.0230175, -0.999104, 0.846583, -0.00165096, -0.999735, -0.0229733, 1.02437, 0, 0, 0, 1
-0.999357, 0.000845586, 0.0358433, 0.289632, -0.0358141, 0.0232001, -0.999089, 0.84657, -0.00167638, -0.99973, -0.0231549, 1.02439, 0, 0, 0, 1
-0.999346, 0.000857765, 0.036138, 0.289622, -0.0361081, 0.0233834, -0.999074, 0.846558, -0.001702, -0.999726, -0.0233372, 1.02441, 0, 0, 0, 1
-0.999336, 0.000869977, 0.036434, 0.289612, -0.0364034, 0.0235675, -0.999059, 0.846545, -0.00172782, -0.999722, -0.0235202, 1.02443, 0, 0, 0, 1
-0.999325, 0.000882221, 0.036731, 0.289602, -0.0366998, 0.0237523, -0.999044, 0.846532, -0.00175383, -0.999717, -0.0237039, 1.02445, 0, 0, 0, 1
-0.999314, 0.000894496, 0.0370293, 0.289591, -0.0369973, 0.0239379, -0.999029, 0.84652, -0.00178003, -0.999713, -0.0238884, 1.02447, 0, 0, 0, 1
-0.999303, 0.000906803, 0.0373288, 0.289581, -0.0372961, 0.0241242, -0.999013, 0.846507, -0.00180643, -0.999709, -0.0240735, 1.02449, 0, 0, 0, 1
-0.999291, 0.000919141, 0.0376294, 0.289571, -0.037596, 0.0243112, -0.998997, 0.846494, -0.00183303, -0.999704, -0.0242594, 1.02451, 0, 0, 0, 1
-0.99928, 0.00093151, 0.0379312, 0.28956, -0.037897, 0.024499, -0.998981, 0.846481, -0.00185984, -0.999699, -0.024446, 1.02453, 0, 0, 0, 1
-0.999268, 0.000943909, 0.0382342, 0.28955, -0.0381993, 0.0246874, -0.998965, 0.846468, -0.00188684, -0.999695, -0.0246333, 1.02455, 0, 0, 0, 1
-0.999257, 0.00095634, 0.0385383, 0.28954, -0.0385027, 0.0248767, -0.998949, 0.846455, -0.00191404, -0.99969, -0.0248214, 1.02458, 0, 0, 0, 1
-0.999245, 0.000968801, 0.0388437, 0.289529, -0.0388072, 0.0250666, -0.998932, 0.846442, -0.00194145, -0.999685, -0.0250101, 1.0246, 0, 0, 0, 1
-0.999233, 0.000981292, 0.0391502, 0.289518, -0.039113, 0.0252573, -0.998916, 0.846429, -0.00196906, -0.999681, -0.0251996, 1.02462, 0, 0, 0, 1
-0.999221, 0.000993813, 0.0394579, 0.289508, -0.0394198, 0.0254488, -0.998899, 0.846416, -0.00199687, -0.999676, -0.0253898, 1.02464, 0, 0, 0, 1
-0.999208, 0.00100636, 0.0397667, 0.289497, -0.0397279, 0.0256409, -0.998881, 0.846403, -0.00202489, -0.999671, -0.0255807, 1.02466, 0, 0, 0, 1
-0.999196, 0.00101894, 0.0400768, 0.289487, -0.0400371, 0.0258338, -0.998864, 0.84639, -0.00205312, -0.999666, -0.0257723, 1.02468, 0, 0, 0, 1
-0.999184, 0.00103155, 0.040388, 0.289476, -0.0403475, 0.0260275, -0.998847, 0.846377, -0.00208156, -0.999661, -0.0259646, 1.02471, 0, 0, 0, 1
-0.999171, 0.00104419, 0.0407004, 0.289465, -0.0406591, 0.0262218, -0.998829, 0.846363, -0.00211021, -0.999656, -0.0261576, 1.02473, 0, 0, 0, 1
-0.999158, 0.00105686, 0.041014, 0.289454, -0.0409718, 0.0264169, -0.998811, 0.84635, -0.00213907, -0.99965, -0.0263514, 1.02475, 0, 0, 0, 1
-0.999145, 0.00106956, 0.0413287, 0.289444, -0.0412857, 0.0266128, -0.998793, 0.846336, -0.00216814, -0.999645, -0.0265459, 1.02477, 0, 0, 0, 1
-0.999132, 0.00108228, 0.0416446, 0.289433, -0.0416007, 0.0268094, -0.998775, 0.846323, -0.00219742, -0.99964, -0.0267411, 1.02479, 0, 0, 0, 1
-0.999119, 0.00109504, 0.0419617, 0.289422, -0.0419169, 0.0270067, -0.998756, 0.846309, -0.00222692, -0.999635, -0.026937, 1.02482, 0, 0, 0, 1
-0.999105, 0.00110782, 0.04228, 0.289411, -0.0422343, 0.0272047, -0.998737, 0.846296, -0.00225664, -0.999629, -0.0271336, 1.02484, 0, 0, 0, 1
-0.999092, 0.00112063, 0.0425995, 0.2894, -0.0425528, 0.0274035, -0.998718, 0.846282, -0.00228657, -0.999624, -0.0273309, 1.02486, 0, 0, 0, 1
-0.999078, 0.00113346, 0.0429201, 0.289389, -0.0428725, 0.027603, -0.998699, 0.846268, -0.00231671, -0.999618, -0.027529, 1.02488, 0, 0, 0, 1
-0.999064, 0.00114633, 0.0432419, 0.289378, -0.0431934, 0.0278033, -0.99868, 0.846255, -0.00234708, -0.999613, -0.0277277, 1.02491, 0, 0, 0, 1
-0.99905, 0.00115922, 0.0435649, 0.289367, -0.0435154, 0.0280043, -0.99866, 0.846241, -0.00237767, -0.999607, -0.0279272, 1.02493, 0, 0, 0, 1
