-0.999999, -0.000797434, -0.000797196, 0.290901, 0.000796858, 0.000424669, -1, 0.848124, 0.000797772, -1, -0.000424033, 1.02183, 0, 0, 0, 1
-0.999999, -0.000797447, -0.000796639, 0.290901, 0.0007963, 0.000424813, -1, 0.848124, 0.000797785, -1, -0.000424178, 1.02183, 0, 0, 0, 1
-0.999999, -0.000797487, -0.000794967, 0.290901, 0.000794628, 0.000425247, -1, 0.848124, 0.000797824, -1, -0.000424613, 1.02183, 0, 0, 0, 1
-0.999999, -0.000797552, -0.000792181, 0.290901, 0.000791842, 0.000425969, -1, 0.848125, 0.000797889, -1, -0.000425337, 1.02183, 0, 0, 0, 1
-0.999999, -0.000797644, -0.000788281, 0.290901, 0.00078794, 0.00042698, -1, 0.848125, 0.00079798, -1, -0.000426351, 1.02183, 0, 0, 0, 1
-0.999999, -0.000797762, -0.000783266, 0.290901, 0.000782925, 0.00042828, -1, 0.848125, 0.000798097, -1, -0.000427655, 1.02183, 0, 0, 0, 1
-0.999999, -0.000797906, -0.000777137, 0.2909, 0.000776794, 0.000429869, -1, 0.848125, 0.00079824, -1, -0.000429249, 1.02183, 0, 0, 0, 1
-0.999999, -0.000798076, -0.000769893, 0.2909, 0.000769549, 0.000431747, -1, 0.848126, 0.000798408, -1, -0.000431133, 1.02183, 0, 0, 0, 1
-0.999999, -0.000798273, -0.000761535, 0.2909, 0.000761189, 0.000433914, -1, 0.848126, 0.000798603, -1, -0.000433306, 1.02183, 0, 0, 0, 1
-0.999999, -0.000798495, -0.000752063, 0.290899, 0.000751715, 0.00043637, -1, 0.848127, 0.000798823, -1, -0.000435769, 1.02183, 0, 0, 0, 1
-0.999999, -0.000798744, -0.000741476, 0.290899, 0.000741126, 0.000439114, -1, 0.848128, 0.000799069, -1, -0.000438522, 1.02183, 0, 0, 0, 1
-0.999999, -0.000799019, -0.000729775, 0.290899, 0.000729422, 0.000442148, -1, 0.848128, 0.000799342, -1, -0.000441565, 1.02183, 0, 0, 0, 1
-0.999999, -0.000799321, -0.000716959, 0.290898, 0.000716603, 0.00044547, -1, 0.848129, 0.00079964, -1, -0.000444897, 1.02183, 0, 0, 0, 1
-0.999999, -0.000799648, -0.000703029, 0.290898, 0.00070267, 0.000449082, -1, 0.84813, 0.000799963, -1, -0.000448519, 1.02183, 0, 0, 0, 1
-0.999999, -0.000800002, -0.000687985, 0.290897, 0.000687623, 0.000452982, -1, 0.848131, 0.000800313, -1, -0.000452432, 1.02183, 0, 0, 0, 1
-0.999999, -0.000800382, -0.000671826, 0.290897, 0.00067146, 0.000457171, -1, 0.848132, 0.000800689, -1, -0.000456633, 1.02183, 0, 0, 0, 1
-0.999999, -0.000800788, -0.000654553, 0.290896, 0.000654183, 0.000461649, -1, 0.848133, 0.00080109, -1, -0.000461125, 1.02183, 0, 0, 0, 1
-0.999999, -0.00080122, -0.000636165, 0.290895, 0.000635792, 0.000466416, -1, 0.848134, 0.000801517, -1, -0.000465906, 1.02182, 0, 0, 0, 1
-0.999999, -0.000801679, -0.000616663, 0.290895, 0.000616286, 0.000471472, -1, 0.848135, 0.000801969, -1, -0.000470978, 1.02182, 0, 0, 0, 1
-1, -0.000802164, -0.000596047, 0.290894, 0.000595665, 0.000476817, -1, 0.848136, 0.000802448, -1, -0.000476339, 1.02182, 0, 0, 0, 1
-1, -0.000802675, -0.000574316, 0.290893, 0.000573929, 0.000482451, -1, 0.848137, 0.000802952, -1, -0.00048199, 1.02182, 0, 0, 0, 1
-1, -0.000803212, -0.000551471, 0.290892, 0.000551079, 0.000488373, -1, 0.848139, 0.000803481, -1, -0.00048793, 1.02182, 0, 0, 0, 1
-1, -0.000803776, -0.000527512, 0.290891, 0.000527114, 0.000494585, -1, 0.84814, 0.000804036, -1, -0.000494161, 1.02182, 0, 0, 0, 1
-1, -0.000804365, -0.000502438, 0.29089, 0.000502035, 0.000501085, -1, 0.848142, 0.000804617, -1, -0.000500681, 1.02182, 0, 0, 0, 1
-1, -0.000804982, -0.000476249, 0.290889, 0.00047584, 0.000507874, -1, 0.848143, 0.000805223, -1, -0.000507491, 1.02181, 0, 0, 0, 1
-1, -0.000805624, -0.000448946, 0.290888, 0.000448532, 0.000514953, -1, 0.848145, 0.000805855, -1, -0.000514591, 1.02181, 0, 0, 0, 1
-1, -0.000806292, -0.000420529, 0.290887, 0.000420108, 0.00052232, -1, 0.848146, 0.000806512, -1, -0.000521981, 1.02181, 0, 0, 0, 1
-1, -0.000806987, -0.000390998, 0.290886, 0.00039057, 0.000529976, -1, 0.848148, 0.000807194, -1, -0.00052966, 1.02181, 0, 0, 0, 1
-1, -0.000807708, -0.000360352, 0.290885, 0.000359917, 0.000537921, -1, 0.84815, 0.000807902, -1, -0.00053763, 1.02181, 0, 0, 0, 1
-1, -0.000808456, -0.000328591, 0.290884, 0.00032815, 0.000546155, -1, 0.848152, 0.000808635, -1, -0.000545889, 1.0218, 0, 0, 0, 1
-1, -0.000809229, -0.000295717, 0.290883, 0.000295268, 0.000554677, -1, 0.848154, 0.000809393, -1, -0.000554438, 1.0218, 0, 0, 0, 1
-1, -0.000810029, -0.000261727, 0.290882, 0.000261271, 0.000563489, -1, 0.848156, 0.000810177, -1, -0.000563277, 1.0218, 0, 0, 0, 1
-1, -0.000810855, -0.000226624, 0.29088, 0.00022616, 0.000572589, -1, 0.848158, 0.000810985, -1, -0.000572406, 1.0218, 0, 0, 0, 1
-1, -0.000811708, -0.000190406, 0.290879, 0.000189934, 0.000581979, -1, 0.84816, 0.000811819, -1, -0.000581825, 1.0218, 0, 0, 0, 1
-1, -0.000812587, -0.000153074, 0.290878, 0.000152593, 0.000591657, -1, 0.848162, 0.000812677, -0.999999, -0.000591533, 1.02179, 0, 0, 0, 1
-1, -0.000813492, -0.000114627, 0.290876, 0.000114137, 0.000601625, -1, 0.848165, 0.000813561, -0.999999, -0.000601531, 1.02179, 0, 0, 0, 1
-1, -0.000814423, -7.50656e-05, 0.290875, 7.45673e-05, 0.000611881, -1, 0.848167, 0.000814469, -0.999999, -0.00061182, 1.02179, 0, 0, 0, 1
-1, -0.000815381, -3.439e-05, 0.290874, 3.38825e-05, 0.000622426, -1, 0.848169, 0.000815402, -0.999999, -0.000622398, 1.02179, 0, 0, 0, 1
-1, -0.000816365, 7.39995e-06, 0.290872, -7.91692e-06, 0.00063326, -1, 0.848172, 0.00081636, -0.999999, -0.000633266, 1.02178, 0, 0, 0, 1
-1, -0.000817376, 5.03043e-05, 0.29087, -5.0831e-05, 0.000644382, -1, 0.848174, 0.000817343, -0.999999, -0.000644424, 1.02178, 0, 0, 0, 1
-1, -0.000818413, 9.43231e-05, 0.290869, -9.48598e-05, 0.000655794, -1, 0.848177, 0.00081835, -0.999999, -0.000655872, 1.02178, 0, 0, 0, 1
-1, -0.000819476, 0.000139456, 0.290867, -0.000140003, 0.000667495, -1, 0.84818, 0.000819382, -0.999999, -0.000667609, 1.02177, 0, 0, 0, 1
-1, -0.000820565, 0.000185704, 0.290866, -0.000186261, 0.000679484, -1, 0.848182, 0.000820439, -0.999999, -0.000679637, 1.02177, 0, 0, 0, 1
-1, -0.000821681, 0.000233066, 0.290864, -0.000233634, 0.000691763, -1, 0.848185, 0.00082152, -0.999999, -0.000691954, 1.02177, 0, 0, 0, 1
-1, -0.000822823, 0.000281542, 0.290862, -0.000282122, 0.00070433, -1, 0.848188, 0.000822625, -0.999999, -0.000704562, 1.02177, 0, 0, 0, 1
-1, -0.000823992, 0.000331133, 0.29086, -0.000331724, 0.000717186, -1, 0.848191, 0.000823754, -0.999999, -0.000717459, 1.02176, 0, 0, 0, 1
-1, -0.000825187, 0.000381838, 0.290858, -0.000382441, 0.000730331, -1, 0.848194, 0.000824908, -0.999999, -0.000730647, 1.02176, 0, 0, 0, 1
-1, -0.000826409, 0.000433658, 0.290857, -0.000434272, 0.000743765, -1, 0.848197, 0.000826086, -0.999999, -0.000744124, 1.02176, 0, 0, 0, 1
-1, -0.000827656, 0.000486591, 0.290855, -0.000487218, 0.000757488, -1, 0.8482, 0.000827287, -0.999999, -0.000757891, 1.02175, 0, 0, 0, 1
-1, -0.000828931, 0.00054064, 0.290853, -0.000541279, 0.0007715, -1, 0.848203, 0.000828513, -0.999999, -0.000771948, 1.02175, 0, 0, 0, 1
-0.999999, -0.000830231, 0.000595803, 0.290851, -0.000596455, 0.0007858, -1, 0.848206, 0.000829763, -0.999999, -0.000786295, 1.02174, 0, 0, 0, 1
-0.999999, -0.000831559, 0.00065208, 0.290849, -0.000652745, 0.00080039, -0.999999, 0.84821, 0.000831036, -0.999999, -0.000800932, 1.02174, 0, 0, 0, 1
-0.999999, -0.000832912, 0.000709471, 0.290847, -0.00071015, 0.000815268, -0.999999, 0.848213, 0.000832333, -0.999999, -0.000815859, 1.02174, 0, 0, 0, 1
-0.999999, -0.000834292, 0.000767977, 0.290845, -0.00076867, 0.000830436, -0.999999, 0.848217, 0.000833654, -0.999999, -0.000831076, 1.02173, 0, 0, 0, 1
-0.999999, -0.000835699, 0.000827598, 0.290842, -0.000828304, 0.000845892, -0.999999, 0.84822, 0.000834998, -0.999999, -0.000846583, 1.02173, 0, 0, 0, 1
-0.999999, -0.000837132, 0.000888332, 0.29084, -0.000889054, 0.000861637, -0.999999, 0.848224, 0.000836366, -0.999999, -0.000862381, 1.02173, 0, 0, 0, 1
-0.999999, -0.000838592, 0.000950181, 0.290838, -0.000950917, 0.000877671, -0.999999, 0.848227, 0.000837757, -0.999999, -0.000878468, 1.02172, 0, 0, 0, 1
-0.999999, -0.000840078, 0.00101314, 0.290836, -0.0010139, 0.000893994, -0.999999, 0.848231, 0.000839171, -0.999999, -0.000894845, 1.02172, 0, 0, 0, 1
-0.999999, -0.00084159, 0.00107722, 0.290833, -0.00107799, 0.000910605, -0.999999, 0.848235, 0.000840608, -0.999999, -0.000911512, 1.02171, 0, 0, 0, 1
-0.999999, -0.000843129, 0.00114242, 0.290831, -0.0011432, 0.000927506, -0.999999, 0.848239, 0.000842069, -0.999999, -0.000928469, 1.02171, 0, 0, 0, 1
-0.999999, -0.000844695, 0.00120872, 0.290829, -0.00120952, 0.000944695, -0.999999, 0.848243, 0.000843552, -0.999999, -0.000945716, 1.02171, 0, 0, 0, 1
-0.999999, -0.000846287, 0.00127614, 0.290826, -0.00127696, 0.000962174, -0.999999, 0.848247, 0.000845058, -0.999999, -0.000963253, 1.0217, 0, 0, 0, 1
-0.999999, -0.000847906, 0.00134468, 0.290824, -0.00134551, 0.000979941, -0.999999, 0.848251, 0.000846587, -0.999999, -0.000981081, 1.0217, 0, 0, 0, 1
-0.999999, -0.000849551, 0.00141433, 0.290821, -0.00141518, 0.000997997, -0.999999, 0.848255, 0.000848138, -0.999999, -0.000999198, 1.02169, 0, 0, 0, 1
-0.999999, -0.000851223, 0.00148509, 0.290819, -0.00148596, 0.00101634, -0.999998, 0.848259, 0.000849712, -0.999999, -0.00101761, 1.02169, 0, 0, 0, 1
-0.999998, -0.000852922, 0.00155697, 0.290816, -0.00155785, 0.00103498, -0.999998, 0.848263, 0.000851309, -0.999999, -0.0010363, 1.02168, 0, 0, 0, 1
-0.999998, -0.000854647, 0.00162996, 0.290813, -0.00163086, 0.0010539, -0.999998, 0.848268, 0.000852927, -0.999999, -0.00105529, 1.02168, 0, 0, 0, 1
-0.999998, -0.000856399, 0.00170407, 0.290811, -0.00170499, 0.00107311, -0.999998, 0.848272, 0.000854568, -0.999999, -0.00107457, 1.02167, 0, 0, 0, 1
-0.999998, -0.000858177, 0.00177929, 0.290808, -0.00178023, 0.00109261, -0.999998, 0.848276, 0.000856231, -0.999999, -0.00109414, 1.02167, 0, 0, 0, 1
-0.999998, -0.000859982, 0.00185563, 0.290805, -0.00185659, 0.0011124, -0.999998, 0.848281, 0.000857916, -0.999999, -0.00111399, 1.02166, 0, 0, 0, 1
-0.999998, -0.000861814, 0.00193308, 0.290803, -0.00193406, 0.00113248, -0.999997, 0.848285, 0.000859623, -0.999999, -0.00113414, 1.02166, 0, 0, 0, 1
-0.999998, -0.000863672, 0.00201165, 0.2908, -0.00201264, 0.00115284, -0.999997, 0.84829, 0.000861351, -0.999999, -0.00115458, 1.02165, 0, 0, 0, 1
-0.999997, -0.000865558, 0.00209132, 0.290797, -0.00209234, 0.0011735, -0.999997, 0.848295, 0.000863101, -0.999999, -0.00117531, 1.02165, 0, 0, 0, 1
-0.999997, -0.000867469, 0.00217212, 0.290794, -0.00217315, 0.00119445, -0.999997, 0.8483, 0.000864872, -0.999999, -0.00119633, 1.02164, 0, 0, 0, 1
-0.999997, -0.000869408, 0.00225403, 0.290791, -0.00225508, 0.00121568, -0.999997, 0.848304, 0.000866665, -0.999999, -0.00121764, 1.02164, 0, 0, 0, 1
-0.999997, -0.000871373, 0.00233705, 0.290788, -0.00233813, 0.0012372, -0.999997, 0.848309, 0.000868479, -0.999999, -0.00123924, 1.02163, 0, 0, 0, 1
-0.999997, -0.000873365, 0.00242119, 0.290785, -0.00242228, 0.00125901, -0.999996, 0.848314, 0.000870314, -0.999999, -0.00126112, 1.02163, 0, 0, 0, 1
-0.999996, -0.000875384, 0.00250644, 0.290782, -0.00250756, 0.00128111, -0.999996, 0.848319, 0.00087217, -0.999999, -0.0012833, 1.02162, 0, 0, 0, 1
-0.999996, -0.00087743, 0.0025928, 0.290779, -0.00259395, 0.0013035, -0.999996, 0.848324, 0.000874046, -0.999999, -0.00130577, 1.02162, 0, 0, 0, 1
-0.999996, -0.000879502, 0.00268028, 0.290776, -0.00268145, 0.00132618, -0.999996, 0.84833, 0.000875944, -0.999999, -0.00132853, 1.02161, 0, 0, 0, 1
-0.999996, -0.000881601, 0.00276888, 0.290772, -0.00277006, 0.00134915, -0.999995, 0.848335, 0.000877862, -0.999999, -0.00135158, 1.0216, 0, 0, 0, 1
-0.999996, -0.000883727, 0.00285859, 0.290769, -0.0028598, 0.0013724, -0.999995, 0.84834, 0.0008798, -0.999999, -0.00137492, 1.0216, 0, 0, 0, 1
-0.999995, -0.00088588, 0.00294941, 0.290766, -0.00295064, 0.00139595, -0.999995, 0.848345, 0.000881758, -0.999999, -0.00139855, 1.02159, 0, 0, 0, 1
-0.999995, -0.00088806, 0.00304135, 0.290762, -0.00304261, 0.00141978, -0.999994, 0.848351, 0.000883737, -0.999999, -0.00142248, 1.02159, 0, 0, 0, 1
-0.999995, -0.000890267, 0.0031344, 0.290759, -0.00313568, 0.0014439, -0.999994, 0.848356, 0.000885736, -0.999999, -0.00144669, 1.02158, 0, 0, 0, 1
-0.999994, -0.0008925, 0.00322856, 0.290756, -0.00322987, 0.00146831, -0.999994, 0.848362, 0.000887754, -0.999999, -0.00147119, 1.02158, 0, 0, 0, 1
-0.999994, -0.000894761, 0.00332384, 0.290752, -0.00332518, 0.00149301, -0.999993, 0.848368, 0.000889792, -0.999998, -0.00149598, 1.02157, 0, 0, 0, 1
-0.999994, -0.000897048, 0.00342024, 0.290749, -0.0034216, 0.001518, -0.999993, 0.848373, 0.00089185, -0.999998, -0.00152106, 1.02156, 0, 0, 0, 1
-0.999993, -0.000899362, 0.00351775, 0.290745, -0.00351913, 0.00154328, -0.999993, 0.848379, 0.000893927, -0.999998, -0.00154643, 1.02156, 0, 0, 0, 1
-0.999993, -0.000901704, 0.00361637, 0.290742, -0.00361778, 0.00156885, -0.999992, 0.848385, 0.000896023, -0.999998, -0.0015721, 1.02155, 0, 0, 0, 1
-0.999993, -0.000904072, 0.00371611, 0.290738, -0.00371755, 0.0015947, -0.999992, 0.848391, 0.000898139, -0.999998, -0.00159805, 1.02154, 0, 0, 0, 1
-0.999992, -0.000906467, 0.00381696, 0.290734, -0.00381843, 0.00162084, -0.999991, 0.848397, 0.000900273, -0.999998, -0.00162429, 1.02154, 0, 0, 0, 1
-0.999992, -0.00090889, 0.00391893, 0.290731, -0.00392042, 0.00164728, -0.999991, 0.848403, 0.000902426, -0.999998, -0.00165083, 1.02153, 0, 0, 0, 1
-0.999991, -0.000911339, 0.00402201, 0.290727, -0.00402353, 0.001674, -0.999991, 0.848409, 0.000904597, -0.999998, -0.00167765, 1.02152, 0, 0, 0, 1
-0.999991, -0.000913815, 0.00412621, 0.290723, -0.00412776, 0.00170101, -0.99999, 0.848415, 0.000906788, -0.999998, -0.00170477, 1.02152, 0, 0, 0, 1
-0.999991, -0.000916319, 0.00423152, 0.29072, -0.0042331, 0.00172831, -0.99999, 0.848421, 0.000908996, -0.999998, -0.00173217, 1.02151, 0, 0, 0, 1
-0.99999, -0.000918849, 0.00433794, 0.290716, -0.00433955, 0.0017559, -0.999989, 0.848427, 0.000911222, -0.999998, -0.00175987, 1.0215, 0, 0, 0, 1
-0.99999, -0.000921407, 0.00444548, 0.290712, -0.00444712, 0.00178377, -0.999989, 0.848434, 0.000913467, -0.999998, -0.00178785, 1.0215, 0, 0, 0, 1
-0.999989, -0.000923992, 0.00455413, 0.290708, -0.0045558, 0.00181194, -0.999988, 0.84844, 0.000915729, -0.999998, -0.00181613, 1.02149, 0, 0, 0, 1
-0.999989, -0.000926604, 0.0046639, 0.290704, -0.0046656, 0.00184039, -0.999987, 0.848447, 0.000918009, -0.999998, -0.0018447, 1.02148, 0, 0, 0, 1
-0.999988, -0.000929243, 0.00477478, 0.2907, -0.00477651, 0.00186914, -0.999987, 0.848453, 0.000920306, -0.999998, -0.00187355, 1.02148, 0, 0, 0, 1
-0.999988, -0.000931909, 0.00488678, 0.290696, -0.00488854, 0.00189817, -0.999986, 0.84846, 0.00092262, -0.999998, -0.0019027, 1.02147, 0, 0, 0, 1
-0.999987, -0.000934603, 0.00499989, 0.290692, -0.00500168, 0.00192749, -0.999986, 0.848467, 0.000924952, -0.999998, -0.00193214, 1.02146, 0, 0, 0, 1
-0.999986, -0.000937323, 0.00511411, 0.290688, -0.00511594, 0.0019571, -0.999985, 0.848473, 0.000927301, -0.999998, -0.00196187, 1.02145, 0, 0, 0, 1
-0.999986, -0.000940071, 0.00522945, 0.290683, -0.00523131, 0.001987, -0.999984, 0.84848, 0.000929666, -0.999998, -0.00199189, 1.02145, 0, 0, 0, 1
-0.999985, -0.000942847, 0.0053459, 0.290679, -0.0053478, 0.00201719, -0.999984, 0.848487, 0.000932048, -0.999998, -0.0020222, 1.02144, 0, 0, 0, 1
-0.999985, -0.000945649, 0.00546347, 0.290675, -0.0054654, 0.00204766, -0.999983, 0.848494, 0.000934446, -0.999997, -0.0020528, 1.02143, 0, 0, 0, 1
-0.999984, -0.000948479, 0.00558215, 0.290671, -0.00558411, 0.00207843, -0.999982, 0.848501, 0.00093686, -0.999997, -0.00208369, 1.02142, 0, 0, 0, 1
-0.999983, -0.000951336, 0.00570195, 0.290666, -0.00570394, 0.00210948, -0.999982, 0.848508, 0.00093929, -0.999997, -0.00211487, 1.02142, 0, 0, 0, 1
-0.999983, -0.000954221, 0.00582286, 0.290662, -0.00582489, 0.00214083, -0.999981, 0.848515, 0.000941737, -0.999997, -0.00214635, 1.02141, 0, 0, 0, 1
-0.999982, -0.000957133, 0.00594488, 0.290658, -0.00594695, 0.00217246, -0.99998, 0.848522, 0.000944198, -0.999997, -0.00217811, 1.0214, 0, 0, 0, 1
-0.999981, -0.000960072, 0.00606802, 0.290653, -0.00607012, 0.00220438, -0.999979, 0.84853, 0.000946676, -0.999997, -0.00221016, 1.02139, 0, 0, 0, 1
-0.99998, -0.000963039, 0.00619227, 0.290649, -0.00619441, 0.00223659, -0.999978, 0.848537, 0.000949168, -0.999997, -0.00224251, 1.02138, 0, 0, 0, 1
-0.99998, -0.000966033, 0.00631764, 0.290644, -0.00631982, 0.00226908, -0.999977, 0.848544, 0.000951676, -0.999997, -0.00227514, 1.02138, 0, 0, 0, 1
-0.999979, -0.000969054, 0.00644412, 0.29064, -0.00644634, 0.00230187, -0.999977, 0.848552, 0.000954198, -0.999997, -0.00230807, 1.02137, 0, 0, 0, 1
-0.999978, -0.000972104, 0.00657172, 0.290635, -0.00657397, 0.00233495, -0.999976, 0.848559, 0.000956735, -0.999997, -0.00234129, 1.02136, 0, 0, 0, 1
-0.999977, -0.00097518, 0.00670043, 0.29063, -0.00670272, 0.00236831, -0.999975, 0.848567, 0.000959287, -0.999997, -0.00237479, 1.02135, 0, 0, 0, 1
-0.999976, -0.000978284, 0.00683025, 0.290626, -0.00683259, 0.00240196, -0.999974, 0.848575, 0.000961853, -0.999997, -0.00240859, 1.02134, 0, 0, 0, 1
-0.999975, -0.000981416, 0.00696119, 0.290621, -0.00696356, 0.00243591, -0.999973, 0.848582, 0.000964433, -0.999997, -0.00244268, 1.02133, 0, 0, 0, 1
-0.999974, -0.000984575, 0.00709324, 0.290616, -0.00709566, 0.00247014, -0.999972, 0.84859, 0.000967026, -0.999996, -0.00247706, 1.02133, 0, 0, 0, 1
-0.999973, -0.000987762, 0.00722641, 0.290611, -0.00722887, 0.00250466, -0.999971, 0.848598, 0.000969634, -0.999996, -0.00251173, 1.02132, 0, 0, 0, 1
-0.999972, -0.000990977, 0.00736069, 0.290606, -0.00736319, 0.00253946, -0.99997, 0.848606, 0.000972254, -0.999996, -0.00254669, 1.02131, 0, 0, 0, 1
-0.999971, -0.000994219, 0.00749609, 0.290601, -0.00749863, 0.00257456, -0.999969, 0.848614, 0.000974889, -0.999996, -0.00258194, 1.0213, 0, 0, 0, 1
-0.99997, -0.000997489, 0.0076326, 0.290597, -0.00763518, 0.00260995, -0.999967, 0.848622, 0.000977536, -0.999996, -0.00261748, 1.02129, 0, 0, 0, 1
-0.999969, -0.00100079, 0.00777022, 0.290592, -0.00777285, 0.00264562, -0.999966, 0.84863, 0.000980195, -0.999996, -0.00265332, 1.02128, 0, 0, 0, 1
-0.999968, -0.00100411, 0.00790896, 0.290587, -0.00791163, 0.00268158, -0.999965, 0.848638, 0.000982868, -0.999996, -0.00268944, 1.02127, 0, 0, 0, 1
-0.999967, -0.00100746, 0.00804881, 0.290581, -0.00805153, 0.00271784, -0.999964, 0.848647, 0.000985553, -0.999996, -0.00272586, 1.02126, 0, 0, 0, 1
-0.999966, -0.00101085, 0.00818978, 0.290576, -0.00819254, 0.00275438, -0.999963, 0.848655, 0.00098825, -0.999996, -0.00276256, 1.02126, 0, 0, 0, 1
-0.999965, -0.00101425, 0.00833186, 0.290571, -0.00833466, 0.00279121, -0.999961, 0.848663, 0.000990959, -0.999996, -0.00279956, 1.02125, 0, 0, 0, 1
-0.999964, -0.00101769, 0.00847506, 0.290566, -0.0084779, 0.00282832, -0.99996, 0.848672, 0.000993679, -0.999995, -0.00283685, 1.02124, 0, 0, 0, 1
-0.999962, -0.00102115, 0.00861937, 0.290561, -0.00862226, 0.00286573, -0.999959, 0.84868, 0.000996412, -0.999995, -0.00287443, 1.02123, 0, 0, 0, 1
-0.999961, -0.00102465, 0.00876479, 0.290556, -0.00876773, 0.00290343, -0.999957, 0.848689, 0.000999155, -0.999995, -0.0029123, 1.02122, 0, 0, 0, 1
-0.99996, -0.00102817, 0.00891133, 0.29055, -0.00891432, 0.00294141, -0.999956, 0.848698, 0.00100191, -0.999995, -0.00295046, 1.02121, 0, 0, 0, 1
-0.999958, -0.00103171, 0.00905898, 0.290545, -0.00906202, 0.00297968, -0.999954, 0.848706, 0.00100467, -0.999995, -0.00298891, 1.0212, 0, 0, 0, 1
-0.999957, -0.00103529, 0.00920774, 0.29054, -0.00921083, 0.00301825, -0.999953, 0.848715, 0.00100745, -0.999995, -0.00302765, 1.02119, 0, 0, 0, 1
-0.999956, -0.00103889, 0.00935762, 0.290534, -0.00936076, 0.0030571, -0.999952, 0.848724, 0.00101024, -0.999995, -0.00306669, 1.02118, 0, 0, 0, 1
-0.999954, -0.00104253, 0.00950862, 0.290529, -0.00951181, 0.00309624, -0.99995, 0.848733, 0.00101303, -0.999995, -0.00310601, 1.02117, 0, 0, 0, 1
-0.999953, -0.00104619, 0.00966073, 0.290523, -0.00966396, 0.00313567, -0.999948, 0.848742, 0.00101584, -0.999995, -0.00314563, 1.02116, 0, 0, 0, 1
-0.999951, -0.00104987, 0.00981395, 0.290518, -0.00981724, 0.00317538, -0.999947, 0.848751, 0.00101865, -0.999994, -0.00318553, 1.02115, 0, 0, 0, 1
-0.99995, -0.00105359, 0.00996829, 0.290512, -0.00997163, 0.00321539, -0.999945, 0.84876, 0.00102148, -0.999994, -0.00322573, 1.02114, 0, 0, 0, 1
-0.999948, -0.00105733, 0.0101237, 0.290506, -0.0101271, 0.00325568, -0.999943, 0.848769, 0.00102431, -0.999994, -0.00326622, 1.02113, 0, 0, 0, 1
-0.999947, -0.00106111, 0.0102803, 0.290501, -0.0102837, 0.00329627, -0.999942, 0.848778, 0.00102716, -0.999994, -0.003307, 1.02112, 0, 0, 0, 1
-0.999945, -0.00106491, 0.010438, 0.290495, -0.0104415, 0.00333714, -0.99994, 0.848788, 0.00103001, -0.999994, -0.00334807, 1.02111, 0, 0, 0, 1
-0.999943, -0.00106874, 0.0105968, 0.290489, -0.0106003, 0.0033783, -0.999938, 0.848797, 0.00103287, -0.999994, -0.00338944, 1.0211, 0, 0, 0, 1
-0.999942, -0.00107259, 0.0107567, 0.290483, -0.0107603, 0.00341975, -0.999936, 0.848806, 0.00103574, -0.999994, -0.00343109, 1.02109, 0, 0, 0, 1
-0.99994, -0.00107648, 0.0109177, 0.290478, -0.0109214, 0.00346149, -0.999934, 0.848816, 0.00103862, -0.999993, -0.00347303, 1.02108, 0, 0, 0, 1
-0.999938, -0.00108039, 0.0110798, 0.290472, -0.0110836, 0.00350351, -0.999932, 0.848826, 0.0010415, -0.999993, -0.00351527, 1.02107, 0, 0, 0, 1
-0.999936, -0.00108433, 0.0112431, 0.290466, -0.0112469, 0.00354583, -0.99993, 0.848835, 0.00104439, -0.999993, -0.0035578, 1.02106, 0, 0, 0, 1
-0.999934, -0.0010883, 0.0114074, 0.29046, -0.0114113, 0.00358843, -0.999928, 0.848845, 0.00104729, -0.999993, -0.00360061, 1.02105, 0, 0, 0, 1
-0.999932, -0.0010923, 0.0115729, 0.290454, -0.0115768, 0.00363132, -0.999926, 0.848855, 0.0010502, -0.999993, -0.00364372, 1.02104, 0, 0, 0, 1
-0.99993, -0.00109633, 0.0117395, 0.290448, -0.0117435, 0.00367451, -0.999924, 0.848864, 0.00105311, -0.999993, -0.00368712, 1.02103, 0, 0, 0, 1
-0.999929, -0.00110038, 0.0119072, 0.290442, -0.0119112, 0.00371798, -0.999922, 0.848874, 0.00105603, -0.999992, -0.00373082, 1.02102, 0, 0, 0, 1
-0.999926, -0.00110447, 0.012076, 0.290436, -0.0120801, 0.00376173, -0.99992, 0.848884, 0.00105895, -0.999992, -0.0037748, 1.02101, 0, 0, 0, 1
-0.999924, -0.00110858, 0.012246, 0.29043, -0.0122501, 0.00380578, -0.999918, 0.848894, 0.00106188, -0.999992, -0.00381907, 1.021, 0, 0, 0, 1
-0.999922, -0.00111272, 0.012417, 0.290423, -0.0124212, 0.00385012, -0.999915, 0.848904, 0.00106482, -0.999992, -0.00386364, 1.02098, 0, 0, 0, 1
-0.99992, -0.00111689, 0.0125892, 0.290417, -0.0125934, 0.00389474, -0.999913, 0.848915, 0.00106776, -0.999992, -0.0039085, 1.02097, 0, 0, 0, 1
-0.999918, -0.00112109, 0.0127625, 0.290411, -0.0127668, 0.00393966, -0.999911, 0.848925, 0.00107071, -0.999992, -0.00395365, 1.02096, 0, 0, 0, 1
-0.999916, -0.00112531, 0.0129368, 0.290404, -0.0129412, 0.00398486, -0.999908, 0.848935, 0.00107366, -0.999991, -0.00399909, 1.02095, 0, 0, 0, 1
-0.999913, -0.00112957, 0.0131123, 0.290398, -0.0131168, 0.00403035, -0.999906, 0.848946, 0.00107661, -0.999991, -0.00404482, 1.02094, 0, 0, 0, 1
-0.999911, -0.00113385, 0.013289, 0.290392, -0.0132935, 0.00407613, -0.999903, 0.848956, 0.00107957, -0.999991, -0.00409084, 1.02093, 0, 0, 0, 1
-0.999909, -0.00113816, 0.0134667, 0.290385, -0.0134713, 0.0041222, -0.999901, 0.848966, 0.00108254, -0.999991, -0.00413715, 1.02092, 0, 0, 0, 1
-0.999906, -0.00114251, 0.0136455, 0.290379, -0.0136502, 0.00416855, -0.999898, 0.848977, 0.00108551, -0.999991, -0.00418376, 1.02091, 0, 0, 0, 1
-0.999904, -0.00114688, 0.0138255, 0.290372, -0.0138302, 0.0042152, -0.999895, 0.848988, 0.00108848, -0.99999, -0.00423066, 1.02089, 0, 0, 0, 1
-0.999901, -0.00115127, 0.0140066, 0.290366, -0.0140114, 0.00426213, -0.999893, 0.848998, 0.00109145, -0.99999, -0.00427784, 1.02088, 0, 0, 0, 1
-0.999899, -0.0011557, 0.0141888, 0.290359, -0.0141936, 0.00430936, -0.99989, 0.849009, 0.00109443, -0.99999, -0.00432532, 1.02087, 0, 0, 0, 1
-0.999896, -0.00116016, 0.0143721, 0.290352, -0.014377, 0.00435687, -0.999887, 0.84902, 0.00109741, -0.99999, -0.0043731, 1.02086, 0, 0, 0, 1
-0.999893, -0.00116464, 0.0145565, 0.290346, -0.0145615, 0.00440467, -0.999884, 0.849031, 0.00110039, -0.99999, -0.00442116, 1.02085, 0, 0, 0, 1
-0.999891, -0.00116916, 0.014742, 0.290339, -0.0147471, 0.00445276, -0.999881, 0.849042, 0.00110338, -0.999989, -0.00446951, 1.02083, 0, 0, 0, 1
-0.999888, -0.0011737, 0.0149286, 0.290332, -0.0149338, 0.00450114, -0.999878, 0.849053, 0.00110636, -0.999989, -0.00451816, 1.02082, 0, 0, 0, 1
-0.999885, -0.00117827, 0.0151164, 0.290325, -0.0151216, 0.0045498, -0.999875, 0.849064, 0.00110935, -0.999989, -0.0045671, 1.02081, 0, 0, 0, 1
-0.999882, -0.00118287, 0.0153053, 0.290319, -0.0153105, 0.00459876, -0.999872, 0.849075, 0.00111234, -0.999989, -0.00461633, 1.0208, 0, 0, 0, 1
-0.999879, -0.0011875, 0.0154952, 0.290312, -0.0155006, 0.004648, -0.999869, 0.849086, 0.00111533, -0.999988, -0.00466585, 1.02079, 0, 0, 0, 1
-0.999876, -0.00119216, 0.0156863, 0.290305, -0.0156918, 0.00469753, -0.999866, 0.849097, 0.00111832, -0.999988, -0.00471566, 1.02077, 0, 0, 0, 1
-0.999873, -0.00119685, 0.0158785, 0.290298, -0.0158841, 0.00474735, -0.999863, 0.849109, 0.00112131, -0.999988, -0.00476576, 1.02076, 0, 0, 0, 1
-0.99987, -0.00120157, 0.0160719, 0.290291, -0.0160775, 0.00479746, -0.999859, 0.84912, 0.0011243, -0.999988, -0.00481616, 1.02075, 0, 0, 0, 1
-0.999867, -0.00120632, 0.0162663, 0.290284, -0.016272, 0.00484786, -0.999856, 0.849132, 0.00112729, -0.999988, -0.00486684, 1.02074, 0, 0, 0, 1
-0.999864, -0.00121109, 0.0164619, 0.290277, -0.0164676, 0.00489855, -0.999852, 0.849143, 0.00113028, -0.999987, -0.00491782, 1.02072, 0, 0, 0, 1
-0.99986, -0.0012159, 0.0166585, 0.290269, -0.0166643, 0.00494952, -0.999849, 0.849155, 0.00113326, -0.999987, -0.00496909, 1.02071, 0, 0, 0, 1
-0.999857, -0.00122073, 0.0168563, 0.290262, -0.0168622, 0.00500079, -0.999845, 0.849167, 0.00113625, -0.999987, -0.00502066, 1.0207, 0, 0, 0, 1
-0.999854, -0.0012256, 0.0170552, 0.290255, -0.0170612, 0.00505234, -0.999842, 0.849178, 0.00113924, -0.999986, -0.00507251, 1.02069, 0, 0, 0, 1
-0.99985, -0.00123049, 0.0172552, 0.290248, -0.0172613, 0.00510418, -0.999838, 0.84919, 0.00114222, -0.999986, -0.00512465, 1.02067, 0, 0, 0, 1
-0.999847, -0.00123541, 0.0174563, 0.29024, -0.0174625, 0.00515631, -0.999834, 0.849202, 0.0011452, -0.999986, -0.00517709, 1.02066, 0, 0, 0, 1
-0.999843, -0.00124037, 0.0176585, 0.290233, -0.0176648, 0.00520873, -0.99983, 0.849214, 0.00114818, -0.999986, -0.00522982, 1.02065, 0, 0, 0, 1
-0.99984, -0.00124535, 0.0178619, 0.290226, -0.0178682, 0.00526143, -0.999827, 0.849226, 0.00115115, -0.999985, -0.00528284, 1.02063, 0, 0, 0, 1
-0.999836, -0.00125036, 0.0180663, 0.290218, -0.0180727, 0.00531443, -0.999823, 0.849238, 0.00115413, -0.999985, -0.00533615, 1.02062, 0, 0, 0, 1
-0.999832, -0.0012554, 0.0182719, 0.290211, -0.0182784, 0.00536771, -0.999819, 0.84925, 0.00115709, -0.999985, -0.00538976, 1.02061, 0, 0, 0, 1
-0.999828, -0.00126047, 0.0184786, 0.290203, -0.0184852, 0.00542128, -0.999814, 0.849262, 0.00116006, -0.999985, -0.00544365, 1.02059, 0, 0, 0, 1
-0.999825, -0.00126557, 0.0186864, 0.290196, -0.0186931, 0.00547514, -0.99981, 0.849275, 0.00116302, -0.999984, -0.00549784, 1.02058, 0, 0, 0, 1
-0.999821, -0.0012707, 0.0188953, 0.290188, -0.0189021, 0.00552929, -0.999806, 0.849287, 0.00116598, -0.999984, -0.00555232, 1.02057, 0, 0, 0, 1
-0.999817, -0.00127586, 0.0191053, 0.290181, -0.0191122, 0.00558373, -0.999802, 0.849299, 0.00116893, -0.999984, -0.00560709, 1.02055, 0, 0, 0, 1
-0.999813, -0.00128105, 0.0193165, 0.290173, -0.0193234, 0.00563846, -0.999797, 0.849312, 0.00117187, -0.999983, -0.00566216, 1.02054, 0, 0, 0, 1
-0.999808, -0.00128627, 0.0195287, 0.290165, -0.0195357, 0.00569347, -0.999793, 0.849324, 0.00117482, -0.999983, -0.00571751, 1.02053, 0, 0, 0, 1
-0.999804, -0.00129152, 0.0197421, 0.290157, -0.0197492, 0.00574878, -0.999788, 0.849337, 0.00117775, -0.999983, -0.00577316, 1.02051, 0, 0, 0, 1
-0.9998, -0.0012968, 0.0199566, 0.29015, -0.0199638, 0.00580437, -0.999784, 0.84935, 0.00118068, -0.999982, -0.0058291, 1.0205, 0, 0, 0, 1
-0.999796, -0.0013021, 0.0201722, 0.290142, -0.0201795, 0.00586025, -0.999779, 0.849362, 0.0011836, -0.999982, -0.00588533, 1.02049, 0, 0, 0, 1
-0.999791, -0.00130744, 0.0203889, 0.290134, -0.0203963, 0.00591642, -0.999774, 0.849375, 0.00118652, -0.999982, -0.00594185, 1.02047, 0, 0, 0, 1
-0.999787, -0.00131281, 0.0206067, 0.290126, -0.0206142, 0.00597288, -0.99977, 0.849388, 0.00118943, -0.999981, -0.00599867, 1.02046, 0, 0, 0, 1
-0.999782, -0.00131821, 0.0208256, 0.290118, -0.0208332, 0.00602962, -0.999765, 0.849401, 0.00119233, -0.999981, -0.00605577, 1.02044, 0, 0, 0, 1
-0.999778, -0.00132364, 0.0210457, 0.29011, -0.0210533, 0.00608666, -0.99976, 0.849414, 0.00119522, -0.999981, -0.00611317, 1.02043, 0, 0, 0, 1
-0.999773, -0.0013291, 0.0212668, 0.290102, -0.0212746, 0.00614398, -0.999755, 0.849427, 0.00119811, -0.99998, -0.00617086, 1.02042, 0, 0, 0, 1
-0.999768, -0.00133458, 0.0214891, 0.290094, -0.021497, 0.0062016, -0.99975, 0.84944, 0.00120098, -0.99998, -0.00622885, 1.0204, 0, 0, 0, 1
-0.999763, -0.0013401, 0.0217125, 0.290086, -0.0217205, 0.0062595, -0.999744, 0.849453, 0.00120385, -0.99998, -0.00628712, 1.02039, 0, 0, 0, 1
-0.999758, -0.00134565, 0.021937, 0.290078, -0.021945, 0.00631768, -0.999739, 0.849466, 0.00120671, -0.999979, -0.00634569, 1.02037, 0, 0, 0, 1
-0.999753, -0.00135123, 0.0221626, 0.290069, -0.0221708, 0.00637616, -0.999734, 0.84948, 0.00120956, -0.999979, -0.00640455, 1.02036, 0, 0, 0, 1
-0.999748, -0.00135684, 0.0223893, 0.290061, -0.0223976, 0.00643493, -0.999728, 0.849493, 0.0012124, -0.999978, -0.0064637, 1.02034, 0, 0, 0, 1
-0.999743, -0.00136248, 0.0226171, 0.290053, -0.0226255, 0.00649398, -0.999723, 0.849507, 0.00121523, -0.999978, -0.00652314, 1.02033, 0, 0, 0, 1
-0.999738, -0.00136815, 0.0228461, 0.290045, -0.0228546, 0.00655333, -0.999717, 0.84952, 0.00121805, -0.999978, -0.00658288, 1.02031, 0, 0, 0, 1
-0.999733, -0.00137385, 0.0230761, 0.290036, -0.0230847, 0.00661296, -0.999712, 0.849534, 0.00122085, -0.999977, -0.0066429, 1.0203, 0, 0, 0, 1
-0.999727, -0.00137958, 0.0233073, 0.290028, -0.023316, 0.00667288, -0.999706, 0.849547, 0.00122365, -0.999977, -0.00670322, 1.02029, 0, 0, 0, 1
-0.999722, -0.00138534, 0.0235396, 0.290019, -0.0235484, 0.00673309, -0.9997, 0.849561, 0.00122643, -0.999976, -0.00676384, 1.02027, 0, 0, 0, 1
-0.999716, -0.00139114, 0.023773, 0.290011, -0.0237819, 0.00679358, -0.999694, 0.849575, 0.00122921, -0.999976, -0.00682474, 1.02026, 0, 0, 0, 1
-0.999711, -0.00139696, 0.0240075, 0.290002, -0.0240166, 0.00685437, -0.999688, 0.849589, 0.00123197, -0.999976, -0.00688594, 1.02024, 0, 0, 0, 1
-0.999705, -0.00140281, 0.0242431, 0.289994, -0.0242523, 0.00691544, -0.999682, 0.849603, 0.00123471, -0.999975, -0.00694742, 1.02023, 0, 0, 0, 1
-0.999699, -0.0014087, 0.0244799, 0.289985, -0.0244891, 0.0069768, -0.999676, 0.849617, 0.00123745, -0.999975, -0.0070092, 1.02021, 0, 0, 0, 1
-0.999693, -0.00141461, 0.0247177, 0.289976, -0.0247271, 0.00703845, -0.999669, 0.849631, 0.00124017, -0.999974, -0.00707128, 1.02019, 0, 0, 0, 1
-0.999688, -0.00142056, 0.0249567, 0.289968, -0.0249662, 0.00710039, -0.999663, 0.849645, 0.00124287, -0.999974, -0.00713364, 1.02018, 0, 0, 0, 1
-0.999681, -0.00142653, 0.0251968, 0.289959, -0.0252064, 0.00716262, -0.999657, 0.849659, 0.00124557, -0.999973, -0.0071963, 1.02016, 0, 0, 0, 1
-0.999675, -0.00143254, 0.025438, 0.28995, -0.0254477, 0.00722514, -0.99965, 0.849673, 0.00124824, -0.999973, -0.00725925, 1.02015, 0, 0, 0, 1
-0.999669, -0.00143858, 0.0256803, 0.289941, -0.0256901, 0.00728794, -0.999643, 0.849687, 0.00125091, -0.999972, -0.00732249, 1.02013, 0, 0, 0, 1
-0.999663, -0.00144465, 0.0259237, 0.289933, -0.0259336, 0.00735103, -0.999637, 0.849702, 0.00125355, -0.999972, -0.00738602, 1.02012, 0, 0, 0, 1
-0.999657, -0.00145074, 0.0261682, 0.289924, -0.0261783, 0.00741442, -0.99963, 0.849716, 0.00125619, -0.999971, -0.00744985, 1.0201, 0, 0, 0, 1
-0.99965, -0.00145688, 0.0264138, 0.289915, -0.026424, 0.00747809, -0.999623, 0.849731, 0.0012588, -0.999971, -0.00751397, 1.02009, 0, 0, 0, 1
-0.999643, -0.00146304, 0.0266606, 0.289906, -0.0266709, 0.00754204, -0.999616, 0.849745, 0.0012614, -0.99997, -0.00757838, 1.02007, 0, 0, 0, 1
-0.999637, -0.00146923, 0.0269084, 0.289897, -0.0269189, 0.00760629, -0.999609, 0.84976, 0.00126398, -0.99997, -0.00764308, 1.02005, 0, 0, 0, 1
-0.99963, -0.00147545, 0.0271574, 0.289888, -0.027168, 0.00767083, -0.999601, 0.849775, 0.00126655, -0.999969, -0.00770807, 1.02004, 0, 0, 0, 1
-0.999623, -0.00148171, 0.0274075, 0.289878, -0.0274182, 0.00773565, -0.999594, 0.849789, 0.00126909, -0.999969, -0.00777336, 1.02002, 0, 0, 0, 1
-0.999616, -0.00148799, 0.0276587, 0.289869, -0.0276695, 0.00780076, -0.999587, 0.849804, 0.00127162, -0.999968, -0.00783894, 1.02001, 0, 0, 0, 1
-0.999609, -0.00149431, 0.027911, 0.28986, -0.0279219, 0.00786616, -0.999579, 0.849819, 0.00127413, -0.999968, -0.00790481, 1.01999, 0, 0, 0, 1
-0.999602, -0.00150066, 0.0281644, 0.289851, -0.0281755, 0.00793185, -0.999572, 0.849834, 0.00127662, -0.999967, -0.00797098, 1.01997, 0, 0, 0, 1
-0.999595, -0.00150704, 0.028419, 0.289842, -0.0284302, 0.00799783, -0.999564, 0.849849, 0.00127909, -0.999967, -0.00803743, 1.01996, 0, 0, 0, 1
-0.999588, -0.00151345, 0.0286746, 0.289832, -0.0286859, 0.00806409, -0.999556, 0.849864, 0.00128155, -0.999966, -0.00810418, 1.01994, 0, 0, 0, 1
-0.99958, -0.0015199, 0.0289314, 0.289823, -0.0289428, 0.00813065, -0.999548, 0.849879, 0.00128398, -0.999966, -0.00817122, 1.01992, 0, 0, 0, 1
-0.999573, -0.00152637, 0.0291893, 0.289813, -0.0292008, 0.00819749, -0.99954, 0.849895, 0.00128639, -0.999965, -0.00823856, 1.01991, 0, 0, 0, 1
-0.999565, -0.00153288, 0.0294482, 0.289804, -0.0294599, 0.00826462, -0.999532, 0.84991, 0.00128878, -0.999965, -0.00830618, 1.01989, 0, 0, 0, 1
-0.999557, -0.00153941, 0.0297083, 0.289795, -0.0297202, 0.00833204, -0.999524, 0.849925, 0.00129115, -0.999964, -0.0083741, 1.01988, 0, 0, 0, 1
-0.99955, -0.00154598, 0.0299695, 0.289785, -0.0299815, 0.00839974, -0.999515, 0.849941, 0.0012935, -0.999964, -0.00844231, 1.01986, 0, 0, 0, 1
-0.999542, -0.00155258, 0.0302319, 0.289775, -0.030244, 0.00846774, -0.999507, 0.849956, 0.00129582, -0.999963, -0.00851081, 1.01984, 0, 0, 0, 1
-0.999534, -0.00155922, 0.0304953, 0.289766, -0.0305075, 0.00853602, -0.999498, 0.849972, 0.00129813, -0.999962, -0.00857961, 1.01982, 0, 0, 0, 1
-0.999526, -0.00156588, 0.0307598, 0.289756, -0.0307722, 0.00860459, -0.999489, 0.849987, 0.00130041, -0.999962, -0.0086487, 1.01981, 0, 0, 0, 1
-0.999517, -0.00157258, 0.0310255, 0.289746, -0.031038, 0.00867345, -0.999481, 0.850003, 0.00130266, -0.999961, -0.00871808, 1.01979, 0, 0, 0, 1
-0.999509, -0.00157931, 0.0312923, 0.289737, -0.0313049, 0.0087426, -0.999472, 0.850019, 0.0013049, -0.999961, -0.00878775, 1.01977, 0, 0, 0, 1
-0.999501, -0.00158607, 0.0315601, 0.289727, -0.0315729, 0.00881204, -0.999463, 0.850034, 0.0013071, -0.99996, -0.00885772, 1.01976, 0, 0, 0, 1
-0.999492, -0.00159286, 0.0318291, 0.289717, -0.0318421, 0.00888177, -0.999453, 0.85005, 0.00130929, -0.999959, -0.00892797, 1.01974, 0, 0, 0, 1
-0.999483, -0.00159968, 0.0320992, 0.289707, -0.0321123, 0.00895178, -0.999444, 0.850066, 0.00131145, -0.999959, -0.00899852, 1.01972, 0, 0, 0, 1
-0.999475, -0.00160654, 0.0323704, 0.289697, -0.0323837, 0.00902208, -0.999435, 0.850082, 0.00131358, -0.999958, -0.00906937, 1.0197, 0, 0, 0, 1
-0.999466, -0.00161343, 0.0326428, 0.289687, -0.0326561, 0.00909267, -0.999425, 0.850098, 0.00131569, -0.999957, -0.0091405, 1.01969, 0, 0, 0, 1
-0.999457, -0.00162035, 0.0329162, 0.289677, -0.0329297, 0.00916355, -0.999416, 0.850115, 0.00131777, -0.999957, -0.00921193, 1.01967, 0, 0, 0, 1
-0.999448, -0.0016273, 0.0331907, 0.289667, -0.0332044, 0.00923472, -0.999406, 0.850131, 0.00131982, -0.999956, -0.00928365, 1.01965, 0, 0, 0, 1
-0.999439, -0.00163428, 0.0334664, 0.289657, -0.0334802, 0.00930617, -0.999396, 0.850147, 0.00132185, -0.999955, -0.00935566, 1.01963, 0, 0, 0, 1
-0.999429, -0.0016413, 0.0337432, 0.289647, -0.0337571, 0.00937792, -0.999386, 0.850163, 0.00132385, -0.999955, -0.00942797, 1.01962, 0, 0, 0, 1
-0.99942, -0.00164835, 0.034021, 0.289637, -0.0340351, 0.00944995, -0.999376, 0.85018, 0.00132582, -0.999954, -0.00950057, 1.0196, 0, 0, 0, 1
-0.99941, -0.00165543, 0.0343, 0.289627, -0.0343143, 0.00952227, -0.999366, 0.850196, 0.00132777, -0.999953, -0.00957346, 1.01958, 0, 0, 0, 1
-0.999401, -0.00166254, 0.0345801, 0.289617, -0.0345945, 0.00959487, -0.999355, 0.850213, 0.00132968, -0.999953, -0.00964664, 1.01956, 0, 0, 0, 1
-0.999391, -0.00166969, 0.0348614, 0.289606, -0.0348759, 0.00966777, -0.999345, 0.850229, 0.00133157, -0.999952, -0.00972011, 1.01955, 0, 0, 0, 1
-0.999381, -0.00167687, 0.0351437, 0.289596, -0.0351584, 0.00974096, -0.999334, 0.850246, 0.00133342, -0.999951, -0.00979388, 1.01953, 0, 0, 0, 1
-0.999371, -0.00168408, 0.0354271, 0.289586, -0.035442, 0.00981443, -0.999324, 0.850263, 0.00133525, -0.99995, -0.00986794, 1.01951, 0, 0, 0, 1
-0.999361, -0.00169133, 0.0357117, 0.289575, -0.0357267, 0.00988819, -0.999313, 0.85028, 0.00133704, -0.99995, -0.00994229, 1.01949, 0, 0, 0, 1
-0.99935, -0.0016986, 0.0359973, 0.289565, -0.0360125, 0.00996224, -0.999302, 0.850296, 0.0013388, -0.999949, -0.0100169, 1.01947, 0, 0, 0, 1
-0.99934, -0.00170591, 0.0362841, 0.289554, -0.0362994, 0.0100366, -0.999291, 0.850313, 0.00134054, -0.999948, -0.0100919, 1.01945, 0, 0, 0, 1
-0.99933, -0.00171326, 0.0365719, 0.289544, -0.0365874, 0.0101112, -0.999279, 0.85033, 0.00134223, -0.999947, -0.0101671, 1.01944, 0, 0, 0, 1
-0.999319, -0.00172063, 0.0368609, 0.289533, -0.0368766, 0.0101861, -0.999268, 0.850347, 0.0013439, -0.999947, -0.0102426, 1.01942, 0, 0, 0, 1
-0.999308, -0.00172804, 0.037151, 0.289523, -0.0371669, 0.0102613, -0.999256, 0.850364, 0.00134554, -0.999946, -0.0103184, 1.0194, 0, 0, 0, 1
-0.999297, -0.00173548, 0.0374422, 0.289512, -0.0374582, 0.0103368, -0.999245, 0.850382, 0.00134714, -0.999945, -0.0103946, 1.01938, 0, 0, 0, 1
-0.999286, -0.00174296, 0.0377346, 0.289501, -0.0377507, 0.0104126, -0.999233, 0.850399, 0.0013487, -0.999944, -0.010471, 1.01936, 0, 0, 0, 1
-0.999275, -0.00175046, 0.038028, 0.289491, -0.0380443, 0.0104887, -0.999221, 0.850416, 0.00135024, -0.999943, -0.0105476, 1.01934, 0, 0, 0, 1
-0.999264, -0.001758, 0.0383225, 0.28948, -0.038339, 0.010565, -0.999209, 0.850434, 0.00135173, -0.999943, -0.0106246, 1.01932, 0, 0, 0, 1
-0.999252, -0.00176558, 0.0386182, 0.289469, -0.0386348, 0.0106417, -0.999197, 0.850451, 0.0013532, -0.999942, -0.0107019, 1.01931, 0, 0, 0, 1
-0.999241, -0.00177318, 0.0389149, 0.289458, -0.0389318, 0.0107186, -0.999184, 0.850469, 0.00135462, -0.999941, -0.0107795, 1.01929, 0, 0, 0, 1
-0.999229, -0.00178082, 0.0392128, 0.289447, -0.0392298, 0.0107958, -0.999172, 0.850486, 0.00135602, -0.99994, -0.0108573, 1.01927, 0, 0, 0, 1
-0.999218, -0.0017885, 0.0395118, 0.289436, -0.0395289, 0.0108733, -0.999159, 0.850504, 0.00135737, -0.999939, -0.0109355, 1.01925, 0, 0, 0, 1
-0.999206, -0.0017962, 0.0398119, 0.289425, -0.0398292, 0.0109511, -0.999146, 0.850522, 0.00135869, -0.999938, -0.0110139, 1.01923, 0, 0, 0, 1
-0.999194, -0.00180394, 0.0401131, 0.289414, -0.0401306, 0.0110292, -0.999134, 0.850539, 0.00135997, -0.999938, -0.0110927, 1.01921, 0, 0, 0, 1
-0.999181, -0.00181172, 0.0404154, 0.289403, -0.0404331, 0.0111076, -0.999121, 0.850557, 0.00136121, -0.999937, -0.0111717, 1.01919, 0, 0, 0, 1
-0.999169, -0.00181952, 0.0407188, 0.289392, -0.0407367, 0.0111862, -0.999107, 0.850575, 0.00136241, -0.999936, -0.011251, 1.01917, 0, 0, 0, 1
-0.999157, -0.00182737, 0.0410233, 0.289381, -0.0410414, 0.0112652, -0.999094, 0.850593, 0.00136358, -0.999935, -0.0113307, 1.01915, 0, 0, 0, 1
-0.999144, -0.00183524, 0.041329, 0.28937, -0.0413472, 0.0113444, -0.99908, 0.850611, 0.0013647, -0.999934, -0.0114106, 1.01913, 0, 0, 0, 1
