-0.999999, -0.000797434, -0.000797196, 0.290901, 0.000796858, 0.000424669, -1, 0.848124, 0.000797772, -1, -0.000424033, 1.02183, 0, 0, 0, 1
-0.999999, -0.000797366, -0.000796616, 0.290901, 0.000796278, 0.000425059, -1, 0.848124, 0.000797704, -1, -0.000424424, 1.02183, 0, 0, 0, 1
-0.999999, -0.000797161, -0.000794877, 0.290901, 0.000794538, 0.00042623, -1, 0.848125, 0.000797499, -1, -0.000425597, 1.02183, 0, 0, 0, 1
-0.999999, -0.000796818, -0.000791979, 0.290901, 0.000791638, 0.000428182, -1, 0.848125, 0.000797157, -1, -0.000427551, 1.02183, 0, 0, 0, 1
-0.999999, -0.000796339, -0.000787921, 0.290901, 0.000787578, 0.000430915, -1, 0.848125, 0.000796679, -1, -0.000430288, 1.02183, 0, 0, 0, 1
-0.999999, -0.000795724, -0.000782703, 0.290901, 0.000782358, 0.000434428, -1, 0.848126, 0.000796063, -1, -0.000433806, 1.02183, 0, 0, 0, 1
-0.999999, -0.000794971, -0.000776326, 0.290901, 0.000775978, 0.000438723, -1, 0.848127, 0.000795311, -1, -0.000438106, 1.02183, 0, 0, 0, 1
-0.999999, -0.000794081, -0.00076879, 0.290901, 0.000768438, 0.000443798, -1, 0.848128, 0.000794422, -1, -0.000443187, 1.02183, 0, 0, 0, 1
-0.999999, -0.000793055, -0.000760094, 0.290901, 0.000759738, 0.000449654, -1, 0.848129, 0.000793397, -1, -0.000449051, 1.02183, 0, 0, 0, 1
-0.999999, -0.000791892, -0.000750239, 0.2909, 0.000749878, 0.00045629, -1, 0.84813, 0.000792234, -1, -0.000455696, 1.02183, 0, 0, 0, 1
-0.999999, -0.000790592, -0.000739225, 0.2909, 0.000738858, 0.000463708, -1, 0.848132, 0.000790934, -1, -0.000463123, 1.02183, 0, 0, 0, 1
-0.999999, -0.000789155, -0.000727051, 0.2909, 0.000726678, 0.000471906, -1, 0.848133, 0.000789498, -1, -0.000471332, 1.02183, 0, 0, 0, 1
-0.999999, -0.000787581, -0.000713717, 0.2909, 0.000713339, 0.000480885, -1, 0.848135, 0.000787924, -1, -0.000480323, 1.02183, 0, 0, 0, 1
-0.999999, -0.000785871, -0.000699224, 0.2909, 0.000698839, 0.000490644, -1, 0.848137, 0.000786214, -1, -0.000490095, 1.02182, 0, 0, 0, 1
-0.999999, -0.000784024, -0.000683572, 0.290899, 0.000683179, 0.000501185, -1, 0.848139, 0.000784366, -1, -0.000500649, 1.02182, 0, 0, 0, 1
-0.999999, -0.00078204, -0.00066676, 0.290899, 0.00066636, 0.000512506, -1, 0.848141, 0.000782381, -1, -0.000511985, 1.02182, 0, 0, 0, 1
-0.999999, -0.000779919, -0.000648789, 0.290899, 0.00064838, 0.000524608, -1, 0.848143, 0.000780259, -1, -0.000524102, 1.02182, 0, 0, 0, 1
-0.999999, -0.000777662, -0.000629659, 0.290899, 0.000629241, 0.000537491, -1, 0.848146, 0.000778, -1, -0.000537001, 1.02182, 0, 0, 0, 1
-1, -0.000775267, -0.000609369, 0.290898, 0.000608941, 0.000551155, -1, 0.848149, 0.000775603, -1, -0.000550682, 1.02182, 0, 0, 0, 1
-1, -0.000772736, -0.000587919, 0.290898, 0.000587482, 0.000565599, -1, 0.848151, 0.000773069, -1, -0.000565145, 1.02181, 0, 0, 0, 1
-1, -0.000770069, -0.00056531, 0.290898, 0.000564863, 0.000580824, -1, 0.848154, 0.000770397, -1, -0.000580389, 1.02181, 0, 0, 0, 1
-1, -0.000767264, -0.000541542, 0.290898, 0.000541084, 0.00059683, -1, 0.848157, 0.000767587, -1, -0.000596415, 1.02181, 0, 0, 0, 1
-1, -0.000764323, -0.000516614, 0.290897, 0.000516145, 0.000613617, -1, 0.848161, 0.00076464, -1, -0.000613223, 1.02181, 0, 0, 0, 1
-1, -0.000761245, -0.000490527, 0.290897, 0.000490047, 0.000631185, -1, 0.848164, 0.000761555, -1, -0.000630812, 1.0218, 0, 0, 0, 1
-1, -0.000758031, -0.000463281, 0.290897, 0.000462788, 0.000649533, -1, 0.848167, 0.000758331, -1, -0.000649182, 1.0218, 0, 0, 0, 1
-1, -0.00075468, -0.000434875, 0.290896, 0.00043437, 0.000668663, -1, 0.848171, 0.00075497, -0.999999, -0.000668335, 1.0218, 0, 0, 0, 1
-1, -0.000751192, -0.000405309, 0.290896, 0.000404792, 0.000688573, -1, 0.848175, 0.000751471, -0.999999, -0.000688268, 1.0218, 0, 0, 0, 1
-1, -0.000747568, -0.000374584, 0.290895, 0.000374054, 0.000709264, -1, 0.848179, 0.000747833, -0.999999, -0.000708984, 1.02179, 0, 0, 0, 1
-1, -0.000743807, -0.0003427, 0.290895, 0.000342156, 0.000730735, -1, 0.848183, 0.000744057, -0.999999, -0.000730481, 1.02179, 0, 0, 0, 1
-1, -0.000739909, -0.000309656, 0.290894, 0.000309099, 0.000752988, -1, 0.848187, 0.000740142, -0.999999, -0.000752759, 1.02179, 0, 0, 0, 1
-1, -0.000735875, -0.000275453, 0.290894, 0.000274882, 0.000776021, -1, 0.848192, 0.000736089, -0.999999, -0.000775819, 1.02178, 0, 0, 0, 1
-1, -0.000731705, -0.000240091, 0.290894, 0.000239505, 0.000799836, -1, 0.848196, 0.000731897, -0.999999, -0.00079966, 1.02178, 0, 0, 0, 1
-1, -0.000727398, -0.000203568, 0.290893, 0.000202969, 0.000824431, -1, 0.848201, 0.000727566, -0.999999, -0.000824283, 1.02178, 0, 0, 0, 1
-1, -0.000722955, -0.000165887, 0.290893, 0.000165273, 0.000849806, -1, 0.848206, 0.000723095, -0.999999, -0.000849687, 1.02177, 0, 0, 0, 1
-1, -0.000718375, -0.000127046, 0.290892, 0.000126417, 0.000875963, -1, 0.848211, 0.000718486, -0.999999, -0.000875872, 1.02177, 0, 0, 0, 1
-1, -0.000713658, -8.70459e-05, 0.290891, 8.64015e-05, 0.000902901, -1, 0.848216, 0.000713737, -0.999999, -0.000902839, 1.02177, 0, 0, 0, 1
-1, -0.000708806, -4.58861e-05, 0.290891, 4.52265e-05, 0.000930619, -1, 0.848221, 0.000708848, -0.999999, -0.000930587, 1.02176, 0, 0, 0, 1
-1, -0.000703816, -3.56696e-06, 0.29089, 2.89192e-06, 0.000959118, -1, 0.848227, 0.00070382, -0.999999, -0.000959116, 1.02176, 0, 0, 0, 1
-1, -0.000698691, 3.99116e-05, 0.29089, -4.06022e-05, 0.000988399, -1, 0.848233, 0.000698651, -0.999999, -0.000988427, 1.02175, 0, 0, 0, 1
-1, -0.000693429, 8.45497e-05, 0.290889, -8.52559e-05, 0.00101846, -0.999999, 0.848238, 0.000693343, -0.999999, -0.00101852, 1.02175, 0, 0, 0, 1
-1, -0.000688031, 0.000130347, 0.290888, -0.000131069, 0.0010493, -0.999999, 0.848244, 0.000687894, -0.999999, -0.00104939, 1.02174, 0, 0, 0, 1
-1, -0.000682497, 0.000177304, 0.290888, -0.000178042, 0.00108092, -0.999999, 0.84825, 0.000682305, -0.999999, -0.00108105, 1.02174, 0, 0, 0, 1
-1, -0.000676826, 0.00022542, 0.290887, -0.000226174, 0.00111333, -0.999999, 0.848257, 0.000676575, -0.999999, -0.00111348, 1.02173, 0, 0, 0, 1
-1, -0.00067102, 0.000274696, 0.290887, -0.000275465, 0.00114651, -0.999999, 0.848263, 0.000670704, -0.999999, -0.0011467, 1.02173, 0, 0, 0, 1
-1, -0.000665077, 0.000325131, 0.290886, -0.000325916, 0.00118048, -0.999999, 0.84827, 0.000664693, -0.999999, -0.00118069, 1.02173, 0, 0, 0, 1
-1, -0.000658998, 0.000376726, 0.290885, -0.000377526, 0.00121522, -0.999999, 0.848276, 0.00065854, -0.999999, -0.00121547, 1.02172, 0, 0, 0, 1
-1, -0.000652783, 0.00042948, 0.290884, -0.000430296, 0.00125075, -0.999999, 0.848283, 0.000652245, -0.999999, -0.00125103, 1.02171, 0, 0, 0, 1
-1, -0.000646432, 0.000483393, 0.290884, -0.000484225, 0.00128706, -0.999999, 0.84829, 0.000645809, -0.999999, -0.00128737, 1.02171, 0, 0, 0, 1
-1, -0.000639944, 0.000538466, 0.290883, -0.000539313, 0.00132415, -0.999999, 0.848297, 0.000639231, -0.999999, -0.00132449, 1.0217, 0, 0, 0, 1
-1, -0.000633321, 0.000594698, 0.290882, -0.000595561, 0.00136202, -0.999999, 0.848304, 0.000632511, -0.999999, -0.0013624, 1.0217, 0, 0, 0, 1
-1, -0.000626562, 0.00065209, 0.290881, -0.000652967, 0.00140067, -0.999999, 0.848312, 0.000625648, -0.999999, -0.00140108, 1.02169, 0, 0, 0, 1
-1, -0.000619667, 0.000710641, 0.290881, -0.000711533, 0.0014401, -0.999999, 0.848319, 0.000618643, -0.999999, -0.00144054, 1.02169, 0, 0, 0, 1
-1, -0.000612636, 0.000770352, 0.29088, -0.000771258, 0.00148031, -0.999999, 0.848327, 0.000611495, -0.999999, -0.00148079, 1.02168, 0, 0, 0, 1
-0.999999, -0.000605469, 0.000831222, 0.290879, -0.000832142, 0.00152131, -0.999998, 0.848335, 0.000604204, -0.999999, -0.00152181, 1.02168, 0, 0, 0, 1
-0.999999, -0.000598167, 0.000893251, 0.290878, -0.000894186, 0.00156308, -0.999998, 0.848343, 0.00059677, -0.999999, -0.00156362, 1.02167, 0, 0, 0, 1
-0.999999, -0.000590728, 0.00095644, 0.290877, -0.000957388, 0.00160564, -0.999998, 0.848351, 0.000589192, -0.999999, -0.0016062, 1.02166, 0, 0, 0, 1
-0.999999, -0.000583154, 0.00102079, 0.290876, -0.00102175, 0.00164897, -0.999998, 0.84836, 0.00058147, -0.999998, -0.00164957, 1.02166, 0, 0, 0, 1
-0.999999, -0.000575445, 0.0010863, 0.290876, -0.00108727, 0.00169309, -0.999998, 0.848368, 0.000573604, -0.999998, -0.00169372, 1.02165, 0, 0, 0, 1
-0.999999, -0.000567599, 0.00115296, 0.290875, -0.00115395, 0.00173799, -0.999998, 0.848377, 0.000565594, -0.999998, -0.00173864, 1.02164, 0, 0, 0, 1
-0.999999, -0.000559618, 0.00122079, 0.290874, -0.00122179, 0.00178367, -0.999998, 0.848386, 0.000557439, -0.999998, -0.00178435, 1.02164, 0, 0, 0, 1
-0.999999, -0.000551502, 0.00128978, 0.290873, -0.00129078, 0.00183013, -0.999997, 0.848394, 0.00054914, -0.999998, -0.00183084, 1.02163, 0, 0, 0, 1
-0.999999, -0.00054325, 0.00135992, 0.290872, -0.00136094, 0.00187737, -0.999997, 0.848404, 0.000540695, -0.999998, -0.00187811, 1.02162, 0, 0, 0, 1
-0.999999, -0.000534862, 0.00143123, 0.290871, -0.00143225, 0.0019254, -0.999997, 0.848413, 0.000532105, -0.999998, -0.00192616, 1.02162, 0, 0, 0, 1
-0.999999, -0.000526339, 0.00150369, 0.29087, -0.00150473, 0.0019742, -0.999997, 0.848422, 0.000523369, -0.999998, -0.00197499, 1.02161, 0, 0, 0, 1
-0.999999, -0.000517681, 0.00157731, 0.290869, -0.00157836, 0.00202378, -0.999997, 0.848432, 0.000514487, -0.999998, -0.0020246, 1.0216, 0, 0, 0, 1
-0.999999, -0.000508887, 0.0016521, 0.290868, -0.00165315, 0.00207415, -0.999996, 0.848441, 0.000505459, -0.999998, -0.00207499, 1.0216, 0, 0, 0, 1
-0.999998, -0.000499958, 0.00172804, 0.290867, -0.0017291, 0.0021253, -0.999996, 0.848451, 0.000496284, -0.999998, -0.00212616, 1.02159, 0, 0, 0, 1
-0.999998, -0.000490894, 0.00180514, 0.290866, -0.00180621, 0.00217722, -0.999996, 0.848461, 0.000486962, -0.999998, -0.00217811, 1.02158, 0, 0, 0, 1
-0.999998, -0.000481695, 0.0018834, 0.290865, -0.00188447, 0.00222993, -0.999996, 0.848471, 0.000477493, -0.999997, -0.00223084, 1.02157, 0, 0, 0, 1
-0.999998, -0.00047236, 0.00196282, 0.290864, -0.0019639, 0.00228342, -0.999995, 0.848482, 0.000467876, -0.999997, -0.00228435, 1.02157, 0, 0, 0, 1
-0.999998, -0.000462891, 0.0020434, 0.290863, -0.00204448, 0.00233769, -0.999995, 0.848492, 0.000458112, -0.999997, -0.00233863, 1.02156, 0, 0, 0, 1
-0.999998, -0.000453286, 0.00212514, 0.290861, -0.00212622, 0.00239275, -0.999995, 0.848503, 0.000448199, -0.999997, -0.0023937, 1.02155, 0, 0, 0, 1
-0.999997, -0.000443547, 0.00220804, 0.29086, -0.00220912, 0.00244858, -0.999995, 0.848513, 0.000438138, -0.999997, -0.00244955, 1.02154, 0, 0, 0, 1
-0.999997, -0.000433673, 0.0022921, 0.290859, -0.00229318, 0.00250519, -0.999994, 0.848524, 0.000427928, -0.999997, -0.00250618, 1.02153, 0, 0, 0, 1
-0.999997, -0.000423663, 0.00237732, 0.290858, -0.0023784, 0.00256259, -0.999994, 0.848535, 0.000417569, -0.999997, -0.00256359, 1.02153, 0, 0, 0, 1
-0.999997, -0.000413519, 0.0024637, 0.290857, -0.00246477, 0.00262076, -0.999994, 0.848547, 0.00040706, -0.999996, -0.00262178, 1.02152, 0, 0, 0, 1
-0.999997, -0.00040324, 0.00255123, 0.290856, -0.0025523, 0.00267972, -0.999993, 0.848558, 0.000396401, -0.999996, -0.00268074, 1.02151, 0, 0, 0, 1
-0.999996, -0.000392827, 0.00263993, 0.290854, -0.002641, 0.00273946, -0.999993, 0.848569, 0.000385592, -0.999996, -0.00274049, 1.0215, 0, 0, 0, 1
-0.999996, -0.000382279, 0.00272978, 0.290853, -0.00273084, 0.00279998, -0.999992, 0.848581, 0.000374632, -0.999996, -0.00280101, 1.02149, 0, 0, 0, 1
-0.999996, -0.000371596, 0.0028208, 0.290852, -0.00282185, 0.00286128, -0.999992, 0.848593, 0.000363522, -0.999996, -0.00286232, 1.02148, 0, 0, 0, 1
-0.999996, -0.000360779, 0.00291297, 0.290851, -0.00291402, 0.00292336, -0.999991, 0.848605, 0.00035226, -0.999996, -0.0029244, 1.02147, 0, 0, 0, 1
-0.999995, -0.000349827, 0.00300631, 0.290849, -0.00300734, 0.00298623, -0.999991, 0.848617, 0.000340846, -0.999995, -0.00298727, 1.02146, 0, 0, 0, 1
-0.999995, -0.000338741, 0.0031008, 0.290848, -0.00310182, 0.00304987, -0.999991, 0.848629, 0.00032928, -0.999995, -0.00305091, 1.02145, 0, 0, 0, 1
-0.999995, -0.00032752, 0.00319645, 0.290847, -0.00319746, 0.0031143, -0.99999, 0.848641, 0.000317562, -0.999995, -0.00311533, 1.02145, 0, 0, 0, 1
-0.999995, -0.000316165, 0.00329326, 0.290846, -0.00329425, 0.0031795, -0.99999, 0.848654, 0.000305691, -0.999995, -0.00318053, 1.02144, 0, 0, 0, 1
-0.999994, -0.000304676, 0.00339124, 0.290844, -0.00339221, 0.00324549, -0.999989, 0.848667, 0.000293667, -0.999995, -0.00324651, 1.02143, 0, 0, 0, 1
-0.999994, -0.000293053, 0.00349037, 0.290843, -0.00349132, 0.00331226, -0.999988, 0.84868, 0.000281489, -0.999994, -0.00331327, 1.02142, 0, 0, 0, 1
-0.999994, -0.000281296, 0.00359066, 0.290841, -0.00359159, 0.00337981, -0.999988, 0.848693, 0.000269157, -0.999994, -0.0033808, 1.02141, 0, 0, 0, 1
-0.999993, -0.000269405, 0.00369211, 0.29084, -0.00369301, 0.00344814, -0.999987, 0.848706, 0.00025667, -0.999994, -0.00344912, 1.0214, 0, 0, 0, 1
-0.999993, -0.00025738, 0.00379471, 0.290839, -0.0037956, 0.00351726, -0.999987, 0.848719, 0.000244029, -0.999994, -0.00351821, 1.02139, 0, 0, 0, 1
-0.999992, -0.00024522, 0.00389848, 0.290837, -0.00389934, 0.00358715, -0.999986, 0.848732, 0.000231233, -0.999994, -0.00358808, 1.02138, 0, 0, 0, 1
-0.999992, -0.000232928, 0.00400341, 0.290836, -0.00400423, 0.00365783, -0.999985, 0.848746, 0.00021828, -0.999993, -0.00365873, 1.02137, 0, 0, 0, 1
-0.999992, -0.000220501, 0.0041095, 0.290834, -0.00411029, 0.00372929, -0.999985, 0.84876, 0.000205172, -0.999993, -0.00373016, 1.02136, 0, 0, 0, 1
-0.999991, -0.00020794, 0.00421674, 0.290833, -0.0042175, 0.00380152, -0.999984, 0.848774, 0.000191907, -0.999993, -0.00380237, 1.02135, 0, 0, 0, 1
-0.999991, -0.000195246, 0.00432515, 0.290831, -0.00432587, 0.00387454, -0.999983, 0.848788, 0.000178485, -0.999992, -0.00387535, 1.02134, 0, 0, 0, 1
-0.99999, -0.000182419, 0.00443471, 0.29083, -0.0044354, 0.00394834, -0.999982, 0.848802, 0.000164906, -0.999992, -0.00394911, 1.02133, 0, 0, 0, 1
-0.99999, -0.000169458, 0.00454544, 0.290828, -0.00454608, 0.00402293, -0.999982, 0.848816, 0.000151169, -0.999992, -0.00402366, 1.02131, 0, 0, 0, 1
-0.999989, -0.000156363, 0.00465732, 0.290827, -0.00465792, 0.00409829, -0.999981, 0.848831, 0.000137273, -0.999992, -0.00409897, 1.0213, 0, 0, 0, 1
-0.999989, -0.000143136, 0.00477036, 0.290825, -0.00477092, 0.00417443, -0.99998, 0.848846, 0.000123219, -0.999991, -0.00417507, 1.02129, 0, 0, 0, 1
-0.999988, -0.000129774, 0.00488457, 0.290824, -0.00488507, 0.00425136, -0.999979, 0.84886, 0.000109006, -0.999991, -0.00425194, 1.02128, 0, 0, 0, 1
-0.999987, -0.00011628, 0.00499993, 0.290822, -0.00500038, 0.00432907, -0.999978, 0.848875, 9.46326e-05, -0.999991, -0.0043296, 1.02127, 0, 0, 0, 1
-0.999987, -0.000102653, 0.00511645, 0.290821, -0.00511685, 0.00440756, -0.999977, 0.84889, 8.00994e-05, -0.99999, -0.00440803, 1.02126, 0, 0, 0, 1
-0.999986, -8.88924e-05, 0.00523413, 0.290819, -0.00523447, 0.00448683, -0.999976, 0.848906, 6.54057e-05, -0.99999, -0.00448723, 1.02125, 0, 0, 0, 1
-0.999986, -7.4999e-05, 0.00535297, 0.290817, -0.00535326, 0.00456688, -0.999975, 0.848921, 5.05508e-05, -0.99999, -0.00456722, 1.02124, 0, 0, 0, 1
-0.999985, -6.09727e-05, 0.00547297, 0.290816, -0.00547319, 0.00464771, -0.999974, 0.848937, 3.55344e-05, -0.999989, -0.00464798, 1.02122, 0, 0, 0, 1
-0.999984, -4.68137e-05, 0.00559413, 0.290814, -0.00559428, 0.00472933, -0.999973, 0.848952, 2.03559e-05, -0.999989, -0.00472952, 1.02121, 0, 0, 0, 1
-0.999984, -3.25218e-05, 0.00571644, 0.290812, -0.00571653, 0.00481172, -0.999972, 0.848968, 5.01498e-06, -0.999988, -0.00481183, 1.0212, 0, 0, 0, 1
-0.999983, -1.80974e-05, 0.00583992, 0.290811, -0.00583994, 0.0048949, -0.999971, 0.848984, -1.0489e-05, -0.999988, -0.00489492, 1.02119, 0, 0, 0, 1
-0.999982, -3.5403e-06, 0.00596456, 0.290809, -0.0059645, 0.00497886, -0.99997, 0.849, -2.61565e-05, -0.999988, -0.00497879, 1.02118, 0, 0, 0, 1
-0.999981, 1.11493e-05, 0.00609035, 0.290807, -0.00609022, 0.0050636, -0.999969, 0.849017, -4.1988e-05, -0.999987, -0.00506344, 1.02116, 0, 0, 0, 1
-0.999981, 2.59712e-05, 0.00621731, 0.290805, -0.00621709, 0.00514912, -0.999967, 0.849033, -5.79841e-05, -0.999987, -0.00514886, 1.02115, 0, 0, 0, 1
-0.99998, 4.09255e-05, 0.00634542, 0.290804, -0.00634512, 0.00523543, -0.999966, 0.84905, -7.41451e-05, -0.999986, -0.00523506, 1.02114, 0, 0, 0, 1
-0.999979, 5.60121e-05, 0.00647469, 0.290802, -0.0064743, 0.00532251, -0.999965, 0.849067, -9.04718e-05, -0.999986, -0.00532204, 1.02113, 0, 0, 0, 1
-0.999978, 7.12308e-05, 0.00660513, 0.2908, -0.00660464, 0.00541038, -0.999964, 0.849084, -0.000106964, -0.999985, -0.00540979, 1.02111, 0, 0, 0, 1
-0.999977, 8.65816e-05, 0.00673672, 0.290798, -0.00673614, 0.00549903, -0.999962, 0.849101, -0.000123624, -0.999985, -0.00549832, 1.0211, 0, 0, 0, 1
-0.999976, 0.000102064, 0.00686947, 0.290797, -0.00686879, 0.00558846, -0.999961, 0.849118, -0.00014045, -0.999984, -0.00558763, 1.02109, 0, 0, 0, 1
-0.999975, 0.000117679, 0.00700338, 0.290795, -0.0070026, 0.00567867, -0.999959, 0.849135, -0.000157444, -0.999984, -0.00567771, 1.02108, 0, 0, 0, 1
-0.999975, 0.000133426, 0.00713845, 0.290793, -0.00713756, 0.00576966, -0.999958, 0.849153, -0.000174606, -0.999983, -0.00576856, 1.02106, 0, 0, 0, 1
-0.999974, 0.000149304, 0.00727468, 0.290791, -0.00727368, 0.00586144, -0.999956, 0.84917, -0.000191938, -0.999983, -0.0058602, 1.02105, 0, 0, 0, 1
-0.999973, 0.000165314, 0.00741207, 0.290789, -0.00741095, 0.00595399, -0.999955, 0.849188, -0.000209438, -0.999982, -0.0059526, 1.02104, 0, 0, 0, 1
-0.999971, 0.000181455, 0.00755061, 0.290787, -0.00754938, 0.00604733, -0.999953, 0.849206, -0.000227108, -0.999982, -0.00604579, 1.02102, 0, 0, 0, 1
-0.99997, 0.000197728, 0.00769032, 0.290785, -0.00768896, 0.00614145, -0.999952, 0.849224, -0.000244948, -0.999981, -0.00613975, 1.02101, 0, 0, 0, 1
-0.999969, 0.000214133, 0.00783119, 0.290783, -0.0078297, 0.00623635, -0.99995, 0.849243, -0.00026296, -0.999981, -0.00623448, 1.021, 0, 0, 0, 1
-0.999968, 0.000230668, 0.00797321, 0.290781, -0.00797159, 0.00633203, -0.999948, 0.849261, -0.000281143, -0.99998, -0.00632999, 1.02098, 0, 0, 0, 1
-0.999967, 0.000247335, 0.00811639, 0.290779, -0.00811464, 0.0064285, -0.999946, 0.84928, -0.000299498, -0.999979, -0.00642628, 1.02097, 0, 0, 0, 1
-0.999966, 0.000264133, 0.00826074, 0.290777, -0.00825884, 0.00652575, -0.999945, 0.849298, -0.000318026, -0.999979, -0.00652334, 1.02095, 0, 0, 0, 1
-0.999965, 0.000281062, 0.00840624, 0.290775, -0.0084042, 0.00662377, -0.999943, 0.849317, -0.000336727, -0.999978, -0.00662118, 1.02094, 0, 0, 0, 1
-0.999963, 0.000298122, 0.0085529, 0.290773, -0.00855071, 0.00672258, -0.999941, 0.849336, -0.000355602, -0.999977, -0.00671979, 1.02093, 0, 0, 0, 1
-0.999962, 0.000315313, 0.00870072, 0.290771, -0.00869837, 0.00682217, -0.999939, 0.849356, -0.000374651, -0.999977, -0.00681917, 1.02091, 0, 0, 0, 1
-0.999961, 0.000332634, 0.0088497, 0.290769, -0.00884719, 0.00692255, -0.999937, 0.849375, -0.000393876, -0.999976, -0.00691933, 1.0209, 0, 0, 0, 1
-0.999959, 0.000350086, 0.00899984, 0.290767, -0.00899716, 0.0070237, -0.999935, 0.849394, -0.000413276, -0.999975, -0.00702027, 1.02088, 0, 0, 0, 1
-0.999958, 0.000367669, 0.00915114, 0.290765, -0.00914829, 0.00712564, -0.999933, 0.849414, -0.000432852, -0.999975, -0.00712198, 1.02087, 0, 0, 0, 1
-0.999957, 0.000385382, 0.0093036, 0.290763, -0.00930057, 0.00722836, -0.999931, 0.849434, -0.000452605, -0.999974, -0.00722446, 1.02085, 0, 0, 0, 1
-0.999955, 0.000403225, 0.00945721, 0.290761, -0.009454, 0.00733186, -0.999928, 0.849454, -0.000472536, -0.999973, -0.00732772, 1.02084, 0, 0, 0, 1
-0.999954, 0.000421199, 0.00961199, 0.290759, -0.00960859, 0.00743614, -0.999926, 0.849474, -0.000492644, -0.999972, -0.00743175, 1.02082, 0, 0, 0, 1
-0.999952, 0.000439303, 0.00976792, 0.290756, -0.00976434, 0.0075412, -0.999924, 0.849494, -0.000512931, -0.999971, -0.00753655, 1.02081, 0, 0, 0, 1
-0.999951, 0.000457537, 0.00992502, 0.290754, -0.00992123, 0.00764705, -0.999922, 0.849515, -0.000533398, -0.999971, -0.00764213, 1.02079, 0, 0, 0, 1
-0.999949, 0.000475901, 0.0100833, 0.290752, -0.0100793, 0.00775368, -0.999919, 0.849535, -0.000554045, -0.99997, -0.00774848, 1.02078, 0, 0, 0, 1
-0.999947, 0.000494394, 0.0102427, 0.29075, -0.0102385, 0.00786109, -0.999917, 0.849556, -0.000574872, -0.999969, -0.00785561, 1.02076, 0, 0, 0, 1
-0.999946, 0.000513018, 0.0104033, 0.290748, -0.0103988, 0.00796928, -0.999914, 0.849577, -0.00059588, -0.999968, -0.00796351, 1.02075, 0, 0, 0, 1
-0.999944, 0.000531771, 0.010565, 0.290745, -0.0105603, 0.00807825, -0.999912, 0.849598, -0.00061707, -0.999967, -0.00807218, 1.02073, 0, 0, 0, 1
-0.999942, 0.000550653, 0.0107279, 0.290743, -0.010723, 0.00818801, -0.999909, 0.849619, -0.000638443, -0.999966, -0.00818163, 1.02072, 0, 0, 0, 1
-0.999941, 0.000569665, 0.0108919, 0.290741, -0.0108868, 0.00829854, -0.999906, 0.84964, -0.000659999, -0.999965, -0.00829185, 1.0207, 0, 0, 0, 1
-0.999939, 0.000588806, 0.0110571, 0.290738, -0.0110518, 0.00840986, -0.999904, 0.849662, -0.000681739, -0.999964, -0.00840284, 1.02068, 0, 0, 0, 1
-0.999937, 0.000608077, 0.0112235, 0.290736, -0.0112179, 0.00852196, -0.999901, 0.849683, -0.000703663, -0.999964, -0.0085146, 1.02067, 0, 0, 0, 1
-0.999935, 0.000627477, 0.011391, 0.290734, -0.0113852, 0.00863485, -0.999898, 0.849705, -0.000725772, -0.999963, -0.00862714, 1.02065, 0, 0, 0, 1
-0.999933, 0.000647005, 0.0115597, 0.290731, -0.0115536, 0.00874851, -0.999895, 0.849727, -0.000748067, -0.999962, -0.00874045, 1.02064, 0, 0, 0, 1
-0.999931, 0.000666663, 0.0117295, 0.290729, -0.0117232, 0.00886296, -0.999892, 0.849749, -0.000770549, -0.999961, -0.00885453, 1.02062, 0, 0, 0, 1
-0.999929, 0.000686449, 0.0119005, 0.290727, -0.0118939, 0.00897819, -0.999889, 0.849771, -0.000793218, -0.999959, -0.00896938, 1.0206, 0, 0, 0, 1
-0.999927, 0.000706364, 0.0120727, 0.290724, -0.0120658, 0.0090942, -0.999886, 0.849794, -0.000816075, -0.999958, -0.00908501, 1.02059, 0, 0, 0, 1
-0.999925, 0.000726407, 0.012246, 0.290722, -0.0122388, 0.00921099, -0.999883, 0.849816, -0.00083912, -0.999957, -0.00920141, 1.02057, 0, 0, 0, 1
-0.999923, 0.000746579, 0.0124205, 0.290719, -0.012413, 0.00932856, -0.999879, 0.849839, -0.000862355, -0.999956, -0.00931858, 1.02055, 0, 0, 0, 1
-0.99992, 0.00076688, 0.0125961, 0.290717, -0.0125883, 0.00944692, -0.999876, 0.849862, -0.000885779, -0.999955, -0.00943652, 1.02054, 0, 0, 0, 1
-0.999918, 0.000787308, 0.0127729, 0.290715, -0.0127648, 0.00956606, -0.999873, 0.849885, -0.000909395, -0.999954, -0.00955523, 1.02052, 0, 0, 0, 1
-0.999916, 0.000807865, 0.0129509, 0.290712, -0.0129425, 0.00968598, -0.999869, 0.849908, -0.000933201, -0.999953, -0.00967471, 1.0205, 0, 0, 0, 1
-0.999913, 0.000828549, 0.01313, 0.29071, -0.0131213, 0.00980669, -0.999866, 0.849931, -0.0009572, -0.999952, -0.00979497, 1.02049, 0, 0, 0, 1
-0.999911, 0.000849362, 0.0133103, 0.290707, -0.0133012, 0.00992817, -0.999862, 0.849955, -0.000981392, -0.99995, -0.00991599, 1.02047, 0, 0, 0, 1
-0.999909, 0.000870302, 0.0134917, 0.290704, -0.0134823, 0.0100504, -0.999859, 0.849978, -0.00100578, -0.999949, -0.0100378, 1.02045, 0, 0, 0, 1
-0.999906, 0.00089137, 0.0136743, 0.290702, -0.0136645, 0.0101735, -0.999855, 0.850002, -0.00103036, -0.999948, -0.0101604, 1.02043, 0, 0, 0, 1
-0.999904, 0.000912565, 0.0138581, 0.290699, -0.0138479, 0.0102973, -0.999851, 0.850026, -0.00105513, -0.999947, -0.0102837, 1.02042, 0, 0, 0, 1
-0.999901, 0.000933888, 0.014043, 0.290697, -0.0140325, 0.0104219, -0.999847, 0.85005, -0.0010801, -0.999945, -0.0104078, 1.0204, 0, 0, 0, 1
-0.999898, 0.000955338, 0.014229, 0.290694, -0.0142182, 0.0105473, -0.999843, 0.850074, -0.00110527, -0.999944, -0.0105327, 1.02038, 0, 0, 0, 1
-0.999896, 0.000976916, 0.0144163, 0.290691, -0.014405, 0.0106735, -0.999839, 0.850098, -0.00113063, -0.999943, -0.0106583, 1.02036, 0, 0, 0, 1
-0.999893, 0.00099862, 0.0146046, 0.290689, -0.014593, 0.0108005, -0.999835, 0.850123, -0.00115619, -0.999941, -0.0107847, 1.02034, 0, 0, 0, 1
-0.99989, 0.00102045, 0.0147942, 0.290686, -0.0147822, 0.0109282, -0.999831, 0.850148, -0.00118195, -0.99994, -0.0109119, 1.02033, 0, 0, 0, 1
-0.999887, 0.00104241, 0.0149849, 0.290683, -0.0149724, 0.0110567, -0.999827, 0.850172, -0.00120791, -0.999938, -0.0110399, 1.02031, 0, 0, 0, 1
-0.999884, 0.00106449, 0.0151767, 0.290681, -0.0151639, 0.011186, -0.999822, 0.850197, -0.00123407, -0.999937, -0.0111686, 1.02029, 0, 0, 0, 1
-0.999881, 0.00108671, 0.0153698, 0.290678, -0.0153565, 0.0113161, -0.999818, 0.850222, -0.00126043, -0.999935, -0.0112981, 1.02027, 0, 0, 0, 1
-0.999878, 0.00110904, 0.0155639, 0.290675, -0.0155502, 0.011447, -0.999814, 0.850248, -0.001287, -0.999934, -0.0114284, 1.02025, 0, 0, 0, 1
-0.999875, 0.00113151, 0.0157593, 0.290673, -0.0157451, 0.0115787, -0.999809, 0.850273, -0.00131376, -0.999932, -0.0115594, 1.02023, 0, 0, 0, 1
-0.999872, 0.0011541, 0.0159558, 0.29067, -0.0159412, 0.0117111, -0.999804, 0.850299, -0.00134073, -0.999931, -0.0116912, 1.02021, 0, 0, 0, 1
-0.999869, 0.00117681, 0.0161534, 0.290667, -0.0161384, 0.0118443, -0.9998, 0.850324, -0.0013679, -0.999929, -0.0118238, 1.0202, 0, 0, 0, 1
-0.999866, 0.00119966, 0.0163522, 0.290664, -0.0163367, 0.0119783, -0.999795, 0.85035, -0.00139528, -0.999928, -0.0119571, 1.02018, 0, 0, 0, 1
-0.999862, 0.00122262, 0.0165522, 0.290661, -0.0165362, 0.0121131, -0.99979, 0.850376, -0.00142287, -0.999926, -0.0120912, 1.02016, 0, 0, 0, 1
-0.999859, 0.00124572, 0.0167533, 0.290658, -0.0167368, 0.0122487, -0.999785, 0.850402, -0.00145066, -0.999924, -0.0122261, 1.02014, 0, 0, 0, 1
-0.999855, 0.00126894, 0.0169556, 0.290656, -0.0169386, 0.012385, -0.99978, 0.850429, -0.00147865, -0.999922, -0.0123617, 1.02012, 0, 0, 0, 1
-0.999852, 0.00129228, 0.0171591, 0.290653, -0.0171415, 0.0125222, -0.999775, 0.850455, -0.00150686, -0.999921, -0.0124981, 1.0201, 0, 0, 0, 1
-0.999848, 0.00131575, 0.0173637, 0.29065, -0.0173456, 0.0126601, -0.999769, 0.850482, -0.00153527, -0.999919, -0.0126353, 1.02008, 0, 0, 0, 1
-0.999845, 0.00133935, 0.0175694, 0.290647, -0.0175509, 0.0127988, -0.999764, 0.850509, -0.0015639, -0.999917, -0.0127733, 1.02006, 0, 0, 0, 1
-0.999841, 0.00136307, 0.0177763, 0.290644, -0.0177572, 0.0129382, -0.999759, 0.850536, -0.00159273, -0.999915, -0.012912, 1.02004, 0, 0, 0, 1
-0.999837, 0.00138691, 0.0179844, 0.290641, -0.0179648, 0.0130785, -0.999753, 0.850563, -0.00162178, -0.999914, -0.0130515, 1.02002, 0, 0, 0, 1
-0.999833, 0.00141088, 0.0181937, 0.290638, -0.0181734, 0.0132195, -0.999747, 0.85059, -0.00165104, -0.999912, -0.0131917, 1.02, 0, 0, 0, 1
-0.99983, 0.00143498, 0.018404, 0.290635, -0.0183833, 0.0133614, -0.999742, 0.850617, -0.00168051, -0.99991, -0.0133327, 1.01998, 0, 0, 0, 1
-0.999826, 0.00145919, 0.0186156, 0.290632, -0.0185942, 0.013504, -0.999736, 0.850645, -0.00171019, -0.999908, -0.0134745, 1.01996, 0, 0, 0, 1
-0.999822, 0.00148354, 0.0188283, 0.290629, -0.0188063, 0.0136474, -0.99973, 0.850673, -0.00174009, -0.999906, -0.013617, 1.01994, 0, 0, 0, 1
-0.999818, 0.001508, 0.0190422, 0.290626, -0.0190196, 0.0137915, -0.999724, 0.850701, -0.00177021, -0.999904, -0.0137604, 1.01992, 0, 0, 0, 1
-0.999813, 0.0015326, 0.0192572, 0.290623, -0.019234, 0.0139365, -0.999718, 0.850729, -0.00180054, -0.999902, -0.0139044, 1.0199, 0, 0, 0, 1
-0.999809, 0.00155731, 0.0194734, 0.29062, -0.0194496, 0.0140822, -0.999712, 0.850757, -0.00183109, -0.9999, -0.0140493, 1.01988, 0, 0, 0, 1
-0.999805, 0.00158215, 0.0196907, 0.290617, -0.0196663, 0.0142288, -0.999705, 0.850785, -0.00186186, -0.999898, -0.0141949, 1.01986, 0, 0, 0, 1
-0.9998, 0.00160711, 0.0199092, 0.290614, -0.0198841, 0.0143761, -0.999699, 0.850814, -0.00189285, -0.999895, -0.0143412, 1.01984, 0, 0, 0, 1
-0.999796, 0.0016322, 0.0201289, 0.29061, -0.0201031, 0.0145242, -0.999692, 0.850842, -0.00192405, -0.999893, -0.0144884, 1.01981, 0, 0, 0, 1
-0.999792, 0.00165741, 0.0203497, 0.290607, -0.0203232, 0.014673, -0.999686, 0.850871, -0.00195548, -0.999891, -0.0146363, 1.01979, 0, 0, 0, 1
-0.999787, 0.00168274, 0.0205717, 0.290604, -0.0205445, 0.0148227, -0.999679, 0.8509, -0.00198713, -0.999889, -0.014785, 1.01977, 0, 0, 0, 1
-0.999782, 0.0017082, 0.0207948, 0.290601, -0.0207669, 0.0149731, -0.999672, 0.850929, -0.002019, -0.999886, -0.0149344, 1.01975, 0, 0, 0, 1
-0.999778, 0.00173378, 0.0210191, 0.290598, -0.0209905, 0.0151243, -0.999665, 0.850958, -0.0020511, -0.999884, -0.0150846, 1.01973, 0, 0, 0, 1
-0.999773, 0.00175948, 0.0212446, 0.290595, -0.0212152, 0.0152763, -0.999658, 0.850988, -0.00208342, -0.999882, -0.0152355, 1.01971, 0, 0, 0, 1
-0.999768, 0.0017853, 0.0214712, 0.290591, -0.0214411, 0.0154291, -0.999651, 0.851017, -0.00211596, -0.999879, -0.0153873, 1.01969, 0, 0, 0, 1
-0.999763, 0.00181125, 0.0216989, 0.290588, -0.0216681, 0.0155827, -0.999644, 0.851047, -0.00214873, -0.999877, -0.0155397, 1.01967, 0, 0, 0, 1
-0.999758, 0.00183732, 0.0219279, 0.290585, -0.0218963, 0.015737, -0.999636, 0.851077, -0.00218173, -0.999874, -0.015693, 1.01964, 0, 0, 0, 1
-0.999753, 0.00186351, 0.0221579, 0.290581, -0.0221256, 0.0158922, -0.999629, 0.851107, -0.00221496, -0.999872, -0.015847, 1.01962, 0, 0, 0, 1
-0.999748, 0.00188982, 0.0223892, 0.290578, -0.022356, 0.0160481, -0.999621, 0.851137, -0.00224841, -0.999869, -0.0160018, 1.0196, 0, 0, 0, 1
-0.999742, 0.00191626, 0.0226216, 0.290575, -0.0225876, 0.0162048, -0.999614, 0.851167, -0.0022821, -0.999867, -0.0161573, 1.01958, 0, 0, 0, 1
-0.999737, 0.00194282, 0.0228551, 0.290571, -0.0228203, 0.0163623, -0.999606, 0.851198, -0.00231601, -0.999864, -0.0163136, 1.01956, 0, 0, 0, 1
-0.999731, 0.00196949, 0.0230898, 0.290568, -0.0230542, 0.0165205, -0.999598, 0.851228, -0.00235016, -0.999862, -0.0164707, 1.01953, 0, 0, 0, 1
-0.999726, 0.00199629, 0.0233257, 0.290565, -0.0232892, 0.0166796, -0.99959, 0.851259, -0.00238454, -0.999859, -0.0166285, 1.01951, 0, 0, 0, 1
-0.99972, 0.00202322, 0.0235627, 0.290561, -0.0235254, 0.0168394, -0.999581, 0.85129, -0.00241915, -0.999856, -0.0167871, 1.01949, 0, 0, 0, 1
-0.999715, 0.00205026, 0.0238009, 0.290558, -0.0237627, 0.017, -0.999573, 0.851321, -0.002454, -0.999853, -0.0169464, 1.01947, 0, 0, 0, 1
-0.999709, 0.00207742, 0.0240402, 0.290554, -0.0240011, 0.0171614, -0.999565, 0.851352, -0.00248908, -0.999851, -0.0171065, 1.01944, 0, 0, 0, 1
-0.999703, 0.00210471, 0.0242807, 0.290551, -0.0242407, 0.0173236, -0.999556, 0.851384, -0.0025244, -0.999848, -0.0172674, 1.01942, 0, 0, 0, 1
-0.999697, 0.00213211, 0.0245224, 0.290547, -0.0244814, 0.0174865, -0.999547, 0.851415, -0.00255996, -0.999845, -0.017429, 1.0194, 0, 0, 0, 1
-0.999691, 0.00215964, 0.0247652, 0.290544, -0.0247233, 0.0176503, -0.999539, 0.851447, -0.00259575, -0.999842, -0.0175914, 1.01937, 0, 0, 0, 1
-0.999685, 0.00218728, 0.0250092, 0.29054, -0.0249663, 0.0178148, -0.99953, 0.851479, -0.00263179, -0.999839, -0.0177546, 1.01935, 0, 0, 0, 1
-0.999679, 0.00221505, 0.0252543, 0.290537, -0.0252105, 0.0179801, -0.99952, 0.851511, -0.00266806, -0.999836, -0.0179185, 1.01933, 0, 0, 0, 1
-0.999672, 0.00224294, 0.0255006, 0.290533, -0.0254558, 0.0181462, -0.999511, 0.851543, -0.00270458, -0.999833, -0.0180832, 1.0193, 0, 0, 0, 1
-0.999666, 0.00227094, 0.025748, 0.29053, -0.0257022, 0.0183131, -0.999502, 0.851575, -0.00274134, -0.99983, -0.0182486, 1.01928, 0, 0, 0, 1
-0.999659, 0.00229907, 0.0259966, 0.290526, -0.0259498, 0.0184807, -0.999492, 0.851608, -0.00277834, -0.999827, -0.0184148, 1.01926, 0, 0, 0, 1
-0.999653, 0.00232731, 0.0262464, 0.290522, -0.0261985, 0.0186492, -0.999483, 0.85164, -0.00281558, -0.999823, -0.0185817, 1.01923, 0, 0, 0, 1
-0.999646, 0.00235568, 0.0264973, 0.290519, -0.0264484, 0.0188184, -0.999473, 0.851673, -0.00285307, -0.99982, -0.0187494, 1.01921, 0, 0, 0, 1
-0.999639, 0.00238416, 0.0267494, 0.290515, -0.0266994, 0.0189884, -0.999463, 0.851706, -0.00289081, -0.999817, -0.0189179, 1.01919, 0, 0, 0, 1
-0.999632, 0.00241277, 0.0270026, 0.290511, -0.0269515, 0.0191592, -0.999453, 0.851739, -0.00292879, -0.999814, -0.0190871, 1.01916, 0, 0, 0, 1
-0.999625, 0.00244149, 0.027257, 0.290508, -0.0272048, 0.0193308, -0.999443, 0.851772, -0.00296703, -0.99981, -0.0192571, 1.01914, 0, 0, 0, 1
-0.999618, 0.00247033, 0.0275125, 0.290504, -0.0274592, 0.0195031, -0.999433, 0.851806, -0.00300551, -0.999807, -0.0194279, 1.01911, 0, 0, 0, 1
-0.999611, 0.00249929, 0.0277692, 0.2905, -0.0277148, 0.0196763, -0.999422, 0.851839, -0.00304424, -0.999803, -0.0195994, 1.01909, 0, 0, 0, 1
-0.999604, 0.00252837, 0.028027, 0.290496, -0.0279714, 0.0198502, -0.999412, 0.851873, -0.00308322, -0.9998, -0.0197716, 1.01906, 0, 0, 0, 1
-0.999597, 0.00255756, 0.0282861, 0.290493, -0.0282293, 0.0200249, -0.999401, 0.851907, -0.00312245, -0.999796, -0.0199446, 1.01904, 0, 0, 0, 1
-0.999589, 0.00258688, 0.0285462, 0.290489, -0.0284883, 0.0202004, -0.99939, 0.851941, -0.00316194, -0.999793, -0.0201184, 1.01902, 0, 0, 0, 1
-0.999582, 0.00261631, 0.0288075, 0.290485, -0.0287484, 0.0203767, -0.999379, 0.851975, -0.00320169, -0.999789, -0.0202929, 1.01899, 0, 0, 0, 1
-0.999574, 0.00264586, 0.02907, 0.290481, -0.0290096, 0.0205537, -0.999368, 0.852009, -0.00324168, -0.999785, -0.0204682, 1.01897, 0, 0, 0, 1
-0.999566, 0.00267553, 0.0293337, 0.290477, -0.029272, 0.0207316, -0.999356, 0.852044, -0.00328194, -0.999781, -0.0206442, 1.01894, 0, 0, 0, 1
-0.999558, 0.00270531, 0.0295985, 0.290474, -0.0295355, 0.0209102, -0.999345, 0.852078, -0.00332245, -0.999778, -0.020821, 1.01892, 0, 0, 0, 1
-0.99955, 0.00273521, 0.0298644, 0.29047, -0.0298002, 0.0210896, -0.999333, 0.852113, -0.00336322, -0.999774, -0.0209986, 1.01889, 0, 0, 0, 1
-0.999542, 0.00276523, 0.0301315, 0.290466, -0.030066, 0.0212698, -0.999322, 0.852148, -0.00340425, -0.99977, -0.0211769, 1.01887, 0, 0, 0, 1
-0.999534, 0.00279537, 0.0303998, 0.290462, -0.030333, 0.0214507, -0.99931, 0.852183, -0.00344554, -0.999766, -0.0213559, 1.01884, 0, 0, 0, 1
-0.999526, 0.00282562, 0.0306692, 0.290458, -0.030601, 0.0216325, -0.999298, 0.852218, -0.00348709, -0.999762, -0.0215358, 1.01882, 0, 0, 0, 1
-0.999517, 0.00285599, 0.0309397, 0.290454, -0.0308702, 0.021815, -0.999285, 0.852254, -0.0035289, -0.999758, -0.0217163, 1.01879, 0, 0, 0, 1
-0.999509, 0.00288648, 0.0312115, 0.29045, -0.0311406, 0.0219983, -0.999273, 0.852289, -0.00357098, -0.999754, -0.0218977, 1.01876, 0, 0, 0, 1
-0.9995, 0.00291708, 0.0314844, 0.290446, -0.0314121, 0.0221825, -0.99926, 0.852325, -0.00361332, -0.99975, -0.0220797, 1.01874, 0, 0, 0, 1
-0.999491, 0.0029478, 0.0317584, 0.290442, -0.0316847, 0.0223673, -0.999248, 0.852361, -0.00365593, -0.999745, -0.0222626, 1.01871, 0, 0, 0, 1
-0.999482, 0.00297863, 0.0320336, 0.290438, -0.0319584, 0.022553, -0.999235, 0.852397, -0.00369881, -0.999741, -0.0224461, 1.01869, 0, 0, 0, 1
-0.999473, 0.00300958, 0.0323099, 0.290434, -0.0322333, 0.0227395, -0.999222, 0.852433, -0.00374195, -0.999737, -0.0226305, 1.01866, 0, 0, 0, 1
-0.999464, 0.00304065, 0.0325875, 0.29043, -0.0325094, 0.0229267, -0.999208, 0.852469, -0.00378536, -0.999733, -0.0228156, 1.01863, 0, 0, 0, 1
-0.999455, 0.00307183, 0.0328661, 0.290425, -0.0327865, 0.0231147, -0.999195, 0.852506, -0.00382905, -0.999728, -0.0230014, 1.01861, 0, 0, 0, 1
-0.999446, 0.00310312, 0.0331459, 0.290421, -0.0330648, 0.0233035, -0.999181, 0.852542, -0.003873, -0.999724, -0.023188, 1.01858, 0, 0, 0, 1
-0.999436, 0.00313453, 0.0334269, 0.290417, -0.0333442, 0.0234931, -0.999168, 0.852579, -0.00391723, -0.999719, -0.0233754, 1.01856, 0, 0, 0, 1
-0.999427, 0.00316606, 0.033709, 0.290413, -0.0336248, 0.0236835, -0.999154, 0.852616, -0.00396173, -0.999714, -0.0235634, 1.01853, 0, 0, 0, 1
-0.999417, 0.0031977, 0.0339923, 0.290409, -0.0339065, 0.0238746, -0.99914, 0.852653, -0.0040065, -0.99971, -0.0237523, 1.0185, 0, 0, 0, 1
-0.999407, 0.00322945, 0.0342768, 0.290405, -0.0341893, 0.0240666, -0.999126, 0.85269, -0.00405155, -0.999705, -0.0239419, 1.01848, 0, 0, 0, 1
-0.999397, 0.00326132, 0.0345624, 0.2904, -0.0344733, 0.0242593, -0.999111, 0.852728, -0.00409688, -0.9997, -0.0241322, 1.01845, 0, 0, 0, 1
-0.999387, 0.00329331, 0.0348491, 0.290396, -0.0347584, 0.0244528, -0.999097, 0.852765, -0.00414249, -0.999696, -0.0243233, 1.01842, 0, 0, 0, 1
-0.999377, 0.0033254, 0.035137, 0.290392, -0.0350446, 0.0246471, -0.999082, 0.852803, -0.00418837, -0.999691, -0.0245152, 1.0184, 0, 0, 0, 1
-0.999367, 0.00335761, 0.0354261, 0.290387, -0.035332, 0.0248422, -0.999067, 0.852841, -0.00423454, -0.999686, -0.0247078, 1.01837, 0, 0, 0, 1
-0.999356, 0.00338994, 0.0357163, 0.290383, -0.0356205, 0.025038, -0.999052, 0.852879, -0.00428099, -0.999681, -0.0249011, 1.01834, 0, 0, 0, 1
-0.999346, 0.00342237, 0.0360077, 0.290379, -0.0359101, 0.0252347, -0.999036, 0.852917, -0.00432772, -0.999676, -0.0250952, 1.01831, 0, 0, 0, 1
-0.999335, 0.00345492, 0.0363002, 0.290374, -0.0362009, 0.0254321, -0.999021, 0.852956, -0.00437473, -0.999671, -0.0252901, 1.01829, 0, 0, 0, 1
-0.999324, 0.00348759, 0.0365939, 0.29037, -0.0364927, 0.0256303, -0.999005, 0.852994, -0.00442203, -0.999665, -0.0254857, 1.01826, 0, 0, 0, 1
-0.999313, 0.00352036, 0.0368887, 0.290366, -0.0367858, 0.0258293, -0.998989, 0.853033, -0.00446961, -0.99966, -0.025682, 1.01823, 0, 0, 0, 1
-0.999302, 0.00355325, 0.0371847, 0.290361, -0.0370799, 0.026029, -0.998973, 0.853071, -0.00451749, -0.999655, -0.0258791, 1.0182, 0, 0, 0, 1
-0.999291, 0.00358625, 0.0374818, 0.290357, -0.0373752, 0.0262296, -0.998957, 0.85311, -0.00456565, -0.99965, -0.026077, 1.01818, 0, 0, 0, 1
-0.99928, 0.00361937, 0.0377801, 0.290352, -0.0376716, 0.0264309, -0.998941, 0.85315, -0.0046141, -0.999644, -0.0262755, 1.01815, 0, 0, 0, 1
-0.999268, 0.00365259, 0.0380796, 0.290348, -0.0379691, 0.0266331, -0.998924, 0.853189, -0.00466284, -0.999639, -0.0264749, 1.01812, 0, 0, 0, 1
-0.999256, 0.00368593, 0.0383802, 0.290343, -0.0382678, 0.026836, -0.998907, 0.853228, -0.00471187, -0.999633, -0.026675, 1.01809, 0, 0, 0, 1
-0.999245, 0.00371938, 0.038682, 0.290339, -0.0385676, 0.0270397, -0.99889, 0.853268, -0.00476119, -0.999627, -0.0268758, 1.01806, 0, 0, 0, 1
-0.999233, 0.00375294, 0.0389849, 0.290334, -0.0388685, 0.0272441, -0.998873, 0.853308, -0.00481081, -0.999622, -0.0270774, 1.01804, 0, 0, 0, 1
-0.999221, 0.00378661, 0.0392889, 0.29033, -0.0391706, 0.0274494, -0.998855, 0.853347, -0.00486073, -0.999616, -0.0272797, 1.01801, 0, 0, 0, 1
-0.999209, 0.00382039, 0.0395942, 0.290325, -0.0394737, 0.0276554, -0.998838, 0.853387, -0.00491094, -0.99961, -0.0274827, 1.01798, 0, 0, 0, 1
-0.999196, 0.00385428, 0.0399005, 0.290321, -0.039778, 0.0278622, -0.99882, 0.853428, -0.00496145, -0.999604, -0.0276865, 1.01795, 0, 0, 0, 1
-0.999184, 0.00388828, 0.0402081, 0.290316, -0.0400835, 0.0280699, -0.998802, 0.853468, -0.00501226, -0.999598, -0.0278911, 1.01792, 0, 0, 0, 1
-0.999171, 0.0039224, 0.0405167, 0.290311, -0.04039, 0.0282782, -0.998784, 0.853509, -0.00506337, -0.999592, -0.0280964, 1.01789, 0, 0, 0, 1
-0.999158, 0.00395662, 0.0408266, 0.290307, -0.0406977, 0.0284874, -0.998765, 0.853549, -0.00511478, -0.999586, -0.0283024, 1.01786, 0, 0, 0, 1
-0.999146, 0.00399096, 0.0411376, 0.290302, -0.0410065, 0.0286974, -0.998747, 0.85359, -0.00516649, -0.99958, -0.0285092, 1.01783, 0, 0, 0, 1
-0.999132, 0.0040254, 0.0414497, 0.290297, -0.0413165, 0.0289081, -0.998728, 0.853631, -0.00521851, -0.999574, -0.0287167, 1.01781, 0, 0, 0, 1
-0.999119, 0.00405995, 0.041763, 0.290292, -0.0416275, 0.0291196, -0.998709, 0.853672, -0.00527083, -0.999568, -0.028925, 1.01778, 0, 0, 0, 1
-0.999106, 0.00409462, 0.0420775, 0.290288, -0.0419397, 0.029332, -0.998689, 0.853713, -0.00532346, -0.999561, -0.029134, 1.01775, 0, 0, 0, 1
-0.999092, 0.00412939, 0.0423931, 0.290283, -0.042253, 0.029545, -0.99867, 0.853755, -0.0053764, -0.999555, -0.0293438, 1.01772, 0, 0, 0, 1
-0.999079, 0.00416427, 0.0427098, 0.290278, -0.0425675, 0.0297589, -0.99865, 0.853796, -0.00542965, -0.999548, -0.0295542, 1.01769, 0, 0, 0, 1
-0.999065, 0.00419926, 0.0430277, 0.290273, -0.042883, 0.0299736, -0.99863, 0.853838, -0.0054832, -0.999542, -0.0297655, 1.01766, 0, 0, 0, 1
-0.999051, 0.00423436, 0.0433468, 0.290268, -0.0431997, 0.030189, -0.99861, 0.85388, -0.00553707, -0.999535, -0.0299775, 1.01763, 0, 0, 0, 1
