-0.999999, -0.000797434, -0.000797196, 0.290901, 0.000796858, 0.000424669, -1, 0.848124, 0.000797772, -1, -0.000424033, 1.02183, 0, 0, 0, 1
-0.999999, -0.000797353, -0.000796621, 0.290901, 0.000796282, 0.000424975, -1, 0.848124, 0.000797691, -1, -0.00042434, 1.02183, 0, 0, 0, 1
-0.999999, -0.000797109, -0.000794896, 0.290901, 0.000794557, 0.000425894, -1, 0.848124, 0.000797447, -1, -0.000425261, 1.02183, 0, 0, 0, 1
-0.999999, -0.000796702, -0.000792022, 0.290901, 0.000791681, 0.000427426, -1, 0.848125, 0.00079704, -1, -0.000426795, 1.02183, 0, 0, 0, 1
-0.999999, -0.000796132, -0.000787997, 0.290901, 0.000787655, 0.00042957, -1, 0.848125, 0.000796471, -1, -0.000428943, 1.02183, 0, 0, 0, 1
-0.999999, -0.0007954, -0.000782823, 0.290901, 0.000782479, 0.000432327, -1, 0.848126, 0.000795738, -1, -0.000431704, 1.02183, 0, 0, 0, 1
-0.999999, -0.000794505, -0.000776499, 0.290901, 0.000776153, 0.000435697, -1, 0.848127, 0.000794843, -1, -0.00043508, 1.02183, 0, 0, 0, 1
-0.999999, -0.000793448, -0.000769025, 0.290901, 0.000768676, 0.000439679, -1, 0.848128, 0.000793785, -1, -0.000439069, 1.02183, 0, 0, 0, 1
-0.999999, -0.000792227, -0.000760401, 0.290901, 0.000760049, 0.000444274, -1, 0.848129, 0.000792565, -1, -0.000443672, 1.02183, 0, 0, 0, 1
-0.999999, -0.000790844, -0.000750627, 0.290901, 0.000750272, 0.000449482, -1, 0.84813, 0.000791181, -1, -0.000448888, 1.02183, 0, 0, 0, 1
-0.999999, -0.000789298, -0.000739703, 0.290901, 0.000739344, 0.000455302, -1, 0.848131, 0.000789635, -1, -0.000454718, 1.02183, 0, 0, 0, 1
-0.999999, -0.00078759, -0.00072763, 0.290901, 0.000727267, 0.000461735, -1, 0.848132, 0.000787926, -1, -0.000461162, 1.02183, 0, 0, 0, 1
-0.999999, -0.000785719, -0.000714407, 0.290901, 0.000714039, 0.00046878, -1, 0.848134, 0.000786053, -1, -0.000468219, 1.02182, 0, 0, 0, 1
-0.999999, -0.000783685, -0.000700034, 0.2909, 0.00069966, 0.000476439, -1, 0.848136, 0.000784018, -1, -0.00047589, 1.02182, 0, 0, 0, 1
-0.999999, -0.000781488, -0.000684511, 0.2909, 0.000684132, 0.00048471, -1, 0.848137, 0.00078182, -1, -0.000484175, 1.02182, 0, 0, 0, 1
-0.999999, -0.000779129, -0.000667838, 0.2909, 0.000667453, 0.000493593, -1, 0.848139, 0.000779459, -1, -0.000493073, 1.02182, 0, 0, 0, 1
-0.999999, -0.000776607, -0.000650015, 0.2909, 0.000649624, 0.00050309, -1, 0.848141, 0.000776934, -1, -0.000502585, 1.02182, 0, 0, 0, 1
-1, -0.000773923, -0.000631042, 0.2909, 0.000630645, 0.000513198, -1, 0.848144, 0.000774247, -1, -0.00051271, 1.02181, 0, 0, 0, 1
-1, -0.000771076, -0.00061092, 0.2909, 0.000610516, 0.00052392, -1, 0.848146, 0.000771396, -1, -0.000523449, 1.02181, 0, 0, 0, 1
-1, -0.000768066, -0.000589648, 0.2909, 0.000589237, 0.000535254, -1, 0.848148, 0.000768381, -1, -0.000534802, 1.02181, 0, 0, 0, 1
-1, -0.000764894, -0.000567226, 0.2909, 0.000566807, 0.000547202, -1, 0.848151, 0.000765204, -1, -0.000546768, 1.0218, 0, 0, 0, 1
-1, -0.000761559, -0.000543654, 0.2909, 0.000543228, 0.000559761, -1, 0.848154, 0.000761863, -1, -0.000559347, 1.0218, 0, 0, 0, 1
-1, -0.000758061, -0.000518932, 0.290899, 0.000518498, 0.000572934, -1, 0.848157, 0.000758358, -1, -0.00057254, 1.0218, 0, 0, 0, 1
-1, -0.000754401, -0.00049306, 0.290899, 0.000492618, 0.000586719, -1, 0.84816, 0.00075469, -1, -0.000586347, 1.02179, 0, 0, 0, 1
-1, -0.000750578, -0.000466039, 0.290899, 0.000465588, 0.000601117, -1, 0.848163, 0.000750858, -1, -0.000600767, 1.02179, 0, 0, 0, 1
-1, -0.000746593, -0.000437867, 0.290899, 0.000437407, 0.000616127, -1, 0.848166, 0.000746863, -1, -0.0006158, 1.02179, 0, 0, 0, 1
-1, -0.000742445, -0.000408546, 0.290899, 0.000408077, 0.00063175, -1, 0.84817, 0.000742703, -1, -0.000631447, 1.02178, 0, 0, 0, 1
-1, -0.000738135, -0.000378075, 0.290899, 0.000377597, 0.000647986, -1, 0.848173, 0.00073838, -1, -0.000647707, 1.02178, 0, 0, 0, 1
-1, -0.000733662, -0.000346454, 0.290898, 0.000345966, 0.000664835, -1, 0.848177, 0.000733892, -1, -0.000664581, 1.02178, 0, 0, 0, 1
-1, -0.000729026, -0.000313683, 0.290898, 0.000313186, 0.000682296, -1, 0.848181, 0.00072924, -1, -0.000682068, 1.02177, 0, 0, 0, 1
-1, -0.000724229, -0.000279763, 0.290898, 0.000279256, 0.00070037, -1, 0.848185, 0.000724424, -0.999999, -0.000700168, 1.02177, 0, 0, 0, 1
-1, -0.000719268, -0.000244692, 0.290898, 0.000244175, 0.000719057, -1, 0.848189, 0.000719444, -0.999999, -0.000718881, 1.02176, 0, 0, 0, 1
-1, -0.000714145, -0.000208472, 0.290898, 0.000207945, 0.000738356, -1, 0.848193, 0.000714299, -0.999999, -0.000738208, 1.02176, 0, 0, 0, 1
-1, -0.00070886, -0.000171102, 0.290897, 0.000170564, 0.000758269, -1, 0.848197, 0.00070899, -0.999999, -0.000758148, 1.02175, 0, 0, 0, 1
-1, -0.000703412, -0.000132582, 0.290897, 0.000132034, 0.000778794, -1, 0.848202, 0.000703515, -0.999999, -0.000778701, 1.02175, 0, 0, 0, 1
-1, -0.000697802, -9.29118e-05, 0.290897, 9.23536e-05, 0.000799931, -1, 0.848207, 0.000697876, -0.999999, -0.000799867, 1.02174, 0, 0, 0, 1
-1, -0.00069203, -5.20921e-05, 0.290897, 5.15234e-05, 0.000821682, -1, 0.848211, 0.000692072, -0.999999, -0.000821646, 1.02174, 0, 0, 0, 1
-1, -0.000686095, -1.01225e-05, 0.290896, 9.54336e-06, 0.000844045, -1, 0.848216, 0.000686103, -0.999999, -0.000844038, 1.02173, 0, 0, 0, 1
-1, -0.000679998, 3.2997e-05, 0.290896, -3.35866e-05, 0.000867021, -1, 0.848221, 0.000679969, -0.999999, -0.000867044, 1.02173, 0, 0, 0, 1
-1, -0.000673738, 7.72663e-05, 0.290896, -7.78663e-05, 0.00089061, -1, 0.848227, 0.000673669, -0.999999, -0.000890662, 1.02172, 0, 0, 0, 1
-1, -0.000667316, 0.000122685, 0.290896, -0.000123296, 0.000914811, -1, 0.848232, 0.000667204, -0.999999, -0.000914893, 1.02171, 0, 0, 0, 1
-1, -0.000660732, 0.000169254, 0.290895, -0.000169875, 0.000939626, -1, 0.848237, 0.000660573, -0.999999, -0.000939738, 1.02171, 0, 0, 0, 1
-1, -0.000653986, 0.000216973, 0.290895, -0.000217604, 0.000965053, -1, 0.848243, 0.000653776, -0.999999, -0.000965195, 1.0217, 0, 0, 0, 1
-1, -0.000647077, 0.000265842, 0.290895, -0.000266483, 0.000991092, -0.999999, 0.848249, 0.000646814, -0.999999, -0.000991265, 1.0217, 0, 0, 0, 1
-1, -0.000640007, 0.000315861, 0.290894, -0.000316512, 0.00101775, -0.999999, 0.848254, 0.000639685, -0.999999, -0.00101795, 1.02169, 0, 0, 0, 1
-1, -0.000632774, 0.000367029, 0.290894, -0.00036769, 0.00104501, -0.999999, 0.84826, 0.00063239, -0.999999, -0.00104524, 1.02168, 0, 0, 0, 1
-1, -0.000625379, 0.000419347, 0.290894, -0.000420018, 0.00107289, -0.999999, 0.848267, 0.000624928, -0.999999, -0.00107315, 1.02168, 0, 0, 0, 1
-1, -0.000617821, 0.000472815, 0.290894, -0.000473496, 0.00110138, -0.999999, 0.848273, 0.0006173, -0.999999, -0.00110167, 1.02167, 0, 0, 0, 1
-1, -0.000610102, 0.000527433, 0.290893, -0.000528123, 0.00113048, -0.999999, 0.848279, 0.000609505, -0.999999, -0.00113081, 1.02166, 0, 0, 0, 1
-1, -0.00060222, 0.000583201, 0.290893, -0.0005839, 0.0011602, -0.999999, 0.848286, 0.000601543, -0.999999, -0.00116055, 1.02165, 0, 0, 0, 1
-1, -0.000594177, 0.000640119, 0.290893, -0.000640826, 0.00119053, -0.999999, 0.848292, 0.000593414, -0.999999, -0.00119091, 1.02165, 0, 0, 0, 1
-1, -0.000585971, 0.000698186, 0.290892, -0.000698902, 0.00122147, -0.999999, 0.848299, 0.000585118, -0.999999, -0.00122188, 1.02164, 0, 0, 0, 1
-1, -0.000577604, 0.000757404, 0.290892, -0.000758127, 0.00125303, -0.999999, 0.848306, 0.000576654, -0.999999, -0.00125346, 1.02163, 0, 0, 0, 1
-1, -0.000569074, 0.000817771, 0.290892, -0.000818502, 0.0012852, -0.999999, 0.848313, 0.000568022, -0.999999, -0.00128566, 1.02162, 0, 0, 0, 1
-0.999999, -0.000560383, 0.000879288, 0.290891, -0.000880026, 0.00131798, -0.999999, 0.84832, 0.000559223, -0.999999, -0.00131847, 1.02162, 0, 0, 0, 1
-0.999999, -0.000551529, 0.000941955, 0.290891, -0.0009427, 0.00135137, -0.999999, 0.848328, 0.000550256, -0.999999, -0.00135189, 1.02161, 0, 0, 0, 1
-0.999999, -0.000542514, 0.00100577, 0.29089, -0.00100652, 0.00138538, -0.999999, 0.848335, 0.00054112, -0.999999, -0.00138592, 1.0216, 0, 0, 0, 1
-0.999999, -0.000533337, 0.00107074, 0.29089, -0.00107149, 0.00142, -0.999998, 0.848343, 0.000531815, -0.999999, -0.00142057, 1.02159, 0, 0, 0, 1
-0.999999, -0.000523998, 0.00113685, 0.29089, -0.00113762, 0.00145523, -0.999998, 0.848351, 0.000522343, -0.999999, -0.00145582, 1.02158, 0, 0, 0, 1
-0.999999, -0.000514497, 0.00120412, 0.290889, -0.00120489, 0.00149107, -0.999998, 0.848358, 0.000512701, -0.999999, -0.00149169, 1.02157, 0, 0, 0, 1
-0.999999, -0.000504834, 0.00127254, 0.290889, -0.00127331, 0.00152753, -0.999998, 0.848366, 0.00050289, -0.999999, -0.00152817, 1.02156, 0, 0, 0, 1
-0.999999, -0.00049501, 0.0013421, 0.290888, -0.00134288, 0.0015646, -0.999998, 0.848375, 0.000492909, -0.999999, -0.00156527, 1.02155, 0, 0, 0, 1
-0.999999, -0.000485024, 0.00141282, 0.290888, -0.00141359, 0.00160229, -0.999998, 0.848383, 0.000482759, -0.999999, -0.00160297, 1.02155, 0, 0, 0, 1
-0.999999, -0.000474877, 0.00148468, 0.290888, -0.00148546, 0.00164059, -0.999998, 0.848391, 0.00047244, -0.999999, -0.00164129, 1.02154, 0, 0, 0, 1
-0.999999, -0.000464567, 0.0015577, 0.290887, -0.00155848, 0.0016795, -0.999997, 0.8484, 0.00046195, -0.999998, -0.00168022, 1.02153, 0, 0, 0, 1
-0.999999, -0.000454097, 0.00163187, 0.290887, -0.00163264, 0.00171902, -0.999997, 0.848408, 0.00045129, -0.999998, -0.00171976, 1.02152, 0, 0, 0, 1
-0.999998, -0.000443464, 0.00170718, 0.290886, -0.00170796, 0.00175915, -0.999997, 0.848417, 0.00044046, -0.999998, -0.00175991, 1.02151, 0, 0, 0, 1
-0.999998, -0.00043267, 0.00178365, 0.290886, -0.00178442, 0.0017999, -0.999997, 0.848426, 0.000429458, -0.999998, -0.00180067, 1.0215, 0, 0, 0, 1
-0.999998, -0.000421715, 0.00186126, 0.290885, -0.00186203, 0.00184127, -0.999997, 0.848435, 0.000418286, -0.999998, -0.00184205, 1.02149, 0, 0, 0, 1
-0.999998, -0.000410598, 0.00194003, 0.290885, -0.0019408, 0.00188324, -0.999996, 0.848445, 0.000406943, -0.999998, -0.00188403, 1.02148, 0, 0, 0, 1
-0.999998, -0.00039932, 0.00201994, 0.290884, -0.00202071, 0.00192583, -0.999996, 0.848454, 0.000395428, -0.999998, -0.00192663, 1.02147, 0, 0, 0, 1
-0.999998, -0.00038788, 0.002101, 0.290884, -0.00210176, 0.00196903, -0.999996, 0.848463, 0.000383742, -0.999998, -0.00196984, 1.02146, 0, 0, 0, 1
-0.999998, -0.000376279, 0.00218322, 0.290883, -0.00218397, 0.00201284, -0.999996, 0.848473, 0.000371883, -0.999998, -0.00201366, 1.02144, 0, 0, 0, 1
-0.999997, -0.000364517, 0.00226658, 0.290883, -0.00226733, 0.00205727, -0.999995, 0.848483, 0.000359852, -0.999998, -0.00205809, 1.02143, 0, 0, 0, 1
-0.999997, -0.000352593, 0.0023511, 0.290882, -0.00235183, 0.00210231, -0.999995, 0.848493, 0.000347649, -0.999998, -0.00210313, 1.02142, 0, 0, 0, 1
-0.999997, -0.000340509, 0.00243676, 0.290882, -0.00243749, 0.00214796, -0.999995, 0.848503, 0.000335273, -0.999998, -0.00214879, 1.02141, 0, 0, 0, 1
-0.999997, -0.000328263, 0.00252357, 0.290881, -0.00252429, 0.00219423, -0.999994, 0.848513, 0.000322724, -0.999998, -0.00219505, 1.0214, 0, 0, 0, 1
-0.999997, -0.000315856, 0.00261154, 0.290881, -0.00261224, 0.00224111, -0.999994, 0.848523, 0.000310001, -0.999997, -0.00224193, 1.02139, 0, 0, 0, 1
-0.999996, -0.000303288, 0.00270065, 0.29088, -0.00270134, 0.0022886, -0.999994, 0.848534, 0.000297105, -0.999997, -0.00228941, 1.02138, 0, 0, 0, 1
-0.999996, -0.000290558, 0.00279091, 0.29088, -0.00279159, 0.00233671, -0.999993, 0.848544, 0.000284035, -0.999997, -0.00233751, 1.02137, 0, 0, 0, 1
-0.999996, -0.000277668, 0.00288233, 0.290879, -0.00288298, 0.00238542, -0.999993, 0.848555, 0.000270791, -0.999997, -0.00238621, 1.02135, 0, 0, 0, 1
-0.999996, -0.000264617, 0.00297489, 0.290879, -0.00297553, 0.00243476, -0.999993, 0.848566, 0.000257372, -0.999997, -0.00243553, 1.02134, 0, 0, 0, 1
-0.999995, -0.000251405, 0.0030686, 0.290878, -0.00306922, 0.0024847, -0.999992, 0.848577, 0.000243779, -0.999997, -0.00248546, 1.02133, 0, 0, 0, 1
-0.999995, -0.000238032, 0.00316346, 0.290878, -0.00316406, 0.00253526, -0.999992, 0.848588, 0.00023001, -0.999997, -0.002536, 1.02132, 0, 0, 0, 1
-0.999995, -0.000224499, 0.00325948, 0.290877, -0.00326005, 0.00258643, -0.999991, 0.848599, 0.000216066, -0.999997, -0.00258715, 1.0213, 0, 0, 0, 1
-0.999994, -0.000210804, 0.00335664, 0.290876, -0.00335718, 0.00263821, -0.999991, 0.84861, 0.000201947, -0.999996, -0.00263891, 1.02129, 0, 0, 0, 1
-0.999994, -0.000196949, 0.00345495, 0.290876, -0.00345547, 0.00269061, -0.99999, 0.848622, 0.000187651, -0.999996, -0.00269128, 1.02128, 0, 0, 0, 1
-0.999994, -0.000182933, 0.00355441, 0.290875, -0.0035549, 0.00274362, -0.99999, 0.848634, 0.000173179, -0.999996, -0.00274425, 1.02127, 0, 0, 0, 1
-0.999993, -0.000168756, 0.00365502, 0.290875, -0.00365548, 0.00279725, -0.999989, 0.848645, 0.000158531, -0.999996, -0.00279784, 1.02125, 0, 0, 0, 1
-0.999993, -0.000154419, 0.00375678, 0.290874, -0.00375721, 0.00285148, -0.999989, 0.848657, 0.000143705, -0.999996, -0.00285204, 1.02124, 0, 0, 0, 1
-0.999993, -0.000139922, 0.0038597, 0.290873, -0.00386009, 0.00290633, -0.999988, 0.848669, 0.000128702, -0.999996, -0.00290685, 1.02123, 0, 0, 0, 1
-0.999992, -0.000125263, 0.00396376, 0.290873, -0.00396411, 0.0029618, -0.999988, 0.848681, 0.000113522, -0.999996, -0.00296227, 1.02121, 0, 0, 0, 1
-0.999992, -0.000110445, 0.00406897, 0.290872, -0.00406928, 0.00301787, -0.999987, 0.848694, 9.81638e-05, -0.999995, -0.0030183, 1.0212, 0, 0, 0, 1
-0.999991, -9.54658e-05, 0.00417533, 0.290871, -0.0041756, 0.00307456, -0.999987, 0.848706, 8.26272e-05, -0.999995, -0.00307493, 1.02118, 0, 0, 0, 1
-0.999991, -8.03265e-05, 0.00428284, 0.290871, -0.00428307, 0.00313187, -0.999986, 0.848719, 6.69121e-05, -0.999995, -0.00313218, 1.02117, 0, 0, 0, 1
-0.99999, -6.50269e-05, 0.0043915, 0.29087, -0.00439168, 0.00318978, -0.999985, 0.848732, 5.1018e-05, -0.999995, -0.00319004, 1.02116, 0, 0, 0, 1
-0.99999, -4.9567e-05, 0.00450131, 0.29087, -0.00450144, 0.00324831, -0.999985, 0.848744, 3.49446e-05, -0.999995, -0.0032485, 1.02114, 0, 0, 0, 1
-0.999989, -3.3947e-05, 0.00461227, 0.290869, -0.00461235, 0.00330746, -0.999984, 0.848757, 1.86916e-05, -0.999995, -0.00330758, 1.02113, 0, 0, 0, 1
-0.999989, -1.81669e-05, 0.00472438, 0.290868, -0.00472441, 0.00336721, -0.999983, 0.848771, 2.25858e-06, -0.999994, -0.00336726, 1.02111, 0, 0, 0, 1
-0.999988, -2.22663e-06, 0.00483763, 0.290867, -0.00483761, 0.00342758, -0.999982, 0.848784, -1.43548e-05, -0.999994, -0.00342755, 1.0211, 0, 0, 0, 1
-0.999988, 1.38736e-05, 0.00495204, 0.290867, -0.00495196, 0.00348856, -0.999982, 0.848797, -3.11489e-05, -0.999994, -0.00348845, 1.02108, 0, 0, 0, 1
-0.999987, 3.01338e-05, 0.0050676, 0.290866, -0.00506746, 0.00355016, -0.999981, 0.848811, -4.81241e-05, -0.999994, -0.00354996, 1.02107, 0, 0, 0, 1
-0.999987, 4.6554e-05, 0.00518431, 0.290865, -0.00518411, 0.00361237, -0.99998, 0.848824, -6.52807e-05, -0.999993, -0.00361208, 1.02105, 0, 0, 0, 1
-0.999986, 6.31339e-05, 0.00530217, 0.290865, -0.0053019, 0.00367519, -0.999979, 0.848838, -8.26191e-05, -0.999993, -0.00367481, 1.02104, 0, 0, 0, 1
-0.999985, 7.98737e-05, 0.00542118, 0.290864, -0.00542084, 0.00373863, -0.999978, 0.848852, -0.00010014, -0.999993, -0.00373814, 1.02102, 0, 0, 0, 1
-0.999985, 9.67732e-05, 0.00554133, 0.290863, -0.00554093, 0.00380268, -0.999977, 0.848866, -0.000117843, -0.999993, -0.00380209, 1.02101, 0, 0, 0, 1
-0.999984, 0.000113832, 0.00566264, 0.290862, -0.00566216, 0.00386734, -0.999976, 0.84888, -0.000135729, -0.999993, -0.00386664, 1.02099, 0, 0, 0, 1
-0.999983, 0.000131051, 0.0057851, 0.290862, -0.00578454, 0.00393262, -0.999976, 0.848895, -0.000153799, -0.999992, -0.0039318, 1.02097, 0, 0, 0, 1
-0.999983, 0.00014843, 0.00590871, 0.290861, -0.00590806, 0.00399851, -0.999975, 0.848909, -0.000172052, -0.999992, -0.00399757, 1.02096, 0, 0, 0, 1
-0.999982, 0.000165968, 0.00603346, 0.29086, -0.00603274, 0.00406502, -0.999974, 0.848924, -0.000190489, -0.999992, -0.00406394, 1.02094, 0, 0, 0, 1
-0.999981, 0.000183665, 0.00615937, 0.290859, -0.00615856, 0.00413213, -0.999972, 0.848939, -0.000209111, -0.999991, -0.00413092, 1.02093, 0, 0, 0, 1
-0.99998, 0.000201522, 0.00628642, 0.290859, -0.00628552, 0.00419986, -0.999971, 0.848953, -0.000227918, -0.999991, -0.00419851, 1.02091, 0, 0, 0, 1
-0.999979, 0.000219538, 0.00641463, 0.290858, -0.00641363, 0.00426821, -0.99997, 0.848968, -0.00024691, -0.999991, -0.00426671, 1.02089, 0, 0, 0, 1
-0.999979, 0.000237713, 0.00654399, 0.290857, -0.00654289, 0.00433717, -0.999969, 0.848984, -0.000266088, -0.999991, -0.00433552, 1.02088, 0, 0, 0, 1
-0.999978, 0.000256048, 0.00667449, 0.290856, -0.0066733, 0.00440674, -0.999968, 0.848999, -0.000285452, -0.99999, -0.00440493, 1.02086, 0, 0, 0, 1
-0.999977, 0.000274541, 0.00680614, 0.290856, -0.00680485, 0.00447692, -0.999967, 0.849014, -0.000305003, -0.99999, -0.00447495, 1.02084, 0, 0, 0, 1
-0.999976, 0.000293194, 0.00693895, 0.290855, -0.00693754, 0.00454772, -0.999966, 0.84903, -0.00032474, -0.99999, -0.00454558, 1.02082, 0, 0, 0, 1
-0.999975, 0.000312006, 0.0070729, 0.290854, -0.00707139, 0.00461914, -0.999964, 0.849046, -0.000344665, -0.999989, -0.00461681, 1.02081, 0, 0, 0, 1
-0.999974, 0.000330976, 0.00720801, 0.290853, -0.00720638, 0.00469116, -0.999963, 0.849061, -0.000364778, -0.999989, -0.00468865, 1.02079, 0, 0, 0, 1
-0.999973, 0.000350106, 0.00734426, 0.290852, -0.00734251, 0.0047638, -0.999962, 0.849077, -0.000385079, -0.999989, -0.0047611, 1.02077, 0, 0, 0, 1
-0.999972, 0.000369394, 0.00748166, 0.290851, -0.00747979, 0.00483705, -0.99996, 0.849093, -0.000405569, -0.999988, -0.00483416, 1.02075, 0, 0, 0, 1
-0.999971, 0.000388842, 0.00762022, 0.290851, -0.00761822, 0.00491092, -0.999959, 0.84911, -0.000426248, -0.999988, -0.00490782, 1.02074, 0, 0, 0, 1
-0.99997, 0.000408447, 0.00775992, 0.29085, -0.00775779, 0.0049854, -0.999957, 0.849126, -0.000447116, -0.999987, -0.00498208, 1.02072, 0, 0, 0, 1
-0.999969, 0.000428212, 0.00790077, 0.290849, -0.0078985, 0.0050605, -0.999956, 0.849143, -0.000468175, -0.999987, -0.00505696, 1.0207, 0, 0, 0, 1
-0.999968, 0.000448135, 0.00804277, 0.290848, -0.00804037, 0.0051362, -0.999954, 0.849159, -0.000489424, -0.999987, -0.00513243, 1.02068, 0, 0, 0, 1
-0.999966, 0.000468216, 0.00818592, 0.290847, -0.00818337, 0.00521253, -0.999953, 0.849176, -0.000510864, -0.999986, -0.00520852, 1.02066, 0, 0, 0, 1
-0.999965, 0.000488456, 0.00833023, 0.290846, -0.00832753, 0.00528946, -0.999951, 0.849193, -0.000532495, -0.999986, -0.00528521, 1.02064, 0, 0, 0, 1
-0.999964, 0.000508855, 0.00847568, 0.290845, -0.00847282, 0.00536701, -0.99995, 0.84921, -0.000554318, -0.999985, -0.00536251, 1.02062, 0, 0, 0, 1
-0.999963, 0.000529411, 0.00862228, 0.290844, -0.00861927, 0.00544517, -0.999948, 0.849227, -0.000576333, -0.999985, -0.00544041, 1.0206, 0, 0, 0, 1
-0.999961, 0.000550126, 0.00877003, 0.290843, -0.00876685, 0.00552395, -0.999946, 0.849244, -0.000598541, -0.999985, -0.00551892, 1.02059, 0, 0, 0, 1
-0.99996, 0.000570999, 0.00891893, 0.290843, -0.00891559, 0.00560334, -0.999945, 0.849262, -0.000620943, -0.999984, -0.00559803, 1.02057, 0, 0, 0, 1
-0.999959, 0.00059203, 0.00906897, 0.290842, -0.00906547, 0.00568335, -0.999943, 0.849279, -0.000643538, -0.999984, -0.00567775, 1.02055, 0, 0, 0, 1
-0.999957, 0.000613219, 0.00922017, 0.290841, -0.00921649, 0.00576397, -0.999941, 0.849297, -0.000666327, -0.999983, -0.00575807, 1.02053, 0, 0, 0, 1
-0.999956, 0.000634565, 0.00937252, 0.29084, -0.00936865, 0.0058452, -0.999939, 0.849315, -0.000689311, -0.999983, -0.00583899, 1.02051, 0, 0, 0, 1
-0.999954, 0.00065607, 0.00952602, 0.290839, -0.00952197, 0.00592704, -0.999937, 0.849333, -0.00071249, -0.999982, -0.00592053, 1.02049, 0, 0, 0, 1
-0.999953, 0.000677733, 0.00968067, 0.290838, -0.00967642, 0.0060095, -0.999935, 0.849351, -0.000735865, -0.999982, -0.00600266, 1.02047, 0, 0, 0, 1
-0.999951, 0.000699553, 0.00983646, 0.290837, -0.00983202, 0.00609258, -0.999933, 0.849369, -0.000759435, -0.999981, -0.0060854, 1.02045, 0, 0, 0, 1
-0.99995, 0.00072153, 0.00999341, 0.290836, -0.00998876, 0.00617627, -0.999931, 0.849388, -0.000783203, -0.999981, -0.00616875, 1.02043, 0, 0, 0, 1
-0.999948, 0.000743666, 0.0101515, 0.290835, -0.0101467, 0.00626057, -0.999929, 0.849406, -0.000807167, -0.99998, -0.0062527, 1.02041, 0, 0, 0, 1
-0.999947, 0.000765959, 0.0103107, 0.290834, -0.0103057, 0.00634548, -0.999927, 0.849425, -0.000831329, -0.99998, -0.00633725, 1.02039, 0, 0, 0, 1
-0.999945, 0.000788409, 0.0104711, 0.290833, -0.0104659, 0.00643101, -0.999925, 0.849444, -0.000855689, -0.999979, -0.00642241, 1.02036, 0, 0, 0, 1
-0.999943, 0.000811016, 0.0106327, 0.290832, -0.0106272, 0.00651716, -0.999922, 0.849463, -0.000880248, -0.999978, -0.00650817, 1.02034, 0, 0, 0, 1
-0.999941, 0.000833781, 0.0107954, 0.290831, -0.0107896, 0.00660392, -0.99992, 0.849482, -0.000905006, -0.999978, -0.00659453, 1.02032, 0, 0, 0, 1
-0.99994, 0.000856703, 0.0109592, 0.29083, -0.0109533, 0.00669129, -0.999918, 0.849501, -0.000929964, -0.999977, -0.0066815, 1.0203, 0, 0, 0, 1
-0.999938, 0.000879782, 0.0111242, 0.290829, -0.011118, 0.00677927, -0.999915, 0.84952, -0.000955122, -0.999977, -0.00676907, 1.02028, 0, 0, 0, 1
-0.999936, 0.000903018, 0.0112904, 0.290828, -0.0112839, 0.00686787, -0.999913, 0.84954, -0.00098048, -0.999976, -0.00685724, 1.02026, 0, 0, 0, 1
-0.999934, 0.000926411, 0.0114577, 0.290827, -0.0114509, 0.00695709, -0.99991, 0.849559, -0.00100604, -0.999975, -0.00694602, 1.02024, 0, 0, 0, 1
-0.999932, 0.000949961, 0.0116261, 0.290826, -0.0116191, 0.00704692, -0.999908, 0.849579, -0.0010318, -0.999975, -0.0070354, 1.02021, 0, 0, 0, 1
-0.99993, 0.000973667, 0.0117957, 0.290825, -0.0117884, 0.00713736, -0.999905, 0.849599, -0.00105776, -0.999974, -0.00712538, 1.02019, 0, 0, 0, 1
-0.999928, 0.000997531, 0.0119664, 0.290824, -0.0119589, 0.00722842, -0.999902, 0.849619, -0.00108393, -0.999973, -0.00721597, 1.02017, 0, 0, 0, 1
-0.999926, 0.00102155, 0.0121383, 0.290823, -0.0121305, 0.00732009, -0.9999, 0.849639, -0.0011103, -0.999973, -0.00730715, 1.02015, 0, 0, 0, 1
-0.999924, 0.00104573, 0.0123113, 0.290821, -0.0123033, 0.00741237, -0.999897, 0.849659, -0.00113688, -0.999972, -0.00739894, 1.02013, 0, 0, 0, 1
-0.999921, 0.00107006, 0.0124855, 0.29082, -0.0124772, 0.00750527, -0.999894, 0.84968, -0.00116365, -0.999971, -0.00749133, 1.0201, 0, 0, 0, 1
-0.999919, 0.00109455, 0.0126609, 0.290819, -0.0126522, 0.00759879, -0.999891, 0.8497, -0.00119064, -0.999971, -0.00758432, 1.02008, 0, 0, 0, 1
-0.999917, 0.00111919, 0.0128374, 0.290818, -0.0128284, 0.00769291, -0.999888, 0.849721, -0.00121783, -0.99997, -0.00767792, 1.02006, 0, 0, 0, 1
-0.999915, 0.001144, 0.013015, 0.290817, -0.0130057, 0.00778766, -0.999885, 0.849742, -0.00124522, -0.999969, -0.00777211, 1.02003, 0, 0, 0, 1
-0.999912, 0.00116895, 0.0131938, 0.290816, -0.0131842, 0.00788301, -0.999882, 0.849763, -0.00127282, -0.999968, -0.00786691, 1.02001, 0, 0, 0, 1
-0.99991, 0.00119407, 0.0133737, 0.290815, -0.0133638, 0.00797898, -0.999879, 0.849784, -0.00130063, -0.999967, -0.00796231, 1.01999, 0, 0, 0, 1
-0.999907, 0.00121934, 0.0135548, 0.290814, -0.0135445, 0.00807557, -0.999876, 0.849805, -0.00132865, -0.999967, -0.0080583, 1.01996, 0, 0, 0, 1
-0.999905, 0.00124476, 0.013737, 0.290812, -0.0137264, 0.00817277, -0.999872, 0.849826, -0.00135687, -0.999966, -0.0081549, 1.01994, 0, 0, 0, 1
-0.999902, 0.00127034, 0.0139204, 0.290811, -0.0139094, 0.00827058, -0.999869, 0.849848, -0.00138531, -0.999965, -0.0082521, 1.01992, 0, 0, 0, 1
-0.9999, 0.00129608, 0.0141049, 0.29081, -0.0140936, 0.00836901, -0.999866, 0.84987, -0.00141395, -0.999964, -0.0083499, 1.01989, 0, 0, 0, 1
-0.999897, 0.00132197, 0.0142906, 0.290809, -0.0142789, 0.00846805, -0.999862, 0.849891, -0.0014428, -0.999963, -0.0084483, 1.01987, 0, 0, 0, 1
-0.999894, 0.00134802, 0.0144775, 0.290808, -0.0144654, 0.00856771, -0.999859, 0.849913, -0.00147187, -0.999962, -0.0085473, 1.01984, 0, 0, 0, 1
-0.999892, 0.00137422, 0.0146654, 0.290807, -0.014653, 0.00866798, -0.999855, 0.849935, -0.00150114, -0.999961, -0.0086469, 1.01982, 0, 0, 0, 1
-0.999889, 0.00140058, 0.0148546, 0.290805, -0.0148417, 0.00876887, -0.999851, 0.849957, -0.00153063, -0.999961, -0.0087471, 1.01979, 0, 0, 0, 1
-0.999886, 0.0014271, 0.0150448, 0.290804, -0.0150316, 0.00887037, -0.999848, 0.84998, -0.00156033, -0.99996, -0.0088479, 1.01977, 0, 0, 0, 1
-0.999883, 0.00145377, 0.0152363, 0.290803, -0.0152226, 0.00897248, -0.999844, 0.850002, -0.00159025, -0.999959, -0.0089493, 1.01975, 0, 0, 0, 1
-0.99988, 0.00148059, 0.0154288, 0.290802, -0.0154148, 0.00907521, -0.99984, 0.850025, -0.00162037, -0.999958, -0.0090513, 1.01972, 0, 0, 0, 1
-0.999877, 0.00150757, 0.0156226, 0.2908, -0.0156081, 0.00917856, -0.999836, 0.850047, -0.00165071, -0.999957, -0.0091539, 1.0197, 0, 0, 0, 1
-0.999874, 0.0015347, 0.0158174, 0.290799, -0.0158025, 0.00928252, -0.999832, 0.85007, -0.00168127, -0.999956, -0.00925709, 1.01967, 0, 0, 0, 1
-0.999871, 0.00156199, 0.0160135, 0.290798, -0.0159981, 0.00938709, -0.999828, 0.850093, -0.00171204, -0.999955, -0.00936088, 1.01964, 0, 0, 0, 1
-0.999867, 0.00158943, 0.0162106, 0.290797, -0.0161948, 0.00949228, -0.999824, 0.850116, -0.00174303, -0.999954, -0.00946528, 1.01962, 0, 0, 0, 1
-0.999864, 0.00161703, 0.0164089, 0.290795, -0.0163927, 0.00959808, -0.99982, 0.85014, -0.00177423, -0.999953, -0.00957027, 1.01959, 0, 0, 0, 1
-0.999861, 0.00164478, 0.0166084, 0.290794, -0.0165917, 0.0097045, -0.999815, 0.850163, -0.00180566, -0.999952, -0.00967586, 1.01957, 0, 0, 0, 1
-0.999857, 0.00167269, 0.016809, 0.290793, -0.0167918, 0.00981153, -0.999811, 0.850187, -0.0018373, -0.99995, -0.00978204, 1.01954, 0, 0, 0, 1
-0.999854, 0.00170075, 0.0170108, 0.290792, -0.0169931, 0.00991918, -0.999806, 0.85021, -0.00186916, -0.999949, -0.00988882, 1.01952, 0, 0, 0, 1
-0.99985, 0.00172897, 0.0172137, 0.29079, -0.0171955, 0.0100274, -0.999802, 0.850234, -0.00190123, -0.999948, -0.00999621, 1.01949, 0, 0, 0, 1
-0.999847, 0.00175734, 0.0174178, 0.290789, -0.0173991, 0.0101363, -0.999797, 0.850258, -0.00193353, -0.999947, -0.0101042, 1.01946, 0, 0, 0, 1
-0.999843, 0.00178586, 0.017623, 0.290788, -0.0176038, 0.0102458, -0.999793, 0.850282, -0.00196605, -0.999946, -0.0102128, 1.01944, 0, 0, 0, 1
-0.999839, 0.00181454, 0.0178293, 0.290786, -0.0178096, 0.0103559, -0.999788, 0.850306, -0.00199879, -0.999945, -0.0103219, 1.01941, 0, 0, 0, 1
-0.999836, 0.00184337, 0.0180369, 0.290785, -0.0180166, 0.0104666, -0.999783, 0.850331, -0.00203175, -0.999944, -0.0104317, 1.01938, 0, 0, 0, 1
-0.999832, 0.00187235, 0.0182455, 0.290784, -0.0182247, 0.010578, -0.999778, 0.850355, -0.00206494, -0.999942, -0.0105421, 1.01936, 0, 0, 0, 1
-0.999828, 0.00190149, 0.0184553, 0.290782, -0.018434, 0.0106899, -0.999773, 0.85038, -0.00209834, -0.999941, -0.010653, 1.01933, 0, 0, 0, 1
-0.999824, 0.00193078, 0.0186663, 0.290781, -0.0186444, 0.0108025, -0.999768, 0.850404, -0.00213198, -0.99994, -0.0107646, 1.0193, 0, 0, 0, 1
-0.99982, 0.00196023, 0.0188784, 0.290779, -0.0188559, 0.0109157, -0.999763, 0.850429, -0.00216583, -0.999939, -0.0108767, 1.01927, 0, 0, 0, 1
-0.999816, 0.00198982, 0.0190916, 0.290778, -0.0190686, 0.0110295, -0.999757, 0.850454, -0.00219991, -0.999937, -0.0109895, 1.01925, 0, 0, 0, 1
-0.999812, 0.00201958, 0.019306, 0.290777, -0.0192824, 0.0111439, -0.999752, 0.850479, -0.00223422, -0.999936, -0.0111028, 1.01922, 0, 0, 0, 1
-0.999807, 0.00204948, 0.0195216, 0.290775, -0.0194973, 0.0112589, -0.999747, 0.850505, -0.00226875, -0.999935, -0.0112168, 1.01919, 0, 0, 0, 1
-0.999803, 0.00207954, 0.0197383, 0.290774, -0.0197134, 0.0113745, -0.999741, 0.85053, -0.00230351, -0.999933, -0.0113313, 1.01916, 0, 0, 0, 1
-0.999799, 0.00210975, 0.0199561, 0.290772, -0.0199306, 0.0114908, -0.999735, 0.850556, -0.0023385, -0.999932, -0.0114464, 1.01913, 0, 0, 0, 1
-0.999794, 0.00214011, 0.0201751, 0.290771, -0.020149, 0.0116077, -0.99973, 0.850581, -0.00237372, -0.99993, -0.0115621, 1.01911, 0, 0, 0, 1
-0.99979, 0.00217063, 0.0203953, 0.29077, -0.0203685, 0.0117251, -0.999724, 0.850607, -0.00240917, -0.999929, -0.0116785, 1.01908, 0, 0, 0, 1
-0.999785, 0.0022013, 0.0206166, 0.290768, -0.0205891, 0.0118432, -0.999718, 0.850633, -0.00244484, -0.999927, -0.0117954, 1.01905, 0, 0, 0, 1
-0.99978, 0.00223212, 0.020839, 0.290767, -0.0208109, 0.011962, -0.999712, 0.850659, -0.00248075, -0.999926, -0.0119129, 1.01902, 0, 0, 0, 1
-0.999776, 0.00226309, 0.0210626, 0.290765, -0.0210338, 0.0120813, -0.999706, 0.850686, -0.00251689, -0.999924, -0.012031, 1.01899, 0, 0, 0, 1
-0.999771, 0.00229422, 0.0212873, 0.290764, -0.0212578, 0.0122012, -0.9997, 0.850712, -0.00255326, -0.999923, -0.0121497, 1.01896, 0, 0, 0, 1
-0.999766, 0.00232549, 0.0215132, 0.290762, -0.021483, 0.0123218, -0.999693, 0.850738, -0.00258986, -0.999921, -0.0122689, 1.01893, 0, 0, 0, 1
-0.999761, 0.00235692, 0.0217403, 0.290761, -0.0217093, 0.012443, -0.999687, 0.850765, -0.0026267, -0.99992, -0.0123888, 1.0189, 0, 0, 0, 1
-0.999756, 0.0023885, 0.0219685, 0.290759, -0.0219368, 0.0125648, -0.99968, 0.850792, -0.00266377, -0.999918, -0.0125093, 1.01887, 0, 0, 0, 1
-0.999751, 0.00242024, 0.0221978, 0.290758, -0.0221654, 0.0126872, -0.999674, 0.850819, -0.00270107, -0.999917, -0.0126304, 1.01884, 0, 0, 0, 1
-0.999745, 0.00245212, 0.0224283, 0.290756, -0.0223951, 0.0128102, -0.999667, 0.850846, -0.00273862, -0.999915, -0.012752, 1.01881, 0, 0, 0, 1
-0.99974, 0.00248416, 0.0226599, 0.290755, -0.0226259, 0.0129338, -0.99966, 0.850873, -0.00277639, -0.999913, -0.0128743, 1.01878, 0, 0, 0, 1
-0.999735, 0.00251635, 0.0228927, 0.290753, -0.0228579, 0.0130581, -0.999653, 0.8509, -0.00281441, -0.999912, -0.0129971, 1.01875, 0, 0, 0, 1
-0.999729, 0.00254869, 0.0231266, 0.290752, -0.0230911, 0.0131829, -0.999646, 0.850928, -0.00285266, -0.99991, -0.0131205, 1.01872, 0, 0, 0, 1
-0.999724, 0.00258118, 0.0233617, 0.29075, -0.0233253, 0.0133084, -0.999639, 0.850955, -0.00289115, -0.999908, -0.0132445, 1.01869, 0, 0, 0, 1
-0.999718, 0.00261382, 0.0235979, 0.290748, -0.0235607, 0.0134345, -0.999632, 0.850983, -0.00292988, -0.999906, -0.0133692, 1.01866, 0, 0, 0, 1
-0.999712, 0.00264661, 0.0238353, 0.290747, -0.0237973, 0.0135612, -0.999625, 0.851011, -0.00296885, -0.999905, -0.0134944, 1.01863, 0, 0, 0, 1
-0.999707, 0.00267955, 0.0240738, 0.290745, -0.0240349, 0.0136886, -0.999617, 0.851039, -0.00300806, -0.999903, -0.0136201, 1.0186, 0, 0, 0, 1
-0.999701, 0.00271265, 0.0243134, 0.290744, -0.0242737, 0.0138165, -0.99961, 0.851067, -0.00304752, -0.999901, -0.0137465, 1.01857, 0, 0, 0, 1
-0.999695, 0.00274589, 0.0245542, 0.290742, -0.0245137, 0.0139451, -0.999602, 0.851095, -0.00308721, -0.999899, -0.0138735, 1.01854, 0, 0, 0, 1
-0.999689, 0.00277929, 0.0247962, 0.29074, -0.0247547, 0.0140742, -0.999594, 0.851124, -0.00312715, -0.999897, -0.0140011, 1.01851, 0, 0, 0, 1
-0.999683, 0.00281284, 0.0250393, 0.290739, -0.0249969, 0.014204, -0.999587, 0.851152, -0.00316733, -0.999895, -0.0141292, 1.01848, 0, 0, 0, 1
-0.999676, 0.00284653, 0.0252836, 0.290737, -0.0252403, 0.0143344, -0.999579, 0.851181, -0.00320776, -0.999893, -0.014258, 1.01845, 0, 0, 0, 1
-0.99967, 0.00288038, 0.025529, 0.290735, -0.0254848, 0.0144655, -0.999571, 0.85121, -0.00324843, -0.999891, -0.0143873, 1.01841, 0, 0, 0, 1
-0.999664, 0.00291438, 0.0257755, 0.290734, -0.0257304, 0.0145971, -0.999562, 0.851239, -0.00328935, -0.999889, -0.0145172, 1.01838, 0, 0, 0, 1
-0.999657, 0.00294852, 0.0260232, 0.290732, -0.0259771, 0.0147294, -0.999554, 0.851268, -0.00333051, -0.999887, -0.0146477, 1.01835, 0, 0, 0, 1
-0.99965, 0.00298282, 0.0262721, 0.29073, -0.026225, 0.0148622, -0.999546, 0.851297, -0.00337192, -0.999885, -0.0147788, 1.01832, 0, 0, 0, 1
-0.999644, 0.00301726, 0.0265221, 0.290729, -0.026474, 0.0149957, -0.999537, 0.851326, -0.00341359, -0.999883, -0.0149105, 1.01829, 0, 0, 0, 1
-0.999637, 0.00305186, 0.0267732, 0.290727, -0.0267241, 0.0151298, -0.999528, 0.851356, -0.00345549, -0.999881, -0.0150428, 1.01825, 0, 0, 0, 1
-0.99963, 0.00308661, 0.0270255, 0.290725, -0.0269754, 0.0152645, -0.99952, 0.851386, -0.00349765, -0.999879, -0.0151756, 1.01822, 0, 0, 0, 1
-0.999623, 0.0031215, 0.0272789, 0.290724, -0.0272278, 0.0153999, -0.999511, 0.851415, -0.00354006, -0.999877, -0.0153091, 1.01819, 0, 0, 0, 1
-0.999616, 0.00315654, 0.0275335, 0.290722, -0.0274813, 0.0155358, -0.999502, 0.851445, -0.00358273, -0.999874, -0.0154431, 1.01815, 0, 0, 0, 1
-0.999609, 0.00319174, 0.0277892, 0.29072, -0.027736, 0.0156724, -0.999492, 0.851475, -0.00362564, -0.999872, -0.0155777, 1.01812, 0, 0, 0, 1
-0.999601, 0.00322708, 0.0280461, 0.290718, -0.0279918, 0.0158096, -0.999483, 0.851505, -0.00366881, -0.99987, -0.0157129, 1.01809, 0, 0, 0, 1
-0.999594, 0.00326257, 0.0283041, 0.290717, -0.0282487, 0.0159473, -0.999474, 0.851536, -0.00371223, -0.999868, -0.0158487, 1.01806, 0, 0, 0, 1
-0.999587, 0.00329821, 0.0285633, 0.290715, -0.0285067, 0.0160858, -0.999464, 0.851566, -0.00375591, -0.999865, -0.0159851, 1.01802, 0, 0, 0, 1
-0.999579, 0.003334, 0.0288236, 0.290713, -0.0287659, 0.0162248, -0.999454, 0.851597, -0.00379984, -0.999863, -0.016122, 1.01799, 0, 0, 0, 1
-0.999571, 0.00336994, 0.0290851, 0.290711, -0.0290262, 0.0163644, -0.999445, 0.851627, -0.00384403, -0.99986, -0.0162596, 1.01795, 0, 0, 0, 1
-0.999563, 0.00340602, 0.0293477, 0.29071, -0.0292877, 0.0165047, -0.999435, 0.851658, -0.00388847, -0.999858, -0.0163977, 1.01792, 0, 0, 0, 1
-0.999556, 0.00344226, 0.0296115, 0.290708, -0.0295503, 0.0166456, -0.999425, 0.851689, -0.00393317, -0.999856, -0.0165364, 1.01789, 0, 0, 0, 1
-0.999548, 0.00347864, 0.0298764, 0.290706, -0.029814, 0.016787, -0.999414, 0.85172, -0.00397814, -0.999853, -0.0166757, 1.01785, 0, 0, 0, 1
-0.999539, 0.00351517, 0.0301424, 0.290704, -0.0300788, 0.0169292, -0.999404, 0.851752, -0.00402336, -0.999851, -0.0168156, 1.01782, 0, 0, 0, 1
-0.999531, 0.00355184, 0.0304096, 0.290702, -0.0303448, 0.0170719, -0.999394, 0.851783, -0.00406884, -0.999848, -0.0169561, 1.01778, 0, 0, 0, 1
-0.999523, 0.00358867, 0.030678, 0.2907, -0.0306119, 0.0172152, -0.999383, 0.851815, -0.00411458, -0.999845, -0.0170971, 1.01775, 0, 0, 0, 1
-0.999514, 0.00362564, 0.0309475, 0.290699, -0.0308801, 0.0173592, -0.999372, 0.851846, -0.00416059, -0.999843, -0.0172388, 1.01772, 0, 0, 0, 1
-0.999506, 0.00366276, 0.0312181, 0.290697, -0.0311494, 0.0175037, -0.999361, 0.851878, -0.00420686, -0.99984, -0.017381, 1.01768, 0, 0, 0, 1
-0.999497, 0.00370003, 0.0314899, 0.290695, -0.0314199, 0.0176489, -0.99935, 0.85191, -0.00425339, -0.999837, -0.0175238, 1.01765, 0, 0, 0, 1
-0.999488, 0.00373745, 0.0317628, 0.290693, -0.0316915, 0.0177947, -0.999339, 0.851942, -0.00430019, -0.999835, -0.0176672, 1.01761, 0, 0, 0, 1
-0.99948, 0.00377501, 0.0320369, 0.290691, -0.0319643, 0.0179412, -0.999328, 0.851974, -0.00434725, -0.999832, -0.0178111, 1.01757, 0, 0, 0, 1
-0.999471, 0.00381272, 0.0323121, 0.290689, -0.0322381, 0.0180882, -0.999317, 0.852007, -0.00439458, -0.999829, -0.0179557, 1.01754, 0, 0, 0, 1
-0.999461, 0.00385057, 0.0325885, 0.290687, -0.0325131, 0.0182358, -0.999305, 0.852039, -0.00444217, -0.999826, -0.0181008, 1.0175, 0, 0, 0, 1
-0.999452, 0.00388857, 0.032866, 0.290685, -0.0327893, 0.0183841, -0.999293, 0.852072, -0.00449004, -0.999823, -0.0182465, 1.01747, 0, 0, 0, 1
-0.999443, 0.00392672, 0.0331447, 0.290683, -0.0330665, 0.018533, -0.999281, 0.852104, -0.00453817, -0.999821, -0.0183928, 1.01743, 0, 0, 0, 1
-0.999433, 0.00396502, 0.0334245, 0.290681, -0.0333449, 0.0186825, -0.999269, 0.852137, -0.00458657, -0.999818, -0.0185397, 1.0174, 0, 0, 0, 1
-0.999424, 0.00400346, 0.0337055, 0.290679, -0.0336244, 0.0188326, -0.999257, 0.85217, -0.00463525, -0.999815, -0.0186871, 1.01736, 0, 0, 0, 1
-0.999414, 0.00404205, 0.0339876, 0.290677, -0.033905, 0.0189833, -0.999245, 0.852203, -0.00468419, -0.999812, -0.0188352, 1.01732, 0, 0, 0, 1
-0.999404, 0.00408078, 0.0342708, 0.290676, -0.0341868, 0.0191347, -0.999232, 0.852237, -0.00473341, -0.999809, -0.0189838, 1.01729, 0, 0, 0, 1
-0.999394, 0.00411966, 0.0345552, 0.290674, -0.0344697, 0.0192867, -0.99922, 0.85227, -0.0047829, -0.999806, -0.019133, 1.01725, 0, 0, 0, 1
-0.999384, 0.00415869, 0.0348407, 0.290672, -0.0347537, 0.0194392, -0.999207, 0.852304, -0.00483267, -0.999802, -0.0192827, 1.01721, 0, 0, 0, 1
-0.999374, 0.00419786, 0.0351274, 0.29067, -0.0350388, 0.0195924, -0.999194, 0.852337, -0.00488271, -0.999799, -0.0194331, 1.01718, 0, 0, 0, 1
-0.999364, 0.00423718, 0.0354153, 0.290667, -0.0353251, 0.0197462, -0.999181, 0.852371, -0.00493302, -0.999796, -0.019584, 1.01714, 0, 0, 0, 1
-0.999353, 0.00427664, 0.0357042, 0.290665, -0.0356124, 0.0199007, -0.999168, 0.852405, -0.00498362, -0.999793, -0.0197355, 1.0171, 0, 0, 0, 1
-0.999343, 0.00431625, 0.0359944, 0.290663, -0.0359009, 0.0200557, -0.999154, 0.852439, -0.00503449, -0.99979, -0.0198876, 1.01707, 0, 0, 0, 1
-0.999332, 0.004356, 0.0362856, 0.290661, -0.0361906, 0.0202114, -0.999141, 0.852474, -0.00508564, -0.999786, -0.0200402, 1.01703, 0, 0, 0, 1
-0.999321, 0.0043959, 0.036578, 0.290659, -0.0364813, 0.0203677, -0.999127, 0.852508, -0.00513707, -0.999783, -0.0201935, 1.01699, 0, 0, 0, 1
-0.99931, 0.00443594, 0.0368716, 0.290657, -0.0367732, 0.0205246, -0.999113, 0.852543, -0.00518878, -0.99978, -0.0203473, 1.01695, 0, 0, 0, 1
-0.999299, 0.00447612, 0.0371663, 0.290655, -0.0370662, 0.0206821, -0.999099, 0.852577, -0.00524077, -0.999776, -0.0205017, 1.01692, 0, 0, 0, 1
-0.999288, 0.00451646, 0.0374622, 0.290653, -0.0373603, 0.0208402, -0.999085, 0.852612, -0.00529304, -0.999773, -0.0206566, 1.01688, 0, 0, 0, 1
-0.999276, 0.00455693, 0.0377592, 0.290651, -0.0376556, 0.020999, -0.99907, 0.852647, -0.0053456, -0.999769, -0.0208122, 1.01684, 0, 0, 0, 1
-0.999265, 0.00459755, 0.0380573, 0.290649, -0.037952, 0.0211583, -0.999056, 0.852682, -0.00539844, -0.999766, -0.0209683, 1.0168, 0, 0, 0, 1
-0.999253, 0.00463831, 0.0383566, 0.290647, -0.0382495, 0.0213183, -0.999041, 0.852717, -0.00545156, -0.999762, -0.021125, 1.01676, 0, 0, 0, 1
-0.999242, 0.00467922, 0.038657, 0.290644, -0.0385481, 0.0214789, -0.999026, 0.852753, -0.00550497, -0.999758, -0.0212822, 1.01672, 0, 0, 0, 1
-0.99923, 0.00472027, 0.0389586, 0.290642, -0.0388478, 0.0216401, -0.999011, 0.852788, -0.00555867, -0.999755, -0.0214401, 1.01669, 0, 0, 0, 1
-0.999218, 0.00476147, 0.0392613, 0.29064, -0.0391487, 0.0218019, -0.998996, 0.852824, -0.00561266, -0.999751, -0.0215985, 1.01665, 0, 0, 0, 1
-0.999205, 0.00480281, 0.0395652, 0.290638, -0.0394507, 0.0219644, -0.99898, 0.852859, -0.00566693, -0.999747, -0.0217575, 1.01661, 0, 0, 0, 1
-0.999193, 0.00484429, 0.0398702, 0.290636, -0.0397538, 0.0221275, -0.998964, 0.852895, -0.0057215, -0.999743, -0.021917, 1.01657, 0, 0, 0, 1
-0.999181, 0.00488591, 0.0401763, 0.290634, -0.040058, 0.0222911, -0.998949, 0.852931, -0.00577635, -0.99974, -0.0220772, 1.01653, 0, 0, 0, 1
-0.999168, 0.00492768, 0.0404836, 0.290631, -0.0403633, 0.0224554, -0.998933, 0.852967, -0.0058315, -0.999736, -0.0222379, 1.01649, 0, 0, 0, 1
-0.999155, 0.00496959, 0.0407921, 0.290629, -0.0406698, 0.0226204, -0.998917, 0.853004, -0.00588694, -0.999732, -0.0223991, 1.01645, 0, 0, 0, 1
-0.999142, 0.00501165, 0.0411017, 0.290627, -0.0409774, 0.0227859, -0.9989, 0.85304, -0.00594267, -0.999728, -0.022561, 1.01641, 0, 0, 0, 1
-0.999129, 0.00505384, 0.0414124, 0.290625, -0.0412861, 0.022952, -0.998884, 0.853077, -0.0059987, -0.999724, -0.0227234, 1.01637, 0, 0, 0, 1
-0.999116, 0.00509618, 0.0417243, 0.290622, -0.0415959, 0.0231188, -0.998867, 0.853113, -0.00605502, -0.99972, -0.0228864, 1.01633, 0, 0, 0, 1
-0.999103, 0.00513866, 0.0420373, 0.29062, -0.0419069, 0.0232862, -0.99885, 0.85315, -0.00611164, -0.999716, -0.0230499, 1.01629, 0, 0, 0, 1
-0.999089, 0.00518129, 0.0423514, 0.290618, -0.0422189, 0.0234542, -0.998833, 0.853187, -0.00616856, -0.999711, -0.0232141, 1.01625, 0, 0, 0, 1
-0.999076, 0.00522405, 0.0426668, 0.290616, -0.0425321, 0.0236228, -0.998816, 0.853224, -0.00622577, -0.999707, -0.0233788, 1.01621, 0, 0, 0, 1
-0.999062, 0.00526696, 0.0429832, 0.290613, -0.0428464, 0.023792, -0.998798, 0.853262, -0.00628329, -0.999703, -0.023544, 1.01617, 0, 0, 0, 1
