-0.999999, -0.000797434, -0.000797196, 0.290901, 0.000796858, 0.000424669, -1, 0.848124, 0.000797772, -1, -0.000424033, 1.02183, 0, 0, 0, 1
-0.999999, -0.000797338, -0.000796614, 0.290901, 0.000796275, 0.000424975, -1, 0.848124, 0.000797677, -1, -0.00042434, 1.02183, 0, 0, 0, 1
-0.999999, -0.000797051, -0.000794867, 0.290901, 0.000794528, 0.000425895, -1, 0.848124, 0.000797389, -1, -0.000425261, 1.02183, 0, 0, 0, 1
-0.999999, -0.000796571, -0.000791955, 0.290901, 0.000791615, 0.000427427, -1, 0.848125, 0.00079691, -1, -0.000426796, 1.02183, 0, 0, 0, 1
-0.999999, -0.0007959, -0.000787879, 0.290901, 0.000787537, 0.000429572, -1, 0.848125, 0.000796239, -1, -0.000428945, 1.02183, 0, 0, 0, 1
-0.999999, -0.000795038, -0.000782638, 0.290901, 0.000782295, 0.00043233, -1, 0.848126, 0.000795376, -1, -0.000431707, 1.02183, 0, 0, 0, 1
-0.999999, -0.000793983, -0.000776233, 0.290901, 0.000775887, 0.000435701, -1, 0.848127, 0.000794321, -1, -0.000435084, 1.02183, 0, 0, 0, 1
-0.999999, -0.000792737, -0.000768663, 0.290901, 0.000768315, 0.000439684, -1, 0.848128, 0.000793075, -1, -0.000439075, 1.02183, 0, 0, 0, 1
-0.999999, -0.000791299, -0.000759928, 0.290901, 0.000759577, 0.000444281, -1, 0.848129, 0.000791637, -1, -0.000443679, 1.02183, 0, 0, 0, 1
-0.999999, -0.00078967, -0.000750029, 0.290901, 0.000749674, 0.00044949, -1, 0.84813, 0.000790007, -1, -0.000448898, 1.02183, 0, 0, 0, 1
-0.999999, -0.000787848, -0.000738965, 0.290901, 0.000738607, 0.000455312, -1, 0.848131, 0.000788185, -1, -0.00045473, 1.02183, 0, 0, 0, 1
-0.999999, -0.000785835, -0.000726737, 0.290901, 0.000726374, 0.000461748, -1, 0.848133, 0.000786171, -1, -0.000461177, 1.02183, 0, 0, 0, 1
-0.999999, -0.000783631, -0.000713344, 0.290901, 0.000712977, 0.000468796, -1, 0.848134, 0.000783965, -1, -0.000468237, 1.02182, 0, 0, 0, 1
-0.999999, -0.000781235, -0.000698786, 0.290901, 0.000698414, 0.000476457, -1, 0.848136, 0.000781567, -1, -0.000475911, 1.02182, 0, 0, 0, 1
-0.999999, -0.000778647, -0.000683064, 0.290901, 0.000682687, 0.00048473, -1, 0.848138, 0.000778977, -1, -0.000484199, 1.02182, 0, 0, 0, 1
-0.999999, -0.000775867, -0.000666177, 0.290901, 0.000665794, 0.000493617, -1, 0.84814, 0.000776195, -1, -0.0004931, 1.02182, 0, 0, 0, 1
-0.999999, -0.000772896, -0.000648126, 0.2909, 0.000647737, 0.000503117, -1, 0.848142, 0.000773221, -1, -0.000502616, 1.02182, 0, 0, 0, 1
-1, -0.000769733, -0.000628909, 0.2909, 0.000628514, 0.000513229, -1, 0.848144, 0.000770055, -1, -0.000512745, 1.02181, 0, 0, 0, 1
-1, -0.000766378, -0.000608529, 0.2909, 0.000608127, 0.000523955, -1, 0.848146, 0.000766697, -1, -0.000523488, 1.02181, 0, 0, 0, 1
-1, -0.000762832, -0.000586983, 0.2909, 0.000586575, 0.000535293, -1, 0.848149, 0.000763146, -1, -0.000534845, 1.02181, 0, 0, 0, 1
-1, -0.000759094, -0.000564273, 0.2909, 0.000563858, 0.000547244, -1, 0.848152, 0.000759403, -1, -0.000546816, 1.02181, 0, 0, 0, 1
-1, -0.000755165, -0.000540399, 0.2909, 0.000539976, 0.000559808, -1, 0.848154, 0.000755467, -1, -0.0005594, 1.0218, 0, 0, 0, 1
-1, -0.000751044, -0.00051536, 0.2909, 0.000514929, 0.000572985, -1, 0.848157, 0.000751339, -1, -0.000572598, 1.0218, 0, 0, 0, 1
-1, -0.000746731, -0.000489156, 0.2909, 0.000488718, 0.000586775, -1, 0.84816, 0.000747018, -1, -0.00058641, 1.0218, 0, 0, 0, 1
-1, -0.000742227, -0.000461787, 0.2909, 0.000461341, 0.000601178, -1, 0.848164, 0.000742504, -1, -0.000600836, 1.02179, 0, 0, 0, 1
-1, -0.000737531, -0.000433254, 0.2909, 0.0004328, 0.000616194, -1, 0.848167, 0.000737798, -1, -0.000615875, 1.02179, 0, 0, 0, 1
-1, -0.000732644, -0.000403557, 0.2909, 0.000403094, 0.000631823, -1, 0.848171, 0.000732899, -1, -0.000631527, 1.02179, 0, 0, 0, 1
-1, -0.000727565, -0.000372694, 0.290899, 0.000372223, 0.000648064, -1, 0.848174, 0.000727807, -1, -0.000647793, 1.02178, 0, 0, 0, 1
-1, -0.000722295, -0.000340668, 0.290899, 0.000340187, 0.000664919, -1, 0.848178, 0.000722522, -1, -0.000664673, 1.02178, 0, 0, 0, 1
-1, -0.000716834, -0.000307476, 0.290899, 0.000306987, 0.000682387, -1, 0.848182, 0.000717043, -1, -0.000682166, 1.02178, 0, 0, 0, 1
-1, -0.00071118, -0.00027312, 0.290899, 0.000272622, 0.000700467, -1, 0.848186, 0.000711372, -1, -0.000700273, 1.02177, 0, 0, 0, 1
-1, -0.000705336, -0.000237599, 0.290899, 0.000237092, 0.000719161, -1, 0.84819, 0.000705506, -0.999999, -0.000718993, 1.02177, 0, 0, 0, 1
-1, -0.0006993, -0.000200914, 0.290899, 0.000200398, 0.000738467, -1, 0.848194, 0.000699448, -0.999999, -0.000738327, 1.02176, 0, 0, 0, 1
-1, -0.000693072, -0.000163064, 0.290899, 0.000162538, 0.000758386, -1, 0.848199, 0.000693196, -0.999999, -0.000758273, 1.02176, 0, 0, 0, 1
-1, -0.000686653, -0.000124049, 0.290898, 0.000123515, 0.000778919, -1, 0.848203, 0.00068675, -0.999999, -0.000778834, 1.02175, 0, 0, 0, 1
-1, -0.000680043, -8.38703e-05, 0.290898, 8.33262e-05, 0.000800064, -1, 0.848208, 0.00068011, -0.999999, -0.000800007, 1.02175, 0, 0, 0, 1
-1, -0.000673242, -4.25265e-05, 0.290898, 4.19732e-05, 0.000821822, -1, 0.848213, 0.000673276, -0.999999, -0.000821794, 1.02175, 0, 0, 0, 1
-1, -0.000666249, -1.81193e-08, 0.290898, -5.44324e-07, 0.000844194, -1, 0.848218, 0.000666249, -0.999999, -0.000844194, 1.02174, 0, 0, 0, 1
-1, -0.000659065, 4.36549e-05, 0.290898, -4.42264e-05, 0.000867178, -1, 0.848223, 0.000659026, -0.999999, -0.000867207, 1.02173, 0, 0, 0, 1
-1, -0.000651689, 8.84925e-05, 0.290898, -8.9073e-05, 0.000890775, -1, 0.848228, 0.00065161, -0.999999, -0.000890833, 1.02173, 0, 0, 0, 1
-1, -0.000644122, 0.000134495, 0.290898, -0.000135084, 0.000914986, -1, 0.848234, 0.000643999, -0.999999, -0.000915072, 1.02172, 0, 0, 0, 1
-1, -0.000636364, 0.000181662, 0.290897, -0.00018226, 0.000939809, -1, 0.848239, 0.000636193, -0.999999, -0.000939925, 1.02172, 0, 0, 0, 1
-1, -0.000628415, 0.000229993, 0.290897, -0.0002306, 0.000965245, -1, 0.848245, 0.000628193, -0.999999, -0.00096539, 1.02171, 0, 0, 0, 1
-1, -0.000620275, 0.000279489, 0.290897, -0.000280104, 0.000991295, -0.999999, 0.848251, 0.000619997, -0.999999, -0.000991468, 1.02171, 0, 0, 0, 1
-1, -0.000611943, 0.00033015, 0.290897, -0.000330773, 0.00101796, -0.999999, 0.848257, 0.000611607, -0.999999, -0.00101816, 1.0217, 0, 0, 0, 1
-1, -0.000603421, 0.000381975, 0.290897, -0.000382606, 0.00104523, -0.999999, 0.848263, 0.000603021, -0.999999, -0.00104546, 1.02169, 0, 0, 0, 1
-1, -0.000594707, 0.000434965, 0.290896, -0.000435603, 0.00107312, -0.999999, 0.848269, 0.00059424, -0.999999, -0.00107338, 1.02169, 0, 0, 0, 1
-1, -0.000585802, 0.00048912, 0.290896, -0.000489765, 0.00110162, -0.999999, 0.848276, 0.000585263, -0.999999, -0.00110191, 1.02168, 0, 0, 0, 1
-1, -0.000576706, 0.000544439, 0.290896, -0.000545091, 0.00113074, -0.999999, 0.848282, 0.00057609, -0.999999, -0.00113105, 1.02168, 0, 0, 0, 1
-1, -0.000567419, 0.000600923, 0.290896, -0.000601581, 0.00116047, -0.999999, 0.848289, 0.000566721, -0.999999, -0.00116081, 1.02167, 0, 0, 0, 1
-1, -0.000557941, 0.000658571, 0.290896, -0.000659235, 0.00119081, -0.999999, 0.848296, 0.000557156, -0.999999, -0.00119117, 1.02166, 0, 0, 0, 1
-1, -0.000548272, 0.000717384, 0.290895, -0.000718053, 0.00122176, -0.999999, 0.848303, 0.000547395, -0.999999, -0.00122215, 1.02165, 0, 0, 0, 1
-1, -0.000538412, 0.000777362, 0.290895, -0.000778036, 0.00125333, -0.999999, 0.84831, 0.000537438, -0.999999, -0.00125375, 1.02165, 0, 0, 0, 1
-1, -0.000528362, 0.000838504, 0.290895, -0.000839182, 0.00128551, -0.999999, 0.848317, 0.000527283, -0.999999, -0.00128595, 1.02164, 0, 0, 0, 1
-0.999999, -0.00051812, 0.000900811, 0.290895, -0.000901493, 0.0013183, -0.999999, 0.848324, 0.000516932, -0.999999, -0.00131877, 1.02163, 0, 0, 0, 1
-0.999999, -0.000507688, 0.000964282, 0.290894, -0.000964967, 0.00135171, -0.999999, 0.848332, 0.000506384, -0.999999, -0.0013522, 1.02163, 0, 0, 0, 1
-0.999999, -0.000497064, 0.00102892, 0.290894, -0.00102961, 0.00138573, -0.999999, 0.848339, 0.000495638, -0.999999, -0.00138624, 1.02162, 0, 0, 0, 1
-0.999999, -0.00048625, 0.00109472, 0.290894, -0.00109541, 0.00142036, -0.999998, 0.848347, 0.000484695, -0.999999, -0.00142089, 1.02161, 0, 0, 0, 1
-0.999999, -0.000475246, 0.00116168, 0.290894, -0.00116237, 0.00145561, -0.999998, 0.848355, 0.000473554, -0.999999, -0.00145616, 1.0216, 0, 0, 0, 1
-0.999999, -0.00046405, 0.00122981, 0.290893, -0.0012305, 0.00149147, -0.999998, 0.848363, 0.000462215, -0.999999, -0.00149204, 1.02159, 0, 0, 0, 1
-0.999999, -0.000452664, 0.00129911, 0.290893, -0.0012998, 0.00152794, -0.999998, 0.848371, 0.000450678, -0.999999, -0.00152853, 1.02159, 0, 0, 0, 1
-0.999999, -0.000441087, 0.00136957, 0.290893, -0.00137026, 0.00156502, -0.999998, 0.848379, 0.000438943, -0.999999, -0.00156563, 1.02158, 0, 0, 0, 1
-0.999999, -0.00042932, 0.00144119, 0.290893, -0.00144188, 0.00160272, -0.999998, 0.848388, 0.000427009, -0.999999, -0.00160334, 1.02157, 0, 0, 0, 1
-0.999999, -0.000417362, 0.00151398, 0.290892, -0.00151466, 0.00164103, -0.999998, 0.848396, 0.000414877, -0.999999, -0.00164166, 1.02156, 0, 0, 0, 1
-0.999999, -0.000405214, 0.00158793, 0.290892, -0.00158861, 0.00167996, -0.999997, 0.848405, 0.000402545, -0.999999, -0.0016806, 1.02155, 0, 0, 0, 1
-0.999999, -0.000392875, 0.00166305, 0.290892, -0.00166372, 0.0017195, -0.999997, 0.848414, 0.000390014, -0.999998, -0.00172015, 1.02154, 0, 0, 0, 1
-0.999998, -0.000380345, 0.00173933, 0.290891, -0.00174, 0.00175965, -0.999997, 0.848423, 0.000377284, -0.999998, -0.00176031, 1.02153, 0, 0, 0, 1
-0.999998, -0.000367626, 0.00181678, 0.290891, -0.00181744, 0.00180042, -0.999997, 0.848432, 0.000364354, -0.999998, -0.00180108, 1.02152, 0, 0, 0, 1
-0.999998, -0.000354716, 0.00189539, 0.290891, -0.00189604, 0.00184179, -0.999997, 0.848441, 0.000351223, -0.999998, -0.00184246, 1.02152, 0, 0, 0, 1
-0.999998, -0.000341615, 0.00197517, 0.29089, -0.00197581, 0.00188379, -0.999996, 0.848451, 0.000337893, -0.999998, -0.00188446, 1.02151, 0, 0, 0, 1
-0.999998, -0.000328324, 0.00205611, 0.29089, -0.00205673, 0.00192639, -0.999996, 0.84846, 0.000324362, -0.999998, -0.00192706, 1.0215, 0, 0, 0, 1
-0.999998, -0.000314844, 0.00213821, 0.29089, -0.00213883, 0.00196961, -0.999996, 0.84847, 0.000310631, -0.999998, -0.00197028, 1.02149, 0, 0, 0, 1
-0.999997, -0.000301172, 0.00222148, 0.29089, -0.00222208, 0.00201344, -0.999996, 0.84848, 0.000296698, -0.999998, -0.00201411, 1.02148, 0, 0, 0, 1
-0.999997, -0.000287311, 0.00230592, 0.290889, -0.0023065, 0.00205789, -0.999995, 0.84849, 0.000282564, -0.999998, -0.00205854, 1.02147, 0, 0, 0, 1
-0.999997, -0.00027326, 0.00239151, 0.290889, -0.00239208, 0.00210294, -0.999995, 0.8485, 0.000268229, -0.999998, -0.00210359, 1.02146, 0, 0, 0, 1
-0.999997, -0.000259018, 0.00247828, 0.290889, -0.00247883, 0.00214862, -0.999995, 0.84851, 0.000253692, -0.999998, -0.00214925, 1.02145, 0, 0, 0, 1
-0.999997, -0.000244587, 0.00256621, 0.290888, -0.00256674, 0.0021949, -0.999994, 0.84852, 0.000238953, -0.999998, -0.00219552, 1.02144, 0, 0, 0, 1
-0.999996, -0.000229965, 0.0026553, 0.290888, -0.00265581, 0.0022418, -0.999994, 0.848531, 0.000224011, -0.999997, -0.0022424, 1.02143, 0, 0, 0, 1
-0.999996, -0.000215154, 0.00274556, 0.290887, -0.00274604, 0.00228931, -0.999994, 0.848541, 0.000208867, -0.999997, -0.00228989, 1.02141, 0, 0, 0, 1
-0.999996, -0.000200153, 0.00283698, 0.290887, -0.00283744, 0.00233744, -0.999993, 0.848552, 0.00019352, -0.999997, -0.002338, 1.0214, 0, 0, 0, 1
-0.999996, -0.000184962, 0.00292956, 0.290887, -0.00293, 0.00238618, -0.999993, 0.848563, 0.00017797, -0.999997, -0.00238671, 1.02139, 0, 0, 0, 1
-0.999995, -0.000169581, 0.00302331, 0.290886, -0.00302372, 0.00243553, -0.999992, 0.848574, 0.000162216, -0.999997, -0.00243603, 1.02138, 0, 0, 0, 1
-0.999995, -0.00015401, 0.00311823, 0.290886, -0.0031186, 0.0024855, -0.999992, 0.848585, 0.000146259, -0.999997, -0.00248596, 1.02137, 0, 0, 0, 1
-0.999995, -0.00013825, 0.00321431, 0.290886, -0.00321465, 0.00253607, -0.999992, 0.848597, 0.000130097, -0.999997, -0.00253651, 1.02136, 0, 0, 0, 1
-0.999995, -0.0001223, 0.00331156, 0.290885, -0.00331186, 0.00258727, -0.999991, 0.848608, 0.000113731, -0.999997, -0.00258766, 1.02135, 0, 0, 0, 1
-0.999994, -0.00010616, 0.00340996, 0.290885, -0.00341023, 0.00263907, -0.999991, 0.84862, 9.71603e-05, -0.999997, -0.00263942, 1.02134, 0, 0, 0, 1
-0.999994, -8.98314e-05, 0.00350954, 0.290885, -0.00350977, 0.00269149, -0.99999, 0.848631, 8.03846e-05, -0.999996, -0.00269179, 1.02132, 0, 0, 0, 1
-0.999993, -7.33129e-05, 0.00361028, 0.290884, -0.00361046, 0.00274453, -0.99999, 0.848643, 6.34036e-05, -0.999996, -0.00274477, 1.02131, 0, 0, 0, 1
-0.999993, -5.66049e-05, 0.00371218, 0.290884, -0.00371232, 0.00279817, -0.999989, 0.848655, 4.6217e-05, -0.999996, -0.00279837, 1.0213, 0, 0, 0, 1
-0.999993, -3.97076e-05, 0.00381525, 0.290883, -0.00381534, 0.00285244, -0.999989, 0.848667, 2.88244e-05, -0.999996, -0.00285257, 1.02129, 0, 0, 0, 1
-0.999992, -2.2621e-05, 0.00391948, 0.290883, -0.00391953, 0.00290731, -0.999988, 0.84868, 1.12256e-05, -0.999996, -0.00290738, 1.02128, 0, 0, 0, 1
-0.999992, -5.34507e-06, 0.00402488, 0.290882, -0.00402487, 0.0029628, -0.999988, 0.848692, -6.57989e-06, -0.999996, -0.0029628, 1.02126, 0, 0, 0, 1
-0.999991, 1.21201e-05, 0.00413144, 0.290882, -0.00413138, 0.0030189, -0.999987, 0.848705, -2.45923e-05, -0.999995, -0.00301882, 1.02125, 0, 0, 0, 1
-0.999991, 2.97743e-05, 0.00423916, 0.290882, -0.00423905, 0.00307561, -0.999986, 0.848717, -4.2812e-05, -0.999995, -0.00307546, 1.02124, 0, 0, 0, 1
-0.999991, 4.76177e-05, 0.00434805, 0.290881, -0.00434788, 0.00313294, -0.999986, 0.84873, -6.12393e-05, -0.999995, -0.00313271, 1.02122, 0, 0, 0, 1
-0.99999, 6.56502e-05, 0.00445811, 0.290881, -0.00445788, 0.00319089, -0.999985, 0.848743, -7.98745e-05, -0.999995, -0.00319056, 1.02121, 0, 0, 0, 1
-0.99999, 8.38716e-05, 0.00456933, 0.29088, -0.00456903, 0.00324944, -0.999984, 0.848756, -9.8718e-05, -0.999995, -0.00324903, 1.0212, 0, 0, 0, 1
-0.999989, 0.000102282, 0.00468171, 0.29088, -0.00468135, 0.00330861, -0.999984, 0.84877, -0.00011777, -0.999995, -0.0033081, 1.02119, 0, 0, 0, 1
-0.999988, 0.000120881, 0.00479526, 0.290879, -0.00479483, 0.0033684, -0.999983, 0.848783, -0.000137031, -0.999994, -0.00336778, 1.02117, 0, 0, 0, 1
-0.999988, 0.000139669, 0.00490997, 0.290879, -0.00490947, 0.00342879, -0.999982, 0.848796, -0.000156502, -0.999994, -0.00342807, 1.02116, 0, 0, 0, 1
-0.999987, 0.000158646, 0.00502585, 0.290879, -0.00502527, 0.0034898, -0.999981, 0.84881, -0.000176182, -0.999994, -0.00348896, 1.02114, 0, 0, 0, 1
-0.999987, 0.000177811, 0.00514289, 0.290878, -0.00514223, 0.00355143, -0.99998, 0.848824, -0.000196073, -0.999994, -0.00355047, 1.02113, 0, 0, 0, 1
-0.999986, 0.000197166, 0.0052611, 0.290878, -0.00526035, 0.00361367, -0.99998, 0.848838, -0.000216173, -0.999993, -0.00361258, 1.02112, 0, 0, 0, 1
-0.999986, 0.000216708, 0.00538047, 0.290877, -0.00537964, 0.00367652, -0.999979, 0.848852, -0.000236485, -0.999993, -0.0036753, 1.0211, 0, 0, 0, 1
-0.999985, 0.000236439, 0.00550101, 0.290877, -0.00550008, 0.00373999, -0.999978, 0.848866, -0.000257008, -0.999993, -0.00373863, 1.02109, 0, 0, 0, 1
-0.999984, 0.000256359, 0.00562271, 0.290876, -0.00562169, 0.00380407, -0.999977, 0.84888, -0.000277742, -0.999993, -0.00380257, 1.02107, 0, 0, 0, 1
-0.999983, 0.000276467, 0.00574557, 0.290876, -0.00574446, 0.00386876, -0.999976, 0.848895, -0.000298689, -0.999992, -0.00386711, 1.02106, 0, 0, 0, 1
-0.999983, 0.000296763, 0.0058696, 0.290875, -0.00586839, 0.00393407, -0.999975, 0.84891, -0.000319847, -0.999992, -0.00393226, 1.02104, 0, 0, 0, 1
-0.999982, 0.000317248, 0.00599479, 0.290875, -0.00599348, 0.00399999, -0.999974, 0.848924, -0.000341219, -0.999992, -0.00399802, 1.02103, 0, 0, 0, 1
-0.999981, 0.000337921, 0.00612115, 0.290874, -0.00611973, 0.00406653, -0.999973, 0.848939, -0.000362804, -0.999992, -0.00406439, 1.02102, 0, 0, 0, 1
-0.99998, 0.000358782, 0.00624867, 0.290874, -0.00624714, 0.00413368, -0.999972, 0.848954, -0.000384602, -0.999991, -0.00413136, 1.021, 0, 0, 0, 1
-0.99998, 0.000379831, 0.00637736, 0.290873, -0.00637571, 0.00420144, -0.999971, 0.848969, -0.000406614, -0.999991, -0.00419894, 1.02098, 0, 0, 0, 1
-0.999979, 0.000401068, 0.00650721, 0.290873, -0.00650544, 0.00426982, -0.99997, 0.848985, -0.00042884, -0.999991, -0.00426712, 1.02097, 0, 0, 0, 1
-0.999978, 0.000422492, 0.00663823, 0.290872, -0.00663633, 0.00433881, -0.999969, 0.849, -0.000451281, -0.99999, -0.00433591, 1.02095, 0, 0, 0, 1
-0.999977, 0.000444105, 0.00677041, 0.290872, -0.00676838, 0.00440842, -0.999967, 0.849016, -0.000473938, -0.99999, -0.00440531, 1.02094, 0, 0, 0, 1
-0.999976, 0.000465906, 0.00690375, 0.290871, -0.0069016, 0.00447864, -0.999966, 0.849031, -0.000496809, -0.99999, -0.00447532, 1.02092, 0, 0, 0, 1
-0.999975, 0.000487894, 0.00703826, 0.29087, -0.00703597, 0.00454948, -0.999965, 0.849047, -0.000519897, -0.99999, -0.00454593, 1.02091, 0, 0, 0, 1
-0.999974, 0.00051007, 0.00717394, 0.29087, -0.0071715, 0.00462092, -0.999964, 0.849063, -0.000543201, -0.999989, -0.00461715, 1.02089, 0, 0, 0, 1
-0.999973, 0.000532433, 0.00731077, 0.290869, -0.0073082, 0.00469299, -0.999962, 0.849079, -0.000566723, -0.999989, -0.00468897, 1.02087, 0, 0, 0, 1
-0.999972, 0.000554984, 0.00744878, 0.290869, -0.00744605, 0.00476566, -0.999961, 0.849096, -0.000590461, -0.999988, -0.0047614, 1.02086, 0, 0, 0, 1
-0.999971, 0.000577723, 0.00758794, 0.290868, -0.00758506, 0.00483895, -0.99996, 0.849112, -0.000614417, -0.999988, -0.00483443, 1.02084, 0, 0, 0, 1
-0.99997, 0.000600648, 0.00772827, 0.290868, -0.00772523, 0.00491286, -0.999958, 0.849129, -0.000638591, -0.999988, -0.00490807, 1.02083, 0, 0, 0, 1
-0.999969, 0.000623761, 0.00786977, 0.290867, -0.00786656, 0.00498738, -0.999957, 0.849145, -0.000662984, -0.999987, -0.00498232, 1.02081, 0, 0, 0, 1
-0.999968, 0.000647062, 0.00801243, 0.290867, -0.00800905, 0.00506251, -0.999955, 0.849162, -0.000687596, -0.999987, -0.00505717, 1.02079, 0, 0, 0, 1
-0.999967, 0.000670549, 0.00815625, 0.290866, -0.0081527, 0.00513826, -0.999954, 0.849179, -0.000712427, -0.999987, -0.00513262, 1.02077, 0, 0, 0, 1
-0.999965, 0.000694223, 0.00830124, 0.290865, -0.00829751, 0.00521462, -0.999952, 0.849196, -0.000737478, -0.999986, -0.00520868, 1.02076, 0, 0, 0, 1
-0.999964, 0.000718085, 0.0084474, 0.290865, -0.00844348, 0.0052916, -0.99995, 0.849213, -0.000762749, -0.999986, -0.00528534, 1.02074, 0, 0, 0, 1
-0.999963, 0.000742133, 0.00859471, 0.290864, -0.00859061, 0.00536919, -0.999949, 0.849231, -0.000788242, -0.999985, -0.00536261, 1.02072, 0, 0, 0, 1
-0.999961, 0.000766368, 0.0087432, 0.290864, -0.00873889, 0.00544739, -0.999947, 0.849248, -0.000813955, -0.999985, -0.00544049, 1.02071, 0, 0, 0, 1
-0.99996, 0.00079079, 0.00889284, 0.290863, -0.00888834, 0.00552621, -0.999945, 0.849266, -0.000839891, -0.999984, -0.00551896, 1.02069, 0, 0, 0, 1
-0.999959, 0.000815399, 0.00904365, 0.290862, -0.00903894, 0.00560565, -0.999943, 0.849284, -0.000866048, -0.999984, -0.00559805, 1.02067, 0, 0, 0, 1
-0.999957, 0.000840194, 0.00919563, 0.290862, -0.00919071, 0.00568569, -0.999942, 0.849302, -0.000892429, -0.999983, -0.00567773, 1.02065, 0, 0, 0, 1
-0.999956, 0.000865176, 0.00934877, 0.290861, -0.00934363, 0.00576636, -0.99994, 0.84932, -0.000919032, -0.999983, -0.00575802, 1.02063, 0, 0, 0, 1
-0.999954, 0.000890344, 0.00950307, 0.29086, -0.00949771, 0.00584763, -0.999938, 0.849338, -0.000945859, -0.999983, -0.00583891, 1.02062, 0, 0, 0, 1
-0.999953, 0.000915699, 0.00965854, 0.29086, -0.00965294, 0.00592953, -0.999936, 0.849356, -0.00097291, -0.999982, -0.00592041, 1.0206, 0, 0, 0, 1
-0.999951, 0.000941239, 0.00981517, 0.290859, -0.00980934, 0.00601203, -0.999934, 0.849375, -0.00100019, -0.999981, -0.00600251, 1.02058, 0, 0, 0, 1
-0.99995, 0.000966966, 0.00997297, 0.290858, -0.00996689, 0.00609515, -0.999932, 0.849393, -0.00102769, -0.999981, -0.00608521, 1.02056, 0, 0, 0, 1
-0.999948, 0.00099288, 0.0101319, 0.290858, -0.0101256, 0.00617889, -0.99993, 0.849412, -0.00105541, -0.99998, -0.00616851, 1.02054, 0, 0, 0, 1
-0.999947, 0.00101898, 0.0102921, 0.290857, -0.0102855, 0.00626324, -0.999927, 0.849431, -0.00108337, -0.99998, -0.00625242, 1.02052, 0, 0, 0, 1
-0.999945, 0.00104526, 0.0104533, 0.290856, -0.0104465, 0.0063482, -0.999925, 0.84945, -0.00111155, -0.999979, -0.00633693, 1.0205, 0, 0, 0, 1
-0.999943, 0.00107173, 0.0106158, 0.290856, -0.0106087, 0.00643378, -0.999923, 0.849469, -0.00113995, -0.999979, -0.00642204, 1.02048, 0, 0, 0, 1
-0.999941, 0.00109839, 0.0107794, 0.290855, -0.010772, 0.00651997, -0.999921, 0.849488, -0.00116859, -0.999978, -0.00650776, 1.02047, 0, 0, 0, 1
-0.999939, 0.00112523, 0.0109442, 0.290854, -0.0109365, 0.00660678, -0.999918, 0.849508, -0.00119745, -0.999978, -0.00659408, 1.02045, 0, 0, 0, 1
-0.999938, 0.00115226, 0.0111101, 0.290854, -0.0111022, 0.0066942, -0.999916, 0.849527, -0.00122654, -0.999977, -0.00668099, 1.02043, 0, 0, 0, 1
-0.999936, 0.00117948, 0.0112772, 0.290853, -0.011269, 0.00678224, -0.999914, 0.849547, -0.00125586, -0.999976, -0.00676852, 1.02041, 0, 0, 0, 1
-0.999934, 0.00120687, 0.0114455, 0.290852, -0.011437, 0.00687089, -0.999911, 0.849567, -0.00128541, -0.999976, -0.00685664, 1.02039, 0, 0, 0, 1
-0.999932, 0.00123446, 0.011615, 0.290852, -0.0116061, 0.00696016, -0.999908, 0.849587, -0.00131519, -0.999975, -0.00694536, 1.02037, 0, 0, 0, 1
-0.99993, 0.00126223, 0.0117856, 0.290851, -0.0117764, 0.00705004, -0.999906, 0.849607, -0.0013452, -0.999974, -0.00703468, 1.02035, 0, 0, 0, 1
-0.999928, 0.00129018, 0.0119573, 0.29085, -0.0119478, 0.00714054, -0.999903, 0.849627, -0.00137544, -0.999974, -0.00712461, 1.02033, 0, 0, 0, 1
-0.999926, 0.00131832, 0.0121303, 0.290849, -0.0121204, 0.00723165, -0.9999, 0.849648, -0.00140591, -0.999973, -0.00721514, 1.02031, 0, 0, 0, 1
-0.999923, 0.00134665, 0.0123044, 0.290849, -0.0122942, 0.00732338, -0.999898, 0.849668, -0.00143662, -0.999972, -0.00730626, 1.02029, 0, 0, 0, 1
-0.999921, 0.00137516, 0.0124796, 0.290848, -0.0124691, 0.00741572, -0.999895, 0.849689, -0.00146756, -0.999972, -0.00739799, 1.02027, 0, 0, 0, 1
-0.999919, 0.00140385, 0.012656, 0.290847, -0.0126452, 0.00750868, -0.999892, 0.84971, -0.00149873, -0.999971, -0.00749032, 1.02024, 0, 0, 0, 1
-0.999917, 0.00143273, 0.0128336, 0.290846, -0.0128224, 0.00760225, -0.999889, 0.849731, -0.00153014, -0.99997, -0.00758324, 1.02022, 0, 0, 0, 1
-0.999914, 0.0014618, 0.0130124, 0.290846, -0.0130008, 0.00769643, -0.999886, 0.849752, -0.00156178, -0.999969, -0.00767677, 1.0202, 0, 0, 0, 1
-0.999912, 0.00149104, 0.0131923, 0.290845, -0.0131803, 0.00779123, -0.999883, 0.849773, -0.00159365, -0.999969, -0.0077709, 1.02018, 0, 0, 0, 1
-0.999909, 0.00152048, 0.0133734, 0.290844, -0.013361, 0.00788665, -0.99988, 0.849794, -0.00162577, -0.999968, -0.00786562, 1.02016, 0, 0, 0, 1
-0.999907, 0.0015501, 0.0135556, 0.290843, -0.0135428, 0.00798268, -0.999876, 0.849816, -0.00165811, -0.999967, -0.00796095, 1.02014, 0, 0, 0, 1
-0.999904, 0.0015799, 0.013739, 0.290843, -0.0137258, 0.00807933, -0.999873, 0.849838, -0.0016907, -0.999966, -0.00805687, 1.02012, 0, 0, 0, 1
-0.999902, 0.00160988, 0.0139236, 0.290842, -0.01391, 0.00817659, -0.99987, 0.849859, -0.00172352, -0.999965, -0.00815339, 1.0201, 0, 0, 0, 1
-0.999899, 0.00164005, 0.0141093, 0.290841, -0.0140953, 0.00827447, -0.999866, 0.849881, -0.00175658, -0.999964, -0.00825051, 1.02007, 0, 0, 0, 1
-0.999896, 0.00167041, 0.0142962, 0.29084, -0.0142818, 0.00837296, -0.999863, 0.849903, -0.00178988, -0.999964, -0.00834823, 1.02005, 0, 0, 0, 1
-0.999894, 0.00170094, 0.0144843, 0.290839, -0.0144694, 0.00847206, -0.999859, 0.849926, -0.00182342, -0.999963, -0.00844655, 1.02003, 0, 0, 0, 1
-0.999891, 0.00173167, 0.0146735, 0.290839, -0.0146582, 0.00857179, -0.999856, 0.849948, -0.00185719, -0.999962, -0.00854547, 1.02001, 0, 0, 0, 1
-0.999888, 0.00176257, 0.0148639, 0.290838, -0.0148481, 0.00867212, -0.999852, 0.84997, -0.00189121, -0.999961, -0.00864498, 1.01998, 0, 0, 0, 1
-0.999885, 0.00179366, 0.0150555, 0.290837, -0.0150392, 0.00877308, -0.999848, 0.849993, -0.00192547, -0.99996, -0.00874509, 1.01996, 0, 0, 0, 1
-0.999882, 0.00182493, 0.0152482, 0.290836, -0.0152314, 0.00887464, -0.999845, 0.850016, -0.00195997, -0.999959, -0.0088458, 1.01994, 0, 0, 0, 1
-0.999879, 0.00185639, 0.0154421, 0.290835, -0.0154248, 0.00897683, -0.999841, 0.850039, -0.00199471, -0.999958, -0.00894711, 1.01992, 0, 0, 0, 1
-0.999876, 0.00188803, 0.0156371, 0.290834, -0.0156193, 0.00907963, -0.999837, 0.850062, -0.0020297, -0.999957, -0.00904901, 1.01989, 0, 0, 0, 1
-0.999873, 0.00191985, 0.0158333, 0.290834, -0.015815, 0.00918304, -0.999833, 0.850085, -0.00206492, -0.999956, -0.00915151, 1.01987, 0, 0, 0, 1
-0.99987, 0.00195185, 0.0160307, 0.290833, -0.0160119, 0.00928707, -0.999829, 0.850108, -0.0021004, -0.999955, -0.00925461, 1.01985, 0, 0, 0, 1
-0.999866, 0.00198404, 0.0162292, 0.290832, -0.0162099, 0.00939171, -0.999825, 0.850132, -0.00213611, -0.999954, -0.0093583, 1.01982, 0, 0, 0, 1
-0.999863, 0.00201641, 0.0164289, 0.290831, -0.0164091, 0.00949697, -0.99982, 0.850155, -0.00217207, -0.999953, -0.00946259, 1.0198, 0, 0, 0, 1
-0.99986, 0.00204896, 0.0166298, 0.29083, -0.0166094, 0.00960285, -0.999816, 0.850179, -0.00220828, -0.999952, -0.00956747, 1.01978, 0, 0, 0, 1
-0.999856, 0.0020817, 0.0168318, 0.290829, -0.0168109, 0.00970934, -0.999812, 0.850203, -0.00224473, -0.999951, -0.00967295, 1.01975, 0, 0, 0, 1
-0.999853, 0.00211462, 0.017035, 0.290828, -0.0170135, 0.00981645, -0.999807, 0.850227, -0.00228143, -0.99995, -0.00977902, 1.01973, 0, 0, 0, 1
-0.999849, 0.00214772, 0.0172394, 0.290827, -0.0172172, 0.00992417, -0.999803, 0.850251, -0.00231838, -0.999948, -0.00988569, 1.01971, 0, 0, 0, 1
-0.999845, 0.002181, 0.0174449, 0.290827, -0.0174222, 0.0100325, -0.999798, 0.850275, -0.00235558, -0.999947, -0.00999296, 1.01968, 0, 0, 0, 1
-0.999842, 0.00221447, 0.0176516, 0.290826, -0.0176282, 0.0101415, -0.999793, 0.8503, -0.00239302, -0.999946, -0.0101008, 1.01966, 0, 0, 0, 1
-0.999838, 0.00224812, 0.0178594, 0.290825, -0.0178355, 0.010251, -0.999788, 0.850324, -0.00243072, -0.999945, -0.0102093, 1.01963, 0, 0, 0, 1
-0.999834, 0.00228195, 0.0180684, 0.290824, -0.0180439, 0.0103612, -0.999784, 0.850349, -0.00246866, -0.999944, -0.0103183, 1.01961, 0, 0, 0, 1
-0.99983, 0.00231596, 0.0182786, 0.290823, -0.0182534, 0.010472, -0.999779, 0.850374, -0.00250686, -0.999942, -0.010428, 1.01958, 0, 0, 0, 1
-0.999826, 0.00235015, 0.0184899, 0.290822, -0.0184641, 0.0105834, -0.999774, 0.850399, -0.00254531, -0.999941, -0.0105382, 1.01956, 0, 0, 0, 1
-0.999822, 0.00238453, 0.0187024, 0.290821, -0.0186759, 0.0106955, -0.999768, 0.850424, -0.00258401, -0.99994, -0.010649, 1.01953, 0, 0, 0, 1
-0.999818, 0.00241908, 0.0189161, 0.29082, -0.0188889, 0.0108081, -0.999763, 0.850449, -0.00262296, -0.999939, -0.0107605, 1.01951, 0, 0, 0, 1
-0.999814, 0.00245382, 0.0191309, 0.290819, -0.019103, 0.0109214, -0.999758, 0.850474, -0.00266216, -0.999937, -0.0108725, 1.01948, 0, 0, 0, 1
-0.99981, 0.00248874, 0.0193469, 0.290818, -0.0193183, 0.0110353, -0.999752, 0.8505, -0.00270162, -0.999936, -0.0109851, 1.01946, 0, 0, 0, 1
-0.999805, 0.00252384, 0.0195641, 0.290817, -0.0195348, 0.0111498, -0.999747, 0.850525, -0.00274134, -0.999935, -0.0110983, 1.01943, 0, 0, 0, 1
-0.999801, 0.00255913, 0.0197824, 0.290816, -0.0197524, 0.0112649, -0.999741, 0.850551, -0.00278131, -0.999933, -0.0112121, 1.01941, 0, 0, 0, 1
-0.999797, 0.00259459, 0.0200019, 0.290815, -0.0199711, 0.0113806, -0.999736, 0.850577, -0.00282154, -0.999932, -0.0113265, 1.01938, 0, 0, 0, 1
-0.999792, 0.00263023, 0.0202225, 0.290814, -0.020191, 0.0114969, -0.99973, 0.850603, -0.00286202, -0.99993, -0.0114414, 1.01936, 0, 0, 0, 1
-0.999787, 0.00266606, 0.0204443, 0.290813, -0.020412, 0.0116139, -0.999724, 0.850629, -0.00290276, -0.999929, -0.011557, 1.01933, 0, 0, 0, 1
-0.999783, 0.00270206, 0.0206673, 0.290812, -0.0206342, 0.0117315, -0.999718, 0.850656, -0.00294376, -0.999928, -0.0116732, 1.0193, 0, 0, 0, 1
-0.999778, 0.00273825, 0.0208914, 0.290811, -0.0208576, 0.0118497, -0.999712, 0.850682, -0.00298502, -0.999926, -0.0117899, 1.01928, 0, 0, 0, 1
-0.999773, 0.00277461, 0.0211167, 0.29081, -0.0210821, 0.0119685, -0.999706, 0.850709, -0.00302653, -0.999925, -0.0119073, 1.01925, 0, 0, 0, 1
-0.999768, 0.00281116, 0.0213432, 0.290809, -0.0213077, 0.0120879, -0.9997, 0.850736, -0.00306831, -0.999923, -0.0120252, 1.01922, 0, 0, 0, 1
-0.999763, 0.00284789, 0.0215708, 0.290808, -0.0215345, 0.0122079, -0.999694, 0.850762, -0.00311035, -0.999921, -0.0121437, 1.0192, 0, 0, 0, 1
-0.999758, 0.00288479, 0.0217996, 0.290807, -0.0217624, 0.0123286, -0.999687, 0.85079, -0.00315265, -0.99992, -0.0122628, 1.01917, 0, 0, 0, 1
-0.999753, 0.00292188, 0.0220295, 0.290806, -0.0219915, 0.0124499, -0.999681, 0.850817, -0.00319521, -0.999918, -0.0123825, 1.01914, 0, 0, 0, 1
-0.999748, 0.00295915, 0.0222606, 0.290805, -0.0222218, 0.0125717, -0.999674, 0.850844, -0.00323804, -0.999917, -0.0125028, 1.01912, 0, 0, 0, 1
-0.999743, 0.00299659, 0.0224929, 0.290804, -0.0224531, 0.0126942, -0.999667, 0.850871, -0.00328113, -0.999915, -0.0126237, 1.01909, 0, 0, 0, 1
-0.999737, 0.00303422, 0.0227263, 0.290803, -0.0226857, 0.0128174, -0.99966, 0.850899, -0.00332448, -0.999913, -0.0127452, 1.01906, 0, 0, 0, 1
-0.999732, 0.00307203, 0.0229609, 0.290802, -0.0229194, 0.0129411, -0.999654, 0.850927, -0.0033681, -0.999912, -0.0128672, 1.01903, 0, 0, 0, 1
-0.999726, 0.00311001, 0.0231967, 0.290801, -0.0231542, 0.0130655, -0.999647, 0.850955, -0.00341199, -0.99991, -0.0129899, 1.01901, 0, 0, 0, 1
-0.99972, 0.00314817, 0.0234336, 0.290799, -0.0233902, 0.0131904, -0.999639, 0.850983, -0.00345614, -0.999908, -0.0131131, 1.01898, 0, 0, 0, 1
-0.999715, 0.00318652, 0.0236717, 0.290798, -0.0236273, 0.013316, -0.999632, 0.851011, -0.00350056, -0.999906, -0.0132369, 1.01895, 0, 0, 0, 1
-0.999709, 0.00322504, 0.0239109, 0.290797, -0.0238656, 0.0134422, -0.999625, 0.851039, -0.00354525, -0.999904, -0.0133613, 1.01892, 0, 0, 0, 1
-0.999703, 0.00326374, 0.0241514, 0.290796, -0.024105, 0.013569, -0.999617, 0.851068, -0.0035902, -0.999903, -0.0134863, 1.0189, 0, 0, 0, 1
-0.999697, 0.00330262, 0.0243929, 0.290795, -0.0243456, 0.0136965, -0.99961, 0.851096, -0.00363543, -0.999901, -0.0136119, 1.01887, 0, 0, 0, 1
-0.999691, 0.00334168, 0.0246357, 0.290794, -0.0245873, 0.0138245, -0.999602, 0.851125, -0.00368093, -0.999899, -0.0137381, 1.01884, 0, 0, 0, 1
-0.999685, 0.00338092, 0.0248796, 0.290793, -0.0248301, 0.0139532, -0.999594, 0.851154, -0.00372669, -0.999897, -0.0138649, 1.01881, 0, 0, 0, 1
-0.999678, 0.00342033, 0.0251246, 0.290792, -0.0250741, 0.0140825, -0.999586, 0.851183, -0.00377273, -0.999895, -0.0139922, 1.01878, 0, 0, 0, 1
-0.999672, 0.00345992, 0.0253708, 0.29079, -0.0253193, 0.0142124, -0.999578, 0.851212, -0.00381905, -0.999893, -0.0141201, 1.01875, 0, 0, 0, 1
-0.999666, 0.0034997, 0.0256182, 0.290789, -0.0255656, 0.0143429, -0.99957, 0.851241, -0.00386563, -0.999891, -0.0142486, 1.01872, 0, 0, 0, 1
-0.999659, 0.00353964, 0.0258668, 0.290788, -0.025813, 0.014474, -0.999562, 0.85127, -0.00391249, -0.999889, -0.0143777, 1.0187, 0, 0, 0, 1
-0.999652, 0.00357977, 0.0261165, 0.290787, -0.0260616, 0.0146058, -0.999554, 0.8513, -0.00395963, -0.999887, -0.0145074, 1.01867, 0, 0, 0, 1
-0.999646, 0.00362008, 0.0263674, 0.290786, -0.0263113, 0.0147382, -0.999545, 0.85133, -0.00400704, -0.999885, -0.0146377, 1.01864, 0, 0, 0, 1
-0.999639, 0.00366056, 0.0266194, 0.290785, -0.0265622, 0.0148712, -0.999537, 0.851359, -0.00405472, -0.999883, -0.0147685, 1.01861, 0, 0, 0, 1
-0.999632, 0.00370122, 0.0268726, 0.290783, -0.0268142, 0.0150048, -0.999528, 0.851389, -0.00410269, -0.999881, -0.0149, 1.01858, 0, 0, 0, 1
-0.999625, 0.00374206, 0.027127, 0.290782, -0.0270674, 0.015139, -0.999519, 0.851419, -0.00415093, -0.999878, -0.015032, 1.01855, 0, 0, 0, 1
-0.999618, 0.00378307, 0.0273825, 0.290781, -0.0273217, 0.0152738, -0.99951, 0.85145, -0.00419945, -0.999876, -0.0151646, 1.01852, 0, 0, 0, 1
-0.999611, 0.00382426, 0.0276392, 0.29078, -0.0275772, 0.0154093, -0.999501, 0.85148, -0.00424825, -0.999874, -0.0152978, 1.01849, 0, 0, 0, 1
-0.999603, 0.00386563, 0.027897, 0.290779, -0.0278338, 0.0155453, -0.999492, 0.851511, -0.00429733, -0.999872, -0.0154316, 1.01846, 0, 0, 0, 1
-0.999596, 0.00390718, 0.028156, 0.290777, -0.0280915, 0.015682, -0.999482, 0.851541, -0.0043467, -0.999869, -0.0155659, 1.01843, 0, 0, 0, 1
-0.999588, 0.0039489, 0.0284162, 0.290776, -0.0283504, 0.0158193, -0.999473, 0.851572, -0.00439634, -0.999867, -0.0157009, 1.0184, 0, 0, 0, 1
-0.999581, 0.0039908, 0.0286775, 0.290775, -0.0286104, 0.0159572, -0.999463, 0.851603, -0.00444627, -0.999865, -0.0158364, 1.01837, 0, 0, 0, 1
-0.999573, 0.00403287, 0.02894, 0.290773, -0.0288716, 0.0160958, -0.999454, 0.851634, -0.00449648, -0.999862, -0.0159725, 1.01834, 0, 0, 0, 1
-0.999565, 0.00407512, 0.0292037, 0.290772, -0.0291339, 0.0162349, -0.999444, 0.851665, -0.00454697, -0.99986, -0.0161092, 1.01831, 0, 0, 0, 1
-0.999557, 0.00411755, 0.0294685, 0.290771, -0.0293974, 0.0163747, -0.999434, 0.851696, -0.00459775, -0.999857, -0.0162464, 1.01827, 0, 0, 0, 1
-0.999549, 0.00416015, 0.0297345, 0.29077, -0.029662, 0.0165151, -0.999424, 0.851728, -0.00464882, -0.999855, -0.0163843, 1.01824, 0, 0, 0, 1
-0.999541, 0.00420293, 0.0300016, 0.290768, -0.0299277, 0.0166561, -0.999413, 0.85176, -0.00470017, -0.999852, -0.0165227, 1.01821, 0, 0, 0, 1
-0.999533, 0.00424588, 0.0302699, 0.290767, -0.0301946, 0.0167977, -0.999403, 0.851791, -0.00475182, -0.99985, -0.0166617, 1.01818, 0, 0, 0, 1
-0.999524, 0.00428901, 0.0305394, 0.290766, -0.0304626, 0.01694, -0.999392, 0.851823, -0.00480374, -0.999847, -0.0168013, 1.01815, 0, 0, 0, 1
-0.999516, 0.00433232, 0.03081, 0.290764, -0.0307318, 0.0170828, -0.999382, 0.851855, -0.00485596, -0.999845, -0.0169414, 1.01812, 0, 0, 0, 1
-0.999507, 0.0043758, 0.0310818, 0.290763, -0.0310021, 0.0172263, -0.999371, 0.851887, -0.00490847, -0.999842, -0.0170822, 1.01809, 0, 0, 0, 1
-0.999499, 0.00441946, 0.0313547, 0.290762, -0.0312736, 0.0173704, -0.99936, 0.85192, -0.00496127, -0.999839, -0.0172235, 1.01806, 0, 0, 0, 1
-0.99949, 0.00446329, 0.0316288, 0.29076, -0.0315462, 0.0175151, -0.999349, 0.851952, -0.00501436, -0.999837, -0.0173654, 1.01802, 0, 0, 0, 1
-0.999481, 0.00450729, 0.0319041, 0.290759, -0.0318199, 0.0176605, -0.999338, 0.851985, -0.00506775, -0.999834, -0.0175079, 1.01799, 0, 0, 0, 1
-0.999472, 0.00455147, 0.0321805, 0.290758, -0.0320948, 0.0178064, -0.999326, 0.852018, -0.00512142, -0.999831, -0.0176509, 1.01796, 0, 0, 0, 1
-0.999463, 0.00459583, 0.0324581, 0.290756, -0.0323708, 0.017953, -0.999315, 0.85205, -0.0051754, -0.999828, -0.0177945, 1.01793, 0, 0, 0, 1
-0.999453, 0.00464036, 0.0327369, 0.290755, -0.0326479, 0.0181002, -0.999303, 0.852083, -0.00522966, -0.999825, -0.0179388, 1.01789, 0, 0, 0, 1
-0.999444, 0.00468506, 0.0330168, 0.290754, -0.0329262, 0.018248, -0.999291, 0.852117, -0.00528423, -0.999823, -0.0180835, 1.01786, 0, 0, 0, 1
-0.999434, 0.00472994, 0.0332979, 0.290752, -0.0332056, 0.0183964, -0.999279, 0.85215, -0.00533909, -0.99982, -0.0182289, 1.01783, 0, 0, 0, 1
-0.999425, 0.00477499, 0.0335801, 0.290751, -0.0334862, 0.0185454, -0.999267, 0.852183, -0.00539424, -0.999817, -0.0183748, 1.0178, 0, 0, 0, 1
-0.999415, 0.00482021, 0.0338635, 0.290749, -0.0337679, 0.0186951, -0.999255, 0.852217, -0.0054497, -0.999814, -0.0185213, 1.01776, 0, 0, 0, 1
-0.999405, 0.00486561, 0.034148, 0.290748, -0.0340507, 0.0188453, -0.999242, 0.852251, -0.00550546, -0.999811, -0.0186684, 1.01773, 0, 0, 0, 1
-0.999395, 0.00491118, 0.0344338, 0.290746, -0.0343347, 0.0189962, -0.99923, 0.852284, -0.00556151, -0.999807, -0.0188161, 1.0177, 0, 0, 0, 1
-0.999385, 0.00495693, 0.0347206, 0.290745, -0.0346198, 0.0191477, -0.999217, 0.852318, -0.00561787, -0.999804, -0.0189643, 1.01766, 0, 0, 0, 1
-0.999374, 0.00500285, 0.0350087, 0.290744, -0.0349061, 0.0192998, -0.999204, 0.852352, -0.00567453, -0.999801, -0.0191131, 1.01763, 0, 0, 0, 1
-0.999364, 0.00504894, 0.0352979, 0.290742, -0.0351935, 0.0194526, -0.999191, 0.852387, -0.00573149, -0.999798, -0.0192625, 1.0176, 0, 0, 0, 1
-0.999354, 0.00509521, 0.0355882, 0.290741, -0.035482, 0.0196059, -0.999178, 0.852421, -0.00578876, -0.999795, -0.0194125, 1.01756, 0, 0, 0, 1
-0.999343, 0.00514164, 0.0358797, 0.290739, -0.0357717, 0.0197599, -0.999165, 0.852456, -0.00584633, -0.999792, -0.019563, 1.01753, 0, 0, 0, 1
-0.999332, 0.00518825, 0.0361724, 0.290738, -0.0360625, 0.0199145, -0.999151, 0.85249, -0.00590421, -0.999788, -0.0197141, 1.01749, 0, 0, 0, 1
-0.999321, 0.00523504, 0.0364663, 0.290736, -0.0363544, 0.0200697, -0.999137, 0.852525, -0.00596239, -0.999785, -0.0198658, 1.01746, 0, 0, 0, 1
-0.99931, 0.00528199, 0.0367613, 0.290735, -0.0366475, 0.0202256, -0.999124, 0.85256, -0.00602088, -0.999781, -0.020018, 1.01743, 0, 0, 0, 1
-0.999299, 0.00532912, 0.0370574, 0.290733, -0.0369417, 0.020382, -0.99911, 0.852595, -0.00607968, -0.999778, -0.0201709, 1.01739, 0, 0, 0, 1
-0.999288, 0.00537642, 0.0373547, 0.290732, -0.037237, 0.0205391, -0.999095, 0.85263, -0.00613879, -0.999775, -0.0203242, 1.01736, 0, 0, 0, 1
-0.999276, 0.00542389, 0.0376532, 0.29073, -0.0375335, 0.0206968, -0.999081, 0.852666, -0.0061982, -0.999771, -0.0204782, 1.01732, 0, 0, 0, 1
-0.999265, 0.00547153, 0.0379528, 0.290729, -0.0378311, 0.0208551, -0.999067, 0.852701, -0.00625793, -0.999768, -0.0206327, 1.01729, 0, 0, 0, 1
-0.999253, 0.00551935, 0.0382536, 0.290727, -0.0381299, 0.021014, -0.999052, 0.852737, -0.00631797, -0.999764, -0.0207878, 1.01725, 0, 0, 0, 1
-0.999241, 0.00556733, 0.0385556, 0.290725, -0.0384298, 0.0211735, -0.999037, 0.852773, -0.00637833, -0.99976, -0.0209435, 1.01722, 0, 0, 0, 1
-0.999229, 0.00561549, 0.0388587, 0.290724, -0.0387308, 0.0213337, -0.999022, 0.852809, -0.006439, -0.999757, -0.0210997, 1.01718, 0, 0, 0, 1
-0.999217, 0.00566382, 0.039163, 0.290722, -0.0390329, 0.0214945, -0.999007, 0.852845, -0.00649998, -0.999753, -0.0212566, 1.01715, 0, 0, 0, 1
-0.999204, 0.00571231, 0.0394684, 0.290721, -0.0393362, 0.0216559, -0.998991, 0.852881, -0.00656128, -0.999749, -0.0214139, 1.01711, 0, 0, 0, 1
-0.999192, 0.00576098, 0.039775, 0.290719, -0.0396406, 0.0218179, -0.998976, 0.852917, -0.00662289, -0.999745, -0.0215719, 1.01708, 0, 0, 0, 1
-0.999179, 0.00580982, 0.0400828, 0.290718, -0.0399462, 0.0219805, -0.99896, 0.852954, -0.00668482, -0.999742, -0.0217304, 1.01704, 0, 0, 0, 1
-0.999167, 0.00585883, 0.0403917, 0.290716, -0.0402528, 0.0221438, -0.998944, 0.85299, -0.00674707, -0.999738, -0.0218895, 1.01701, 0, 0, 0, 1
-0.999154, 0.00590802, 0.0407017, 0.290714, -0.0405606, 0.0223076, -0.998928, 0.853027, -0.00680964, -0.999734, -0.0220491, 1.01697, 0, 0, 0, 1
-0.999141, 0.00595737, 0.041013, 0.290713, -0.0408696, 0.0224721, -0.998912, 0.853064, -0.00687253, -0.99973, -0.0222093, 1.01693, 0, 0, 0, 1
-0.999128, 0.00600689, 0.0413254, 0.290711, -0.0411797, 0.0226372, -0.998895, 0.853101, -0.00693574, -0.999726, -0.0223701, 1.0169, 0, 0, 0, 1
-0.999114, 0.00605658, 0.0416389, 0.290709, -0.0414909, 0.0228029, -0.998879, 0.853138, -0.00699928, -0.999722, -0.0225315, 1.01686, 0, 0, 0, 1
-0.999101, 0.00610644, 0.0419536, 0.290708, -0.0418032, 0.0229693, -0.998862, 0.853176, -0.00706313, -0.999718, -0.0226934, 1.01682, 0, 0, 0, 1
-0.999087, 0.00615647, 0.0422695, 0.290706, -0.0421166, 0.0231363, -0.998845, 0.853213, -0.00712731, -0.999713, -0.0228558, 1.01679, 0, 0, 0, 1
-0.999074, 0.00620667, 0.0425865, 0.290704, -0.0424312, 0.0233038, -0.998828, 0.853251, -0.00719182, -0.999709, -0.0230189, 1.01675, 0, 0, 0, 1
-0.99906, 0.00625703, 0.0429047, 0.290703, -0.042747, 0.023472, -0.99881, 0.853289, -0.00725665, -0.999705, -0.0231825, 1.01671, 0, 0, 0, 1
-0.999045, 0.00630757, 0.043224, 0.290701, -0.0430638, 0.0236409, -0.998793, 0.853326, -0.00732181, -0.999701, -0.0233467, 1.01668, 0, 0, 0, 1
-0.999031, 0.00635828, 0.0435445, 0.290699, -0.0433818, 0.0238103, -0.998775, 0.853364, -0.00738729, -0.999696, -0.0235114, 1.01664, 0, 0, 0, 1
