-0.999999, -0.000797434, -0.000797196, 0.290901, 0.000796858, 0.000424669, -1, 0.848124, 0.000797772, -1, -0.000424033, 1.02183, 0, 0, 0, 1
-0.999999, -0.000797278, -0.00079757, 0.290901, 0.000797231, 0.000425278, -1, 0.848124, 0.000797617, -1, -0.000424642, 1.02183, 0, 0, 0, 1
-0.999999, -0.00079681, -0.000798692, 0.290901, 0.000798351, 0.000427104, -1, 0.848125, 0.000797151, -1, -0.000426468, 1.02183, 0, 0, 0, 1
-0.999999, -0.00079603, -0.000800561, 0.290901, 0.000800219, 0.000430148, -1, 0.848125, 0.000796374, -1, -0.000429511, 1.02183, 0, 0, 0, 1
-0.999999, -0.000794938, -0.000803178, 0.290901, 0.000802833, 0.000434409, -1, 0.848126, 0.000795286, -1, -0.000433771, 1.02183, 0, 0, 0, 1
-0.999999, -0.000793534, -0.000806543, 0.290901, 0.000806194, 0.000439888, -1, 0.848126, 0.000793888, -1, -0.000439248, 1.02183, 0, 0, 0, 1
-0.999999, -0.000791818, -0.000810655, 0.290901, 0.000810302, 0.000446585, -1, 0.848127, 0.000792179, -1, -0.000445943, 1.02183, 0, 0, 0, 1
-0.999999, -0.000789789, -0.000815516, 0.290901, 0.000815157, 0.000454499, -1, 0.848128, 0.00079016, -1, -0.000453855, 1.02183, 0, 0, 0, 1
-0.999999, -0.000787449, -0.000821124, 0.290901, 0.000820759, 0.000463631, -1, 0.84813, 0.00078783, -1, -0.000462984, 1.02183, 0, 0, 0, 1
-0.999999, -0.000784797, -0.00082748, 0.290901, 0.000827108, 0.00047398, -1, 0.848131, 0.000785189, -1, -0.000473331, 1.02183, 0, 0, 0, 1
-0.999999, -0.000781833, -0.000834583, 0.290901, 0.000834204, 0.000485547, -1, 0.848133, 0.000782238, -1, -0.000484894, 1.02183, 0, 0, 0, 1
-0.999999, -0.000778557, -0.000842434, 0.290901, 0.000842047, 0.000498331, -1, 0.848134, 0.000778976, -1, -0.000497676, 1.02183, 0, 0, 0, 1
-0.999999, -0.000774969, -0.000851033, 0.290902, 0.000850637, 0.000512333, -1, 0.848136, 0.000775404, -1, -0.000511674, 1.02183, 0, 0, 0, 1
-0.999999, -0.000771069, -0.00086038, 0.290902, 0.000859974, 0.000527553, -0.999999, 0.848138, 0.000771522, -1, -0.00052689, 1.02183, 0, 0, 0, 1
-0.999999, -0.000766857, -0.000870475, 0.290902, 0.000870058, 0.00054399, -0.999999, 0.848141, 0.00076733, -1, -0.000543323, 1.02183, 0, 0, 0, 1
-0.999999, -0.000762333, -0.000881317, 0.290902, 0.000880889, 0.000561645, -0.999999, 0.848143, 0.000762828, -1, -0.000560973, 1.02183, 0, 0, 0, 1
-0.999999, -0.000757497, -0.000892907, 0.290902, 0.000892467, 0.000580518, -0.999999, 0.848145, 0.000758015, -1, -0.000579841, 1.02183, 0, 0, 0, 1
-0.999999, -0.00075235, -0.000905245, 0.290902, 0.000904793, 0.000600608, -0.999999, 0.848148, 0.000752893, -1, -0.000599926, 1.02183, 0, 0, 0, 1
-0.999999, -0.000746891, -0.00091833, 0.290902, 0.000917866, 0.000621915, -0.999999, 0.848151, 0.000747461, -1, -0.000621229, 1.02183, 0, 0, 0, 1
-0.999999, -0.00074112, -0.000932163, 0.290902, 0.000931686, 0.000644441, -0.999999, 0.848154, 0.00074172, -1, -0.00064375, 1.02183, 0, 0, 0, 1
-0.999999, -0.000735037, -0.000946744, 0.290902, 0.000946253, 0.000668183, -0.999999, 0.848157, 0.000735669, -1, -0.000667487, 1.02183, 0, 0, 0, 1
-0.999999, -0.000728642, -0.000962073, 0.290903, 0.000961568, 0.000693144, -0.999999, 0.848161, 0.000729309, -0.999999, -0.000692443, 1.02183, 0, 0, 0, 1
-0.999999, -0.000721936, -0.000978149, 0.290903, 0.00097763, 0.000719322, -0.999999, 0.848164, 0.000722639, -0.999999, -0.000718616, 1.02183, 0, 0, 0, 1
-0.999999, -0.000714918, -0.000994974, 0.290903, 0.00099444, 0.000746718, -0.999999, 0.848168, 0.000715661, -0.999999, -0.000746007, 1.02183, 0, 0, 0, 1
-0.999999, -0.000707589, -0.00101255, 0.290903, 0.001012, 0.000775332, -0.999999, 0.848172, 0.000708373, -0.999999, -0.000774615, 1.02183, 0, 0, 0, 1
-0.999999, -0.000699948, -0.00103087, 0.290903, 0.0010303, 0.000805163, -0.999999, 0.848176, 0.000700777, -0.999999, -0.000804441, 1.02183, 0, 0, 0, 1
-0.999999, -0.000691995, -0.00104993, 0.290904, 0.00104935, 0.000836212, -0.999999, 0.84818, 0.000692872, -0.999999, -0.000835485, 1.02182, 0, 0, 0, 1
-0.999999, -0.000683731, -0.00106975, 0.290904, 0.00106915, 0.000868478, -0.999999, 0.848185, 0.000684659, -0.999999, -0.000867747, 1.02182, 0, 0, 0, 1
-0.999999, -0.000675155, -0.00109031, 0.290904, 0.0010897, 0.000901963, -0.999999, 0.848189, 0.000676138, -0.999999, -0.000901226, 1.02182, 0, 0, 0, 1
-0.999999, -0.000666268, -0.00111162, 0.290904, 0.001111, 0.000936665, -0.999999, 0.848194, 0.000667309, -0.999999, -0.000935924, 1.02182, 0, 0, 0, 1
-0.999999, -0.00065707, -0.00113368, 0.290904, 0.00113304, 0.000972584, -0.999999, 0.848199, 0.000658172, -0.999999, -0.000971839, 1.02182, 0, 0, 0, 1
-0.999999, -0.00064756, -0.00115649, 0.290905, 0.00115583, 0.00100972, -0.999999, 0.848204, 0.000648727, -0.999999, -0.00100897, 1.02182, 0, 0, 0, 1
-0.999999, -0.00063774, -0.00118004, 0.290905, 0.00117937, 0.00104808, -0.999999, 0.848209, 0.000638976, -0.999999, -0.00104732, 1.02182, 0, 0, 0, 1
-0.999999, -0.000627607, -0.00120434, 0.290905, 0.00120366, 0.00108765, -0.999999, 0.848215, 0.000628916, -0.999999, -0.00108689, 1.02182, 0, 0, 0, 1
-0.999999, -0.000617164, -0.00122939, 0.290905, 0.00122869, 0.00112844, -0.999999, 0.84822, 0.00061855, -0.999999, -0.00112768, 1.02182, 0, 0, 0, 1
-0.999999, -0.00060641, -0.00125519, 0.290906, 0.00125448, 0.00117045, -0.999999, 0.848226, 0.000607878, -0.999999, -0.00116969, 1.02182, 0, 0, 0, 1
-0.999999, -0.000595344, -0.00128173, 0.290906, 0.00128101, 0.00121368, -0.999998, 0.848232, 0.000596899, -0.999999, -0.00121291, 1.02182, 0, 0, 0, 1
-0.999999, -0.000583968, -0.00130902, 0.290906, 0.00130829, 0.00125812, -0.999998, 0.848238, 0.000585614, -0.999999, -0.00125735, 1.02181, 0, 0, 0, 1
-0.999999, -0.00057228, -0.00133707, 0.290906, 0.00133632, 0.00130378, -0.999998, 0.848244, 0.000574022, -0.999999, -0.00130302, 1.02181, 0, 0, 0, 1
-0.999999, -0.000560282, -0.00136585, 0.290907, 0.0013651, 0.00135066, -0.999998, 0.848251, 0.000562126, -0.999999, -0.0013499, 1.02181, 0, 0, 0, 1
-0.999999, -0.000547973, -0.00139539, 0.290907, 0.00139462, 0.00139876, -0.999998, 0.848257, 0.000549923, -0.999999, -0.00139799, 1.02181, 0, 0, 0, 1
-0.999999, -0.000535353, -0.00142567, 0.290907, 0.0014249, 0.00144808, -0.999998, 0.848264, 0.000537416, -0.999999, -0.00144731, 1.02181, 0, 0, 0, 1
-0.999999, -0.000522422, -0.0014567, 0.290907, 0.00145592, 0.00149861, -0.999998, 0.848271, 0.000524604, -0.999999, -0.00149785, 1.02181, 0, 0, 0, 1
-0.999999, -0.000509181, -0.00148848, 0.290908, 0.00148769, 0.00155036, -0.999998, 0.848278, 0.000511487, -0.999999, -0.0015496, 1.02181, 0, 0, 0, 1
-0.999999, -0.000495629, -0.00152101, 0.290908, 0.00152021, 0.00160333, -0.999998, 0.848285, 0.000498067, -0.999999, -0.00160257, 1.02181, 0, 0, 0, 1
-0.999999, -0.000481767, -0.00155428, 0.290908, 0.00155348, 0.00165752, -0.999997, 0.848293, 0.000484342, -0.999999, -0.00165677, 1.0218, 0, 0, 0, 1
-0.999999, -0.000467594, -0.00158831, 0.290909, 0.0015875, 0.00171292, -0.999997, 0.8483, 0.000470314, -0.999998, -0.00171218, 1.0218, 0, 0, 0, 1
-0.999999, -0.000453111, -0.00162308, 0.290909, 0.00162227, 0.00176955, -0.999997, 0.848308, 0.000455982, -0.999998, -0.00176881, 1.0218, 0, 0, 0, 1
-0.999999, -0.000438318, -0.00165859, 0.290909, 0.00165779, 0.00182739, -0.999997, 0.848316, 0.000441347, -0.999998, -0.00182666, 1.0218, 0, 0, 0, 1
-0.999998, -0.000423214, -0.00169486, 0.29091, 0.00169406, 0.00188645, -0.999997, 0.848324, 0.00042641, -0.999998, -0.00188573, 1.0218, 0, 0, 0, 1
-0.999998, -0.000407801, -0.00173187, 0.29091, 0.00173108, 0.00194672, -0.999997, 0.848332, 0.000411171, -0.999998, -0.00194602, 1.0218, 0, 0, 0, 1
-0.999998, -0.000392077, -0.00176963, 0.290911, 0.00176884, 0.00200822, -0.999996, 0.848341, 0.000395629, -0.999998, -0.00200752, 1.0218, 0, 0, 0, 1
-0.999998, -0.000376043, -0.00180814, 0.290911, 0.00180736, 0.00207093, -0.999996, 0.848349, 0.000379786, -0.999998, -0.00207025, 1.02179, 0, 0, 0, 1
-0.999998, -0.0003597, -0.0018474, 0.290911, 0.00184663, 0.00213486, -0.999996, 0.848358, 0.000363642, -0.999998, -0.0021342, 1.02179, 0, 0, 0, 1
-0.999998, -0.000343046, -0.0018874, 0.290912, 0.00188664, 0.00220001, -0.999996, 0.848367, 0.000347197, -0.999998, -0.00219936, 1.02179, 0, 0, 0, 1
-0.999998, -0.000326083, -0.00192815, 0.290912, 0.00192741, 0.00226638, -0.999996, 0.848376, 0.000330452, -0.999997, -0.00226575, 1.02179, 0, 0, 0, 1
-0.999998, -0.000308811, -0.00196965, 0.290912, 0.00196893, 0.00233397, -0.999995, 0.848385, 0.000313406, -0.999997, -0.00233336, 1.02179, 0, 0, 0, 1
-0.999998, -0.000291229, -0.0020119, 0.290913, 0.0020112, 0.00240277, -0.999995, 0.848395, 0.000296061, -0.999997, -0.00240218, 1.02179, 0, 0, 0, 1
-0.999998, -0.000273337, -0.0020549, 0.290913, 0.00205421, 0.0024728, -0.999995, 0.848404, 0.000278417, -0.999997, -0.00247223, 1.02179, 0, 0, 0, 1
-0.999998, -0.000255136, -0.00209864, 0.290914, 0.00209798, 0.00254404, -0.999995, 0.848414, 0.000260474, -0.999997, -0.00254349, 1.02178, 0, 0, 0, 1
-0.999998, -0.000236626, -0.00214313, 0.290914, 0.0021425, 0.00261649, -0.999994, 0.848424, 0.000242232, -0.999997, -0.00261598, 1.02178, 0, 0, 0, 1
-0.999998, -0.000217806, -0.00218837, 0.290915, 0.00218777, 0.00269017, -0.999994, 0.848434, 0.000223692, -0.999996, -0.00268969, 1.02178, 0, 0, 0, 1
-0.999997, -0.000198678, -0.00223435, 0.290915, 0.0022338, 0.00276507, -0.999994, 0.848444, 0.000204855, -0.999996, -0.00276462, 1.02178, 0, 0, 0, 1
-0.999997, -0.000179241, -0.00228109, 0.290915, 0.00228057, 0.00284118, -0.999993, 0.848454, 0.00018572, -0.999996, -0.00284077, 1.02178, 0, 0, 0, 1
-0.999997, -0.000159494, -0.00232857, 0.290916, 0.00232809, 0.00291851, -0.999993, 0.848465, 0.000166289, -0.999996, -0.00291813, 1.02177, 0, 0, 0, 1
-0.999997, -0.000139439, -0.0023768, 0.290916, 0.00237637, 0.00299706, -0.999993, 0.848476, 0.000146562, -0.999995, -0.00299672, 1.02177, 0, 0, 0, 1
-0.999997, -0.000119076, -0.00242578, 0.290917, 0.0024254, 0.00307683, -0.999992, 0.848487, 0.000126538, -0.999995, -0.00307654, 1.02177, 0, 0, 0, 1
-0.999997, -9.84033e-05, -0.0024755, 0.290917, 0.00247518, 0.00315782, -0.999992, 0.848498, 0.00010622, -0.999995, -0.00315757, 1.02177, 0, 0, 0, 1
-0.999997, -7.74226e-05, -0.00252597, 0.290918, 0.00252571, 0.00324003, -0.999992, 0.848509, 8.56061e-05, -0.999995, -0.00323982, 1.02177, 0, 0, 0, 1
-0.999997, -5.61335e-05, -0.00257719, 0.290918, 0.00257699, 0.00332345, -0.999991, 0.84852, 6.46982e-05, -0.999994, -0.0033233, 1.02176, 0, 0, 0, 1
-0.999997, -3.45363e-05, -0.00262916, 0.290919, 0.00262903, 0.00340809, -0.999991, 0.848532, 4.34964e-05, -0.999994, -0.00340799, 1.02176, 0, 0, 0, 1
-0.999996, -1.26309e-05, -0.00268188, 0.290919, 0.00268182, 0.00349396, -0.99999, 0.848544, 2.20011e-05, -0.999994, -0.00349391, 1.02176, 0, 0, 0, 1
-0.999996, 9.58252e-06, -0.00273534, 0.29092, 0.00273536, 0.00358103, -0.99999, 0.848556, 2.12923e-07, -0.999994, -0.00358105, 1.02176, 0, 0, 0, 1
-0.999996, 3.21038e-05, -0.00278955, 0.29092, 0.00278965, 0.00366933, -0.999989, 0.848568, -2.18677e-05, -0.999993, -0.00366941, 1.02176, 0, 0, 0, 1
-0.999996, 5.49329e-05, -0.00284451, 0.290921, 0.0028447, 0.00375885, -0.999989, 0.84858, -4.42402e-05, -0.999993, -0.00375899, 1.02175, 0, 0, 0, 1
-0.999996, 7.80696e-05, -0.00290022, 0.290921, 0.0029005, 0.00384959, -0.999988, 0.848592, -6.69041e-05, -0.999993, -0.0038498, 1.02175, 0, 0, 0, 1
-0.999996, 0.000101514, -0.00295667, 0.290922, 0.00295705, 0.00394154, -0.999988, 0.848605, -8.98588e-05, -0.999992, -0.00394182, 1.02175, 0, 0, 0, 1
-0.999995, 0.000125266, -0.00301387, 0.290923, 0.00301435, 0.00403471, -0.999987, 0.848618, -0.000113104, -0.999992, -0.00403507, 1.02175, 0, 0, 0, 1
-0.999995, 0.000149325, -0.00307182, 0.290923, 0.00307241, 0.00412911, -0.999987, 0.848631, -0.000136639, -0.999991, -0.00412954, 1.02175, 0, 0, 0, 1
-0.999995, 0.000173691, -0.00313052, 0.290924, 0.00313123, 0.00422472, -0.999986, 0.848644, -0.000160463, -0.999991, -0.00422524, 1.02174, 0, 0, 0, 1
-0.999995, 0.000198364, -0.00318997, 0.290924, 0.00319079, 0.00432155, -0.999986, 0.848657, -0.000184575, -0.999991, -0.00432216, 1.02174, 0, 0, 0, 1
-0.999995, 0.000223344, -0.00325016, 0.290925, 0.00325111, 0.00441959, -0.999985, 0.84867, -0.000208976, -0.99999, -0.0044203, 1.02174, 0, 0, 0, 1
-0.999994, 0.000248631, -0.0033111, 0.290925, 0.00331219, 0.00451886, -0.999984, 0.848684, -0.000233665, -0.99999, -0.00451966, 1.02174, 0, 0, 0, 1
-0.999994, 0.000274224, -0.00337279, 0.290926, 0.00337402, 0.00461935, -0.999984, 0.848698, -0.00025864, -0.999989, -0.00462025, 1.02173, 0, 0, 0, 1
-0.999994, 0.000300125, -0.00343522, 0.290927, 0.0034366, 0.00472105, -0.999983, 0.848712, -0.000283902, -0.999989, -0.00472205, 1.02173, 0, 0, 0, 1
-0.999994, 0.000326331, -0.00349841, 0.290927, 0.00349994, 0.00482398, -0.999982, 0.848726, -0.000309449, -0.999988, -0.00482509, 1.02173, 0, 0, 0, 1
-0.999994, 0.000352844, -0.00356234, 0.290928, 0.00356404, 0.00492812, -0.999982, 0.84874, -0.000335282, -0.999988, -0.00492934, 1.02173, 0, 0, 0, 1
-0.999993, 0.000379663, -0.00362702, 0.290928, 0.00362888, 0.00503348, -0.999981, 0.848754, -0.000361399, -0.999987, -0.00503482, 1.02172, 0, 0, 0, 1
-0.999993, 0.000406788, -0.00369245, 0.290929, 0.00369449, 0.00514006, -0.99998, 0.848769, -0.0003878, -0.999987, -0.00514153, 1.02172, 0, 0, 0, 1
-0.999993, 0.000434218, -0.00375862, 0.29093, 0.00376085, 0.00524786, -0.999979, 0.848784, -0.000414484, -0.999986, -0.00524946, 1.02172, 0, 0, 0, 1
-0.999993, 0.000461955, -0.00382554, 0.29093, 0.00382796, 0.00535688, -0.999978, 0.848799, -0.000441452, -0.999986, -0.00535861, 1.02172, 0, 0, 0, 1
-0.999992, 0.000489997, -0.00389321, 0.290931, 0.00389584, 0.00546712, -0.999977, 0.848814, -0.000468701, -0.999985, -0.00546898, 1.02171, 0, 0, 0, 1
-0.999992, 0.000518344, -0.00396163, 0.290932, 0.00396446, 0.00557857, -0.999977, 0.848829, -0.000496232, -0.999984, -0.00558058, 1.02171, 0, 0, 0, 1
-0.999992, 0.000546997, -0.0040308, 0.290932, 0.00403385, 0.00569125, -0.999976, 0.848845, -0.000524043, -0.999984, -0.00569341, 1.02171, 0, 0, 0, 1
-0.999991, 0.000575954, -0.00410071, 0.290933, 0.00410399, 0.00580515, -0.999975, 0.84886, -0.000552135, -0.999983, -0.00580746, 1.02171, 0, 0, 0, 1
-0.999991, 0.000605217, -0.00417137, 0.290933, 0.00417488, 0.00592026, -0.999974, 0.848876, -0.000580506, -0.999982, -0.00592273, 1.0217, 0, 0, 0, 1
-0.999991, 0.000634785, -0.00424278, 0.290934, 0.00424654, 0.00603659, -0.999973, 0.848892, -0.000609155, -0.999982, -0.00603923, 1.0217, 0, 0, 0, 1
-0.99999, 0.000664657, -0.00431494, 0.290935, 0.00431895, 0.00615415, -0.999972, 0.848908, -0.000638083, -0.999981, -0.00615696, 1.0217, 0, 0, 0, 1
-0.99999, 0.000694834, -0.00438785, 0.290936, 0.00439212, 0.00627292, -0.999971, 0.848924, -0.000667289, -0.99998, -0.00627591, 1.0217, 0, 0, 0, 1
-0.99999, 0.000725315, -0.0044615, 0.290936, 0.00446604, 0.00639291, -0.99997, 0.848941, -0.000696771, -0.999979, -0.00639609, 1.02169, 0, 0, 0, 1
-0.999989, 0.0007561, -0.0045359, 0.290937, 0.00454073, 0.00651412, -0.999968, 0.848957, -0.000726529, -0.999978, -0.00651749, 1.02169, 0, 0, 0, 1
-0.999989, 0.000787189, -0.00461105, 0.290938, 0.00461617, 0.00663656, -0.999967, 0.848974, -0.000756562, -0.999978, -0.00664012, 1.02169, 0, 0, 0, 1
-0.999989, 0.000818582, -0.00468694, 0.290938, 0.00469237, 0.00676021, -0.999966, 0.848991, -0.00078687, -0.999977, -0.00676397, 1.02169, 0, 0, 0, 1
-0.999988, 0.000850279, -0.00476358, 0.290939, 0.00476933, 0.00688508, -0.999965, 0.849008, -0.000817452, -0.999976, -0.00688905, 1.02168, 0, 0, 0, 1
-0.999988, 0.00088228, -0.00484098, 0.29094, 0.00484704, 0.00701117, -0.999964, 0.849025, -0.000848307, -0.999975, -0.00701536, 1.02168, 0, 0, 0, 1
-0.999987, 0.000914584, -0.00491911, 0.29094, 0.00492552, 0.00713848, -0.999962, 0.849043, -0.000879434, -0.999974, -0.00714289, 1.02168, 0, 0, 0, 1
-0.999987, 0.000947191, -0.004998, 0.290941, 0.00500475, 0.007267, -0.999961, 0.849061, -0.000910833, -0.999973, -0.00727165, 1.02167, 0, 0, 0, 1
-0.999987, 0.000980101, -0.00507764, 0.290942, 0.00508475, 0.00739675, -0.99996, 0.849078, -0.000942503, -0.999972, -0.00740164, 1.02167, 0, 0, 0, 1
-0.999986, 0.00101331, -0.00515802, 0.290943, 0.0051655, 0.00752772, -0.999958, 0.849096, -0.000974443, -0.999971, -0.00753285, 1.02167, 0, 0, 0, 1
-0.999986, 0.00104683, -0.00523915, 0.290943, 0.00524702, 0.00765991, -0.999957, 0.849114, -0.00100665, -0.99997, -0.00766529, 1.02166, 0, 0, 0, 1
-0.999985, 0.00108065, -0.00532103, 0.290944, 0.00532929, 0.00779332, -0.999955, 0.849133, -0.00103913, -0.999969, -0.00779896, 1.02166, 0, 0, 0, 1
-0.999985, 0.00111477, -0.00540365, 0.290945, 0.00541232, 0.00792794, -0.999954, 0.849151, -0.00107188, -0.999968, -0.00793386, 1.02166, 0, 0, 0, 1
-0.999984, 0.00114919, -0.00548702, 0.290946, 0.00549612, 0.00806379, -0.999952, 0.84917, -0.00110489, -0.999967, -0.00806998, 1.02166, 0, 0, 0, 1
-0.999984, 0.00118392, -0.00557114, 0.290946, 0.00558067, 0.00820086, -0.999951, 0.849189, -0.00113817, -0.999966, -0.00820733, 1.02165, 0, 0, 0, 1
-0.999983, 0.00121894, -0.00565601, 0.290947, 0.00566599, 0.00833915, -0.999949, 0.849208, -0.00117171, -0.999964, -0.00834591, 1.02165, 0, 0, 0, 1
-0.999983, 0.00125427, -0.00574163, 0.290948, 0.00575206, 0.00847865, -0.999948, 0.849227, -0.00120552, -0.999963, -0.00848572, 1.02165, 0, 0, 0, 1
-0.999982, 0.0012899, -0.00582799, 0.290949, 0.0058389, 0.00861938, -0.999946, 0.849246, -0.0012396, -0.999962, -0.00862676, 1.02164, 0, 0, 0, 1
-0.999982, 0.00132583, -0.00591511, 0.29095, 0.0059265, 0.00876133, -0.999944, 0.849265, -0.00127393, -0.999961, -0.00876903, 1.02164, 0, 0, 0, 1
-0.999981, 0.00136206, -0.00600297, 0.29095, 0.00601486, 0.0089045, -0.999942, 0.849285, -0.00130853, -0.999959, -0.00891252, 1.02164, 0, 0, 0, 1
-0.99998, 0.0013986, -0.00609157, 0.290951, 0.00610398, 0.00904888, -0.99994, 0.849305, -0.00134339, -0.999958, -0.00905724, 1.02163, 0, 0, 0, 1
-0.99998, 0.00143543, -0.00618093, 0.290952, 0.00619387, 0.00919449, -0.999939, 0.849325, -0.00137851, -0.999957, -0.0092032, 1.02163, 0, 0, 0, 1
-0.999979, 0.00147256, -0.00627103, 0.290953, 0.00628452, 0.00934132, -0.999937, 0.849345, -0.00141389, -0.999955, -0.00935038, 1.02163, 0, 0, 0, 1
-0.999979, 0.00151, -0.00636188, 0.290954, 0.00637593, 0.00948937, -0.999935, 0.849365, -0.00144953, -0.999954, -0.00949879, 1.02162, 0, 0, 0, 1
-0.999978, 0.00154773, -0.00645348, 0.290955, 0.00646811, 0.00963864, -0.999933, 0.849386, -0.00148543, -0.999952, -0.00964844, 1.02162, 0, 0, 0, 1
-0.999977, 0.00158577, -0.00654583, 0.290955, 0.00656104, 0.00978913, -0.999931, 0.849407, -0.00152158, -0.999951, -0.00979931, 1.02162, 0, 0, 0, 1
-0.999977, 0.0016241, -0.00663892, 0.290956, 0.00665475, 0.00994084, -0.999928, 0.849427, -0.00155799, -0.999949, -0.00995141, 1.02161, 0, 0, 0, 1
-0.999976, 0.00166274, -0.00673276, 0.290957, 0.00674921, 0.0100938, -0.999926, 0.849448, -0.00159465, -0.999948, -0.0101047, 1.02161, 0, 0, 0, 1
-0.999975, 0.00170167, -0.00682735, 0.290958, 0.00684444, 0.0102479, -0.999924, 0.84947, -0.00163157, -0.999946, -0.0102593, 1.02161, 0, 0, 0, 1
-0.999975, 0.0017409, -0.00692269, 0.290959, 0.00694044, 0.0104033, -0.999922, 0.849491, -0.00166875, -0.999944, -0.0104151, 1.0216, 0, 0, 0, 1
-0.999974, 0.00178043, -0.00701877, 0.29096, 0.00703719, 0.0105599, -0.999919, 0.849512, -0.00170617, -0.999943, -0.0105721, 1.0216, 0, 0, 0, 1
-0.999973, 0.00182026, -0.00711561, 0.29096, 0.00713472, 0.0107177, -0.999917, 0.849534, -0.00174385, -0.999941, -0.0107304, 1.0216, 0, 0, 0, 1
-0.999972, 0.00186039, -0.00721319, 0.290961, 0.00723301, 0.0108767, -0.999915, 0.849556, -0.00178178, -0.999939, -0.0108899, 1.02159, 0, 0, 0, 1
-0.999971, 0.00190082, -0.00731152, 0.290962, 0.00733206, 0.011037, -0.999912, 0.849578, -0.00181995, -0.999937, -0.0110506, 1.02159, 0, 0, 0, 1
-0.999971, 0.00194154, -0.00741059, 0.290963, 0.00743188, 0.0111984, -0.99991, 0.8496, -0.00185838, -0.999935, -0.0112125, 1.02159, 0, 0, 0, 1
-0.99997, 0.00198256, -0.00751042, 0.290964, 0.00753247, 0.0113611, -0.999907, 0.849623, -0.00189705, -0.999933, -0.0113757, 1.02158, 0, 0, 0, 1
-0.999969, 0.00202388, -0.00761099, 0.290965, 0.00763382, 0.0115251, -0.999904, 0.849645, -0.00193597, -0.999932, -0.0115401, 1.02158, 0, 0, 0, 1
-0.999968, 0.0020655, -0.00771231, 0.290966, 0.00773594, 0.0116902, -0.999902, 0.849668, -0.00197514, -0.99993, -0.0117058, 1.02158, 0, 0, 0, 1
-0.999967, 0.00210742, -0.00781437, 0.290967, 0.00783883, 0.0118565, -0.999899, 0.849691, -0.00201455, -0.999927, -0.0118727, 1.02157, 0, 0, 0, 1
-0.999966, 0.00214963, -0.00791719, 0.290968, 0.00794248, 0.0120241, -0.999896, 0.849714, -0.00205421, -0.999925, -0.0120408, 1.02157, 0, 0, 0, 1
-0.999965, 0.00219214, -0.00802075, 0.290969, 0.0080469, 0.0121929, -0.999893, 0.849737, -0.00209411, -0.999923, -0.0122101, 1.02156, 0, 0, 0, 1
-0.999964, 0.00223494, -0.00812506, 0.290969, 0.00815209, 0.0123629, -0.99989, 0.84976, -0.00213425, -0.999921, -0.0123807, 1.02156, 0, 0, 0, 1
-0.999964, 0.00227804, -0.00823012, 0.29097, 0.00825805, 0.0125342, -0.999887, 0.849784, -0.00217463, -0.999919, -0.0125525, 1.02156, 0, 0, 0, 1
-0.999963, 0.00232144, -0.00833593, 0.290971, 0.00836477, 0.0127066, -0.999884, 0.849808, -0.00221525, -0.999917, -0.0127256, 1.02155, 0, 0, 0, 1
-0.999962, 0.00236514, -0.00844248, 0.290972, 0.00847227, 0.0128803, -0.999881, 0.849831, -0.00225611, -0.999914, -0.0128999, 1.02155, 0, 0, 0, 1
-0.999961, 0.00240913, -0.00854978, 0.290973, 0.00858053, 0.0130552, -0.999878, 0.849856, -0.00229721, -0.999912, -0.0130754, 1.02155, 0, 0, 0, 1
-0.99996, 0.00245341, -0.00865783, 0.290974, 0.00868956, 0.0132314, -0.999875, 0.84988, -0.00233855, -0.999909, -0.0132521, 1.02154, 0, 0, 0, 1
-0.999958, 0.00249799, -0.00876663, 0.290975, 0.00879936, 0.0134087, -0.999871, 0.849904, -0.00238012, -0.999907, -0.0134301, 1.02154, 0, 0, 0, 1
-0.999957, 0.00254287, -0.00887617, 0.290976, 0.00890993, 0.0135873, -0.999868, 0.849929, -0.00242193, -0.999904, -0.0136094, 1.02153, 0, 0, 0, 1
-0.999956, 0.00258804, -0.00898647, 0.290977, 0.00902127, 0.0137671, -0.999865, 0.849953, -0.00246397, -0.999902, -0.0137898, 1.02153, 0, 0, 0, 1
-0.999955, 0.0026335, -0.00909751, 0.290978, 0.00913338, 0.0139481, -0.999861, 0.849978, -0.00250624, -0.999899, -0.0139715, 1.02153, 0, 0, 0, 1
-0.999954, 0.00267926, -0.0092093, 0.290979, 0.00924627, 0.0141303, -0.999857, 0.850003, -0.00254875, -0.999897, -0.0141544, 1.02152, 0, 0, 0, 1
-0.999953, 0.00272531, -0.00932183, 0.29098, 0.00935992, 0.0143138, -0.999854, 0.850029, -0.00259148, -0.999894, -0.0143386, 1.02152, 0, 0, 0, 1
-0.999952, 0.00277166, -0.00943512, 0.290981, 0.00947434, 0.0144984, -0.99985, 0.850054, -0.00263445, -0.999891, -0.014524, 1.02152, 0, 0, 0, 1
-0.99995, 0.0028183, -0.00954915, 0.290982, 0.00958954, 0.0146843, -0.999846, 0.85008, -0.00267764, -0.999888, -0.0147106, 1.02151, 0, 0, 0, 1
-0.999949, 0.00286523, -0.00966393, 0.290983, 0.00970551, 0.0148714, -0.999842, 0.850106, -0.00272106, -0.999885, -0.0148985, 1.02151, 0, 0, 0, 1
-0.999948, 0.00291246, -0.00977945, 0.290984, 0.00982225, 0.0150598, -0.999838, 0.850131, -0.00276471, -0.999882, -0.0150876, 1.0215, 0, 0, 0, 1
-0.999947, 0.00295998, -0.00989573, 0.290985, 0.00993976, 0.0152493, -0.999834, 0.850158, -0.00280858, -0.999879, -0.015278, 1.0215, 0, 0, 0, 1
-0.999945, 0.00300779, -0.0100128, 0.290986, 0.010058, 0.0154401, -0.99983, 0.850184, -0.00285268, -0.999876, -0.0154695, 1.0215, 0, 0, 0, 1
-0.999944, 0.00305589, -0.0101305, 0.290987, 0.0101771, 0.0156321, -0.999826, 0.85021, -0.002897, -0.999873, -0.0156624, 1.02149, 0, 0, 0, 1
-0.999943, 0.00310429, -0.010249, 0.290988, 0.0102969, 0.0158254, -0.999822, 0.850237, -0.00294154, -0.99987, -0.0158564, 1.02149, 0, 0, 0, 1
-0.999941, 0.00315297, -0.0103683, 0.290989, 0.0104175, 0.0160198, -0.999817, 0.850264, -0.0029863, -0.999867, -0.0160517, 1.02148, 0, 0, 0, 1
-0.99994, 0.00320195, -0.0104883, 0.29099, 0.0105389, 0.0162155, -0.999813, 0.850291, -0.00303128, -0.999863, -0.0162482, 1.02148, 0, 0, 0, 1
-0.999938, 0.00325122, -0.0106091, 0.290991, 0.0106611, 0.0164124, -0.999808, 0.850318, -0.00307648, -0.99986, -0.016446, 1.02148, 0, 0, 0, 1
-0.999937, 0.00330079, -0.0107306, 0.290992, 0.010784, 0.0166105, -0.999804, 0.850345, -0.0031219, -0.999857, -0.016645, 1.02147, 0, 0, 0, 1
-0.999935, 0.00335064, -0.0108529, 0.290993, 0.0109077, 0.0168098, -0.999799, 0.850373, -0.00316753, -0.999853, -0.0168453, 1.02147, 0, 0, 0, 1
-0.999934, 0.00340078, -0.0109759, 0.290994, 0.0110322, 0.0170104, -0.999794, 0.8504, -0.00321338, -0.99985, -0.0170468, 1.02146, 0, 0, 0, 1
-0.999932, 0.00345121, -0.0110996, 0.290995, 0.0111574, 0.0172122, -0.99979, 0.850428, -0.00325944, -0.999846, -0.0172495, 1.02146, 0, 0, 0, 1
-0.999931, 0.00350194, -0.0112241, 0.290996, 0.0112835, 0.0174152, -0.999785, 0.850456, -0.00330571, -0.999842, -0.0174535, 1.02146, 0, 0, 0, 1
-0.999929, 0.00355295, -0.0113494, 0.290997, 0.0114103, 0.0176194, -0.99978, 0.850484, -0.0033522, -0.999838, -0.0176587, 1.02145, 0, 0, 0, 1
-0.999928, 0.00360425, -0.0114754, 0.290998, 0.0115379, 0.0178248, -0.999775, 0.850513, -0.00339889, -0.999835, -0.0178651, 1.02145, 0, 0, 0, 1
-0.999926, 0.00365584, -0.0116021, 0.290999, 0.0116662, 0.0180315, -0.999769, 0.850541, -0.0034458, -0.999831, -0.0180728, 1.02144, 0, 0, 0, 1
-0.999924, 0.00370772, -0.0117296, 0.291, 0.0117953, 0.0182394, -0.999764, 0.85057, -0.00349291, -0.999827, -0.0182817, 1.02144, 0, 0, 0, 1
-0.999923, 0.00375989, -0.0118578, 0.291001, 0.0119253, 0.0184485, -0.999759, 0.850599, -0.00354023, -0.999823, -0.0184919, 1.02143, 0, 0, 0, 1
-0.999921, 0.00381235, -0.0119868, 0.291003, 0.012056, 0.0186588, -0.999753, 0.850628, -0.00358775, -0.999819, -0.0187033, 1.02143, 0, 0, 0, 1
-0.999919, 0.00386509, -0.0121166, 0.291004, 0.0121874, 0.0188704, -0.999748, 0.850657, -0.00363547, -0.999814, -0.018916, 1.02143, 0, 0, 0, 1
-0.999917, 0.00391813, -0.012247, 0.291005, 0.0123197, 0.0190832, -0.999742, 0.850686, -0.0036834, -0.99981, -0.0191299, 1.02142, 0, 0, 0, 1
-0.999915, 0.00397145, -0.0123783, 0.291006, 0.0124527, 0.0192972, -0.999736, 0.850716, -0.00373153, -0.999806, -0.019345, 1.02142, 0, 0, 0, 1
-0.999914, 0.00402506, -0.0125103, 0.291007, 0.0125865, 0.0195124, -0.99973, 0.850746, -0.00377987, -0.999802, -0.0195614, 1.02141, 0, 0, 0, 1
-0.999912, 0.00407895, -0.012643, 0.291008, 0.0127211, 0.0197288, -0.999724, 0.850775, -0.00382839, -0.999797, -0.019779, 1.02141, 0, 0, 0, 1
-0.99991, 0.00413313, -0.0127765, 0.291009, 0.0128565, 0.0199465, -0.999718, 0.850805, -0.00387712, -0.999793, -0.0199978, 1.0214, 0, 0, 0, 1
-0.999908, 0.0041876, -0.0129107, 0.29101, 0.0129926, 0.0201654, -0.999712, 0.850836, -0.00392605, -0.999788, -0.020218, 1.0214, 0, 0, 0, 1
-0.999906, 0.00424235, -0.0130457, 0.291011, 0.0131295, 0.0203855, -0.999706, 0.850866, -0.00397516, -0.999783, -0.0204393, 1.0214, 0, 0, 0, 1
-0.999904, 0.00429739, -0.0131814, 0.291012, 0.0132672, 0.0206069, -0.9997, 0.850897, -0.00402448, -0.999778, -0.0206619, 1.02139, 0, 0, 0, 1
-0.999902, 0.00435272, -0.0133178, 0.291013, 0.0134057, 0.0208294, -0.999693, 0.850927, -0.00407398, -0.999774, -0.0208857, 1.02139, 0, 0, 0, 1
-0.9999, 0.00440833, -0.0134551, 0.291015, 0.013545, 0.0210532, -0.999687, 0.850958, -0.00412367, -0.999769, -0.0211108, 1.02138, 0, 0, 0, 1
-0.999898, 0.00446422, -0.013593, 0.291016, 0.0136851, 0.0212782, -0.99968, 0.850989, -0.00417356, -0.999764, -0.0213371, 1.02138, 0, 0, 0, 1
-0.999895, 0.0045204, -0.0137317, 0.291017, 0.0138259, 0.0215044, -0.999673, 0.851021, -0.00422363, -0.999759, -0.0215647, 1.02137, 0, 0, 0, 1
-0.999893, 0.00457687, -0.0138712, 0.291018, 0.0139675, 0.0217319, -0.999666, 0.851052, -0.00427389, -0.999753, -0.0217935, 1.02137, 0, 0, 0, 1
-0.999891, 0.00463362, -0.0140114, 0.291019, 0.0141099, 0.0219606, -0.999659, 0.851084, -0.00432434, -0.999748, -0.0220236, 1.02137, 0, 0, 0, 1
-0.999889, 0.00469065, -0.0141524, 0.29102, 0.0142531, 0.0221905, -0.999652, 0.851116, -0.00437497, -0.999743, -0.0222549, 1.02136, 0, 0, 0, 1
-0.999887, 0.00474796, -0.0142941, 0.291021, 0.0143971, 0.0224216, -0.999645, 0.851148, -0.00442578, -0.999737, -0.0224874, 1.02136, 0, 0, 0, 1
-0.999884, 0.00480556, -0.0144365, 0.291022, 0.0145418, 0.0226539, -0.999638, 0.85118, -0.00447678, -0.999732, -0.0227212, 1.02135, 0, 0, 0, 1
-0.999882, 0.00486344, -0.0145797, 0.291023, 0.0146874, 0.0228875, -0.99963, 0.851212, -0.00452795, -0.999726, -0.0229562, 1.02135, 0, 0, 0, 1
-0.999879, 0.00492161, -0.0147237, 0.291025, 0.0148337, 0.0231223, -0.999623, 0.851245, -0.0045793, -0.999721, -0.0231925, 1.02134, 0, 0, 0, 1
-0.999877, 0.00498005, -0.0148683, 0.291026, 0.0149808, 0.0233583, -0.999615, 0.851277, -0.00463084, -0.999715, -0.02343, 1.02134, 0, 0, 0, 1
-0.999875, 0.00503878, -0.0150138, 0.291027, 0.0151287, 0.0235955, -0.999607, 0.85131, -0.00468254, -0.999709, -0.0236688, 1.02133, 0, 0, 0, 1
-0.999872, 0.00509779, -0.01516, 0.291028, 0.0152774, 0.023834, -0.999599, 0.851343, -0.00473442, -0.999703, -0.0239088, 1.02133, 0, 0, 0, 1
-0.99987, 0.00515708, -0.0153069, 0.291029, 0.0154268, 0.0240737, -0.999591, 0.851376, -0.00478648, -0.999697, -0.0241501, 1.02133, 0, 0, 0, 1
-0.999867, 0.00521665, -0.0154546, 0.29103, 0.0155771, 0.0243146, -0.999583, 0.85141, -0.0048387, -0.999691, -0.0243926, 1.02132, 0, 0, 0, 1
-0.999864, 0.0052765, -0.015603, 0.291032, 0.0157281, 0.0245567, -0.999575, 0.851443, -0.0048911, -0.999685, -0.0246364, 1.02132, 0, 0, 0, 1
-0.999862, 0.00533664, -0.0157522, 0.291033, 0.0158799, 0.0248001, -0.999566, 0.851477, -0.00494367, -0.999678, -0.0248814, 1.02131, 0, 0, 0, 1
-0.999859, 0.00539705, -0.0159021, 0.291034, 0.0160325, 0.0250446, -0.999558, 0.851511, -0.0049964, -0.999672, -0.0251276, 1.02131, 0, 0, 0, 1
-0.999856, 0.00545774, -0.0160528, 0.291035, 0.0161859, 0.0252904, -0.999549, 0.851545, -0.0050493, -0.999665, -0.0253751, 1.0213, 0, 0, 0, 1
-0.999853, 0.00551871, -0.0162043, 0.291036, 0.0163401, 0.0255375, -0.99954, 0.851579, -0.00510236, -0.999659, -0.0256239, 1.0213, 0, 0, 0, 1
-0.999851, 0.00557996, -0.0163564, 0.291037, 0.0164951, 0.0257857, -0.999531, 0.851613, -0.00515559, -0.999652, -0.0258739, 1.02129, 0, 0, 0, 1
-0.999848, 0.00564149, -0.0165093, 0.291038, 0.0166509, 0.0260352, -0.999522, 0.851648, -0.00520897, -0.999645, -0.0261252, 1.02129, 0, 0, 0, 1
-0.999845, 0.0057033, -0.016663, 0.29104, 0.0168074, 0.0262859, -0.999513, 0.851683, -0.00526252, -0.999638, -0.0263777, 1.02128, 0, 0, 0, 1
-0.999842, 0.00576539, -0.0168174, 0.291041, 0.0169648, 0.0265378, -0.999504, 0.851718, -0.00531623, -0.999631, -0.0266314, 1.02128, 0, 0, 0, 1
-0.999839, 0.00582775, -0.0169726, 0.291042, 0.0171229, 0.0267909, -0.999494, 0.851753, -0.00537009, -0.999624, -0.0268864, 1.02127, 0, 0, 0, 1
-0.999836, 0.00589039, -0.0171285, 0.291043, 0.0172818, 0.0270453, -0.999485, 0.851788, -0.00542411, -0.999617, -0.0271427, 1.02127, 0, 0, 0, 1
-0.999833, 0.00595331, -0.0172852, 0.291044, 0.0174416, 0.0273009, -0.999475, 0.851823, -0.00547828, -0.99961, -0.0274002, 1.02127, 0, 0, 0, 1
-0.99983, 0.0060165, -0.0174426, 0.291046, 0.0176021, 0.0275577, -0.999465, 0.851859, -0.00553261, -0.999602, -0.0276589, 1.02126, 0, 0, 0, 1
-0.999827, 0.00607997, -0.0176007, 0.291047, 0.0177634, 0.0278157, -0.999455, 0.851895, -0.00558708, -0.999595, -0.0279189, 1.02126, 0, 0, 0, 1
-0.999823, 0.00614372, -0.0177597, 0.291048, 0.0179254, 0.028075, -0.999445, 0.851931, -0.00564171, -0.999587, -0.0281802, 1.02125, 0, 0, 0, 1
-0.99982, 0.00620774, -0.0179193, 0.291049, 0.0180883, 0.0283355, -0.999435, 0.851967, -0.00569648, -0.999579, -0.0284427, 1.02125, 0, 0, 0, 1
-0.999817, 0.00627204, -0.0180797, 0.29105, 0.018252, 0.0285972, -0.999424, 0.852003, -0.0057514, -0.999571, -0.0287064, 1.02124, 0, 0, 0, 1
-0.999814, 0.00633661, -0.0182409, 0.291052, 0.0184165, 0.0288601, -0.999414, 0.85204, -0.00580647, -0.999563, -0.0289714, 1.02124, 0, 0, 0, 1
-0.99981, 0.00640146, -0.0184028, 0.291053, 0.0185817, 0.0291243, -0.999403, 0.852076, -0.00586167, -0.999555, -0.0292377, 1.02123, 0, 0, 0, 1
-0.999807, 0.00646658, -0.0185654, 0.291054, 0.0187478, 0.0293897, -0.999392, 0.852113, -0.00591702, -0.999547, -0.0295052, 1.02123, 0, 0, 0, 1
-0.999803, 0.00653198, -0.0187288, 0.291055, 0.0189146, 0.0296563, -0.999381, 0.85215, -0.00597251, -0.999539, -0.029774, 1.02122, 0, 0, 0, 1
-0.9998, 0.00659765, -0.0188929, 0.291056, 0.0190823, 0.0299241, -0.99937, 0.852188, -0.00602814, -0.99953, -0.030044, 1.02122, 0, 0, 0, 1
-0.999796, 0.00666359, -0.0190578, 0.291057, 0.0192507, 0.0301931, -0.999359, 0.852225, -0.0060839, -0.999522, -0.0303153, 1.02121, 0, 0, 0, 1
-0.999793, 0.00672981, -0.0192235, 0.291059, 0.01942, 0.0304634, -0.999347, 0.852262, -0.0061398, -0.999513, -0.0305878, 1.02121, 0, 0, 0, 1
-0.999789, 0.00679629, -0.0193899, 0.29106, 0.01959, 0.0307349, -0.999336, 0.8523, -0.00619583, -0.999504, -0.0308616, 1.02121, 0, 0, 0, 1
-0.999785, 0.00686305, -0.019557, 0.291061, 0.0197608, 0.0310076, -0.999324, 0.852338, -0.006252, -0.999496, -0.0311366, 1.0212, 0, 0, 0, 1
-0.999781, 0.00693009, -0.0197249, 0.291062, 0.0199324, 0.0312816, -0.999312, 0.852376, -0.00630829, -0.999487, -0.0314129, 1.0212, 0, 0, 0, 1
-0.999778, 0.00699739, -0.0198935, 0.291064, 0.0201049, 0.0315568, -0.9993, 0.852414, -0.00636472, -0.999477, -0.0316904, 1.02119, 0, 0, 0, 1
-0.999774, 0.00706497, -0.0200629, 0.291065, 0.0202781, 0.0318332, -0.999287, 0.852453, -0.00642127, -0.999468, -0.0319692, 1.02119, 0, 0, 0, 1
-0.99977, 0.00713281, -0.020233, 0.291066, 0.0204521, 0.0321108, -0.999275, 0.852491, -0.00647794, -0.999459, -0.0322493, 1.02118, 0, 0, 0, 1
-0.999766, 0.00720093, -0.0204039, 0.291067, 0.0206269, 0.0323896, -0.999262, 0.85253, -0.00653474, -0.999449, -0.0325306, 1.02118, 0, 0, 0, 1
-0.999762, 0.00726931, -0.0205755, 0.291068, 0.0208025, 0.0326697, -0.99925, 0.852569, -0.00659166, -0.99944, -0.0328131, 1.02117, 0, 0, 0, 1
-0.999758, 0.00733797, -0.0207479, 0.29107, 0.0209789, 0.032951, -0.999237, 0.852608, -0.0066487, -0.99943, -0.033097, 1.02117, 0, 0, 0, 1
-0.999754, 0.00740689, -0.020921, 0.291071, 0.0211561, 0.0332335, -0.999224, 0.852648, -0.00670586, -0.99942, -0.033382, 1.02116, 0, 0, 0, 1
-0.99975, 0.00747609, -0.0210949, 0.291072, 0.0213341, 0.0335173, -0.99921, 0.852687, -0.00676314, -0.99941, -0.0336684, 1.02116, 0, 0, 0, 1
-0.999745, 0.00754555, -0.0212695, 0.291073, 0.021513, 0.0338022, -0.999197, 0.852727, -0.00682053, -0.9994, -0.0339559, 1.02115, 0, 0, 0, 1
-0.999741, 0.00761528, -0.0214449, 0.291074, 0.0216926, 0.0340884, -0.999183, 0.852767, -0.00687804, -0.99939, -0.0342448, 1.02115, 0, 0, 0, 1
-0.999737, 0.00768528, -0.021621, 0.291076, 0.021873, 0.0343758, -0.99917, 0.852807, -0.00693566, -0.999379, -0.0345349, 1.02114, 0, 0, 0, 1
-0.999732, 0.00775554, -0.0217978, 0.291077, 0.0220542, 0.0346645, -0.999156, 0.852847, -0.00699338, -0.999369, -0.0348262, 1.02114, 0, 0, 0, 1
-0.999728, 0.00782607, -0.0219754, 0.291078, 0.0222362, 0.0349543, -0.999142, 0.852887, -0.00705122, -0.999358, -0.0351188, 1.02114, 0, 0, 0, 1
-0.999723, 0.00789687, -0.0221538, 0.291079, 0.022419, 0.0352454, -0.999127, 0.852928, -0.00710916, -0.999347, -0.0354127, 1.02113, 0, 0, 0, 1
-0.999719, 0.00796794, -0.0223329, 0.291081, 0.0226026, 0.0355377, -0.999113, 0.852969, -0.00716721, -0.999337, -0.0357078, 1.02113, 0, 0, 0, 1
-0.999714, 0.00803927, -0.0225128, 0.291082, 0.022787, 0.0358313, -0.999098, 0.853009, -0.00722536, -0.999326, -0.0360042, 1.02112, 0, 0, 0, 1
-0.99971, 0.00811087, -0.0226934, 0.291083, 0.0229722, 0.036126, -0.999083, 0.85305, -0.00728361, -0.999314, -0.0363019, 1.02112, 0, 0, 0, 1
-0.999705, 0.00818273, -0.0228747, 0.291084, 0.0231583, 0.036422, -0.999068, 0.853092, -0.00734196, -0.999303, -0.0366008, 1.02111, 0, 0, 0, 1
-0.9997, 0.00825485, -0.0230568, 0.291085, 0.0233451, 0.0367192, -0.999053, 0.853133, -0.00740041, -0.999292, -0.0369009, 1.02111, 0, 0, 0, 1
-0.999695, 0.00832724, -0.0232397, 0.291087, 0.0235327, 0.0370177, -0.999037, 0.853175, -0.00745895, -0.99928, -0.0372024, 1.0211, 0, 0, 0, 1
-0.99969, 0.0083999, -0.0234233, 0.291088, 0.0237212, 0.0373173, -0.999022, 0.853217, -0.00751759, -0.999268, -0.037505, 1.0211, 0, 0, 0, 1
-0.999685, 0.00847282, -0.0236076, 0.291089, 0.0239104, 0.0376182, -0.999006, 0.853259, -0.00757632, -0.999256, -0.037809, 1.02109, 0, 0, 0, 1
-0.99968, 0.008546, -0.0237927, 0.29109, 0.0241004, 0.0379203, -0.99899, 0.853301, -0.00763514, -0.999244, -0.0381142, 1.02109, 0, 0, 0, 1
-0.999675, 0.00861944, -0.0239785, 0.291092, 0.0242913, 0.0382237, -0.998974, 0.853343, -0.00769405, -0.999232, -0.0384206, 1.02108, 0, 0, 0, 1
-0.99967, 0.00869315, -0.0241651, 0.291093, 0.0244829, 0.0385282, -0.998958, 0.853386, -0.00775305, -0.99922, -0.0387284, 1.02108, 0, 0, 0, 1
-0.999665, 0.00876712, -0.0243525, 0.291094, 0.0246754, 0.038834, -0.998941, 0.853428, -0.00781213, -0.999207, -0.0390373, 1.02107, 0, 0, 0, 1
-0.99966, 0.00884135, -0.0245406, 0.291095, 0.0248687, 0.039141, -0.998924, 0.853471, -0.00787129, -0.999195, -0.0393476, 1.02107, 0, 0, 0, 1
-0.999654, 0.00891584, -0.0247294, 0.291096, 0.0250628, 0.0394493, -0.998907, 0.853514, -0.00793054, -0.999182, -0.0396591, 1.02106, 0, 0, 0, 1
-0.999649, 0.00899059, -0.024919, 0.291098, 0.0252576, 0.0397587, -0.99889, 0.853557, -0.00798986, -0.999169, -0.0399718, 1.02106, 0, 0, 0, 1
-0.999644, 0.0090656, -0.0251093, 0.291099, 0.0254533, 0.0400694, -0.998873, 0.853601, -0.00804927, -0.999156, -0.0402859, 1.02106, 0, 0, 0, 1
-0.999638, 0.00914087, -0.0253004, 0.2911, 0.0256498, 0.0403813, -0.998855, 0.853644, -0.00810875, -0.999143, -0.0406012, 1.02105, 0, 0, 0, 1
-0.999633, 0.00921641, -0.0254922, 0.291101, 0.0258471, 0.0406944, -0.998837, 0.853688, -0.0081683, -0.999129, -0.0409177, 1.02105, 0, 0, 0, 1
-0.999627, 0.0092922, -0.0256848, 0.291103, 0.0260452, 0.0410088, -0.998819, 0.853732, -0.00822792, -0.999116, -0.0412355, 1.02104, 0, 0, 0, 1
-0.999621, 0.00936824, -0.0258781, 0.291104, 0.0262442, 0.0413244, -0.998801, 0.853776, -0.00828762, -0.999102, -0.0415546, 1.02104, 0, 0, 0, 1
-0.999615, 0.00944455, -0.0260722, 0.291105, 0.0264439, 0.0416412, -0.998783, 0.85382, -0.00834738, -0.999088, -0.0418749, 1.02103, 0, 0, 0, 1
-0.99961, 0.00952112, -0.026267, 0.291106, 0.0266444, 0.0419592, -0.998764, 0.853865, -0.00840721, -0.999074, -0.0421965, 1.02103, 0, 0, 0, 1
-0.999604, 0.00959794, -0.0264626, 0.291107, 0.0268458, 0.0422785, -0.998745, 0.853909, -0.0084671, -0.99906, -0.0425194, 1.02102, 0, 0, 0, 1
-0.999598, 0.00967502, -0.0266589, 0.291109, 0.027048, 0.042599, -0.998726, 0.853954, -0.00852705, -0.999045, -0.0428435, 1.02102, 0, 0, 0, 1
-0.999592, 0.00975236, -0.026856, 0.29111, 0.0272509, 0.0429207, -0.998707, 0.853999, -0.00858707, -0.999031, -0.0431689, 1.02101, 0, 0, 0, 1
-0.999586, 0.00982995, -0.0270538, 0.291111, 0.0274547, 0.0432436, -0.998687, 0.854044, -0.00864714, -0.999016, -0.0434955, 1.02101, 0, 0, 0, 1
-0.999579, 0.0099078, -0.0272524, 0.291112, 0.0276593, 0.0435677, -0.998668, 0.85409, -0.00870727, -0.999001, -0.0438235, 1.021, 0, 0, 0, 1
-0.999573, 0.0099859, -0.0274517, 0.291113, 0.0278647, 0.0438931, -0.998648, 0.854135, -0.00876746, -0.998986, -0.0441526, 1.021, 0, 0, 0, 1
-0.999567, 0.0100643, -0.0276517, 0.291115, 0.028071, 0.0442197, -0.998627, 0.854181, -0.00882769, -0.998971, -0.0444831, 1.021, 0, 0, 0, 1
-0.999561, 0.0101429, -0.0278525, 0.291116, 0.028278, 0.0445476, -0.998607, 0.854227, -0.00888798, -0.998956, -0.0448148, 1.02099, 0, 0, 0, 1
-0.999554, 0.0102217, -0.0280541, 0.291117, 0.0284859, 0.0448766, -0.998586, 0.854273, -0.00894831, -0.99894, -0.0451478, 1.02099, 0, 0, 0, 1
-0.999548, 0.0103009, -0.0282564, 0.291118, 0.0286945, 0.0452069, -0.998565, 0.854319, -0.0090087, -0.998925, -0.045482, 1.02098, 0, 0, 0, 1
-0.999541, 0.0103802, -0.0284595, 0.291119, 0.028904, 0.0455384, -0.998544, 0.854366, -0.00906912, -0.998909, -0.0458175, 1.02098, 0, 0, 0, 1
-0.999534, 0.0104599, -0.0286633, 0.291121, 0.0291143, 0.0458711, -0.998523, 0.854412, -0.00912959, -0.998893, -0.0461543, 1.02097, 0, 0, 0, 1
-0.999528, 0.0105397, -0.0288678, 0.291122, 0.0293254, 0.0462051, -0.998501, 0.854459, -0.0091901, -0.998876, -0.0464923, 1.02097, 0, 0, 0, 1
