-0.999999, -0.000797434, -0.000797196, 0.290901, 0.000796858, 0.000424669, -1, 0.848124, 0.000797772, -1, -0.000424033, 1.02183, 0, 0, 0, 1
-0.999999, -0.000797436, -0.000797637, 0.290901, 0.000797298, 0.000424817, -1, 0.848124, 0.000797775, -1, -0.000424181, 1.02183, 0, 0, 0, 1
-0.999999, -0.000797443, -0.000798959, 0.290901, 0.00079862, 0.000425261, -1, 0.848124, 0.000797782, -1, -0.000424623, 1.02183, 0, 0, 0, 1
-0.999999, -0.000797453, -0.000801163, 0.290901, 0.000800824, 0.000426, -1, 0.848124, 0.000797794, -1, -0.000425361, 1.02183, 0, 0, 0, 1
-0.999999, -0.000797468, -0.000804249, 0.290901, 0.000803909, 0.000427036, -1, 0.848124, 0.000797811, -1, -0.000426394, 1.02183, 0, 0, 0, 1
-0.999999, -0.000797486, -0.000808216, 0.290901, 0.000807875, 0.000428367, -1, 0.848124, 0.000797832, -1, -0.000427722, 1.02184, 0, 0, 0, 1
-0.999999, -0.000797509, -0.000813065, 0.2909, 0.000812723, 0.000429994, -1, 0.848124, 0.000797858, -1, -0.000429346, 1.02184, 0, 0, 0, 1
-0.999999, -0.000797536, -0.000818796, 0.2909, 0.000818452, 0.000431917, -1, 0.848124, 0.00079789, -1, -0.000431264, 1.02184, 0, 0, 0, 1
-0.999999, -0.000797567, -0.000825408, 0.2909, 0.000825062, 0.000434136, -1, 0.848124, 0.000797925, -1, -0.000433478, 1.02184, 0, 0, 0, 1
-0.999999, -0.000797603, -0.000832902, 0.2909, 0.000832554, 0.000436651, -1, 0.848124, 0.000797966, -1, -0.000435986, 1.02184, 0, 0, 0, 1
-0.999999, -0.000797642, -0.000841278, 0.290899, 0.000840927, 0.000439461, -1, 0.848124, 0.000798012, -1, -0.00043879, 1.02184, 0, 0, 0, 1
-0.999999, -0.000797686, -0.000850535, 0.290899, 0.000850182, 0.000442568, -1, 0.848124, 0.000798062, -1, -0.000441889, 1.02184, 0, 0, 0, 1
-0.999999, -0.000797734, -0.000860674, 0.290898, 0.000860318, 0.00044597, -1, 0.848123, 0.000798118, -1, -0.000445284, 1.02184, 0, 0, 0, 1
-0.999999, -0.000797786, -0.000871694, 0.290898, 0.000871335, 0.000449668, -1, 0.848123, 0.000798178, -1, -0.000448973, 1.02184, 0, 0, 0, 1
-0.999999, -0.000797843, -0.000883596, 0.290897, 0.000883234, 0.000453662, -1, 0.848123, 0.000798243, -1, -0.000452957, 1.02184, 0, 0, 0, 1
-0.999999, -0.000797903, -0.00089638, 0.290897, 0.000896014, 0.000457952, -0.999999, 0.848123, 0.000798313, -1, -0.000457237, 1.02184, 0, 0, 0, 1
-0.999999, -0.000797968, -0.000910045, 0.290896, 0.000909676, 0.000462538, -0.999999, 0.848123, 0.000798388, -1, -0.000461812, 1.02184, 0, 0, 0, 1
-0.999999, -0.000798036, -0.000924592, 0.290896, 0.000924219, 0.000467419, -0.999999, 0.848123, 0.000798468, -1, -0.000466681, 1.02184, 0, 0, 0, 1
-0.999999, -0.00079811, -0.000940021, 0.290895, 0.000939644, 0.000472597, -0.999999, 0.848122, 0.000798553, -1, -0.000471847, 1.02184, 0, 0, 0, 1
-0.999999, -0.000798187, -0.000956331, 0.290894, 0.000955949, 0.00047807, -0.999999, 0.848122, 0.000798644, -1, -0.000477307, 1.02184, 0, 0, 0, 1
-0.999999, -0.000798268, -0.000973523, 0.290894, 0.000973137, 0.000483839, -0.999999, 0.848122, 0.000798739, -1, -0.000483062, 1.02185, 0, 0, 0, 1
-0.999999, -0.000798354, -0.000991596, 0.290893, 0.000991205, 0.000489904, -0.999999, 0.848122, 0.000798839, -1, -0.000489112, 1.02185, 0, 0, 0, 1
-0.999999, -0.000798444, -0.00101055, 0.290892, 0.00101016, 0.000496265, -0.999999, 0.848122, 0.000798945, -1, -0.000495458, 1.02185, 0, 0, 0, 1
-0.999999, -0.000798538, -0.00103039, 0.290891, 0.00102999, 0.000502922, -0.999999, 0.848121, 0.000799055, -1, -0.000502099, 1.02185, 0, 0, 0, 1
-0.999999, -0.000798636, -0.00105111, 0.290891, 0.0010507, 0.000509874, -0.999999, 0.848121, 0.000799171, -1, -0.000509035, 1.02185, 0, 0, 0, 1
-0.999999, -0.000798739, -0.00107271, 0.29089, 0.00107229, 0.000517122, -0.999999, 0.848121, 0.000799293, -1, -0.000516266, 1.02185, 0, 0, 0, 1
-0.999999, -0.000798845, -0.00109519, 0.290889, 0.00109477, 0.000524667, -0.999999, 0.848121, 0.000799419, -1, -0.000523792, 1.02185, 0, 0, 0, 1
-0.999999, -0.000798956, -0.00111855, 0.290888, 0.00111813, 0.000532507, -0.999999, 0.84812, 0.000799551, -1, -0.000531613, 1.02185, 0, 0, 0, 1
-0.999999, -0.000799071, -0.0011428, 0.290887, 0.00114236, 0.000540643, -0.999999, 0.84812, 0.000799689, -1, -0.000539729, 1.02186, 0, 0, 0, 1
-0.999999, -0.000799191, -0.00116792, 0.290886, 0.00116748, 0.000549074, -0.999999, 0.84812, 0.000799832, -1, -0.000548141, 1.02186, 0, 0, 0, 1
-0.999999, -0.000799315, -0.00119393, 0.290885, 0.00119348, 0.000557802, -0.999999, 0.848119, 0.00079998, -1, -0.000556848, 1.02186, 0, 0, 0, 1
-0.999999, -0.000799443, -0.00122082, 0.290884, 0.00122037, 0.000566826, -0.999999, 0.848119, 0.000800134, -1, -0.000565849, 1.02186, 0, 0, 0, 1
-0.999999, -0.000799575, -0.00124859, 0.290882, 0.00124813, 0.000576145, -0.999999, 0.848119, 0.000800293, -1, -0.000575146, 1.02186, 0, 0, 0, 1
-0.999999, -0.000799711, -0.00127724, 0.290881, 0.00127678, 0.00058576, -0.999999, 0.848118, 0.000800459, -1, -0.000584738, 1.02186, 0, 0, 0, 1
-0.999999, -0.000799852, -0.00130678, 0.29088, 0.0013063, 0.000595671, -0.999999, 0.848118, 0.00080063, -1, -0.000594625, 1.02187, 0, 0, 0, 1
-0.999999, -0.000799997, -0.0013372, 0.290879, 0.00133671, 0.000605878, -0.999999, 0.848118, 0.000800807, -0.999999, -0.000604808, 1.02187, 0, 0, 0, 1
-0.999999, -0.000800147, -0.00136849, 0.290878, 0.001368, 0.000616381, -0.999999, 0.848117, 0.000800989, -0.999999, -0.000615285, 1.02187, 0, 0, 0, 1
-0.999999, -0.0008003, -0.00140067, 0.290876, 0.00140017, 0.000627179, -0.999999, 0.848117, 0.000801178, -0.999999, -0.000626058, 1.02187, 0, 0, 0, 1
-0.999999, -0.000800458, -0.00143373, 0.290875, 0.00143322, 0.000638274, -0.999999, 0.848116, 0.000801372, -0.999999, -0.000637126, 1.02187, 0, 0, 0, 1
-0.999999, -0.00080062, -0.00146768, 0.290873, 0.00146716, 0.000649664, -0.999999, 0.848116, 0.000801573, -0.999999, -0.000648488, 1.02188, 0, 0, 0, 1
-0.999999, -0.000800787, -0.0015025, 0.290872, 0.00150197, 0.00066135, -0.999999, 0.848116, 0.00080178, -0.999999, -0.000660146, 1.02188, 0, 0, 0, 1
-0.999998, -0.000800958, -0.00153821, 0.290871, 0.00153767, 0.000673332, -0.999999, 0.848115, 0.000801993, -0.999999, -0.000672099, 1.02188, 0, 0, 0, 1
-0.999998, -0.000801133, -0.0015748, 0.290869, 0.00157425, 0.00068561, -0.999999, 0.848115, 0.000802212, -0.999999, -0.000684348, 1.02188, 0, 0, 0, 1
-0.999998, -0.000801313, -0.00161227, 0.290867, 0.00161171, 0.000698183, -0.999998, 0.848114, 0.000802437, -0.999999, -0.000696891, 1.02189, 0, 0, 0, 1
-0.999998, -0.000801497, -0.00165062, 0.290866, 0.00165005, 0.000711053, -0.999998, 0.848114, 0.000802669, -0.999999, -0.000709729, 1.02189, 0, 0, 0, 1
-0.999998, -0.000801685, -0.00168985, 0.290864, 0.00168927, 0.000724218, -0.999998, 0.848113, 0.000802908, -0.999999, -0.000722863, 1.02189, 0, 0, 0, 1
-0.999998, -0.000801878, -0.00172996, 0.290863, 0.00172937, 0.00073768, -0.999998, 0.848113, 0.000803153, -0.999999, -0.000736291, 1.02189, 0, 0, 0, 1
-0.999998, -0.000802075, -0.00177096, 0.290861, 0.00177036, 0.000751437, -0.999998, 0.848112, 0.000803404, -0.999999, -0.000750015, 1.02189, 0, 0, 0, 1
-0.999998, -0.000802276, -0.00181284, 0.290859, 0.00181222, 0.000765489, -0.999998, 0.848112, 0.000803663, -0.999999, -0.000764034, 1.0219, 0, 0, 0, 1
-0.999998, -0.000802482, -0.0018556, 0.290857, 0.00185497, 0.000779838, -0.999998, 0.848111, 0.000803928, -0.999999, -0.000778348, 1.0219, 0, 0, 0, 1
-0.999998, -0.000802693, -0.00189924, 0.290856, 0.0018986, 0.000794483, -0.999998, 0.848111, 0.0008042, -0.999999, -0.000792957, 1.0219, 0, 0, 0, 1
-0.999998, -0.000802907, -0.00194376, 0.290854, 0.00194311, 0.000809423, -0.999998, 0.84811, 0.000804479, -0.999999, -0.000807861, 1.02191, 0, 0, 0, 1
-0.999998, -0.000803127, -0.00198916, 0.290852, 0.0019885, 0.00082466, -0.999998, 0.84811, 0.000804765, -0.999999, -0.000823061, 1.02191, 0, 0, 0, 1
-0.999998, -0.00080335, -0.00203545, 0.29085, 0.00203477, 0.000840192, -0.999998, 0.848109, 0.000805058, -0.999999, -0.000838555, 1.02191, 0, 0, 0, 1
-0.999998, -0.000803578, -0.00208262, 0.290848, 0.00208193, 0.00085602, -0.999997, 0.848108, 0.000805359, -0.999999, -0.000854345, 1.02191, 0, 0, 0, 1
-0.999997, -0.000803811, -0.00213066, 0.290846, 0.00212996, 0.000872144, -0.999997, 0.848108, 0.000805667, -0.999999, -0.000870429, 1.02192, 0, 0, 0, 1
-0.999997, -0.000804048, -0.00217959, 0.290844, 0.00217888, 0.000888563, -0.999997, 0.848107, 0.000805982, -0.999999, -0.000886809, 1.02192, 0, 0, 0, 1
-0.999997, -0.000804289, -0.00222941, 0.290842, 0.00222868, 0.000905279, -0.999997, 0.848107, 0.000806305, -0.999999, -0.000903484, 1.02192, 0, 0, 0, 1
-0.999997, -0.000804535, -0.0022801, 0.29084, 0.00227936, 0.00092229, -0.999997, 0.848106, 0.000806636, -0.999999, -0.000920454, 1.02193, 0, 0, 0, 1
-0.999997, -0.000804786, -0.00233168, 0.290838, 0.00233092, 0.000939597, -0.999997, 0.848105, 0.000806974, -0.999999, -0.000937719, 1.02193, 0, 0, 0, 1
-0.999997, -0.000805041, -0.00238413, 0.290836, 0.00238336, 0.0009572, -0.999997, 0.848105, 0.000807321, -0.999999, -0.000955279, 1.02193, 0, 0, 0, 1
-0.999997, -0.000805301, -0.00243747, 0.290833, 0.00243669, 0.000975099, -0.999997, 0.848104, 0.000807675, -0.999999, -0.000973134, 1.02194, 0, 0, 0, 1
-0.999997, -0.000805565, -0.00249169, 0.290831, 0.00249089, 0.000993294, -0.999996, 0.848103, 0.000808037, -0.999999, -0.000991284, 1.02194, 0, 0, 0, 1
-0.999996, -0.000805834, -0.00254679, 0.290829, 0.00254598, 0.00101178, -0.999996, 0.848103, 0.000808407, -0.999999, -0.00100973, 1.02194, 0, 0, 0, 1
-0.999996, -0.000806107, -0.00260278, 0.290827, 0.00260195, 0.00103057, -0.999996, 0.848102, 0.000808786, -0.999999, -0.00102847, 1.02195, 0, 0, 0, 1
-0.999996, -0.000806385, -0.00265964, 0.290824, 0.0026588, 0.00104965, -0.999996, 0.848101, 0.000809173, -0.999999, -0.00104751, 1.02195, 0, 0, 0, 1
-0.999996, -0.000806667, -0.00271739, 0.290822, 0.00271653, 0.00106903, -0.999996, 0.848101, 0.000809569, -0.999999, -0.00106684, 1.02195, 0, 0, 0, 1
-0.999996, -0.000806955, -0.00277602, 0.29082, 0.00277514, 0.00108871, -0.999996, 0.8481, 0.000809973, -0.999999, -0.00108646, 1.02196, 0, 0, 0, 1
-0.999996, -0.000807246, -0.00283553, 0.290817, 0.00283463, 0.00110868, -0.999995, 0.848099, 0.000810386, -0.999999, -0.00110638, 1.02196, 0, 0, 0, 1
-0.999995, -0.000807543, -0.00289592, 0.290815, 0.00289501, 0.00112894, -0.999995, 0.848098, 0.000810808, -0.999999, -0.0011266, 1.02196, 0, 0, 0, 1
-0.999995, -0.000807844, -0.00295719, 0.290812, 0.00295626, 0.0011495, -0.999995, 0.848098, 0.000811239, -0.999999, -0.00114711, 1.02197, 0, 0, 0, 1
-0.999995, -0.00080815, -0.00301935, 0.29081, 0.0030184, 0.00117036, -0.999995, 0.848097, 0.000811679, -0.999999, -0.00116792, 1.02197, 0, 0, 0, 1
-0.999995, -0.00080846, -0.00308238, 0.290807, 0.00308142, 0.00119151, -0.999995, 0.848096, 0.000812128, -0.999999, -0.00118902, 1.02198, 0, 0, 0, 1
-0.999995, -0.000808775, -0.0031463, 0.290804, 0.00314532, 0.00121296, -0.999994, 0.848095, 0.000812587, -0.999999, -0.00121041, 1.02198, 0, 0, 0, 1
-0.999995, -0.000809095, -0.0032111, 0.290802, 0.0032101, 0.00123471, -0.999994, 0.848095, 0.000813055, -0.999999, -0.0012321, 1.02198, 0, 0, 0, 1
-0.999994, -0.00080942, -0.00327678, 0.290799, 0.00327576, 0.00125675, -0.999994, 0.848094, 0.000813533, -0.999999, -0.00125409, 1.02199, 0, 0, 0, 1
-0.999994, -0.000809749, -0.00334335, 0.290796, 0.00334231, 0.00127908, -0.999994, 0.848093, 0.00081402, -0.999999, -0.00127637, 1.02199, 0, 0, 0, 1
-0.999994, -0.000810083, -0.00341079, 0.290793, 0.00340973, 0.00130172, -0.999993, 0.848092, 0.000814518, -0.999999, -0.00129895, 1.022, 0, 0, 0, 1
-0.999994, -0.000810422, -0.00347912, 0.290791, 0.00347804, 0.00132465, -0.999993, 0.848091, 0.000815025, -0.999999, -0.00132182, 1.022, 0, 0, 0, 1
-0.999993, -0.000810766, -0.00354832, 0.290788, 0.00354723, 0.00134787, -0.999993, 0.84809, 0.000815543, -0.999999, -0.00134498, 1.02201, 0, 0, 0, 1
-0.999993, -0.000811114, -0.00361841, 0.290785, 0.0036173, 0.00137139, -0.999993, 0.84809, 0.000816071, -0.999999, -0.00136845, 1.02201, 0, 0, 0, 1
-0.999993, -0.000811468, -0.00368938, 0.290782, 0.00368825, 0.00139521, -0.999992, 0.848089, 0.000816609, -0.999999, -0.0013922, 1.02201, 0, 0, 0, 1
-0.999993, -0.000811826, -0.00376124, 0.290779, 0.00376008, 0.00141932, -0.999992, 0.848088, 0.000817158, -0.999999, -0.00141625, 1.02202, 0, 0, 0, 1
-0.999992, -0.000812189, -0.00383397, 0.290776, 0.0038328, 0.00144372, -0.999992, 0.848087, 0.000817718, -0.999999, -0.0014406, 1.02202, 0, 0, 0, 1
-0.999992, -0.000812557, -0.00390759, 0.290773, 0.00390639, 0.00146843, -0.999991, 0.848086, 0.000818288, -0.999999, -0.00146524, 1.02203, 0, 0, 0, 1
-0.999992, -0.00081293, -0.00398208, 0.29077, 0.00398087, 0.00149343, -0.999991, 0.848085, 0.00081887, -0.999999, -0.00149018, 1.02203, 0, 0, 0, 1
-0.999991, -0.000813308, -0.00405746, 0.290767, 0.00405623, 0.00151872, -0.999991, 0.848084, 0.000819463, -0.999999, -0.00151541, 1.02204, 0, 0, 0, 1
-0.999991, -0.000813691, -0.00413372, 0.290764, 0.00413246, 0.00154431, -0.99999, 0.848083, 0.000820067, -0.999998, -0.00154094, 1.02204, 0, 0, 0, 1
-0.999991, -0.000814078, -0.00421087, 0.29076, 0.00420958, 0.0015702, -0.99999, 0.848082, 0.000820682, -0.999998, -0.00156676, 1.02205, 0, 0, 0, 1
-0.99999, -0.000814471, -0.00428889, 0.290757, 0.00428759, 0.00159638, -0.99999, 0.848081, 0.000821309, -0.999998, -0.00159287, 1.02205, 0, 0, 0, 1
-0.99999, -0.000814869, -0.0043678, 0.290754, 0.00436647, 0.00162286, -0.999989, 0.84808, 0.000821948, -0.999998, -0.00161929, 1.02206, 0, 0, 0, 1
-0.99999, -0.000815272, -0.00444758, 0.290751, 0.00444623, 0.00164963, -0.999989, 0.848079, 0.000822599, -0.999998, -0.00164599, 1.02206, 0, 0, 0, 1
-0.999989, -0.000815679, -0.00452825, 0.290747, 0.00452688, 0.0016767, -0.999988, 0.848078, 0.000823262, -0.999998, -0.00167299, 1.02207, 0, 0, 0, 1
-0.999989, -0.000816092, -0.0046098, 0.290744, 0.00460841, 0.00170407, -0.999988, 0.848077, 0.000823938, -0.999998, -0.00170029, 1.02207, 0, 0, 0, 1
-0.999989, -0.00081651, -0.00469223, 0.290741, 0.00469081, 0.00173173, -0.999987, 0.848076, 0.000824626, -0.999998, -0.00172788, 1.02208, 0, 0, 0, 1
-0.999988, -0.000816933, -0.00477555, 0.290737, 0.0047741, 0.00175969, -0.999987, 0.848075, 0.000825326, -0.999998, -0.00175577, 1.02208, 0, 0, 0, 1
-0.999988, -0.000817361, -0.00485974, 0.290734, 0.00485827, 0.00178794, -0.999987, 0.848074, 0.000826039, -0.999998, -0.00178395, 1.02209, 0, 0, 0, 1
-0.999987, -0.000817794, -0.00494482, 0.29073, 0.00494333, 0.00181649, -0.999986, 0.848073, 0.000826765, -0.999998, -0.00181243, 1.02209, 0, 0, 0, 1
-0.999987, -0.000818233, -0.00503078, 0.290727, 0.00502926, 0.00184534, -0.999986, 0.848072, 0.000827504, -0.999998, -0.0018412, 1.0221, 0, 0, 0, 1
-0.999987, -0.000818676, -0.00511762, 0.290723, 0.00511607, 0.00187448, -0.999985, 0.848071, 0.000828257, -0.999998, -0.00187026, 1.0221, 0, 0, 0, 1
-0.999986, -0.000819125, -0.00520534, 0.29072, 0.00520377, 0.00190391, -0.999985, 0.84807, 0.000829023, -0.999998, -0.00189963, 1.02211, 0, 0, 0, 1
-0.999986, -0.000819579, -0.00529394, 0.290716, 0.00529235, 0.00193365, -0.999984, 0.848069, 0.000829802, -0.999998, -0.00192928, 1.02211, 0, 0, 0, 1
-0.999985, -0.000820038, -0.00538342, 0.290712, 0.00538181, 0.00196368, -0.999984, 0.848068, 0.000830596, -0.999998, -0.00195923, 1.02212, 0, 0, 0, 1
-0.999985, -0.000820502, -0.00547379, 0.290708, 0.00547215, 0.001994, -0.999983, 0.848067, 0.000831403, -0.999998, -0.00198948, 1.02212, 0, 0, 0, 1
-0.999984, -0.000820972, -0.00556504, 0.290705, 0.00556337, 0.00202462, -0.999982, 0.848066, 0.000832225, -0.999998, -0.00202002, 1.02213, 0, 0, 0, 1
-0.999984, -0.000821447, -0.00565717, 0.290701, 0.00565547, 0.00205554, -0.999982, 0.848064, 0.000833061, -0.999998, -0.00205086, 1.02214, 0, 0, 0, 1
-0.999983, -0.000821927, -0.00575018, 0.290697, 0.00574845, 0.00208675, -0.999981, 0.848063, 0.000833911, -0.999997, -0.00208199, 1.02214, 0, 0, 0, 1
-0.999983, -0.000822413, -0.00584407, 0.290693, 0.00584232, 0.00211825, -0.999981, 0.848062, 0.000834776, -0.999997, -0.00211341, 1.02215, 0, 0, 0, 1
-0.999982, -0.000822904, -0.00593884, 0.290689, 0.00593706, 0.00215006, -0.99998, 0.848061, 0.000835657, -0.999997, -0.00214513, 1.02215, 0, 0, 0, 1
-0.999981, -0.000823401, -0.0060345, 0.290685, 0.00603269, 0.00218216, -0.999979, 0.84806, 0.000836552, -0.999997, -0.00217715, 1.02216, 0, 0, 0, 1
-0.999981, -0.000823902, -0.00613104, 0.290681, 0.0061292, 0.00221455, -0.999979, 0.848059, 0.000837462, -0.999997, -0.00220946, 1.02217, 0, 0, 0, 1
-0.99998, -0.00082441, -0.00622846, 0.290677, 0.00622659, 0.00224724, -0.999978, 0.848057, 0.000838388, -0.999997, -0.00224207, 1.02217, 0, 0, 0, 1
-0.99998, -0.000824922, -0.00632676, 0.290673, 0.00632486, 0.00228023, -0.999977, 0.848056, 0.00083933, -0.999997, -0.00227497, 1.02218, 0, 0, 0, 1
-0.999979, -0.000825441, -0.00642594, 0.290669, 0.00642401, 0.00231351, -0.999977, 0.848055, 0.000840288, -0.999997, -0.00230816, 1.02218, 0, 0, 0, 1
-0.999978, -0.000825964, -0.006526, 0.290665, 0.00652405, 0.00234709, -0.999976, 0.848054, 0.000841262, -0.999997, -0.00234165, 1.02219, 0, 0, 0, 1
-0.999978, -0.000826494, -0.00662695, 0.290661, 0.00662496, 0.00238097, -0.999975, 0.848052, 0.000842252, -0.999997, -0.00237544, 1.0222, 0, 0, 0, 1
-0.999977, -0.000827028, -0.00672877, 0.290657, 0.00672676, 0.00241514, -0.999974, 0.848051, 0.000843258, -0.999997, -0.00240952, 1.0222, 0, 0, 0, 1
-0.999976, -0.000827569, -0.00683148, 0.290653, 0.00682943, 0.0024496, -0.999974, 0.84805, 0.000844281, -0.999997, -0.00244389, 1.02221, 0, 0, 0, 1
-0.999976, -0.000828115, -0.00693507, 0.290648, 0.00693299, 0.00248436, -0.999973, 0.848049, 0.000845321, -0.999997, -0.00247856, 1.02222, 0, 0, 0, 1
-0.999975, -0.000828666, -0.00703954, 0.290644, 0.00703743, 0.00251942, -0.999972, 0.848047, 0.000846379, -0.999996, -0.00251353, 1.02222, 0, 0, 0, 1
-0.999974, -0.000829224, -0.00714489, 0.29064, 0.00714275, 0.00255477, -0.999971, 0.848046, 0.000847453, -0.999996, -0.00254878, 1.02223, 0, 0, 0, 1
-0.999973, -0.000829786, -0.00725113, 0.290635, 0.00724896, 0.00259042, -0.99997, 0.848045, 0.000848545, -0.999996, -0.00258434, 1.02223, 0, 0, 0, 1
-0.999973, -0.000830355, -0.00735824, 0.290631, 0.00735604, 0.00262637, -0.999969, 0.848043, 0.000849655, -0.999996, -0.00262019, 1.02224, 0, 0, 0, 1
-0.999972, -0.000830929, -0.00746624, 0.290626, 0.007464, 0.00266261, -0.999969, 0.848042, 0.000850783, -0.999996, -0.00265633, 1.02225, 0, 0, 0, 1
-0.999971, -0.00083151, -0.00757512, 0.290622, 0.00757285, 0.00269914, -0.999968, 0.848041, 0.000851929, -0.999996, -0.00269277, 1.02226, 0, 0, 0, 1
-0.99997, -0.000832095, -0.00768488, 0.290617, 0.00768258, 0.00273598, -0.999967, 0.848039, 0.000853093, -0.999996, -0.0027295, 1.02226, 0, 0, 0, 1
-0.999969, -0.000832687, -0.00779552, 0.290613, 0.00779318, 0.00277311, -0.999966, 0.848038, 0.000854276, -0.999996, -0.00276653, 1.02227, 0, 0, 0, 1
-0.999968, -0.000833285, -0.00790704, 0.290608, 0.00790467, 0.00281053, -0.999965, 0.848037, 0.000855478, -0.999996, -0.00280385, 1.02228, 0, 0, 0, 1
-0.999967, -0.000833888, -0.00801945, 0.290604, 0.00801704, 0.00284825, -0.999964, 0.848035, 0.000856699, -0.999996, -0.00284147, 1.02228, 0, 0, 0, 1
-0.999967, -0.000834497, -0.00813273, 0.290599, 0.0081303, 0.00288627, -0.999963, 0.848034, 0.000857939, -0.999995, -0.00287938, 1.02229, 0, 0, 0, 1
-0.999966, -0.000835112, -0.0082469, 0.290594, 0.00824443, 0.00292458, -0.999962, 0.848032, 0.000859199, -0.999995, -0.00291759, 1.0223, 0, 0, 0, 1
-0.999965, -0.000835734, -0.00836195, 0.29059, 0.00835944, 0.00296318, -0.999961, 0.848031, 0.000860479, -0.999995, -0.00295609, 1.0223, 0, 0, 0, 1
-0.999964, -0.000836361, -0.00847788, 0.290585, 0.00847534, 0.00300209, -0.99996, 0.84803, 0.000861778, -0.999995, -0.00299489, 1.02231, 0, 0, 0, 1
-0.999963, -0.000836994, -0.00859469, 0.29058, 0.00859211, 0.00304129, -0.999958, 0.848028, 0.000863098, -0.999995, -0.00303398, 1.02232, 0, 0, 0, 1
-0.999962, -0.000837633, -0.00871239, 0.290575, 0.00870977, 0.00308078, -0.999957, 0.848027, 0.000864438, -0.999995, -0.00307337, 1.02233, 0, 0, 0, 1
-0.999961, -0.000838278, -0.00883096, 0.29057, 0.00882831, 0.00312057, -0.999956, 0.848025, 0.000865799, -0.999995, -0.00311305, 1.02233, 0, 0, 0, 1
-0.99996, -0.000838929, -0.00895042, 0.290565, 0.00894773, 0.00316066, -0.999955, 0.848024, 0.000867181, -0.999995, -0.00315302, 1.02234, 0, 0, 0, 1
-0.999959, -0.000839587, -0.00907076, 0.29056, 0.00906803, 0.00320104, -0.999954, 0.848022, 0.000868584, -0.999995, -0.00319329, 1.02235, 0, 0, 0, 1
-0.999957, -0.00084025, -0.00919198, 0.290555, 0.00918921, 0.00324172, -0.999953, 0.848021, 0.000870008, -0.999994, -0.00323386, 1.02236, 0, 0, 0, 1
-0.999956, -0.00084092, -0.00931408, 0.29055, 0.00931127, 0.00328269, -0.999951, 0.848019, 0.000871454, -0.999994, -0.00327472, 1.02236, 0, 0, 0, 1
-0.999955, -0.000841595, -0.00943706, 0.290545, 0.00943422, 0.00332396, -0.99995, 0.848018, 0.000872922, -0.999994, -0.00331587, 1.02237, 0, 0, 0, 1
-0.999954, -0.000842277, -0.00956093, 0.29054, 0.00955804, 0.00336553, -0.999949, 0.848016, 0.000874412, -0.999994, -0.00335732, 1.02238, 0, 0, 0, 1
-0.999953, -0.000842966, -0.00968567, 0.290535, 0.00968275, 0.00340739, -0.999947, 0.848015, 0.000875924, -0.999994, -0.00339907, 1.02239, 0, 0, 0, 1
-0.999952, -0.00084366, -0.0098113, 0.29053, 0.00980833, 0.00344955, -0.999946, 0.848013, 0.000877459, -0.999994, -0.0034411, 1.02239, 0, 0, 0, 1
-0.99995, -0.000844361, -0.00993781, 0.290525, 0.0099348, 0.003492, -0.999945, 0.848011, 0.000879017, -0.999994, -0.00348344, 1.0224, 0, 0, 0, 1
-0.999949, -0.000845068, -0.0100652, 0.290519, 0.0100621, 0.00353475, -0.999943, 0.84801, 0.000880598, -0.999993, -0.00352606, 1.02241, 0, 0, 0, 1
-0.999948, -0.000845782, -0.0101935, 0.290514, 0.0101904, 0.00357779, -0.999942, 0.848008, 0.000882203, -0.999993, -0.00356899, 1.02242, 0, 0, 0, 1
-0.999946, -0.000846502, -0.0103226, 0.290509, 0.0103195, 0.00362113, -0.99994, 0.848007, 0.000883831, -0.999993, -0.0036122, 1.02243, 0, 0, 0, 1
-0.999945, -0.000847229, -0.0104527, 0.290504, 0.0104495, 0.00366477, -0.999939, 0.848005, 0.000885483, -0.999993, -0.00365571, 1.02243, 0, 0, 0, 1
-0.999944, -0.000847961, -0.0105836, 0.290498, 0.0105804, 0.0037087, -0.999937, 0.848003, 0.000887159, -0.999993, -0.00369952, 1.02244, 0, 0, 0, 1
-0.999942, -0.000848701, -0.0107154, 0.290493, 0.0107121, 0.00375293, -0.999936, 0.848002, 0.00088886, -0.999993, -0.00374362, 1.02245, 0, 0, 0, 1
-0.999941, -0.000849447, -0.010848, 0.290487, 0.0108447, 0.00379745, -0.999934, 0.848, 0.000890586, -0.999992, -0.00378802, 1.02246, 0, 0, 0, 1
-0.999939, -0.000850199, -0.0109816, 0.290482, 0.0109783, 0.00384227, -0.999932, 0.847998, 0.000892336, -0.999992, -0.0038327, 1.02247, 0, 0, 0, 1
-0.999938, -0.000850958, -0.011116, 0.290476, 0.0111127, 0.00388739, -0.999931, 0.847997, 0.000894112, -0.999992, -0.00387769, 1.02247, 0, 0, 0, 1
-0.999936, -0.000851724, -0.0112514, 0.290471, 0.0112479, 0.0039328, -0.999929, 0.847995, 0.000895913, -0.999992, -0.00392297, 1.02248, 0, 0, 0, 1
-0.999935, -0.000852496, -0.0113876, 0.290465, 0.0113841, 0.0039785, -0.999927, 0.847993, 0.00089774, -0.999992, -0.00396854, 1.02249, 0, 0, 0, 1
-0.999933, -0.000853275, -0.0115247, 0.290459, 0.0115211, 0.00402451, -0.999926, 0.847992, 0.000899593, -0.999992, -0.00401441, 1.0225, 0, 0, 0, 1
-0.999932, -0.000854061, -0.0116626, 0.290454, 0.0116591, 0.00407081, -0.999924, 0.84799, 0.000901472, -0.999991, -0.00406057, 1.02251, 0, 0, 0, 1
-0.99993, -0.000854854, -0.0118015, 0.290448, 0.0117979, 0.0041174, -0.999922, 0.847988, 0.000903378, -0.999991, -0.00410703, 1.02252, 0, 0, 0, 1
-0.999928, -0.000855653, -0.0119412, 0.290442, 0.0119375, 0.00416429, -0.99992, 0.847987, 0.000905311, -0.999991, -0.00415378, 1.02253, 0, 0, 0, 1
-0.999927, -0.000856459, -0.0120818, 0.290436, 0.0120781, 0.00421148, -0.999918, 0.847985, 0.000907271, -0.999991, -0.00420082, 1.02253, 0, 0, 0, 1
-0.999925, -0.000857272, -0.0122233, 0.290431, 0.0122195, 0.00425896, -0.999916, 0.847983, 0.000909259, -0.999991, -0.00424816, 1.02254, 0, 0, 0, 1
-0.999923, -0.000858092, -0.0123657, 0.290425, 0.0123619, 0.00430673, -0.999914, 0.847981, 0.000911274, -0.99999, -0.0042958, 1.02255, 0, 0, 0, 1
-0.999921, -0.000858919, -0.0125089, 0.290419, 0.0125051, 0.00435481, -0.999912, 0.847979, 0.000913317, -0.99999, -0.00434372, 1.02256, 0, 0, 0, 1
-0.99992, -0.000859752, -0.0126531, 0.290413, 0.0126492, 0.00440318, -0.99991, 0.847978, 0.000915389, -0.99999, -0.00439195, 1.02257, 0, 0, 0, 1
-0.999918, -0.000860593, -0.0127981, 0.290407, 0.0127941, 0.00445184, -0.999908, 0.847976, 0.000917489, -0.99999, -0.00444047, 1.02258, 0, 0, 0, 1
-0.999916, -0.000861441, -0.012944, 0.290401, 0.01294, 0.0045008, -0.999906, 0.847974, 0.000919618, -0.99999, -0.00448928, 1.02259, 0, 0, 0, 1
-0.999914, -0.000862296, -0.0130908, 0.290395, 0.0130867, 0.00455006, -0.999904, 0.847972, 0.000921777, -0.999989, -0.00453838, 1.0226, 0, 0, 0, 1
-0.999912, -0.000863158, -0.0132384, 0.290389, 0.0132343, 0.00459961, -0.999902, 0.84797, 0.000923964, -0.999989, -0.00458778, 1.02261, 0, 0, 0, 1
-0.99991, -0.000864027, -0.013387, 0.290383, 0.0133828, 0.00464946, -0.9999, 0.847969, 0.000926182, -0.999989, -0.00463748, 1.02262, 0, 0, 0, 1
-0.999908, -0.000864903, -0.0135364, 0.290377, 0.0135322, 0.0046996, -0.999897, 0.847967, 0.00092843, -0.999989, -0.00468747, 1.02263, 0, 0, 0, 1
-0.999906, -0.000865786, -0.0136867, 0.29037, 0.0136824, 0.00475004, -0.999895, 0.847965, 0.000930708, -0.999988, -0.00473775, 1.02263, 0, 0, 0, 1
-0.999904, -0.000866677, -0.0138379, 0.290364, 0.0138336, 0.00480078, -0.999893, 0.847963, 0.000933017, -0.999988, -0.00478833, 1.02264, 0, 0, 0, 1
-0.999902, -0.000867575, -0.0139899, 0.290358, 0.0139856, 0.00485181, -0.99989, 0.847961, 0.000935356, -0.999988, -0.0048392, 1.02265, 0, 0, 0, 1
-0.9999, -0.00086848, -0.0141429, 0.290352, 0.0141385, 0.00490314, -0.999888, 0.847959, 0.000937727, -0.999988, -0.00489036, 1.02266, 0, 0, 0, 1
-0.999897, -0.000869393, -0.0142967, 0.290345, 0.0142922, 0.00495476, -0.999886, 0.847957, 0.00094013, -0.999987, -0.00494182, 1.02267, 0, 0, 0, 1
-0.999895, -0.000870312, -0.0144514, 0.290339, 0.0144469, 0.00500668, -0.999883, 0.847955, 0.000942564, -0.999987, -0.00499358, 1.02268, 0, 0, 0, 1
-0.999893, -0.00087124, -0.014607, 0.290333, 0.0146024, 0.00505889, -0.999881, 0.847953, 0.000945031, -0.999987, -0.00504563, 1.02269, 0, 0, 0, 1
-0.999891, -0.000872175, -0.0147635, 0.290326, 0.0147589, 0.0051114, -0.999878, 0.847951, 0.00094753, -0.999987, -0.00509797, 1.0227, 0, 0, 0, 1
-0.999888, -0.000873117, -0.0149209, 0.29032, 0.0149162, 0.00516421, -0.999875, 0.847949, 0.000950062, -0.999986, -0.00515061, 1.02271, 0, 0, 0, 1
-0.999886, -0.000874067, -0.0150791, 0.290313, 0.0150743, 0.00521731, -0.999873, 0.847947, 0.000952628, -0.999986, -0.00520354, 1.02272, 0, 0, 0, 1
-0.999884, -0.000875024, -0.0152382, 0.290307, 0.0152334, 0.00527071, -0.99987, 0.847945, 0.000955227, -0.999986, -0.00525676, 1.02273, 0, 0, 0, 1
-0.999881, -0.000875989, -0.0153982, 0.2903, 0.0153933, 0.0053244, -0.999867, 0.847943, 0.000957859, -0.999985, -0.00531028, 1.02274, 0, 0, 0, 1
-0.999879, -0.000876962, -0.0155591, 0.290293, 0.0155542, 0.00537839, -0.999865, 0.847941, 0.000960526, -0.999985, -0.00536409, 1.02275, 0, 0, 0, 1
-0.999876, -0.000877942, -0.0157208, 0.290287, 0.0157159, 0.00543267, -0.999862, 0.847939, 0.000963227, -0.999985, -0.0054182, 1.02276, 0, 0, 0, 1
-0.999873, -0.00087893, -0.0158835, 0.29028, 0.0158784, 0.00548725, -0.999859, 0.847937, 0.000965963, -0.999985, -0.0054726, 1.02277, 0, 0, 0, 1
-0.999871, -0.000879926, -0.016047, 0.290273, 0.0160419, 0.00554213, -0.999856, 0.847935, 0.000968734, -0.999984, -0.0055273, 1.02278, 0, 0, 0, 1
-0.999868, -0.000880929, -0.0162114, 0.290267, 0.0162062, 0.0055973, -0.999853, 0.847933, 0.00097154, -0.999984, -0.00558229, 1.02279, 0, 0, 0, 1
-0.999866, -0.000881941, -0.0163767, 0.29026, 0.0163715, 0.00565277, -0.99985, 0.847931, 0.000974382, -0.999984, -0.00563757, 1.0228, 0, 0, 0, 1
-0.999863, -0.00088296, -0.0165429, 0.290253, 0.0165376, 0.00570853, -0.999847, 0.847929, 0.000977261, -0.999983, -0.00569315, 1.02281, 0, 0, 0, 1
-0.99986, -0.000883987, -0.0167099, 0.290246, 0.0167045, 0.00576459, -0.999844, 0.847927, 0.000980175, -0.999983, -0.00574902, 1.02282, 0, 0, 0, 1
-0.999857, -0.000885023, -0.0168778, 0.290239, 0.0168724, 0.00582095, -0.999841, 0.847925, 0.000983127, -0.999983, -0.00580518, 1.02283, 0, 0, 0, 1
-0.999854, -0.000886066, -0.0170467, 0.290232, 0.0170412, 0.0058776, -0.999838, 0.847923, 0.000986115, -0.999982, -0.00586164, 1.02284, 0, 0, 0, 1
-0.999851, -0.000887117, -0.0172163, 0.290225, 0.0172108, 0.00593454, -0.999834, 0.847921, 0.000989141, -0.999982, -0.00591839, 1.02285, 0, 0, 0, 1
-0.999848, -0.000888176, -0.0173869, 0.290218, 0.0173813, 0.00599179, -0.999831, 0.847918, 0.000992205, -0.999982, -0.00597544, 1.02286, 0, 0, 0, 1
-0.999845, -0.000889244, -0.0175584, 0.290211, 0.0175527, 0.00604932, -0.999828, 0.847916, 0.000995307, -0.999981, -0.00603278, 1.02288, 0, 0, 0, 1
-0.999842, -0.000890319, -0.0177307, 0.290204, 0.0177249, 0.00610716, -0.999824, 0.847914, 0.000998447, -0.999981, -0.00609041, 1.02289, 0, 0, 0, 1
-0.999839, -0.000891403, -0.0179039, 0.290197, 0.0178981, 0.00616529, -0.999821, 0.847912, 0.00100163, -0.999981, -0.00614834, 1.0229, 0, 0, 0, 1
-0.999836, -0.000892495, -0.018078, 0.29019, 0.0180721, 0.00622371, -0.999817, 0.84791, 0.00100484, -0.99998, -0.00620656, 1.02291, 0, 0, 0, 1
-0.999833, -0.000893595, -0.018253, 0.290182, 0.018247, 0.00628243, -0.999814, 0.847908, 0.0010081, -0.99998, -0.00626508, 1.02292, 0, 0, 0, 1
-0.99983, -0.000894704, -0.0184288, 0.290175, 0.0184228, 0.00634145, -0.99981, 0.847905, 0.0010114, -0.999979, -0.00632389, 1.02293, 0, 0, 0, 1
-0.999826, -0.000895821, -0.0186056, 0.290168, 0.0185995, 0.00640076, -0.999807, 0.847903, 0.00101474, -0.999979, -0.00638299, 1.02294, 0, 0, 0, 1
-0.999823, -0.000896946, -0.0187832, 0.290161, 0.018777, 0.00646037, -0.999803, 0.847901, 0.00101812, -0.999979, -0.00644239, 1.02295, 0, 0, 0, 1
-0.99982, -0.00089808, -0.0189617, 0.290153, 0.0189555, 0.00652028, -0.999799, 0.847899, 0.00102154, -0.999978, -0.00650208, 1.02296, 0, 0, 0, 1
-0.999816, -0.000899222, -0.0191411, 0.290146, 0.0191348, 0.00658048, -0.999795, 0.847896, 0.001025, -0.999978, -0.00656206, 1.02297, 0, 0, 0, 1
-0.999813, -0.000900373, -0.0193213, 0.290139, 0.0193149, 0.00664097, -0.999791, 0.847894, 0.0010285, -0.999978, -0.00662234, 1.02299, 0, 0, 0, 1
-0.999809, -0.000901533, -0.0195025, 0.290131, 0.019496, 0.00670176, -0.999787, 0.847892, 0.00103204, -0.999977, -0.00668291, 1.023, 0, 0, 0, 1
-0.999806, -0.000902701, -0.0196845, 0.290124, 0.019678, 0.00676285, -0.999783, 0.84789, 0.00103563, -0.999977, -0.00674377, 1.02301, 0, 0, 0, 1
-0.999802, -0.000903878, -0.0198674, 0.290116, 0.0198608, 0.00682423, -0.999779, 0.847887, 0.00103926, -0.999976, -0.00680493, 1.02302, 0, 0, 0, 1
-0.999799, -0.000905063, -0.0200512, 0.290108, 0.0200445, 0.00688591, -0.999775, 0.847885, 0.00104293, -0.999976, -0.00686638, 1.02303, 0, 0, 0, 1
-0.999795, -0.000906257, -0.0202359, 0.290101, 0.0202291, 0.00694789, -0.999771, 0.847883, 0.00104665, -0.999975, -0.00692813, 1.02304, 0, 0, 0, 1
-0.999791, -0.00090746, -0.0204214, 0.290093, 0.0204146, 0.00701016, -0.999767, 0.84788, 0.00105041, -0.999975, -0.00699017, 1.02305, 0, 0, 0, 1
-0.999787, -0.000908672, -0.0206078, 0.290086, 0.0206009, 0.00707272, -0.999763, 0.847878, 0.00105421, -0.999975, -0.0070525, 1.02307, 0, 0, 0, 1
-0.999783, -0.000909893, -0.0207951, 0.290078, 0.0207881, 0.00713558, -0.999758, 0.847876, 0.00105806, -0.999974, -0.00711512, 1.02308, 0, 0, 0, 1
-0.999779, -0.000911122, -0.0209833, 0.29007, 0.0209762, 0.00719874, -0.999754, 0.847873, 0.00106195, -0.999974, -0.00717804, 1.02309, 0, 0, 0, 1
-0.999775, -0.000912361, -0.0211724, 0.290062, 0.0211652, 0.00726219, -0.99975, 0.847871, 0.00106589, -0.999973, -0.00724125, 1.0231, 0, 0, 0, 1
-0.999771, -0.000913609, -0.0213624, 0.290055, 0.0213551, 0.00732594, -0.999745, 0.847868, 0.00106988, -0.999973, -0.00730476, 1.02311, 0, 0, 0, 1
-0.999767, -0.000914865, -0.0215532, 0.290047, 0.0215458, 0.00738999, -0.999741, 0.847866, 0.00107391, -0.999972, -0.00736856, 1.02312, 0, 0, 0, 1
-0.999763, -0.000916131, -0.0217449, 0.290039, 0.0217375, 0.00745433, -0.999736, 0.847864, 0.00107798, -0.999972, -0.00743265, 1.02314, 0, 0, 0, 1
-0.999759, -0.000917406, -0.0219375, 0.290031, 0.02193, 0.00751896, -0.999731, 0.847861, 0.00108211, -0.999971, -0.00749703, 1.02315, 0, 0, 0, 1
-0.999755, -0.00091869, -0.022131, 0.290023, 0.0221234, 0.0075839, -0.999726, 0.847859, 0.00108628, -0.999971, -0.00756171, 1.02316, 0, 0, 0, 1
-0.99975, -0.000919984, -0.0223253, 0.290015, 0.0223176, 0.00764912, -0.999722, 0.847856, 0.0010905, -0.99997, -0.00762668, 1.02317, 0, 0, 0, 1
-0.999746, -0.000921286, -0.0225206, 0.290007, 0.0225128, 0.00771465, -0.999717, 0.847854, 0.00109476, -0.99997, -0.00769194, 1.02318, 0, 0, 0, 1
-0.999742, -0.000922598, -0.0227167, 0.289999, 0.0227088, 0.00778046, -0.999712, 0.847851, 0.00109908, -0.999969, -0.0077575, 1.0232, 0, 0, 0, 1
-0.999737, -0.00092392, -0.0229137, 0.289991, 0.0229057, 0.00784658, -0.999707, 0.847849, 0.00110344, -0.999969, -0.00782335, 1.02321, 0, 0, 0, 1
-0.999732, -0.000925251, -0.0231115, 0.289983, 0.0231035, 0.00791299, -0.999702, 0.847846, 0.00110786, -0.999968, -0.0078895, 1.02322, 0, 0, 0, 1
-0.999728, -0.000926591, -0.0233103, 0.289974, 0.0233022, 0.0079797, -0.999697, 0.847844, 0.00111232, -0.999968, -0.00795593, 1.02323, 0, 0, 0, 1
-0.999723, -0.000927941, -0.0235099, 0.289966, 0.0235017, 0.0080467, -0.999691, 0.847841, 0.00111683, -0.999967, -0.00802266, 1.02325, 0, 0, 0, 1
-0.999718, -0.000929301, -0.0237105, 0.289958, 0.0237021, 0.00811399, -0.999686, 0.847839, 0.0011214, -0.999967, -0.00808968, 1.02326, 0, 0, 0, 1
-0.999714, -0.00093067, -0.0239119, 0.28995, 0.0239034, 0.00818159, -0.999681, 0.847836, 0.00112601, -0.999966, -0.008157, 1.02327, 0, 0, 0, 1
-0.999709, -0.000932048, -0.0241141, 0.289941, 0.0241056, 0.00824948, -0.999675, 0.847834, 0.00113067, -0.999966, -0.00822461, 1.02328, 0, 0, 0, 1
-0.999704, -0.000933437, -0.0243173, 0.289933, 0.0243087, 0.00831766, -0.99967, 0.847831, 0.00113539, -0.999965, -0.00829251, 1.0233, 0, 0, 0, 1
-0.999699, -0.000934835, -0.0245213, 0.289925, 0.0245126, 0.00838614, -0.999664, 0.847829, 0.00114016, -0.999964, -0.0083607, 1.02331, 0, 0, 0, 1
-0.999694, -0.000936243, -0.0247262, 0.289916, 0.0247175, 0.00845492, -0.999659, 0.847826, 0.00114498, -0.999964, -0.00842919, 1.02332, 0, 0, 0, 1
-0.999689, -0.000937661, -0.024932, 0.289908, 0.0249232, 0.00852399, -0.999653, 0.847823, 0.00114986, -0.999963, -0.00849797, 1.02333, 0, 0, 0, 1
-0.999684, -0.000939089, -0.0251387, 0.289899, 0.0251297, 0.00859336, -0.999647, 0.847821, 0.00115478, -0.999963, -0.00856704, 1.02335, 0, 0, 0, 1
-0.999678, -0.000940527, -0.0253463, 0.289891, 0.0253372, 0.00866302, -0.999641, 0.847818, 0.00115976, -0.999962, -0.0086364, 1.02336, 0, 0, 0, 1
-0.999673, -0.000941975, -0.0255547, 0.289882, 0.0255455, 0.00873298, -0.999636, 0.847815, 0.0011648, -0.999961, -0.00870606, 1.02337, 0, 0, 0, 1
-0.999668, -0.000943432, -0.0257641, 0.289873, 0.0257548, 0.00880323, -0.99963, 0.847813, 0.00116989, -0.999961, -0.00877601, 1.02339, 0, 0, 0, 1
-0.999662, -0.0009449, -0.0259743, 0.289865, 0.0259649, 0.00887378, -0.999623, 0.84781, 0.00117503, -0.99996, -0.00884625, 1.0234, 0, 0, 0, 1
-0.999657, -0.000946379, -0.0261853, 0.289856, 0.0261758, 0.00894463, -0.999617, 0.847807, 0.00118023, -0.99996, -0.00891678, 1.02341, 0, 0, 0, 1
-0.999651, -0.000947867, -0.0263973, 0.289847, 0.0263877, 0.00901577, -0.999611, 0.847805, 0.00118549, -0.999959, -0.00898761, 1.02343, 0, 0, 0, 1
-0.999645, -0.000949366, -0.0266101, 0.289839, 0.0266004, 0.00908721, -0.999605, 0.847802, 0.0011908, -0.999958, -0.00905873, 1.02344, 0, 0, 0, 1
-0.99964, -0.000950875, -0.0268239, 0.28983, 0.026814, 0.00915894, -0.999598, 0.847799, 0.00119617, -0.999958, -0.00913014, 1.02345, 0, 0, 0, 1
-0.999634, -0.000952394, -0.0270385, 0.289821, 0.0270285, 0.00923097, -0.999592, 0.847797, 0.0012016, -0.999957, -0.00920185, 1.02347, 0, 0, 0, 1
-0.999628, -0.000953924, -0.0272539, 0.289812, 0.0272439, 0.00930329, -0.999586, 0.847794, 0.00120708, -0.999956, -0.00927384, 1.02348, 0, 0, 0, 1
-0.999622, -0.000955464, -0.0274703, 0.289803, 0.0274602, 0.00937591, -0.999579, 0.847791, 0.00121262, -0.999956, -0.00934613, 1.02349, 0, 0, 0, 1
-0.999616, -0.000957015, -0.0276876, 0.289794, 0.0276773, 0.00944883, -0.999572, 0.847788, 0.00121822, -0.999955, -0.00941871, 1.02351, 0, 0, 0, 1
-0.99961, -0.000958576, -0.0279057, 0.289785, 0.0278953, 0.00952204, -0.999565, 0.847786, 0.00122388, -0.999954, -0.00949159, 1.02352, 0, 0, 0, 1
-0.999604, -0.000960148, -0.0281247, 0.289776, 0.0281142, 0.00959554, -0.999559, 0.847783, 0.0012296, -0.999954, -0.00956475, 1.02353, 0, 0, 0, 1
-0.999598, -0.000961731, -0.0283446, 0.289767, 0.028334, 0.00966935, -0.999552, 0.84778, 0.00123537, -0.999953, -0.00963821, 1.02355, 0, 0, 0, 1
-0.999591, -0.000963324, -0.0285653, 0.289758, 0.0285546, 0.00974345, -0.999545, 0.847777, 0.00124121, -0.999952, -0.00971196, 1.02356, 0, 0, 0, 1
-0.999585, -0.000964928, -0.028787, 0.289749, 0.0287761, 0.00981784, -0.999538, 0.847774, 0.00124711, -0.999951, -0.009786, 1.02357, 0, 0, 0, 1
-0.999579, -0.000966543, -0.0290095, 0.28974, 0.0289985, 0.00989253, -0.999531, 0.847771, 0.00125307, -0.999951, -0.00986033, 1.02359, 0, 0, 0, 1
-0.999572, -0.000968169, -0.0292329, 0.289731, 0.0292218, 0.00996751, -0.999523, 0.847769, 0.00125909, -0.99995, -0.00993496, 1.0236, 0, 0, 0, 1
-0.999566, -0.000969806, -0.0294572, 0.289721, 0.029446, 0.0100428, -0.999516, 0.847766, 0.00126517, -0.999949, -0.0100099, 1.02362, 0, 0, 0, 1
-0.999559, -0.000971453, -0.0296823, 0.289712, 0.029671, 0.0101184, -0.999509, 0.847763, 0.00127131, -0.999948, -0.0100851, 1.02363, 0, 0, 0, 1
-0.999552, -0.000973112, -0.0299084, 0.289703, 0.0298969, 0.0101942, -0.999501, 0.84776, 0.00127752, -0.999948, -0.0101606, 1.02364, 0, 0, 0, 1
-0.999545, -0.000974782, -0.0301353, 0.289693, 0.0301237, 0.0102704, -0.999493, 0.847757, 0.00128379, -0.999947, -0.0102364, 1.02366, 0, 0, 0, 1
-0.999538, -0.000976463, -0.0303631, 0.289684, 0.0303514, 0.0103469, -0.999486, 0.847754, 0.00129012, -0.999946, -0.0103125, 1.02367, 0, 0, 0, 1
-0.999531, -0.000978156, -0.0305918, 0.289675, 0.0305799, 0.0104236, -0.999478, 0.847751, 0.00129652, -0.999945, -0.0103888, 1.02369, 0, 0, 0, 1
-0.999524, -0.000979859, -0.0308213, 0.289665, 0.0308094, 0.0105007, -0.99947, 0.847748, 0.00130299, -0.999944, -0.0104655, 1.0237, 0, 0, 0, 1
-0.999517, -0.000981574, -0.0310518, 0.289656, 0.0310397, 0.010578, -0.999462, 0.847745, 0.00130951, -0.999944, -0.0105425, 1.02372, 0, 0, 0, 1
-0.99951, -0.0009833, -0.0312831, 0.289646, 0.0312709, 0.0106557, -0.999454, 0.847742, 0.00131611, -0.999943, -0.0106197, 1.02373, 0, 0, 0, 1
-0.999503, -0.000985038, -0.0315153, 0.289637, 0.0315029, 0.0107336, -0.999446, 0.847739, 0.00132277, -0.999942, -0.0106973, 1.02375, 0, 0, 0, 1
-0.999495, -0.000986787, -0.0317484, 0.289627, 0.0317359, 0.0108119, -0.999438, 0.847736, 0.00132949, -0.999941, -0.0107751, 1.02376, 0, 0, 0, 1
-0.999488, -0.000988548, -0.0319824, 0.289617, 0.0319697, 0.0108904, -0.99943, 0.847733, 0.00133628, -0.99994, -0.0108532, 1.02377, 0, 0, 0, 1
-0.99948, -0.00099032, -0.0322172, 0.289608, 0.0322044, 0.0109692, -0.999421, 0.84773, 0.00134314, -0.999939, -0.0109316, 1.02379, 0, 0, 0, 1
-0.999473, -0.000992104, -0.0324529, 0.289598, 0.03244, 0.0110483, -0.999413, 0.847727, 0.00135007, -0.999938, -0.0110103, 1.0238, 0, 0, 0, 1
-0.999465, -0.0009939, -0.0326895, 0.289588, 0.0326764, 0.0111278, -0.999404, 0.847724, 0.00135707, -0.999938, -0.0110893, 1.02382, 0, 0, 0, 1
-0.999457, -0.000995707, -0.032927, 0.289579, 0.0329138, 0.0112075, -0.999395, 0.847721, 0.00136413, -0.999937, -0.0111686, 1.02383, 0, 0, 0, 1
-0.999449, -0.000997527, -0.0331653, 0.289569, 0.033152, 0.0112875, -0.999387, 0.847718, 0.00137127, -0.999936, -0.0112482, 1.02385, 0, 0, 0, 1
