-0.999999, -0.000797434, -0.000797196, 0.290901, 0.000796858, 0.000424669, -1, 0.848124, 0.000797772, -1, -0.000424033, 1.02183, 0, 0, 0, 1
-0.999999, -0.000797378, -0.000797612, 0.290901, 0.000797273, 0.000424972, -1, 0.848124, 0.000797716, -1, -0.000424336, 1.02183, 0, 0, 0, 1
-0.999999, -0.000797208, -0.000798859, 0.290901, 0.00079852, 0.000425883, -1, 0.848124, 0.000797548, -1, -0.000425246, 1.02183, 0, 0, 0, 1
-0.999999, -0.000796926, -0.000800939, 0.290901, 0.000800598, 0.0004274, -1, 0.848125, 0.000797268, -1, -0.000426762, 1.02183, 0, 0, 0, 1
-0.999999, -0.000796531, -0.00080385, 0.290901, 0.000803508, 0.000429525, -1, 0.848125, 0.000796876, -1, -0.000428884, 1.02183, 0, 0, 0, 1
-0.999999, -0.000796023, -0.000807592, 0.290901, 0.000807248, 0.000432256, -1, 0.848126, 0.000796371, -1, -0.000431613, 1.02183, 0, 0, 0, 1
-0.999999, -0.000795402, -0.000812166, 0.290901, 0.00081182, 0.000435594, -1, 0.848126, 0.000795755, -1, -0.000434948, 1.02183, 0, 0, 0, 1
-0.999999, -0.000794668, -0.000817572, 0.2909, 0.000817223, 0.00043954, -1, 0.848127, 0.000795027, -1, -0.00043889, 1.02183, 0, 0, 0, 1
-0.999999, -0.000793821, -0.00082381, 0.2909, 0.000823458, 0.000444092, -1, 0.848128, 0.000794186, -1, -0.000443438, 1.02183, 0, 0, 0, 1
-0.999999, -0.000792861, -0.00083088, 0.2909, 0.000830523, 0.000449251, -1, 0.848129, 0.000793234, -1, -0.000448593, 1.02183, 0, 0, 0, 1
-0.999999, -0.000791788, -0.000838781, 0.2909, 0.00083842, 0.000455018, -1, 0.84813, 0.00079217, -1, -0.000454354, 1.02183, 0, 0, 0, 1
-0.999999, -0.000790603, -0.000847513, 0.2909, 0.000847149, 0.000461391, -1, 0.848131, 0.000790993, -1, -0.000460721, 1.02183, 0, 0, 0, 1
-0.999999, -0.000789304, -0.000857078, 0.290899, 0.000856708, 0.000468371, -1, 0.848133, 0.000789705, -1, -0.000467695, 1.02183, 0, 0, 0, 1
-0.999999, -0.000787893, -0.000867474, 0.290899, 0.000867099, 0.000475958, -1, 0.848134, 0.000788305, -1, -0.000475275, 1.02183, 0, 0, 0, 1
-0.999999, -0.000786369, -0.000878702, 0.290899, 0.000878321, 0.000484153, -0.999999, 0.848136, 0.000786794, -1, -0.000483462, 1.02183, 0, 0, 0, 1
-0.999999, -0.000784732, -0.000890761, 0.290898, 0.000890375, 0.000492954, -0.999999, 0.848137, 0.00078517, -1, -0.000492255, 1.02182, 0, 0, 0, 1
-0.999999, -0.000782982, -0.000903652, 0.290898, 0.000903259, 0.000502362, -0.999999, 0.848139, 0.000783435, -1, -0.000501655, 1.02182, 0, 0, 0, 1
-0.999999, -0.000781119, -0.000917375, 0.290898, 0.000916975, 0.000512377, -0.999999, 0.848141, 0.000781588, -1, -0.000511661, 1.02182, 0, 0, 0, 1
-0.999999, -0.000779143, -0.00093193, 0.290897, 0.000931523, 0.000523, -0.999999, 0.848143, 0.00077963, -1, -0.000522273, 1.02182, 0, 0, 0, 1
-0.999999, -0.000777055, -0.000947316, 0.290897, 0.000946901, 0.000534229, -0.999999, 0.848145, 0.00077756, -1, -0.000533492, 1.02182, 0, 0, 0, 1
-0.999999, -0.000774854, -0.000963534, 0.290896, 0.000963111, 0.000546065, -0.999999, 0.848148, 0.000775379, -1, -0.000545318, 1.02182, 0, 0, 0, 1
-0.999999, -0.000772539, -0.000980584, 0.290896, 0.000980152, 0.000558508, -0.999999, 0.84815, 0.000773087, -1, -0.00055775, 1.02181, 0, 0, 0, 1
-0.999999, -0.000770113, -0.000998465, 0.290895, 0.000998025, 0.000571558, -0.999999, 0.848153, 0.000770683, -1, -0.000570789, 1.02181, 0, 0, 0, 1
-0.999999, -0.000767573, -0.00101718, 0.290895, 0.00101673, 0.000585215, -0.999999, 0.848155, 0.000768168, -1, -0.000584435, 1.02181, 0, 0, 0, 1
-0.999999, -0.000764921, -0.00103672, 0.290894, 0.00103626, 0.00059948, -0.999999, 0.848158, 0.000765542, -1, -0.000598686, 1.02181, 0, 0, 0, 1
-0.999999, -0.000762156, -0.0010571, 0.290894, 0.00105663, 0.000614351, -0.999999, 0.848161, 0.000762804, -1, -0.000613545, 1.02181, 0, 0, 0, 1
-0.999999, -0.000759278, -0.00107831, 0.290893, 0.00107783, 0.000629829, -0.999999, 0.848164, 0.000759956, -1, -0.00062901, 1.0218, 0, 0, 0, 1
-0.999999, -0.000756287, -0.00110035, 0.290892, 0.00109986, 0.000645914, -0.999999, 0.848167, 0.000756997, -1, -0.000645082, 1.0218, 0, 0, 0, 1
-0.999999, -0.000753184, -0.00112322, 0.290892, 0.00112272, 0.000662607, -0.999999, 0.84817, 0.000753927, -0.999999, -0.00066176, 1.0218, 0, 0, 0, 1
-0.999999, -0.000749968, -0.00114692, 0.290891, 0.00114641, 0.000679906, -0.999999, 0.848174, 0.000750747, -0.999999, -0.000679045, 1.0218, 0, 0, 0, 1
-0.999999, -0.000746639, -0.00117146, 0.29089, 0.00117094, 0.000697812, -0.999999, 0.848177, 0.000747456, -0.999999, -0.000696937, 1.02179, 0, 0, 0, 1
-0.999999, -0.000743198, -0.00119682, 0.29089, 0.00119629, 0.000716325, -0.999999, 0.848181, 0.000744055, -0.999999, -0.000715436, 1.02179, 0, 0, 0, 1
-0.999999, -0.000739644, -0.00122302, 0.290889, 0.00122248, 0.000735446, -0.999999, 0.848185, 0.000740543, -0.999999, -0.000734541, 1.02179, 0, 0, 0, 1
-0.999999, -0.000735978, -0.00125005, 0.290888, 0.0012495, 0.000755173, -0.999999, 0.848188, 0.000736921, -0.999999, -0.000754253, 1.02178, 0, 0, 0, 1
-0.999999, -0.000732198, -0.00127791, 0.290887, 0.00127735, 0.000775508, -0.999999, 0.848192, 0.000733189, -0.999999, -0.000774571, 1.02178, 0, 0, 0, 1
-0.999999, -0.000728307, -0.00130661, 0.290886, 0.00130603, 0.000796449, -0.999999, 0.848196, 0.000729347, -0.999999, -0.000795497, 1.02178, 0, 0, 0, 1
-0.999999, -0.000724303, -0.00133613, 0.290886, 0.00133554, 0.000817998, -0.999999, 0.848201, 0.000725395, -0.999999, -0.000817029, 1.02177, 0, 0, 0, 1
-0.999999, -0.000720186, -0.00136649, 0.290885, 0.00136588, 0.000840153, -0.999999, 0.848205, 0.000721333, -0.999999, -0.000839168, 1.02177, 0, 0, 0, 1
-0.999999, -0.000715957, -0.00139768, 0.290884, 0.00139706, 0.000862916, -0.999999, 0.848209, 0.000717162, -0.999999, -0.000861914, 1.02177, 0, 0, 0, 1
-0.999999, -0.000711615, -0.0014297, 0.290883, 0.00142907, 0.000886285, -0.999999, 0.848214, 0.000712881, -0.999999, -0.000885267, 1.02176, 0, 0, 0, 1
-0.999999, -0.000707161, -0.00146255, 0.290882, 0.0014619, 0.000910262, -0.999999, 0.848218, 0.000708491, -0.999999, -0.000909227, 1.02176, 0, 0, 0, 1
-0.999999, -0.000702594, -0.00149623, 0.290881, 0.00149557, 0.000934846, -0.999998, 0.848223, 0.000703992, -0.999999, -0.000933794, 1.02176, 0, 0, 0, 1
-0.999999, -0.000697915, -0.00153075, 0.29088, 0.00153008, 0.000960037, -0.999998, 0.848228, 0.000699383, -0.999999, -0.000958968, 1.02175, 0, 0, 0, 1
-0.999999, -0.000693124, -0.00156609, 0.290879, 0.00156541, 0.000985835, -0.999998, 0.848233, 0.000694666, -0.999999, -0.000984748, 1.02175, 0, 0, 0, 1
-0.999998, -0.00068822, -0.00160227, 0.290878, 0.00160158, 0.00101224, -0.999998, 0.848238, 0.00068984, -0.999999, -0.00101114, 1.02175, 0, 0, 0, 1
-0.999998, -0.000683204, -0.00163928, 0.290877, 0.00163857, 0.00103925, -0.999998, 0.848244, 0.000684906, -0.999999, -0.00103813, 1.02174, 0, 0, 0, 1
-0.999998, -0.000678075, -0.00167712, 0.290876, 0.0016764, 0.00106687, -0.999998, 0.848249, 0.000679863, -0.999999, -0.00106573, 1.02174, 0, 0, 0, 1
-0.999998, -0.000672835, -0.0017158, 0.290875, 0.00171506, 0.0010951, -0.999998, 0.848254, 0.000674712, -0.999999, -0.00109394, 1.02173, 0, 0, 0, 1
-0.999998, -0.000667482, -0.0017553, 0.290874, 0.00175455, 0.00112393, -0.999998, 0.84826, 0.000669453, -0.999999, -0.00112276, 1.02173, 0, 0, 0, 1
-0.999998, -0.000662016, -0.00179564, 0.290872, 0.00179488, 0.00115337, -0.999998, 0.848266, 0.000664086, -0.999999, -0.00115218, 1.02172, 0, 0, 0, 1
-0.999998, -0.000656439, -0.00183681, 0.290871, 0.00183603, 0.00118342, -0.999998, 0.848272, 0.000658611, -0.999999, -0.00118221, 1.02172, 0, 0, 0, 1
-0.999998, -0.00065075, -0.00187881, 0.29087, 0.00187802, 0.00121407, -0.999997, 0.848277, 0.000653029, -0.999999, -0.00121285, 1.02171, 0, 0, 0, 1
-0.999998, -0.000644948, -0.00192164, 0.290869, 0.00192084, 0.00124534, -0.999997, 0.848284, 0.000647339, -0.999999, -0.00124409, 1.02171, 0, 0, 0, 1
-0.999998, -0.000639034, -0.0019653, 0.290867, 0.00196449, 0.0012772, -0.999997, 0.84829, 0.000641543, -0.999999, -0.00127595, 1.0217, 0, 0, 0, 1
-0.999998, -0.000633009, -0.0020098, 0.290866, 0.00200897, 0.00130968, -0.999997, 0.848296, 0.000635639, -0.999999, -0.00130841, 1.0217, 0, 0, 0, 1
-0.999998, -0.000626871, -0.00205513, 0.290865, 0.00205428, 0.00134276, -0.999997, 0.848302, 0.000629628, -0.999999, -0.00134147, 1.02169, 0, 0, 0, 1
-0.999998, -0.000620621, -0.00210129, 0.290864, 0.00210043, 0.00137645, -0.999997, 0.848309, 0.000623511, -0.999999, -0.00137515, 1.02169, 0, 0, 0, 1
-0.999998, -0.000614259, -0.00214828, 0.290862, 0.00214741, 0.00141075, -0.999997, 0.848316, 0.000617288, -0.999999, -0.00140943, 1.02168, 0, 0, 0, 1
-0.999997, -0.000607785, -0.0021961, 0.290861, 0.00219522, 0.00144566, -0.999997, 0.848322, 0.000610958, -0.999999, -0.00144432, 1.02168, 0, 0, 0, 1
-0.999997, -0.0006012, -0.00224475, 0.290859, 0.00224386, 0.00148117, -0.999996, 0.848329, 0.000604523, -0.999999, -0.00147982, 1.02167, 0, 0, 0, 1
-0.999997, -0.000594502, -0.00229424, 0.290858, 0.00229333, 0.00151729, -0.999996, 0.848336, 0.000597981, -0.999999, -0.00151592, 1.02167, 0, 0, 0, 1
-0.999997, -0.000587693, -0.00234456, 0.290857, 0.00234364, 0.00155401, -0.999996, 0.848343, 0.000591334, -0.999999, -0.00155263, 1.02166, 0, 0, 0, 1
-0.999997, -0.000580772, -0.0023957, 0.290855, 0.00239478, 0.00159135, -0.999996, 0.848351, 0.000584582, -0.999999, -0.00158995, 1.02166, 0, 0, 0, 1
-0.999997, -0.000573739, -0.00244768, 0.290854, 0.00244675, 0.00162929, -0.999996, 0.848358, 0.000577725, -0.999999, -0.00162788, 1.02165, 0, 0, 0, 1
-0.999997, -0.000566595, -0.0025005, 0.290852, 0.00249955, 0.00166784, -0.999995, 0.848366, 0.000570763, -0.999998, -0.00166641, 1.02165, 0, 0, 0, 1
-0.999997, -0.000559339, -0.00255414, 0.290851, 0.00255318, 0.00170699, -0.999995, 0.848373, 0.000563696, -0.999998, -0.00170556, 1.02164, 0, 0, 0, 1
-0.999996, -0.000551971, -0.00260862, 0.290849, 0.00260765, 0.00174675, -0.999995, 0.848381, 0.000556525, -0.999998, -0.00174531, 1.02163, 0, 0, 0, 1
-0.999996, -0.000544492, -0.00266392, 0.290847, 0.00266295, 0.00178712, -0.999995, 0.848389, 0.000549249, -0.999998, -0.00178567, 1.02163, 0, 0, 0, 1
-0.999996, -0.000536901, -0.00272006, 0.290846, 0.00271908, 0.0018281, -0.999995, 0.848397, 0.00054187, -0.999998, -0.00182663, 1.02162, 0, 0, 0, 1
-0.999996, -0.000529198, -0.00277703, 0.290844, 0.00277604, 0.00186968, -0.999994, 0.848405, 0.000534387, -0.999998, -0.00186821, 1.02161, 0, 0, 0, 1
-0.999996, -0.000521384, -0.00283484, 0.290842, 0.00283383, 0.00191187, -0.999994, 0.848413, 0.000526801, -0.999998, -0.00191039, 1.02161, 0, 0, 0, 1
-0.999996, -0.000513459, -0.00289347, 0.290841, 0.00289246, 0.00195467, -0.999994, 0.848421, 0.000519112, -0.999998, -0.00195318, 1.0216, 0, 0, 0, 1
-0.999996, -0.000505422, -0.00295294, 0.290839, 0.00295192, 0.00199808, -0.999994, 0.84843, 0.000511319, -0.999998, -0.00199658, 1.0216, 0, 0, 0, 1
-0.999995, -0.000497274, -0.00301323, 0.290837, 0.00301221, 0.00204209, -0.999993, 0.848438, 0.000503424, -0.999998, -0.00204058, 1.02159, 0, 0, 0, 1
-0.999995, -0.000489015, -0.00307436, 0.290836, 0.00307333, 0.00208671, -0.999993, 0.848447, 0.000495427, -0.999998, -0.0020852, 1.02158, 0, 0, 0, 1
-0.999995, -0.000480644, -0.00313632, 0.290834, 0.00313529, 0.00213194, -0.999993, 0.848456, 0.000487327, -0.999998, -0.00213042, 1.02157, 0, 0, 0, 1
-0.999995, -0.000472163, -0.00319911, 0.290832, 0.00319808, 0.00217777, -0.999993, 0.848465, 0.000479126, -0.999998, -0.00217625, 1.02157, 0, 0, 0, 1
-0.999995, -0.00046357, -0.00326274, 0.29083, 0.0032617, 0.00222422, -0.999992, 0.848474, 0.000470823, -0.999997, -0.00222269, 1.02156, 0, 0, 0, 1
-0.999994, -0.000454866, -0.00332719, 0.290828, 0.00332615, 0.00227127, -0.999992, 0.848483, 0.000462419, -0.999997, -0.00226974, 1.02155, 0, 0, 0, 1
-0.999994, -0.000446051, -0.00339248, 0.290826, 0.00339144, 0.00231892, -0.999992, 0.848492, 0.000453914, -0.999997, -0.0023174, 1.02155, 0, 0, 0, 1
-0.999994, -0.000437124, -0.0034586, 0.290824, 0.00345756, 0.00236719, -0.999991, 0.848501, 0.000445308, -0.999997, -0.00236566, 1.02154, 0, 0, 0, 1
-0.999994, -0.000428087, -0.00352555, 0.290823, 0.00352451, 0.00241606, -0.999991, 0.848511, 0.000436601, -0.999997, -0.00241453, 1.02153, 0, 0, 0, 1
-0.999993, -0.000418939, -0.00359333, 0.290821, 0.00359229, 0.00246554, -0.999991, 0.848521, 0.000427795, -0.999997, -0.00246402, 1.02152, 0, 0, 0, 1
-0.999993, -0.000409681, -0.00366195, 0.290819, 0.00366091, 0.00251562, -0.99999, 0.84853, 0.000418889, -0.999997, -0.00251411, 1.02152, 0, 0, 0, 1
-0.999993, -0.000400311, -0.00373139, 0.290817, 0.00373035, 0.00256632, -0.99999, 0.84854, 0.000409883, -0.999997, -0.0025648, 1.02151, 0, 0, 0, 1
-0.999993, -0.00039083, -0.00380167, 0.290815, 0.00380064, 0.00261762, -0.999989, 0.84855, 0.000400778, -0.999996, -0.00261611, 1.0215, 0, 0, 0, 1
-0.999992, -0.000381239, -0.00387278, 0.290813, 0.00387175, 0.00266952, -0.999989, 0.84856, 0.000391574, -0.999996, -0.00266803, 1.02149, 0, 0, 0, 1
-0.999992, -0.000371538, -0.00394472, 0.29081, 0.0039437, 0.00272204, -0.999989, 0.84857, 0.000382271, -0.999996, -0.00272055, 1.02149, 0, 0, 0, 1
-0.999992, -0.000361725, -0.00401749, 0.290808, 0.00401647, 0.00277516, -0.999988, 0.848581, 0.00037287, -0.999996, -0.00277369, 1.02148, 0, 0, 0, 1
-0.999992, -0.000351802, -0.0040911, 0.290806, 0.00409009, 0.00282889, -0.999988, 0.848591, 0.000363371, -0.999996, -0.00282743, 1.02147, 0, 0, 0, 1
-0.999991, -0.000341769, -0.00416553, 0.290804, 0.00416453, 0.00288323, -0.999987, 0.848602, 0.000353775, -0.999996, -0.00288178, 1.02146, 0, 0, 0, 1
-0.999991, -0.000331625, -0.0042408, 0.290802, 0.00423981, 0.00293818, -0.999987, 0.848612, 0.000344081, -0.999996, -0.00293674, 1.02145, 0, 0, 0, 1
-0.999991, -0.000321371, -0.0043169, 0.2908, 0.00431592, 0.00299373, -0.999986, 0.848623, 0.00033429, -0.999995, -0.00299231, 1.02144, 0, 0, 0, 1
-0.99999, -0.000311006, -0.00439383, 0.290797, 0.00439286, 0.00304989, -0.999986, 0.848634, 0.000324402, -0.999995, -0.00304849, 1.02144, 0, 0, 0, 1
-0.99999, -0.000300531, -0.00447159, 0.290795, 0.00447064, 0.00310666, -0.999985, 0.848645, 0.000314419, -0.999995, -0.00310528, 1.02143, 0, 0, 0, 1
-0.99999, -0.000289946, -0.00455019, 0.290793, 0.00454925, 0.00316403, -0.999985, 0.848656, 0.000304339, -0.999995, -0.00316268, 1.02142, 0, 0, 0, 1
-0.999989, -0.000279251, -0.00462961, 0.290791, 0.00462869, 0.00322201, -0.999984, 0.848668, 0.000294163, -0.999995, -0.00322069, 1.02141, 0, 0, 0, 1
-0.999989, -0.000268446, -0.00470987, 0.290788, 0.00470897, 0.0032806, -0.999984, 0.848679, 0.000283893, -0.999995, -0.0032793, 1.0214, 0, 0, 0, 1
-0.999988, -0.00025753, -0.00479096, 0.290786, 0.00479007, 0.0033398, -0.999983, 0.84869, 0.000273527, -0.999994, -0.00333853, 1.02139, 0, 0, 0, 1
-0.999988, -0.000246505, -0.00487288, 0.290784, 0.00487201, 0.00339961, -0.999982, 0.848702, 0.000263067, -0.999994, -0.00339837, 1.02138, 0, 0, 0, 1
-0.999988, -0.00023537, -0.00495563, 0.290781, 0.00495479, 0.00346002, -0.999982, 0.848714, 0.000252512, -0.999994, -0.00345881, 1.02137, 0, 0, 0, 1
-0.999987, -0.000224125, -0.00503922, 0.290779, 0.0050384, 0.00352104, -0.999981, 0.848726, 0.000241864, -0.999994, -0.00351987, 1.02136, 0, 0, 0, 1
-0.999987, -0.00021277, -0.00512363, 0.290776, 0.00512284, 0.00358267, -0.99998, 0.848738, 0.000231122, -0.999994, -0.00358153, 1.02135, 0, 0, 0, 1
-0.999986, -0.000201305, -0.00520888, 0.290774, 0.00520811, 0.0036449, -0.99998, 0.84875, 0.000220287, -0.999993, -0.0036438, 1.02135, 0, 0, 0, 1
-0.999986, -0.000189731, -0.00529496, 0.290771, 0.00529422, 0.00370774, -0.999979, 0.848762, 0.000209359, -0.999993, -0.00370669, 1.02134, 0, 0, 0, 1
-0.999986, -0.000178047, -0.00538187, 0.290769, 0.00538116, 0.0037712, -0.999978, 0.848774, 0.000198339, -0.999993, -0.00377018, 1.02133, 0, 0, 0, 1
-0.999985, -0.000166253, -0.00546961, 0.290766, 0.00546893, 0.00383525, -0.999978, 0.848787, 0.000187227, -0.999993, -0.00383429, 1.02132, 0, 0, 0, 1
-0.999985, -0.00015435, -0.00555819, 0.290764, 0.00555754, 0.00389992, -0.999977, 0.848799, 0.000176023, -0.999992, -0.003899, 1.02131, 0, 0, 0, 1
-0.999984, -0.000142338, -0.00564759, 0.290761, 0.00564698, 0.00396519, -0.999976, 0.848812, 0.000164728, -0.999992, -0.00396432, 1.0213, 0, 0, 0, 1
-0.999984, -0.000130216, -0.00573783, 0.290759, 0.00573726, 0.00403107, -0.999975, 0.848825, 0.000153343, -0.999992, -0.00403026, 1.02129, 0, 0, 0, 1
-0.999983, -0.000117985, -0.0058289, 0.290756, 0.00582837, 0.00409756, -0.999975, 0.848838, 0.000141867, -0.999992, -0.0040968, 1.02128, 0, 0, 0, 1
-0.999982, -0.000105645, -0.0059208, 0.290753, 0.00592031, 0.00416466, -0.999974, 0.848851, 0.0001303, -0.999991, -0.00416396, 1.02127, 0, 0, 0, 1
-0.999982, -9.31958e-05, -0.00601353, 0.290751, 0.00601308, 0.00423236, -0.999973, 0.848864, 0.000118645, -0.999991, -0.00423172, 1.02126, 0, 0, 0, 1
-0.999981, -8.06374e-05, -0.00610709, 0.290748, 0.00610669, 0.00430067, -0.999972, 0.848877, 0.0001069, -0.999991, -0.0043001, 1.02125, 0, 0, 0, 1
-0.999981, -6.797e-05, -0.00620149, 0.290745, 0.00620113, 0.00436959, -0.999971, 0.848891, 9.5066e-05, -0.99999, -0.00436908, 1.02124, 0, 0, 0, 1
-0.99998, -5.51936e-05, -0.00629672, 0.290742, 0.00629641, 0.00443912, -0.99997, 0.848904, 8.31438e-05, -0.99999, -0.00443868, 1.02122, 0, 0, 0, 1
-0.99998, -4.23083e-05, -0.00639278, 0.29074, 0.00639252, 0.00450925, -0.999969, 0.848918, 7.11337e-05, -0.99999, -0.00450889, 1.02121, 0, 0, 0, 1
-0.999979, -2.93143e-05, -0.00648967, 0.290737, 0.00648946, 0.00457999, -0.999968, 0.848931, 5.9036e-05, -0.99999, -0.00457971, 1.0212, 0, 0, 0, 1
-0.999978, -1.62115e-05, -0.00658739, 0.290734, 0.00658724, 0.00465134, -0.999967, 0.848945, 4.68512e-05, -0.999989, -0.00465113, 1.02119, 0, 0, 0, 1
-0.999978, -3.00008e-06, -0.00668594, 0.290731, 0.00668585, 0.0047233, -0.999966, 0.848959, 3.45797e-05, -0.999989, -0.00472317, 1.02118, 0, 0, 0, 1
-0.999977, 1.03199e-05, -0.00678533, 0.290728, 0.0067853, 0.00479586, -0.999965, 0.848973, 2.22219e-05, -0.999988, -0.00479582, 1.02117, 0, 0, 0, 1
-0.999976, 2.37484e-05, -0.00688554, 0.290725, 0.00688558, 0.00486904, -0.999964, 0.848988, 9.77838e-06, -0.999988, -0.00486909, 1.02116, 0, 0, 0, 1
-0.999976, 3.72854e-05, -0.00698659, 0.290722, 0.00698669, 0.00494282, -0.999963, 0.849002, -2.75057e-06, -0.999988, -0.00494296, 1.02115, 0, 0, 0, 1
-0.999975, 5.09307e-05, -0.00708847, 0.290719, 0.00708864, 0.00501721, -0.999962, 0.849016, -1.53645e-05, -0.999987, -0.00501744, 1.02114, 0, 0, 0, 1
-0.999974, 6.46843e-05, -0.00719118, 0.290716, 0.00719142, 0.0050922, -0.999961, 0.849031, -2.80628e-05, -0.999987, -0.00509254, 1.02113, 0, 0, 0, 1
-0.999973, 7.85461e-05, -0.00729473, 0.290713, 0.00729504, 0.00516781, -0.99996, 0.849046, -4.08452e-05, -0.999987, -0.00516824, 1.02111, 0, 0, 0, 1
-0.999973, 9.25161e-05, -0.0073991, 0.29071, 0.00739949, 0.00524402, -0.999959, 0.849061, -5.37112e-05, -0.999986, -0.00524456, 1.0211, 0, 0, 0, 1
-0.999972, 0.000106594, -0.00750431, 0.290707, 0.00750477, 0.00532084, -0.999958, 0.849075, -6.66603e-05, -0.999986, -0.00532149, 1.02109, 0, 0, 0, 1
-0.999971, 0.00012078, -0.00761035, 0.290704, 0.00761089, 0.00539827, -0.999956, 0.849091, -7.96921e-05, -0.999985, -0.00539903, 1.02108, 0, 0, 0, 1
-0.99997, 0.000135074, -0.00771722, 0.290701, 0.00771784, 0.0054763, -0.999955, 0.849106, -9.2806e-05, -0.999985, -0.00547718, 1.02107, 0, 0, 0, 1
-0.999969, 0.000149476, -0.00782492, 0.290698, 0.00782563, 0.00555495, -0.999954, 0.849121, -0.000106002, -0.999985, -0.00555595, 1.02106, 0, 0, 0, 1
-0.999969, 0.000163985, -0.00793345, 0.290695, 0.00793425, 0.0056342, -0.999953, 0.849136, -0.000119279, -0.999984, -0.00563532, 1.02104, 0, 0, 0, 1
-0.999968, 0.000178602, -0.00804282, 0.290692, 0.00804371, 0.00571406, -0.999951, 0.849152, -0.000132636, -0.999984, -0.00571531, 1.02103, 0, 0, 0, 1
-0.999967, 0.000193327, -0.00815301, 0.290688, 0.008154, 0.00579452, -0.99995, 0.849168, -0.000146074, -0.999983, -0.00579591, 1.02102, 0, 0, 0, 1
-0.999966, 0.000208159, -0.00826404, 0.290685, 0.00826512, 0.0058756, -0.999949, 0.849183, -0.000159592, -0.999983, -0.00587712, 1.02101, 0, 0, 0, 1
-0.999965, 0.000223099, -0.0083759, 0.290682, 0.00837708, 0.00595728, -0.999947, 0.849199, -0.000173189, -0.999982, -0.00595894, 1.021, 0, 0, 0, 1
-0.999964, 0.000238146, -0.00848859, 0.290679, 0.00848987, 0.00603957, -0.999946, 0.849215, -0.000186865, -0.999982, -0.00604138, 1.02098, 0, 0, 0, 1
-0.999963, 0.0002533, -0.00860211, 0.290675, 0.0086035, 0.00612247, -0.999944, 0.849231, -0.000200619, -0.999981, -0.00612442, 1.02097, 0, 0, 0, 1
-0.999962, 0.000268561, -0.00871647, 0.290672, 0.00871797, 0.00620598, -0.999943, 0.849248, -0.000214452, -0.999981, -0.00620808, 1.02096, 0, 0, 0, 1
-0.999961, 0.00028393, -0.00883165, 0.290669, 0.00883326, 0.00629009, -0.999941, 0.849264, -0.000228361, -0.99998, -0.00629235, 1.02094, 0, 0, 0, 1
-0.99996, 0.000299405, -0.00894767, 0.290665, 0.0089494, 0.00637481, -0.99994, 0.84928, -0.000242347, -0.99998, -0.00637724, 1.02093, 0, 0, 0, 1
-0.999959, 0.000314987, -0.00906452, 0.290662, 0.00906636, 0.00646015, -0.999938, 0.849297, -0.00025641, -0.999979, -0.00646274, 1.02092, 0, 0, 0, 1
-0.999958, 0.000330677, -0.0091822, 0.290658, 0.00918417, 0.00654608, -0.999936, 0.849314, -0.000270548, -0.999979, -0.00654885, 1.02091, 0, 0, 0, 1
-0.999957, 0.000346472, -0.00930071, 0.290655, 0.0093028, 0.00663263, -0.999935, 0.849331, -0.000284762, -0.999978, -0.00663557, 1.02089, 0, 0, 0, 1
-0.999956, 0.000362375, -0.00942005, 0.290651, 0.00942228, 0.00671979, -0.999933, 0.849348, -0.00029905, -0.999977, -0.0067229, 1.02088, 0, 0, 0, 1
-0.999954, 0.000378384, -0.00954023, 0.290648, 0.00954258, 0.00680755, -0.999931, 0.849365, -0.000313413, -0.999977, -0.00681085, 1.02087, 0, 0, 0, 1
-0.999953, 0.0003945, -0.00966124, 0.290644, 0.00966373, 0.00689592, -0.99993, 0.849382, -0.000327849, -0.999976, -0.00689941, 1.02085, 0, 0, 0, 1
-0.999952, 0.000410722, -0.00978307, 0.290641, 0.00978571, 0.0069849, -0.999928, 0.849399, -0.000342358, -0.999976, -0.00698858, 1.02084, 0, 0, 0, 1
-0.999951, 0.00042705, -0.00990574, 0.290637, 0.00990852, 0.00707449, -0.999926, 0.849417, -0.00035694, -0.999975, -0.00707837, 1.02083, 0, 0, 0, 1
-0.99995, 0.000443485, -0.0100292, 0.290634, 0.0100322, 0.00716468, -0.999924, 0.849434, -0.000371595, -0.999974, -0.00716877, 1.02081, 0, 0, 0, 1
-0.999948, 0.000460025, -0.0101536, 0.29063, 0.0101566, 0.00725549, -0.999922, 0.849452, -0.00038632, -0.999974, -0.00725978, 1.0208, 0, 0, 0, 1
-0.999947, 0.000476672, -0.0102787, 0.290626, 0.010282, 0.0073469, -0.99992, 0.84947, -0.000401117, -0.999973, -0.00735141, 1.02079, 0, 0, 0, 1
-0.999946, 0.000493424, -0.0104047, 0.290623, 0.0104081, 0.00743892, -0.999918, 0.849488, -0.000415984, -0.999972, -0.00744365, 1.02077, 0, 0, 0, 1
-0.999944, 0.000510283, -0.0105316, 0.290619, 0.0105351, 0.00753155, -0.999916, 0.849506, -0.000430921, -0.999972, -0.0075365, 1.02076, 0, 0, 0, 1
-0.999943, 0.000527247, -0.0106592, 0.290615, 0.0106629, 0.00762478, -0.999914, 0.849524, -0.000445927, -0.999971, -0.00762997, 1.02074, 0, 0, 0, 1
-0.999942, 0.000544317, -0.0107877, 0.290611, 0.0107916, 0.00771863, -0.999912, 0.849542, -0.000461003, -0.99997, -0.00772405, 1.02073, 0, 0, 0, 1
-0.99994, 0.000561492, -0.010917, 0.290608, 0.0109211, 0.00781308, -0.99991, 0.84956, -0.000476146, -0.999969, -0.00781875, 1.02072, 0, 0, 0, 1
-0.999939, 0.000578773, -0.0110472, 0.290604, 0.0110514, 0.00790814, -0.999908, 0.849579, -0.000491357, -0.999969, -0.00791405, 1.0207, 0, 0, 0, 1
-0.999937, 0.000596159, -0.0111782, 0.2906, 0.0111826, 0.00800381, -0.999905, 0.849597, -0.000506635, -0.999968, -0.00800998, 1.02069, 0, 0, 0, 1
-0.999936, 0.000613651, -0.01131, 0.290596, 0.0113146, 0.00810009, -0.999903, 0.849616, -0.000521979, -0.999967, -0.00810651, 1.02067, 0, 0, 0, 1
-0.999934, 0.000631247, -0.0114426, 0.290592, 0.0114474, 0.00819697, -0.999901, 0.849635, -0.00053739, -0.999966, -0.00820366, 1.02066, 0, 0, 0, 1
-0.999933, 0.000648949, -0.0115761, 0.290588, 0.0115811, 0.00829447, -0.999899, 0.849654, -0.000552866, -0.999965, -0.00830143, 1.02064, 0, 0, 0, 1
-0.999931, 0.000666756, -0.0117104, 0.290584, 0.0117156, 0.00839257, -0.999896, 0.849673, -0.000568406, -0.999965, -0.0083998, 1.02063, 0, 0, 0, 1
-0.99993, 0.000684667, -0.0118456, 0.29058, 0.011851, 0.00849128, -0.999894, 0.849692, -0.000584011, -0.999964, -0.0084988, 1.02061, 0, 0, 0, 1
-0.999928, 0.000702684, -0.0119815, 0.290576, 0.0119871, 0.0085906, -0.999891, 0.849712, -0.000599679, -0.999963, -0.00859841, 1.0206, 0, 0, 0, 1
-0.999926, 0.000720805, -0.0121184, 0.290572, 0.0121242, 0.00869053, -0.999889, 0.849731, -0.00061541, -0.999962, -0.00869863, 1.02058, 0, 0, 0, 1
-0.999925, 0.00073903, -0.012256, 0.290568, 0.012262, 0.00879106, -0.999886, 0.849751, -0.000631203, -0.999961, -0.00879946, 1.02057, 0, 0, 0, 1
-0.999923, 0.00075736, -0.0123945, 0.290564, 0.0124007, 0.00889221, -0.999884, 0.84977, -0.000647058, -0.99996, -0.00890092, 1.02055, 0, 0, 0, 1
-0.999921, 0.000775795, -0.0125338, 0.29056, 0.0125402, 0.00899396, -0.999881, 0.84979, -0.000662974, -0.999959, -0.00900298, 1.02054, 0, 0, 0, 1
-0.999919, 0.000794334, -0.0126739, 0.290556, 0.0126806, 0.00909632, -0.999878, 0.84981, -0.000678951, -0.999958, -0.00910566, 1.02052, 0, 0, 0, 1
-0.999918, 0.000812976, -0.0128149, 0.290552, 0.0128218, 0.00919929, -0.999875, 0.84983, -0.000694988, -0.999957, -0.00920896, 1.02051, 0, 0, 0, 1
-0.999916, 0.000831723, -0.0129566, 0.290548, 0.0129638, 0.00930287, -0.999873, 0.84985, -0.000711083, -0.999956, -0.00931287, 1.02049, 0, 0, 0, 1
-0.999914, 0.000850574, -0.0130993, 0.290544, 0.0131067, 0.00940706, -0.99987, 0.849871, -0.000727238, -0.999955, -0.0094174, 1.02048, 0, 0, 0, 1
-0.999912, 0.000869529, -0.0132427, 0.290539, 0.0132504, 0.00951185, -0.999867, 0.849891, -0.00074345, -0.999954, -0.00952254, 1.02046, 0, 0, 0, 1
-0.99991, 0.000888587, -0.013387, 0.290535, 0.0133949, 0.00961726, -0.999864, 0.849912, -0.00075972, -0.999953, -0.00962829, 1.02044, 0, 0, 0, 1
-0.999908, 0.00090775, -0.0135321, 0.290531, 0.0135403, 0.00972327, -0.999861, 0.849932, -0.000776047, -0.999952, -0.00973467, 1.02043, 0, 0, 0, 1
-0.999906, 0.000927015, -0.0136781, 0.290526, 0.0136865, 0.00982989, -0.999858, 0.849953, -0.000792429, -0.999951, -0.00984165, 1.02041, 0, 0, 0, 1
-0.999904, 0.000946384, -0.0138249, 0.290522, 0.0138336, 0.00993712, -0.999855, 0.849974, -0.000808868, -0.99995, -0.00994926, 1.0204, 0, 0, 0, 1
-0.999902, 0.000965857, -0.0139725, 0.290518, 0.0139815, 0.010045, -0.999852, 0.849995, -0.000825361, -0.999949, -0.0100575, 1.02038, 0, 0, 0, 1
-0.9999, 0.000985432, -0.0141209, 0.290513, 0.0141302, 0.0101534, -0.999849, 0.850016, -0.000841908, -0.999948, -0.0101663, 1.02036, 0, 0, 0, 1
-0.999898, 0.00100511, -0.0142702, 0.290509, 0.0142798, 0.0102625, -0.999845, 0.850037, -0.000858508, -0.999947, -0.0102758, 1.02035, 0, 0, 0, 1
-0.999895, 0.00102489, -0.0144203, 0.290505, 0.0144302, 0.0103721, -0.999842, 0.850059, -0.000875162, -0.999946, -0.0103858, 1.02033, 0, 0, 0, 1
-0.999893, 0.00104478, -0.0145713, 0.2905, 0.0145814, 0.0104824, -0.999839, 0.85008, -0.000891867, -0.999945, -0.0104965, 1.02031, 0, 0, 0, 1
-0.999891, 0.00106476, -0.014723, 0.290496, 0.0147335, 0.0105933, -0.999835, 0.850102, -0.000908624, -0.999943, -0.0106078, 1.0203, 0, 0, 0, 1
-0.999889, 0.00108485, -0.0148756, 0.290491, 0.0148864, 0.0107048, -0.999832, 0.850123, -0.000925432, -0.999942, -0.0107197, 1.02028, 0, 0, 0, 1
-0.999886, 0.00110505, -0.0150291, 0.290487, 0.0150401, 0.0108169, -0.999828, 0.850145, -0.00094229, -0.999941, -0.0108323, 1.02026, 0, 0, 0, 1
-0.999884, 0.00112534, -0.0151833, 0.290482, 0.0151947, 0.0109296, -0.999825, 0.850167, -0.000959198, -0.99994, -0.0109454, 1.02025, 0, 0, 0, 1
-0.999882, 0.00114574, -0.0153384, 0.290477, 0.0153501, 0.0110429, -0.999821, 0.850189, -0.000976154, -0.999938, -0.0110592, 1.02023, 0, 0, 0, 1
-0.999879, 0.00116624, -0.0154944, 0.290473, 0.0155064, 0.0111568, -0.999818, 0.850211, -0.000993158, -0.999937, -0.0111735, 1.02021, 0, 0, 0, 1
-0.999877, 0.00118684, -0.0156511, 0.290468, 0.0156635, 0.0112713, -0.999814, 0.850234, -0.00101021, -0.999936, -0.0112885, 1.0202, 0, 0, 0, 1
-0.999874, 0.00120754, -0.0158087, 0.290463, 0.0158214, 0.0113865, -0.99981, 0.850256, -0.00102731, -0.999934, -0.0114042, 1.02018, 0, 0, 0, 1
-0.999872, 0.00122835, -0.0159671, 0.290459, 0.0159802, 0.0115022, -0.999806, 0.850279, -0.00104445, -0.999933, -0.0115204, 1.02016, 0, 0, 0, 1
-0.999869, 0.00124926, -0.0161264, 0.290454, 0.0161398, 0.0116186, -0.999802, 0.850301, -0.00106164, -0.999932, -0.0116372, 1.02014, 0, 0, 0, 1
-0.999867, 0.00127026, -0.0162865, 0.290449, 0.0163003, 0.0117356, -0.999798, 0.850324, -0.00107888, -0.99993, -0.0117547, 1.02013, 0, 0, 0, 1
-0.999864, 0.00129138, -0.0164474, 0.290445, 0.0164615, 0.0118531, -0.999794, 0.850347, -0.00109616, -0.999929, -0.0118728, 1.02011, 0, 0, 0, 1
-0.999861, 0.00131259, -0.0166091, 0.29044, 0.0166237, 0.0119713, -0.99979, 0.85037, -0.00111348, -0.999927, -0.0119915, 1.02009, 0, 0, 0, 1
-0.999858, 0.0013339, -0.0167717, 0.290435, 0.0167866, 0.0120901, -0.999786, 0.850393, -0.00113084, -0.999926, -0.0121108, 1.02007, 0, 0, 0, 1
-0.999856, 0.00135531, -0.0169351, 0.29043, 0.0169504, 0.0122095, -0.999782, 0.850417, -0.00114825, -0.999925, -0.0122307, 1.02006, 0, 0, 0, 1
-0.999853, 0.00137683, -0.0170993, 0.290425, 0.017115, 0.0123295, -0.999778, 0.85044, -0.00116569, -0.999923, -0.0123513, 1.02004, 0, 0, 0, 1
-0.99985, 0.00139844, -0.0172644, 0.29042, 0.0172805, 0.0124502, -0.999773, 0.850464, -0.00118318, -0.999922, -0.0124725, 1.02002, 0, 0, 0, 1
-0.999847, 0.00142016, -0.0174303, 0.290415, 0.0174468, 0.0125714, -0.999769, 0.850487, -0.00120071, -0.99992, -0.0125942, 1.02, 0, 0, 0, 1
-0.999844, 0.00144198, -0.0175971, 0.29041, 0.017614, 0.0126932, -0.999764, 0.850511, -0.00121827, -0.999918, -0.0127167, 1.01998, 0, 0, 0, 1
-0.999841, 0.0014639, -0.0177646, 0.290405, 0.0177819, 0.0128157, -0.99976, 0.850535, -0.00123588, -0.999917, -0.0128397, 1.01997, 0, 0, 0, 1
-0.999838, 0.00148591, -0.017933, 0.2904, 0.0179508, 0.0129387, -0.999755, 0.850559, -0.00125352, -0.999915, -0.0129633, 1.01995, 0, 0, 0, 1
-0.999835, 0.00150803, -0.0181022, 0.290395, 0.0181204, 0.0130624, -0.99975, 0.850583, -0.0012712, -0.999914, -0.0130876, 1.01993, 0, 0, 0, 1
-0.999832, 0.00153025, -0.0182723, 0.29039, 0.0182909, 0.0131867, -0.999746, 0.850607, -0.00128891, -0.999912, -0.0132125, 1.01991, 0, 0, 0, 1
-0.999829, 0.00155257, -0.0184432, 0.290385, 0.0184623, 0.0133116, -0.999741, 0.850631, -0.00130666, -0.99991, -0.013338, 1.01989, 0, 0, 0, 1
-0.999825, 0.00157499, -0.0186149, 0.29038, 0.0186344, 0.0134371, -0.999736, 0.850656, -0.00132444, -0.999908, -0.0134641, 1.01987, 0, 0, 0, 1
-0.999822, 0.00159751, -0.0187875, 0.290375, 0.0188074, 0.0135632, -0.999731, 0.850681, -0.00134226, -0.999907, -0.0135908, 1.01985, 0, 0, 0, 1
-0.999819, 0.00162013, -0.0189609, 0.29037, 0.0189813, 0.0136899, -0.999726, 0.850705, -0.00136011, -0.999905, -0.0137181, 1.01983, 0, 0, 0, 1
-0.999816, 0.00164284, -0.0191351, 0.290365, 0.019156, 0.0138172, -0.999721, 0.85073, -0.00137799, -0.999903, -0.0138461, 1.01982, 0, 0, 0, 1
-0.999812, 0.00166566, -0.0193101, 0.290359, 0.0193315, 0.0139451, -0.999716, 0.850755, -0.0013959, -0.999901, -0.0139747, 1.0198, 0, 0, 0, 1
-0.999809, 0.00168858, -0.019486, 0.290354, 0.0195079, 0.0140737, -0.999711, 0.85078, -0.00141385, -0.9999, -0.0141039, 1.01978, 0, 0, 0, 1
-0.999805, 0.00171159, -0.0196627, 0.290349, 0.0196851, 0.0142028, -0.999705, 0.850805, -0.00143182, -0.999898, -0.0142337, 1.01976, 0, 0, 0, 1
-0.999802, 0.00173471, -0.0198402, 0.290344, 0.0198631, 0.0143326, -0.9997, 0.850831, -0.00144982, -0.999896, -0.0143642, 1.01974, 0, 0, 0, 1
-0.999798, 0.00175792, -0.0200186, 0.290338, 0.020042, 0.0144629, -0.999695, 0.850856, -0.00146785, -0.999894, -0.0144953, 1.01972, 0, 0, 0, 1
-0.999794, 0.00178123, -0.0201978, 0.290333, 0.0202217, 0.0145939, -0.999689, 0.850882, -0.00148591, -0.999892, -0.0146269, 1.0197, 0, 0, 0, 1
-0.999791, 0.00180464, -0.0203778, 0.290328, 0.0204022, 0.0147255, -0.999683, 0.850907, -0.001504, -0.99989, -0.0147592, 1.01968, 0, 0, 0, 1
-0.999787, 0.00182815, -0.0205587, 0.290322, 0.0205836, 0.0148577, -0.999678, 0.850933, -0.00152211, -0.999888, -0.0148922, 1.01966, 0, 0, 0, 1
-0.999783, 0.00185176, -0.0207404, 0.290317, 0.0207659, 0.0149905, -0.999672, 0.850959, -0.00154024, -0.999886, -0.0150257, 1.01964, 0, 0, 0, 1
-0.999779, 0.00187546, -0.0209229, 0.290311, 0.0209489, 0.0151239, -0.999666, 0.850985, -0.0015584, -0.999884, -0.0151599, 1.01962, 0, 0, 0, 1
-0.999775, 0.00189927, -0.0211063, 0.290306, 0.0211328, 0.0152579, -0.99966, 0.851011, -0.00157658, -0.999882, -0.0152946, 1.0196, 0, 0, 0, 1
-0.999771, 0.00192317, -0.0212905, 0.2903, 0.0213176, 0.0153926, -0.999654, 0.851037, -0.00159479, -0.99988, -0.01543, 1.01958, 0, 0, 0, 1
-0.999767, 0.00194717, -0.0214755, 0.290295, 0.0215032, 0.0155278, -0.999648, 0.851064, -0.00161302, -0.999878, -0.0155661, 1.01956, 0, 0, 0, 1
-0.999763, 0.00197127, -0.0216613, 0.290289, 0.0216896, 0.0156637, -0.999642, 0.85109, -0.00163127, -0.999875, -0.0157027, 1.01954, 0, 0, 0, 1
-0.999759, 0.00199546, -0.021848, 0.290284, 0.0218769, 0.0158001, -0.999636, 0.851117, -0.00164953, -0.999873, -0.01584, 1.01952, 0, 0, 0, 1
-0.999755, 0.00201975, -0.0220355, 0.290278, 0.022065, 0.0159372, -0.99963, 0.851144, -0.00166782, -0.999871, -0.0159779, 1.0195, 0, 0, 0, 1
-0.999751, 0.00204414, -0.0222239, 0.290272, 0.0222539, 0.0160749, -0.999623, 0.851171, -0.00168613, -0.999869, -0.0161164, 1.01948, 0, 0, 0, 1
-0.999747, 0.00206863, -0.0224131, 0.290267, 0.0224437, 0.0162132, -0.999617, 0.851198, -0.00170445, -0.999866, -0.0162555, 1.01946, 0, 0, 0, 1
-0.999742, 0.00209321, -0.0226031, 0.290261, 0.0226343, 0.0163521, -0.99961, 0.851225, -0.00172279, -0.999864, -0.0163952, 1.01944, 0, 0, 0, 1
-0.999738, 0.00211789, -0.0227939, 0.290255, 0.0228258, 0.0164916, -0.999603, 0.851252, -0.00174115, -0.999862, -0.0165356, 1.01942, 0, 0, 0, 1
-0.999734, 0.00214267, -0.0229856, 0.290249, 0.0230181, 0.0166317, -0.999597, 0.851279, -0.00175952, -0.999859, -0.0166766, 1.0194, 0, 0, 0, 1
-0.999729, 0.00216754, -0.0231781, 0.290244, 0.0232112, 0.0167724, -0.99959, 0.851307, -0.0017779, -0.999857, -0.0168182, 1.01938, 0, 0, 0, 1
-0.999724, 0.00219251, -0.0233714, 0.290238, 0.0234052, 0.0169137, -0.999583, 0.851334, -0.0017963, -0.999855, -0.0169604, 1.01936, 0, 0, 0, 1
-0.99972, 0.00221758, -0.0235655, 0.290232, 0.0236, 0.0170557, -0.999576, 0.851362, -0.00181471, -0.999852, -0.0171032, 1.01933, 0, 0, 0, 1
-0.999715, 0.00224274, -0.0237605, 0.290226, 0.0237956, 0.0171982, -0.999569, 0.85139, -0.00183314, -0.99985, -0.0172467, 1.01931, 0, 0, 0, 1
-0.99971, 0.002268, -0.0239564, 0.29022, 0.0239921, 0.0173414, -0.999562, 0.851418, -0.00185157, -0.999847, -0.0173908, 1.01929, 0, 0, 0, 1
-0.999706, 0.00229335, -0.024153, 0.290214, 0.0241895, 0.0174852, -0.999554, 0.851446, -0.00187001, -0.999844, -0.0175355, 1.01927, 0, 0, 0, 1
-0.999701, 0.0023188, -0.0243505, 0.290208, 0.0243876, 0.0176296, -0.999547, 0.851474, -0.00188847, -0.999842, -0.0176808, 1.01925, 0, 0, 0, 1
-0.999696, 0.00234435, -0.0245488, 0.290202, 0.0245867, 0.0177745, -0.99954, 0.851502, -0.00190693, -0.999839, -0.0178268, 1.01923, 0, 0, 0, 1
-0.999691, 0.00236999, -0.024748, 0.290196, 0.0247865, 0.0179201, -0.999532, 0.851531, -0.00192539, -0.999837, -0.0179734, 1.01921, 0, 0, 0, 1
-0.999686, 0.00239573, -0.0249479, 0.29019, 0.0249872, 0.0180664, -0.999525, 0.851559, -0.00194387, -0.999834, -0.0181205, 1.01919, 0, 0, 0, 1
-0.999681, 0.00242156, -0.0251487, 0.290184, 0.0251887, 0.0182132, -0.999517, 0.851588, -0.00196235, -0.999831, -0.0182684, 1.01916, 0, 0, 0, 1
-0.999676, 0.00244748, -0.0253504, 0.290178, 0.0253911, 0.0183606, -0.999509, 0.851617, -0.00198083, -0.999828, -0.0184168, 1.01914, 0, 0, 0, 1
-0.99967, 0.0024735, -0.0255528, 0.290172, 0.0255943, 0.0185087, -0.999501, 0.851646, -0.00199932, -0.999826, -0.0185659, 1.01912, 0, 0, 0, 1
-0.999665, 0.00249962, -0.0257561, 0.290166, 0.0257984, 0.0186573, -0.999493, 0.851675, -0.00201781, -0.999823, -0.0187155, 1.0191, 0, 0, 0, 1
-0.99966, 0.00252583, -0.0259603, 0.29016, 0.0260032, 0.0188066, -0.999485, 0.851704, -0.00203631, -0.99982, -0.0188658, 1.01908, 0, 0, 0, 1
-0.999654, 0.00255213, -0.0261652, 0.290153, 0.026209, 0.0189564, -0.999477, 0.851733, -0.0020548, -0.999817, -0.0190168, 1.01905, 0, 0, 0, 1
-0.999649, 0.00257853, -0.026371, 0.290147, 0.0264155, 0.0191069, -0.999468, 0.851763, -0.00207329, -0.999814, -0.0191683, 1.01903, 0, 0, 0, 1
-0.999643, 0.00260503, -0.0265776, 0.290141, 0.0266229, 0.019258, -0.99946, 0.851792, -0.00209179, -0.999811, -0.0193205, 1.01901, 0, 0, 0, 1
-0.999638, 0.00263161, -0.0267851, 0.290135, 0.0268312, 0.0194097, -0.999452, 0.851822, -0.00211028, -0.999808, -0.0194733, 1.01899, 0, 0, 0, 1
-0.999632, 0.00265829, -0.0269934, 0.290128, 0.0270403, 0.019562, -0.999443, 0.851852, -0.00212877, -0.999805, -0.0196267, 1.01896, 0, 0, 0, 1
-0.999626, 0.00268507, -0.0272025, 0.290122, 0.0272502, 0.0197149, -0.999434, 0.851881, -0.00214725, -0.999802, -0.0197807, 1.01894, 0, 0, 0, 1
-0.999621, 0.00271193, -0.0274124, 0.290116, 0.027461, 0.0198685, -0.999425, 0.851911, -0.00216573, -0.999799, -0.0199354, 1.01892, 0, 0, 0, 1
-0.999615, 0.00273889, -0.0276232, 0.290109, 0.0276726, 0.0200226, -0.999416, 0.851942, -0.00218421, -0.999796, -0.0200907, 1.0189, 0, 0, 0, 1
-0.999609, 0.00276595, -0.0278348, 0.290103, 0.027885, 0.0201774, -0.999407, 0.851972, -0.00220268, -0.999793, -0.0202466, 1.01887, 0, 0, 0, 1
-0.999603, 0.00279309, -0.0280472, 0.290096, 0.0280983, 0.0203327, -0.999398, 0.852002, -0.00222114, -0.999789, -0.0204031, 1.01885, 0, 0, 0, 1
-0.999597, 0.00282033, -0.0282605, 0.29009, 0.0283124, 0.0204887, -0.999389, 0.852033, -0.00223959, -0.999786, -0.0205603, 1.01883, 0, 0, 0, 1
-0.99959, 0.00284767, -0.0284746, 0.290083, 0.0285274, 0.0206453, -0.99938, 0.852063, -0.00225804, -0.999783, -0.020718, 1.0188, 0, 0, 0, 1
-0.999584, 0.00287509, -0.0286895, 0.290077, 0.0287432, 0.0208024, -0.99937, 0.852094, -0.00227647, -0.999779, -0.0208764, 1.01878, 0, 0, 0, 1
-0.999578, 0.00290261, -0.0289053, 0.29007, 0.0289599, 0.0209602, -0.999361, 0.852125, -0.00229489, -0.999776, -0.0210355, 1.01876, 0, 0, 0, 1
-0.999572, 0.00293022, -0.0291219, 0.290064, 0.0291773, 0.0211187, -0.999351, 0.852156, -0.0023133, -0.999773, -0.0211951, 1.01873, 0, 0, 0, 1
-0.999565, 0.00295792, -0.0293393, 0.290057, 0.0293957, 0.0212777, -0.999341, 0.852187, -0.0023317, -0.999769, -0.0213554, 1.01871, 0, 0, 0, 1
-0.999559, 0.00298571, -0.0295575, 0.29005, 0.0296148, 0.0214373, -0.999331, 0.852218, -0.00235008, -0.999766, -0.0215163, 1.01869, 0, 0, 0, 1
-0.999552, 0.0030136, -0.0297766, 0.290044, 0.0298348, 0.0215975, -0.999321, 0.852249, -0.00236845, -0.999762, -0.0216778, 1.01866, 0, 0, 0, 1
-0.999545, 0.00304157, -0.0299965, 0.290037, 0.0300557, 0.0217584, -0.999311, 0.852281, -0.0023868, -0.999759, -0.0218399, 1.01864, 0, 0, 0, 1
-0.999539, 0.00306964, -0.0302172, 0.29003, 0.0302774, 0.0219198, -0.999301, 0.852312, -0.00240514, -0.999755, -0.0220027, 1.01862, 0, 0, 0, 1
-0.999532, 0.0030978, -0.0304388, 0.290024, 0.0304999, 0.0220819, -0.999291, 0.852344, -0.00242346, -0.999751, -0.0221661, 1.01859, 0, 0, 0, 1
-0.999525, 0.00312605, -0.0306612, 0.290017, 0.0307233, 0.0222446, -0.99928, 0.852376, -0.00244175, -0.999748, -0.0223301, 1.01857, 0, 0, 0, 1
-0.999518, 0.00315439, -0.0308844, 0.29001, 0.0309475, 0.0224079, -0.99927, 0.852408, -0.00246003, -0.999744, -0.0224947, 1.01855, 0, 0, 0, 1
-0.999511, 0.00318282, -0.0311085, 0.290003, 0.0311725, 0.0225718, -0.999259, 0.85244, -0.00247829, -0.99974, -0.02266, 1.01852, 0, 0, 0, 1
-0.999504, 0.00321134, -0.0313334, 0.289996, 0.0313984, 0.0227363, -0.999248, 0.852472, -0.00249653, -0.999736, -0.0228258, 1.0185, 0, 0, 0, 1
-0.999497, 0.00323996, -0.0315591, 0.289989, 0.0316252, 0.0229014, -0.999237, 0.852504, -0.00251474, -0.999732, -0.0229923, 1.01847, 0, 0, 0, 1
-0.999489, 0.00326866, -0.0317857, 0.289982, 0.0318527, 0.0230671, -0.999226, 0.852537, -0.00253293, -0.999729, -0.0231595, 1.01845, 0, 0, 0, 1
