-0.999999, -0.000797434, -0.000797196, 0.290901, 0.000796858, 0.000424669, -1, 0.848124, 0.000797772, -1, -0.000424033, 1.02183, 0, 0, 0, 1
-0.999999, -0.000797345, -0.000796635, 0.290901, 0.000796296, 0.000424891, -1, 0.848124, 0.000797683, -1, -0.000424255, 1.02183, 0, 0, 0, 1
-0.999999, -0.000797078, -0.000794952, 0.290901, 0.000794613, 0.000425556, -1, 0.848124, 0.000797416, -1, -0.000424922, 1.02183, 0, 0, 0, 1
-0.999999, -0.000796632, -0.000792148, 0.290901, 0.000791808, 0.000426664, -1, 0.848125, 0.00079697, -1, -0.000426033, 1.02183, 0, 0, 0, 1
-0.999999, -0.000796008, -0.000788221, 0.290901, 0.00078788, 0.000428216, -1, 0.848125, 0.000796345, -1, -0.000427589, 1.02183, 0, 0, 0, 1
-0.999999, -0.000795206, -0.000783172, 0.290901, 0.00078283, 0.000430212, -1, 0.848126, 0.000795542, -1, -0.000429589, 1.02183, 0, 0, 0, 1
-0.999999, -0.000794225, -0.000777002, 0.290901, 0.000776658, 0.000432651, -1, 0.848126, 0.000794561, -1, -0.000432034, 1.02183, 0, 0, 0, 1
-0.999999, -0.000793066, -0.00076971, 0.290901, 0.000769364, 0.000435533, -1, 0.848127, 0.000793401, -1, -0.000434923, 1.02183, 0, 0, 0, 1
-0.999999, -0.000791729, -0.000761295, 0.290901, 0.000760948, 0.000438859, -1, 0.848128, 0.000792063, -1, -0.000438257, 1.02183, 0, 0, 0, 1
-0.999999, -0.000790214, -0.000751759, 0.290901, 0.00075141, 0.000442629, -1, 0.848129, 0.000790546, -1, -0.000442035, 1.02183, 0, 0, 0, 1
-0.999999, -0.00078852, -0.000741101, 0.290901, 0.000740749, 0.000446841, -1, 0.84813, 0.000788851, -1, -0.000446257, 1.02183, 0, 0, 0, 1
-0.999999, -0.000786648, -0.000729321, 0.290901, 0.000728966, 0.000451498, -1, 0.848131, 0.000786977, -1, -0.000450924, 1.02183, 0, 0, 0, 1
-0.999999, -0.000784598, -0.00071642, 0.290901, 0.000716062, 0.000456597, -1, 0.848132, 0.000784925, -1, -0.000456035, 1.02183, 0, 0, 0, 1
-0.999999, -0.00078237, -0.000702396, 0.290901, 0.000702035, 0.000462141, -1, 0.848133, 0.000782694, -1, -0.000461591, 1.02183, 0, 0, 0, 1
-0.999999, -0.000779963, -0.00068725, 0.290902, 0.000686885, 0.000468127, -1, 0.848135, 0.000780284, -1, -0.000467591, 1.02183, 0, 0, 0, 1
-0.999999, -0.000777378, -0.000670983, 0.290902, 0.000670614, 0.000474557, -1, 0.848136, 0.000777696, -1, -0.000474036, 1.02183, 0, 0, 0, 1
-0.999999, -0.000774615, -0.000653593, 0.290902, 0.000653221, 0.000481431, -1, 0.848138, 0.000774929, -1, -0.000480925, 1.02182, 0, 0, 0, 1
-1, -0.000771673, -0.000635082, 0.290902, 0.000634705, 0.000488748, -1, 0.84814, 0.000771983, -1, -0.000488258, 1.02182, 0, 0, 0, 1
-1, -0.000768554, -0.000615449, 0.290902, 0.000615068, 0.000496508, -1, 0.848141, 0.000768859, -1, -0.000496035, 1.02182, 0, 0, 0, 1
-1, -0.000765256, -0.000594694, 0.290902, 0.000594308, 0.000504712, -1, 0.848143, 0.000765556, -1, -0.000504257, 1.02182, 0, 0, 0, 1
-1, -0.000761779, -0.000572817, 0.290902, 0.000572426, 0.00051336, -1, 0.848145, 0.000762073, -1, -0.000512924, 1.02182, 0, 0, 0, 1
-1, -0.000758125, -0.000549818, 0.290902, 0.000549422, 0.000522451, -1, 0.848148, 0.000758412, -1, -0.000522034, 1.02182, 0, 0, 0, 1
-1, -0.000754292, -0.000525697, 0.290902, 0.000525296, 0.000531985, -1, 0.84815, 0.000754572, -1, -0.000531589, 1.02181, 0, 0, 0, 1
-1, -0.000750282, -0.000500455, 0.290902, 0.000500048, 0.000541963, -1, 0.848152, 0.000750553, -1, -0.000541588, 1.02181, 0, 0, 0, 1
-1, -0.000746093, -0.00047409, 0.290903, 0.000473678, 0.000552384, -1, 0.848155, 0.000746354, -1, -0.000552031, 1.02181, 0, 0, 0, 1
-1, -0.000741726, -0.000446604, 0.290903, 0.000446186, 0.000563249, -1, 0.848157, 0.000741977, -1, -0.000562918, 1.02181, 0, 0, 0, 1
-1, -0.00073718, -0.000417996, 0.290903, 0.000417572, 0.000574558, -1, 0.84816, 0.00073742, -1, -0.00057425, 1.02181, 0, 0, 0, 1
-1, -0.000732457, -0.000388265, 0.290903, 0.000387836, 0.00058631, -1, 0.848163, 0.000732684, -1, -0.000586025, 1.0218, 0, 0, 0, 1
-1, -0.000727555, -0.000357413, 0.290903, 0.000356978, 0.000598505, -1, 0.848166, 0.000727769, -1, -0.000598245, 1.0218, 0, 0, 0, 1
-1, -0.000722475, -0.000325439, 0.290903, 0.000324998, 0.000611144, -1, 0.848169, 0.000722674, -1, -0.000610909, 1.0218, 0, 0, 0, 1
-1, -0.000717217, -0.000292343, 0.290903, 0.000291896, 0.000624226, -1, 0.848172, 0.000717399, -1, -0.000624017, 1.0218, 0, 0, 0, 1
-1, -0.000711781, -0.000258125, 0.290904, 0.000257672, 0.000637752, -1, 0.848175, 0.000711945, -1, -0.000637568, 1.02179, 0, 0, 0, 1
-1, -0.000706167, -0.000222786, 0.290904, 0.000222326, 0.000651721, -1, 0.848178, 0.000706312, -1, -0.000651564, 1.02179, 0, 0, 0, 1
-1, -0.000700374, -0.000186324, 0.290904, 0.000185858, 0.000666134, -1, 0.848182, 0.000700498, -1, -0.000666004, 1.02179, 0, 0, 0, 1
-1, -0.000694404, -0.000148741, 0.290904, 0.000148268, 0.000680991, -1, 0.848185, 0.000694505, -1, -0.000680888, 1.02179, 0, 0, 0, 1
-1, -0.000688255, -0.000110035, 0.290904, 0.000109556, 0.000696291, -1, 0.848189, 0.000688332, -1, -0.000696215, 1.02178, 0, 0, 0, 1
-1, -0.000681928, -7.0208e-05, 0.290904, 6.97225e-05, 0.000712034, -1, 0.848193, 0.000681978, -1, -0.000711986, 1.02178, 0, 0, 0, 1
-1, -0.000675424, -2.92588e-05, 0.290905, 2.8767e-05, 0.000728221, -1, 0.848197, 0.000675445, -1, -0.000728201, 1.02178, 0, 0, 0, 1
-1, -0.000668741, 1.28122e-05, 0.290905, -1.33103e-05, 0.000744852, -1, 0.848201, 0.000668731, -0.999999, -0.00074486, 1.02177, 0, 0, 0, 1
-1, -0.00066188, 5.60052e-05, 0.290905, -5.65095e-05, 0.000761926, -1, 0.848205, 0.000661837, -0.999999, -0.000761963, 1.02177, 0, 0, 0, 1
-1, -0.000654841, 0.00010032, 0.290905, -0.00010083, 0.000779443, -1, 0.848209, 0.000654763, -0.999999, -0.000779509, 1.02177, 0, 0, 0, 1
-1, -0.000647624, 0.000145757, 0.290905, -0.000146273, 0.000797405, -1, 0.848213, 0.000647508, -0.999999, -0.000797499, 1.02176, 0, 0, 0, 1
-1, -0.000640229, 0.000192315, 0.290906, -0.000192838, 0.000815809, -1, 0.848218, 0.000640072, -0.999999, -0.000815933, 1.02176, 0, 0, 0, 1
-1, -0.000632656, 0.000239996, 0.290906, -0.000240524, 0.000834658, -1, 0.848222, 0.000632456, -0.999999, -0.00083481, 1.02176, 0, 0, 0, 1
-1, -0.000624905, 0.000288798, 0.290906, -0.000289332, 0.00085395, -1, 0.848227, 0.000624658, -0.999999, -0.00085413, 1.02175, 0, 0, 0, 1
-1, -0.000616976, 0.000338723, 0.290906, -0.000339262, 0.000873685, -1, 0.848231, 0.00061668, -0.999999, -0.000873894, 1.02175, 0, 0, 0, 1
-1, -0.00060887, 0.000389769, 0.290907, -0.000390313, 0.000893864, -1, 0.848236, 0.000608521, -0.999999, -0.000894101, 1.02174, 0, 0, 0, 1
-1, -0.000600585, 0.000441937, 0.290907, -0.000442486, 0.000914487, -0.999999, 0.848241, 0.00060018, -0.999999, -0.000914752, 1.02174, 0, 0, 0, 1
-1, -0.000592122, 0.000495227, 0.290907, -0.000495781, 0.000935553, -0.999999, 0.848246, 0.000591658, -0.999999, -0.000935846, 1.02174, 0, 0, 0, 1
-1, -0.000583481, 0.000549639, 0.290907, -0.000550197, 0.000957063, -0.999999, 0.848251, 0.000582955, -0.999999, -0.000957384, 1.02173, 0, 0, 0, 1
-1, -0.000574663, 0.000605173, 0.290908, -0.000605735, 0.000979016, -0.999999, 0.848257, 0.00057407, -0.999999, -0.000979364, 1.02173, 0, 0, 0, 1
-1, -0.000565666, 0.000661829, 0.290908, -0.000662395, 0.00100141, -0.999999, 0.848262, 0.000565003, -0.999999, -0.00100179, 1.02172, 0, 0, 0, 1
-1, -0.000556492, 0.000719606, 0.290908, -0.000720176, 0.00102425, -0.999999, 0.848267, 0.000555755, -0.999999, -0.00102465, 1.02172, 0, 0, 0, 1
-1, -0.00054714, 0.000778506, 0.290908, -0.000779079, 0.00104754, -0.999999, 0.848273, 0.000546324, -0.999999, -0.00104796, 1.02172, 0, 0, 0, 1
-1, -0.00053761, 0.000838527, 0.290909, -0.000839103, 0.00107127, -0.999999, 0.848279, 0.000536711, -0.999999, -0.00107172, 1.02171, 0, 0, 0, 1
-0.999999, -0.000527902, 0.00089967, 0.290909, -0.000900248, 0.00109544, -0.999999, 0.848284, 0.000526916, -0.999999, -0.00109591, 1.02171, 0, 0, 0, 1
-0.999999, -0.000518017, 0.000961936, 0.290909, -0.000962515, 0.00112005, -0.999999, 0.84829, 0.000516939, -0.999999, -0.00112055, 1.0217, 0, 0, 0, 1
-0.999999, -0.000507953, 0.00102532, 0.290909, -0.0010259, 0.00114511, -0.999999, 0.848296, 0.000506779, -0.999999, -0.00114563, 1.0217, 0, 0, 0, 1
-0.999999, -0.000497712, 0.00108983, 0.29091, -0.00109041, 0.00117061, -0.999999, 0.848302, 0.000496436, -0.999999, -0.00117116, 1.02169, 0, 0, 0, 1
-0.999999, -0.000487294, 0.00115546, 0.29091, -0.00115604, 0.00119656, -0.999999, 0.848309, 0.00048591, -0.999999, -0.00119712, 1.02169, 0, 0, 0, 1
-0.999999, -0.000476697, 0.00122222, 0.29091, -0.0012228, 0.00122295, -0.999999, 0.848315, 0.000475202, -0.999999, -0.00122353, 1.02168, 0, 0, 0, 1
-0.999999, -0.000465923, 0.00129009, 0.290911, -0.00129067, 0.00124978, -0.999998, 0.848321, 0.00046431, -0.999999, -0.00125038, 1.02168, 0, 0, 0, 1
-0.999999, -0.000454971, 0.00135909, 0.290911, -0.00135967, 0.00127706, -0.999998, 0.848328, 0.000453234, -0.999999, -0.00127768, 1.02167, 0, 0, 0, 1
-0.999999, -0.000443841, 0.0014292, 0.290911, -0.00142978, 0.00130478, -0.999998, 0.848334, 0.000441976, -0.999999, -0.00130542, 1.02167, 0, 0, 0, 1
-0.999999, -0.000432534, 0.00150045, 0.290912, -0.00150102, 0.00133295, -0.999998, 0.848341, 0.000430533, -0.999999, -0.00133359, 1.02166, 0, 0, 0, 1
-0.999999, -0.000421049, 0.00157281, 0.290912, -0.00157338, 0.00136156, -0.999998, 0.848348, 0.000418907, -0.999999, -0.00136222, 1.02166, 0, 0, 0, 1
-0.999999, -0.000409387, 0.00164629, 0.290912, -0.00164686, 0.00139061, -0.999998, 0.848355, 0.000407096, -0.999999, -0.00139128, 1.02165, 0, 0, 0, 1
-0.999998, -0.000397547, 0.0017209, 0.290913, -0.00172146, 0.0014201, -0.999998, 0.848362, 0.000395102, -0.999999, -0.00142079, 1.02164, 0, 0, 0, 1
-0.999998, -0.000385529, 0.00179663, 0.290913, -0.00179718, 0.00145004, -0.999997, 0.848369, 0.000382923, -0.999999, -0.00145073, 1.02164, 0, 0, 0, 1
-0.999998, -0.000373334, 0.00187347, 0.290913, -0.00187403, 0.00148043, -0.999997, 0.848376, 0.000370559, -0.999999, -0.00148112, 1.02163, 0, 0, 0, 1
-0.999998, -0.000360961, 0.00195145, 0.290914, -0.00195199, 0.00151125, -0.999997, 0.848384, 0.000358011, -0.999999, -0.00151196, 1.02163, 0, 0, 0, 1
-0.999998, -0.000348411, 0.00203054, 0.290914, -0.00203107, 0.00154252, -0.999997, 0.848391, 0.000345278, -0.999999, -0.00154323, 1.02162, 0, 0, 0, 1
-0.999998, -0.000335684, 0.00211076, 0.290914, -0.00211128, 0.00157424, -0.999997, 0.848399, 0.00033236, -0.999999, -0.00157494, 1.02161, 0, 0, 0, 1
-0.999998, -0.000322779, 0.00219209, 0.290915, -0.00219261, 0.0016064, -0.999996, 0.848406, 0.000319256, -0.999999, -0.0016071, 1.02161, 0, 0, 0, 1
-0.999997, -0.000309696, 0.00227455, 0.290915, -0.00227506, 0.001639, -0.999996, 0.848414, 0.000305967, -0.999999, -0.0016397, 1.0216, 0, 0, 0, 1
-0.999997, -0.000296436, 0.00235813, 0.290916, -0.00235863, 0.00167205, -0.999996, 0.848422, 0.000292492, -0.999999, -0.00167274, 1.0216, 0, 0, 0, 1
-0.999997, -0.000282999, 0.00244284, 0.290916, -0.00244331, 0.00170554, -0.999996, 0.84843, 0.000278831, -0.999999, -0.00170622, 1.02159, 0, 0, 0, 1
-0.999997, -0.000269384, 0.00252866, 0.290916, -0.00252913, 0.00173947, -0.999995, 0.848438, 0.000264985, -0.999998, -0.00174014, 1.02158, 0, 0, 0, 1
-0.999997, -0.000255592, 0.00261561, 0.290917, -0.00261606, 0.00177385, -0.999995, 0.848446, 0.000250952, -0.999998, -0.00177451, 1.02158, 0, 0, 0, 1
-0.999996, -0.000241623, 0.00270368, 0.290917, -0.00270411, 0.00180867, -0.999995, 0.848455, 0.000236732, -0.999998, -0.00180931, 1.02157, 0, 0, 0, 1
-0.999996, -0.000227477, 0.00279287, 0.290918, -0.00279328, 0.00184393, -0.999994, 0.848463, 0.000222326, -0.999998, -0.00184456, 1.02156, 0, 0, 0, 1
-0.999996, -0.000213153, 0.00288318, 0.290918, -0.00288357, 0.00187964, -0.999994, 0.848472, 0.000207733, -0.999998, -0.00188025, 1.02156, 0, 0, 0, 1
-0.999996, -0.000198652, 0.00297461, 0.290918, -0.00297499, 0.0019158, -0.999994, 0.84848, 0.000192952, -0.999998, -0.00191638, 1.02155, 0, 0, 0, 1
-0.999995, -0.000183974, 0.00306717, 0.290919, -0.00306752, 0.00195239, -0.999993, 0.848489, 0.000177985, -0.999998, -0.00195295, 1.02154, 0, 0, 0, 1
-0.999995, -0.000169119, 0.00316085, 0.290919, -0.00316118, 0.00198943, -0.999993, 0.848498, 0.000162829, -0.999998, -0.00198996, 1.02154, 0, 0, 0, 1
-0.999995, -0.000154086, 0.00325565, 0.29092, -0.00325595, 0.00202692, -0.999993, 0.848507, 0.000147486, -0.999998, -0.00202741, 1.02153, 0, 0, 0, 1
-0.999994, -0.000138877, 0.00335157, 0.29092, -0.00335185, 0.00206485, -0.999992, 0.848516, 0.000131955, -0.999998, -0.0020653, 1.02152, 0, 0, 0, 1
-0.999994, -0.00012349, 0.00344861, 0.290921, -0.00344886, 0.00210322, -0.999992, 0.848525, 0.000116236, -0.999998, -0.00210363, 1.02151, 0, 0, 0, 1
-0.999994, -0.000107926, 0.00354678, 0.290921, -0.003547, 0.00214203, -0.999991, 0.848534, 0.000100328, -0.999998, -0.0021424, 1.02151, 0, 0, 0, 1
-0.999993, -9.21857e-05, 0.00364606, 0.290922, -0.00364626, 0.0021813, -0.999991, 0.848544, 8.42318e-05, -0.999998, -0.00218162, 1.0215, 0, 0, 0, 1
-0.999993, -7.6268e-05, 0.00374647, 0.290922, -0.00374663, 0.002221, -0.999991, 0.848553, 6.79464e-05, -0.999998, -0.00222127, 1.02149, 0, 0, 0, 1
-0.999993, -6.01733e-05, 0.003848, 0.290922, -0.00384813, 0.00226115, -0.99999, 0.848563, 5.14718e-05, -0.999997, -0.00226136, 1.02148, 0, 0, 0, 1
-0.999992, -4.39017e-05, 0.00395066, 0.290923, -0.00395075, 0.00230174, -0.99999, 0.848573, 3.48079e-05, -0.999997, -0.0023019, 1.02148, 0, 0, 0, 1
-0.999992, -2.74532e-05, 0.00405443, 0.290923, -0.00405448, 0.00234278, -0.999989, 0.848582, 1.79542e-05, -0.999997, -0.00234287, 1.02147, 0, 0, 0, 1
-0.999991, -1.08277e-05, 0.00415933, 0.290924, -0.00415934, 0.00238426, -0.999989, 0.848592, 9.10721e-07, -0.999997, -0.00238428, 1.02146, 0, 0, 0, 1
-0.999991, 5.97453e-06, 0.00426534, 0.290924, -0.00426532, 0.00242618, -0.999988, 0.848602, -1.6323e-05, -0.999997, -0.00242613, 1.02145, 0, 0, 0, 1
-0.99999, 2.29536e-05, 0.00437248, 0.290925, -0.00437241, 0.00246855, -0.999987, 0.848612, -3.3747e-05, -0.999997, -0.00246843, 1.02144, 0, 0, 0, 1
-0.99999, 4.01095e-05, 0.00448075, 0.290925, -0.00448063, 0.00251136, -0.999987, 0.848623, -5.13618e-05, -0.999997, -0.00251116, 1.02144, 0, 0, 0, 1
-0.999989, 5.74421e-05, 0.00459013, 0.290926, -0.00458997, 0.00255462, -0.999986, 0.848633, -6.91674e-05, -0.999997, -0.00255433, 1.02143, 0, 0, 0, 1
-0.999989, 7.49515e-05, 0.00470063, 0.290926, -0.00470042, 0.00259832, -0.999986, 0.848643, -8.71642e-05, -0.999997, -0.00259794, 1.02142, 0, 0, 0, 1
-0.999988, 9.26376e-05, 0.00481226, 0.290927, -0.004812, 0.00264246, -0.999985, 0.848654, -0.000105352, -0.999997, -0.00264199, 1.02141, 0, 0, 0, 1
-0.999988, 0.0001105, 0.00492501, 0.290927, -0.0049247, 0.00268705, -0.999984, 0.848665, -0.000123732, -0.999996, -0.00268648, 1.0214, 0, 0, 0, 1
-0.999987, 0.00012854, 0.00503888, 0.290928, -0.00503851, 0.00273208, -0.999984, 0.848675, -0.000142304, -0.999996, -0.0027314, 1.02139, 0, 0, 0, 1
-0.999987, 0.000146756, 0.00515387, 0.290928, -0.00515345, 0.00277756, -0.999983, 0.848686, -0.000161068, -0.999996, -0.00277677, 1.02139, 0, 0, 0, 1
-0.999986, 0.000165148, 0.00526999, 0.290929, -0.0052695, 0.00282348, -0.999982, 0.848697, -0.000180025, -0.999996, -0.00282257, 1.02138, 0, 0, 0, 1
-0.999985, 0.000183717, 0.00538723, 0.290929, -0.00538668, 0.00286985, -0.999981, 0.848708, -0.000199174, -0.999996, -0.00286882, 1.02137, 0, 0, 0, 1
-0.999985, 0.000202463, 0.00550558, 0.29093, -0.00550497, 0.00291666, -0.999981, 0.84872, -0.000218517, -0.999996, -0.0029155, 1.02136, 0, 0, 0, 1
-0.999984, 0.000221385, 0.00562506, 0.29093, -0.00562438, 0.00296391, -0.99998, 0.848731, -0.000238052, -0.999996, -0.00296262, 1.02135, 0, 0, 0, 1
-0.999983, 0.000240483, 0.00574567, 0.290931, -0.00574492, 0.00301161, -0.999979, 0.848742, -0.000257782, -0.999995, -0.00301018, 1.02134, 0, 0, 0, 1
-0.999983, 0.000259758, 0.00586739, 0.290932, -0.00586657, 0.00305975, -0.999978, 0.848754, -0.000277705, -0.999995, -0.00305817, 1.02133, 0, 0, 0, 1
-0.999982, 0.000279209, 0.00599023, 0.290932, -0.00598934, 0.00310834, -0.999977, 0.848765, -0.000297822, -0.999995, -0.00310661, 1.02132, 0, 0, 0, 1
-0.999981, 0.000298837, 0.0061142, 0.290933, -0.00611323, 0.00315737, -0.999976, 0.848777, -0.000318134, -0.999995, -0.00315548, 1.02131, 0, 0, 0, 1
-0.99998, 0.00031864, 0.00623929, 0.290933, -0.00623824, 0.00320684, -0.999975, 0.848789, -0.000338641, -0.999995, -0.00320479, 1.0213, 0, 0, 0, 1
-0.99998, 0.00033862, 0.0063655, 0.290934, -0.00636436, 0.00325676, -0.999974, 0.848801, -0.000359343, -0.999995, -0.00325454, 1.02129, 0, 0, 0, 1
-0.999979, 0.000358777, 0.00649283, 0.290934, -0.00649161, 0.00330712, -0.999973, 0.848813, -0.00038024, -0.999994, -0.00330472, 1.02128, 0, 0, 0, 1
-0.999978, 0.000379109, 0.00662129, 0.290935, -0.00661998, 0.00335793, -0.999972, 0.848825, -0.000401333, -0.999994, -0.00335535, 1.02128, 0, 0, 0, 1
-0.999977, 0.000399618, 0.00675086, 0.290936, -0.00674946, 0.00340918, -0.999971, 0.848837, -0.000422621, -0.999994, -0.00340641, 1.02127, 0, 0, 0, 1
-0.999976, 0.000420302, 0.00688156, 0.290936, -0.00688007, 0.00346088, -0.99997, 0.84885, -0.000444106, -0.999994, -0.0034579, 1.02126, 0, 0, 0, 1
-0.999975, 0.000441163, 0.00701338, 0.290937, -0.00701179, 0.00351302, -0.999969, 0.848862, -0.000465788, -0.999994, -0.00350984, 1.02125, 0, 0, 0, 1
-0.999974, 0.0004622, 0.00714632, 0.290937, -0.00714463, 0.0035656, -0.999968, 0.848875, -0.000487666, -0.999994, -0.00356221, 1.02124, 0, 0, 0, 1
-0.999973, 0.000483413, 0.00728038, 0.290938, -0.00727859, 0.00361863, -0.999967, 0.848887, -0.000509742, -0.999993, -0.00361502, 1.02123, 0, 0, 0, 1
-0.999972, 0.000504801, 0.00741557, 0.290939, -0.00741367, 0.00367211, -0.999966, 0.8489, -0.000532015, -0.999993, -0.00366826, 1.02122, 0, 0, 0, 1
-0.999971, 0.000526366, 0.00755187, 0.290939, -0.00754986, 0.00372602, -0.999965, 0.848913, -0.000554486, -0.999993, -0.00372194, 1.02121, 0, 0, 0, 1
-0.99997, 0.000548106, 0.0076893, 0.29094, -0.00768718, 0.00378039, -0.999963, 0.848926, -0.000577155, -0.999993, -0.00377606, 1.02119, 0, 0, 0, 1
-0.999969, 0.000570023, 0.00782785, 0.29094, -0.00782561, 0.00383519, -0.999962, 0.848939, -0.000600022, -0.999992, -0.00383061, 1.02118, 0, 0, 0, 1
-0.999968, 0.000592115, 0.00796752, 0.290941, -0.00796516, 0.00389044, -0.999961, 0.848952, -0.000623089, -0.999992, -0.0038856, 1.02117, 0, 0, 0, 1
-0.999967, 0.000614383, 0.00810832, 0.290942, -0.00810583, 0.00394614, -0.999959, 0.848966, -0.000646354, -0.999992, -0.00394103, 1.02116, 0, 0, 0, 1
-0.999966, 0.000636826, 0.00825023, 0.290942, -0.00824762, 0.00400228, -0.999958, 0.848979, -0.000669819, -0.999992, -0.00399689, 1.02115, 0, 0, 0, 1
-0.999965, 0.000659445, 0.00839327, 0.290943, -0.00839052, 0.00405886, -0.999957, 0.848993, -0.000693484, -0.999992, -0.00405319, 1.02114, 0, 0, 0, 1
-0.999963, 0.00068224, 0.00853743, 0.290944, -0.00853455, 0.00411589, -0.999955, 0.849006, -0.000717349, -0.999991, -0.00410992, 1.02113, 0, 0, 0, 1
-0.999962, 0.000705211, 0.00868271, 0.290944, -0.00867969, 0.00417337, -0.999954, 0.84902, -0.000741414, -0.999991, -0.00416709, 1.02112, 0, 0, 0, 1
-0.999961, 0.000728357, 0.00882911, 0.290945, -0.00882595, 0.00423128, -0.999952, 0.849034, -0.00076568, -0.999991, -0.00422469, 1.02111, 0, 0, 0, 1
-0.999959, 0.000751678, 0.00897663, 0.290946, -0.00897333, 0.00428965, -0.999951, 0.849048, -0.000790147, -0.999991, -0.00428273, 1.0211, 0, 0, 0, 1
-0.999958, 0.000775175, 0.00912527, 0.290946, -0.00912182, 0.00434845, -0.999949, 0.849062, -0.000814816, -0.99999, -0.0043412, 1.02109, 0, 0, 0, 1
-0.999957, 0.000798847, 0.00927504, 0.290947, -0.00927143, 0.00440771, -0.999947, 0.849076, -0.000839687, -0.99999, -0.00440011, 1.02108, 0, 0, 0, 1
-0.999955, 0.000822695, 0.00942593, 0.290947, -0.00942216, 0.0044674, -0.999946, 0.84909, -0.00086476, -0.99999, -0.00445945, 1.02106, 0, 0, 0, 1
-0.999954, 0.000846718, 0.00957794, 0.290948, -0.00957401, 0.00452754, -0.999944, 0.849105, -0.000890035, -0.999989, -0.00451923, 1.02105, 0, 0, 0, 1
-0.999952, 0.000870916, 0.00973107, 0.290949, -0.00972697, 0.00458813, -0.999942, 0.849119, -0.000915513, -0.999989, -0.00457944, 1.02104, 0, 0, 0, 1
-0.999951, 0.00089529, 0.00988532, 0.29095, -0.00988106, 0.00464916, -0.99994, 0.849134, -0.000941195, -0.999989, -0.00464008, 1.02103, 0, 0, 0, 1
-0.999949, 0.000919839, 0.0100407, 0.29095, -0.0100363, 0.00471063, -0.999939, 0.849148, -0.00096708, -0.999988, -0.00470116, 1.02102, 0, 0, 0, 1
-0.999948, 0.000944563, 0.0101972, 0.290951, -0.0101926, 0.00477255, -0.999937, 0.849163, -0.000993169, -0.999988, -0.00476267, 1.02101, 0, 0, 0, 1
-0.999946, 0.000969462, 0.0103548, 0.290952, -0.01035, 0.00483492, -0.999935, 0.849178, -0.00101946, -0.999988, -0.00482462, 1.02099, 0, 0, 0, 1
-0.999944, 0.000994536, 0.0105135, 0.290952, -0.0105086, 0.00489772, -0.999933, 0.849193, -0.00104596, -0.999988, -0.004887, 1.02098, 0, 0, 0, 1
-0.999943, 0.00101978, 0.0106734, 0.290953, -0.0106682, 0.00496098, -0.999931, 0.849208, -0.00107266, -0.999987, -0.00494981, 1.02097, 0, 0, 0, 1
-0.999941, 0.00104521, 0.0108344, 0.290954, -0.010829, 0.00502468, -0.999929, 0.849223, -0.00109957, -0.999987, -0.00501306, 1.02096, 0, 0, 0, 1
-0.999939, 0.00107081, 0.0109965, 0.290954, -0.0109909, 0.00508882, -0.999927, 0.849239, -0.00112669, -0.999986, -0.00507674, 1.02095, 0, 0, 0, 1
-0.999937, 0.00109658, 0.0111597, 0.290955, -0.0111539, 0.00515341, -0.999925, 0.849254, -0.00115401, -0.999986, -0.00514085, 1.02093, 0, 0, 0, 1
-0.999935, 0.00112253, 0.0113241, 0.290956, -0.0113181, 0.00521844, -0.999922, 0.84927, -0.00118154, -0.999986, -0.0052054, 1.02092, 0, 0, 0, 1
-0.999933, 0.00114865, 0.0114895, 0.290957, -0.0114833, 0.00528392, -0.99992, 0.849285, -0.00120927, -0.999985, -0.00527038, 1.02091, 0, 0, 0, 1
-0.999931, 0.00117495, 0.0116561, 0.290957, -0.0116497, 0.00534984, -0.999918, 0.849301, -0.00123721, -0.999985, -0.00533579, 1.0209, 0, 0, 0, 1
-0.999929, 0.00120142, 0.0118238, 0.290958, -0.0118172, 0.00541621, -0.999916, 0.849317, -0.00126536, -0.999985, -0.00540163, 1.02088, 0, 0, 0, 1
-0.999927, 0.00122807, 0.0119927, 0.290959, -0.0119858, 0.00548302, -0.999913, 0.849333, -0.00129372, -0.999984, -0.0054679, 1.02087, 0, 0, 0, 1
-0.999925, 0.00125489, 0.0121626, 0.29096, -0.0121555, 0.00555028, -0.999911, 0.849349, -0.00132229, -0.999984, -0.00553461, 1.02086, 0, 0, 0, 1
-0.999923, 0.00128189, 0.0123337, 0.29096, -0.0123263, 0.00561798, -0.999908, 0.849365, -0.00135106, -0.999983, -0.00560175, 1.02085, 0, 0, 0, 1
-0.999921, 0.00130906, 0.0125059, 0.290961, -0.0124983, 0.00568612, -0.999906, 0.849382, -0.00138005, -0.999983, -0.00566931, 1.02083, 0, 0, 0, 1
-0.999919, 0.00133641, 0.0126792, 0.290962, -0.0126713, 0.00575472, -0.999903, 0.849398, -0.00140924, -0.999983, -0.00573731, 1.02082, 0, 0, 0, 1
-0.999916, 0.00136393, 0.0128536, 0.290963, -0.0128455, 0.00582375, -0.999901, 0.849414, -0.00143865, -0.999982, -0.00580575, 1.02081, 0, 0, 0, 1
-0.999914, 0.00139162, 0.0130292, 0.290963, -0.0130208, 0.00589324, -0.999898, 0.849431, -0.00146826, -0.999982, -0.00587461, 1.02079, 0, 0, 0, 1
-0.999912, 0.00141949, 0.0132059, 0.290964, -0.0131972, 0.00596316, -0.999895, 0.849448, -0.00149809, -0.999981, -0.0059439, 1.02078, 0, 0, 0, 1
-0.999909, 0.00144753, 0.0133837, 0.290965, -0.0133747, 0.00603353, -0.999892, 0.849465, -0.00152813, -0.999981, -0.00601363, 1.02077, 0, 0, 0, 1
-0.999907, 0.00147575, 0.0135626, 0.290966, -0.0135534, 0.00610435, -0.99989, 0.849482, -0.00155838, -0.99998, -0.00608378, 1.02075, 0, 0, 0, 1
-0.999904, 0.00150414, 0.0137427, 0.290966, -0.0137331, 0.00617561, -0.999887, 0.849499, -0.00158884, -0.99998, -0.00615437, 1.02074, 0, 0, 0, 1
-0.999902, 0.00153271, 0.0139238, 0.290967, -0.013914, 0.00624732, -0.999884, 0.849516, -0.00161951, -0.999979, -0.00622538, 1.02073, 0, 0, 0, 1
-0.999899, 0.00156144, 0.0141061, 0.290968, -0.014096, 0.00631947, -0.999881, 0.849533, -0.0016504, -0.999979, -0.00629682, 1.02071, 0, 0, 0, 1
-0.999897, 0.00159036, 0.0142895, 0.290969, -0.0142791, 0.00639207, -0.999878, 0.84955, -0.0016815, -0.999978, -0.0063687, 1.0207, 0, 0, 0, 1
-0.999894, 0.00161944, 0.0144741, 0.29097, -0.0144633, 0.00646511, -0.999874, 0.849568, -0.00171282, -0.999978, -0.006441, 1.02069, 0, 0, 0, 1
-0.999891, 0.00164871, 0.0146597, 0.29097, -0.0146486, 0.0065386, -0.999871, 0.849585, -0.00174435, -0.999977, -0.00651373, 1.02067, 0, 0, 0, 1
-0.999888, 0.00167814, 0.0148465, 0.290971, -0.0148351, 0.00661253, -0.999868, 0.849603, -0.00177609, -0.999977, -0.0065869, 1.02066, 0, 0, 0, 1
-0.999886, 0.00170775, 0.0150344, 0.290972, -0.0150226, 0.00668691, -0.999865, 0.849621, -0.00180805, -0.999976, -0.00666049, 1.02064, 0, 0, 0, 1
-0.999883, 0.00173753, 0.0152234, 0.290973, -0.0152113, 0.00676173, -0.999861, 0.849639, -0.00184023, -0.999976, -0.00673451, 1.02063, 0, 0, 0, 1
-0.99988, 0.00176749, 0.0154135, 0.290974, -0.0154011, 0.006837, -0.999858, 0.849657, -0.00187262, -0.999975, -0.00680895, 1.02062, 0, 0, 0, 1
-0.999877, 0.00179762, 0.0156048, 0.290974, -0.015592, 0.00691271, -0.999855, 0.849675, -0.00190523, -0.999974, -0.00688383, 1.0206, 0, 0, 0, 1
-0.999874, 0.00182792, 0.0157972, 0.290975, -0.015784, 0.00698887, -0.999851, 0.849693, -0.00193805, -0.999974, -0.00695914, 1.02059, 0, 0, 0, 1
-0.99987, 0.0018584, 0.0159907, 0.290976, -0.0159772, 0.00706548, -0.999847, 0.849711, -0.00197109, -0.999973, -0.00703487, 1.02057, 0, 0, 0, 1
-0.999867, 0.00188905, 0.0161853, 0.290977, -0.0161714, 0.00714252, -0.999844, 0.84973, -0.00200435, -0.999973, -0.00711103, 1.02056, 0, 0, 0, 1
-0.999864, 0.00191987, 0.016381, 0.290978, -0.0163668, 0.00722002, -0.99984, 0.849748, -0.00203783, -0.999972, -0.00718762, 1.02054, 0, 0, 0, 1
-0.999861, 0.00195087, 0.0165779, 0.290979, -0.0165633, 0.00729796, -0.999836, 0.849767, -0.00207153, -0.999971, -0.00726463, 1.02053, 0, 0, 0, 1
-0.999857, 0.00198204, 0.0167759, 0.29098, -0.0167608, 0.00737634, -0.999832, 0.849786, -0.00210545, -0.999971, -0.00734207, 1.02051, 0, 0, 0, 1
-0.999854, 0.00201338, 0.016975, 0.29098, -0.0169595, 0.00745518, -0.999828, 0.849805, -0.00213958, -0.99997, -0.00741994, 1.0205, 0, 0, 0, 1
-0.99985, 0.00204489, 0.0171752, 0.290981, -0.0171594, 0.00753445, -0.999824, 0.849824, -0.00217394, -0.99997, -0.00749824, 1.02048, 0, 0, 0, 1
-0.999847, 0.00207658, 0.0173766, 0.290982, -0.0173603, 0.00761417, -0.99982, 0.849843, -0.00220852, -0.999969, -0.00757696, 1.02047, 0, 0, 0, 1
-0.999843, 0.00210845, 0.017579, 0.290983, -0.0175623, 0.00769434, -0.999816, 0.849862, -0.00224332, -0.999968, -0.00765611, 1.02045, 0, 0, 0, 1
-0.99984, 0.00214048, 0.0177826, 0.290984, -0.0177655, 0.00777495, -0.999812, 0.849881, -0.00227834, -0.999967, -0.00773568, 1.02044, 0, 0, 0, 1
-0.999836, 0.00217269, 0.0179873, 0.290985, -0.0179698, 0.00785601, -0.999808, 0.8499, -0.00231358, -0.999967, -0.00781568, 1.02042, 0, 0, 0, 1
-0.999832, 0.00220507, 0.0181932, 0.290986, -0.0181751, 0.00793752, -0.999803, 0.84992, -0.00234904, -0.999966, -0.00789611, 1.02041, 0, 0, 0, 1
-0.999828, 0.00223762, 0.0184001, 0.290986, -0.0183816, 0.00801946, -0.999799, 0.84994, -0.00238473, -0.999965, -0.00797696, 1.02039, 0, 0, 0, 1
-0.999824, 0.00227035, 0.0186082, 0.290987, -0.0185892, 0.00810186, -0.999794, 0.849959, -0.00242064, -0.999965, -0.00805823, 1.02038, 0, 0, 0, 1
-0.99982, 0.00230325, 0.0188174, 0.290988, -0.018798, 0.0081847, -0.99979, 0.849979, -0.00245678, -0.999964, -0.00813993, 1.02036, 0, 0, 0, 1
-0.999816, 0.00233632, 0.0190277, 0.290989, -0.0190078, 0.00826799, -0.999785, 0.849999, -0.00249314, -0.999963, -0.00822206, 1.02034, 0, 0, 0, 1
-0.999812, 0.00236957, 0.0192391, 0.29099, -0.0192187, 0.00835172, -0.99978, 0.850019, -0.00252972, -0.999962, -0.00830461, 1.02033, 0, 0, 0, 1
-0.999808, 0.00240298, 0.0194517, 0.290991, -0.0194308, 0.0084359, -0.999776, 0.850039, -0.00256653, -0.999962, -0.00838758, 1.02031, 0, 0, 0, 1
-0.999804, 0.00243657, 0.0196654, 0.290992, -0.0196439, 0.00852052, -0.999771, 0.850059, -0.00260357, -0.999961, -0.00847098, 1.0203, 0, 0, 0, 1
-0.999799, 0.00247033, 0.0198802, 0.290993, -0.0198582, 0.00860559, -0.999766, 0.85008, -0.00264083, -0.99996, -0.0085548, 1.02028, 0, 0, 0, 1
-0.999795, 0.00250427, 0.0200961, 0.290994, -0.0200736, 0.0086911, -0.999761, 0.8501, -0.00267832, -0.999959, -0.00863905, 1.02026, 0, 0, 0, 1
-0.99979, 0.00253837, 0.0203131, 0.290994, -0.0202901, 0.00877706, -0.999756, 0.850121, -0.00271604, -0.999958, -0.00872372, 1.02025, 0, 0, 0, 1
-0.999786, 0.00257265, 0.0205313, 0.290995, -0.0205077, 0.00886347, -0.99975, 0.850141, -0.00275399, -0.999957, -0.00880881, 1.02023, 0, 0, 0, 1
-0.999781, 0.0026071, 0.0207506, 0.290996, -0.0207265, 0.00895032, -0.999745, 0.850162, -0.00279216, -0.999957, -0.00889433, 1.02022, 0, 0, 0, 1
-0.999777, 0.00264172, 0.020971, 0.290997, -0.0209463, 0.00903762, -0.99974, 0.850183, -0.00283056, -0.999956, -0.00898026, 1.0202, 0, 0, 0, 1
-0.999772, 0.00267652, 0.0211925, 0.290998, -0.0211672, 0.00912536, -0.999734, 0.850204, -0.0028692, -0.999955, -0.00906662, 1.02018, 0, 0, 0, 1
-0.999767, 0.00271148, 0.0214151, 0.290999, -0.0213893, 0.00921355, -0.999729, 0.850225, -0.00290806, -0.999954, -0.00915341, 1.02017, 0, 0, 0, 1
-0.999762, 0.00274662, 0.0216389, 0.291, -0.0216125, 0.00930219, -0.999723, 0.850246, -0.00294715, -0.999953, -0.00924061, 1.02015, 0, 0, 0, 1
-0.999757, 0.00278193, 0.0218638, 0.291001, -0.0218368, 0.00939127, -0.999717, 0.850268, -0.00298647, -0.999952, -0.00932824, 1.02013, 0, 0, 0, 1
-0.999752, 0.00281741, 0.0220898, 0.291002, -0.0220621, 0.00948079, -0.999712, 0.850289, -0.00302603, -0.999951, -0.00941628, 1.02012, 0, 0, 0, 1
-0.999747, 0.00285307, 0.0223169, 0.291003, -0.0222886, 0.00957077, -0.999706, 0.850311, -0.00306582, -0.99995, -0.00950475, 1.0201, 0, 0, 0, 1
-0.999742, 0.00288889, 0.0225451, 0.291004, -0.0225163, 0.00966119, -0.9997, 0.850332, -0.00310584, -0.999949, -0.00959364, 1.02008, 0, 0, 0, 1
-0.999736, 0.00292489, 0.0227745, 0.291005, -0.022745, 0.00975205, -0.999694, 0.850354, -0.00314609, -0.999948, -0.00968295, 1.02006, 0, 0, 0, 1
-0.999731, 0.00296106, 0.023005, 0.291006, -0.0229748, 0.00984336, -0.999688, 0.850376, -0.00318658, -0.999947, -0.00977268, 1.02005, 0, 0, 0, 1
-0.999726, 0.0029974, 0.0232366, 0.291007, -0.0232058, 0.00993512, -0.999681, 0.850398, -0.0032273, -0.999946, -0.00986283, 1.02003, 0, 0, 0, 1
-0.99972, 0.00303391, 0.0234693, 0.291008, -0.0234378, 0.0100273, -0.999675, 0.85042, -0.00326825, -0.999945, -0.00995341, 1.02001, 0, 0, 0, 1
-0.999714, 0.00307059, 0.0237031, 0.291009, -0.023671, 0.01012, -0.999669, 0.850442, -0.00330944, -0.999944, -0.0100444, 1.02, 0, 0, 0, 1
-0.999709, 0.00310744, 0.0239381, 0.29101, -0.0239052, 0.0102131, -0.999662, 0.850464, -0.00335087, -0.999943, -0.0101358, 1.01998, 0, 0, 0, 1
-0.999703, 0.00314446, 0.0241742, 0.291011, -0.0241406, 0.0103066, -0.999655, 0.850487, -0.00339253, -0.999942, -0.0102276, 1.01996, 0, 0, 0, 1
-0.999697, 0.00318166, 0.0244114, 0.291012, -0.0243771, 0.0104006, -0.999649, 0.850509, -0.00343444, -0.999941, -0.0103199, 1.01994, 0, 0, 0, 1
-0.999691, 0.00321903, 0.0246497, 0.291012, -0.0246147, 0.010495, -0.999642, 0.850532, -0.00347657, -0.99994, -0.0104126, 1.01992, 0, 0, 0, 1
-0.999685, 0.00325656, 0.0248892, 0.291013, -0.0248534, 0.0105899, -0.999635, 0.850555, -0.00351895, -0.999939, -0.0105056, 1.01991, 0, 0, 0, 1
-0.999679, 0.00329427, 0.0251297, 0.291014, -0.0250932, 0.0106852, -0.999628, 0.850577, -0.00356156, -0.999937, -0.0105991, 1.01989, 0, 0, 0, 1
-0.999673, 0.00333215, 0.0253714, 0.291015, -0.0253342, 0.010781, -0.999621, 0.8506, -0.00360442, -0.999936, -0.0106931, 1.01987, 0, 0, 0, 1
-0.999666, 0.0033702, 0.0256142, 0.291016, -0.0255762, 0.0108772, -0.999614, 0.850623, -0.00364751, -0.999935, -0.0107874, 1.01985, 0, 0, 0, 1
-0.99966, 0.00340842, 0.0258581, 0.291017, -0.0258193, 0.0109739, -0.999606, 0.850646, -0.00369084, -0.999934, -0.0108822, 1.01983, 0, 0, 0, 1
-0.999653, 0.00344681, 0.0261032, 0.291018, -0.0260636, 0.011071, -0.999599, 0.85067, -0.00373442, -0.999933, -0.0109773, 1.01982, 0, 0, 0, 1
-0.999647, 0.00348537, 0.0263493, 0.291019, -0.0263089, 0.0111686, -0.999591, 0.850693, -0.00377823, -0.999932, -0.0110729, 1.0198, 0, 0, 0, 1
-0.99964, 0.0035241, 0.0265966, 0.29102, -0.0265554, 0.0112666, -0.999584, 0.850717, -0.00382229, -0.99993, -0.0111689, 1.01978, 0, 0, 0, 1
-0.999633, 0.003563, 0.026845, 0.291021, -0.026803, 0.011365, -0.999576, 0.85074, -0.00386659, -0.999929, -0.0112654, 1.01976, 0, 0, 0, 1
-0.999626, 0.00360208, 0.0270945, 0.291022, -0.0270517, 0.0114639, -0.999568, 0.850764, -0.00391113, -0.999928, -0.0113622, 1.01974, 0, 0, 0, 1
-0.999619, 0.00364132, 0.0273452, 0.291023, -0.0273014, 0.0115633, -0.99956, 0.850788, -0.00395592, -0.999927, -0.0114594, 1.01972, 0, 0, 0, 1
-0.999612, 0.00368073, 0.0275969, 0.291024, -0.0275523, 0.011663, -0.999552, 0.850811, -0.00400095, -0.999925, -0.0115571, 1.01971, 0, 0, 0, 1
-0.999605, 0.00372031, 0.0278498, 0.291025, -0.0278043, 0.0117633, -0.999544, 0.850835, -0.00404622, -0.999924, -0.0116552, 1.01969, 0, 0, 0, 1
-0.999598, 0.00376007, 0.0281038, 0.291027, -0.0280575, 0.011864, -0.999536, 0.85086, -0.00409174, -0.999923, -0.0117537, 1.01967, 0, 0, 0, 1
-0.999591, 0.00379999, 0.0283589, 0.291028, -0.0283117, 0.0119651, -0.999528, 0.850884, -0.00413751, -0.999921, -0.0118526, 1.01965, 0, 0, 0, 1
-0.999583, 0.00384008, 0.0286152, 0.291029, -0.028567, 0.0120667, -0.999519, 0.850908, -0.00418352, -0.99992, -0.0119519, 1.01963, 0, 0, 0, 1
-0.999576, 0.00388034, 0.0288725, 0.29103, -0.0288234, 0.0121687, -0.99951, 0.850932, -0.00422978, -0.999918, -0.0120517, 1.01961, 0, 0, 0, 1
-0.999568, 0.00392077, 0.029131, 0.291031, -0.029081, 0.0122712, -0.999502, 0.850957, -0.00427629, -0.999917, -0.0121518, 1.01959, 0, 0, 0, 1
-0.99956, 0.00396137, 0.0293906, 0.291032, -0.0293396, 0.0123741, -0.999493, 0.850982, -0.00432305, -0.999916, -0.0122524, 1.01957, 0, 0, 0, 1
-0.999552, 0.00400215, 0.0296513, 0.291033, -0.0295993, 0.0124774, -0.999484, 0.851006, -0.00437005, -0.999914, -0.0123534, 1.01955, 0, 0, 0, 1
-0.999544, 0.00404309, 0.0299132, 0.291034, -0.0298602, 0.0125813, -0.999475, 0.851031, -0.00441731, -0.999913, -0.0124548, 1.01953, 0, 0, 0, 1
-0.999536, 0.0040842, 0.0301761, 0.291035, -0.0301222, 0.0126855, -0.999466, 0.851056, -0.00446481, -0.999911, -0.0125566, 1.01951, 0, 0, 0, 1
-0.999528, 0.00412547, 0.0304402, 0.291036, -0.0303852, 0.0127902, -0.999456, 0.851081, -0.00451257, -0.99991, -0.0126588, 1.01949, 0, 0, 0, 1
-0.99952, 0.00416692, 0.0307054, 0.291037, -0.0306494, 0.0128954, -0.999447, 0.851106, -0.00456058, -0.999908, -0.0127615, 1.01947, 0, 0, 0, 1
-0.999511, 0.00420854, 0.0309717, 0.291038, -0.0309147, 0.013001, -0.999437, 0.851132, -0.00460883, -0.999907, -0.0128645, 1.01945, 0, 0, 0, 1
-0.999503, 0.00425033, 0.0312391, 0.291039, -0.031181, 0.013107, -0.999428, 0.851157, -0.00465735, -0.999905, -0.012968, 1.01943, 0, 0, 0, 1
-0.999494, 0.00429228, 0.0315077, 0.29104, -0.0314485, 0.0132135, -0.999418, 0.851183, -0.00470611, -0.999903, -0.0130718, 1.01941, 0, 0, 0, 1
-0.999486, 0.00433441, 0.0317773, 0.291041, -0.0317171, 0.0133204, -0.999408, 0.851208, -0.00475513, -0.999902, -0.0131761, 1.01939, 0, 0, 0, 1
-0.999477, 0.0043767, 0.0320481, 0.291042, -0.0319868, 0.0134278, -0.999398, 0.851234, -0.0048044, -0.9999, -0.0132808, 1.01937, 0, 0, 0, 1
-0.999468, 0.00441916, 0.03232, 0.291043, -0.0322576, 0.0135357, -0.999388, 0.85126, -0.00485393, -0.999899, -0.0133859, 1.01935, 0, 0, 0, 1
-0.999459, 0.00446179, 0.032593, 0.291044, -0.0325295, 0.0136439, -0.999378, 0.851286, -0.00490371, -0.999897, -0.0134914, 1.01933, 0, 0, 0, 1
-0.99945, 0.00450459, 0.0328672, 0.291045, -0.0328025, 0.0137527, -0.999367, 0.851312, -0.00495375, -0.999895, -0.0135973, 1.01931, 0, 0, 0, 1
-0.99944, 0.00454756, 0.0331424, 0.291047, -0.0330766, 0.0138618, -0.999357, 0.851338, -0.00500405, -0.999894, -0.0137036, 1.01929, 0, 0, 0, 1
-0.999431, 0.00459069, 0.0334188, 0.291048, -0.0333518, 0.0139714, -0.999346, 0.851364, -0.0050546, -0.999892, -0.0138104, 1.01927, 0, 0, 0, 1
-0.999421, 0.004634, 0.0336963, 0.291049, -0.0336281, 0.0140815, -0.999335, 0.85139, -0.00510541, -0.99989, -0.0139175, 1.01925, 0, 0, 0, 1
-0.999412, 0.00467747, 0.0339749, 0.29105, -0.0339055, 0.014192, -0.999324, 0.851417, -0.00515648, -0.999888, -0.0140251, 1.01923, 0, 0, 0, 1
-0.999402, 0.00472111, 0.0342547, 0.291051, -0.0341841, 0.014303, -0.999313, 0.851443, -0.00520781, -0.999887, -0.014133, 1.01921, 0, 0, 0, 1
-0.999392, 0.00476492, 0.0345355, 0.291052, -0.0344637, 0.0144144, -0.999302, 0.85147, -0.0052594, -0.999885, -0.0142414, 1.01919, 0, 0, 0, 1
-0.999382, 0.0048089, 0.0348175, 0.291053, -0.0347444, 0.0145262, -0.999291, 0.851497, -0.00531126, -0.999883, -0.0143502, 1.01917, 0, 0, 0, 1
-0.999372, 0.00485304, 0.0351006, 0.291054, -0.0350262, 0.0146386, -0.999279, 0.851524, -0.00536337, -0.999881, -0.0144594, 1.01915, 0, 0, 0, 1
-0.999362, 0.00489736, 0.0353848, 0.291055, -0.0353092, 0.0147513, -0.999268, 0.851551, -0.00541574, -0.999879, -0.014569, 1.01913, 0, 0, 0, 1
-0.999351, 0.00494184, 0.0356701, 0.291056, -0.0355932, 0.0148645, -0.999256, 0.851578, -0.00546838, -0.999877, -0.014679, 1.01911, 0, 0, 0, 1
-0.999341, 0.00498649, 0.0359565, 0.291057, -0.0358783, 0.0149781, -0.999244, 0.851605, -0.00552128, -0.999875, -0.0147894, 1.01908, 0, 0, 0, 1
-0.99933, 0.0050313, 0.0362441, 0.291059, -0.0361646, 0.0150922, -0.999232, 0.851633, -0.00557444, -0.999873, -0.0149002, 1.01906, 0, 0, 0, 1
-0.99932, 0.00507629, 0.0365328, 0.29106, -0.0364519, 0.0152068, -0.99922, 0.85166, -0.00562787, -0.999871, -0.0150114, 1.01904, 0, 0, 0, 1
-0.999309, 0.00512144, 0.0368226, 0.291061, -0.0367403, 0.0153218, -0.999207, 0.851688, -0.00568156, -0.999869, -0.015123, 1.01902, 0, 0, 0, 1
-0.999298, 0.00516676, 0.0371135, 0.291062, -0.0370299, 0.0154372, -0.999195, 0.851715, -0.00573552, -0.999867, -0.015235, 1.019, 0, 0, 0, 1
-0.999287, 0.00521224, 0.0374055, 0.291063, -0.0373205, 0.0155531, -0.999182, 0.851743, -0.00578975, -0.999865, -0.0153475, 1.01898, 0, 0, 0, 1
-0.999275, 0.00525789, 0.0376987, 0.291064, -0.0376122, 0.0156694, -0.99917, 0.851771, -0.00584424, -0.999863, -0.0154603, 1.01896, 0, 0, 0, 1
-0.999264, 0.00530371, 0.0379929, 0.291065, -0.0379051, 0.0157862, -0.999157, 0.851799, -0.00589901, -0.999861, -0.0155735, 1.01893, 0, 0, 0, 1
-0.999252, 0.0053497, 0.0382883, 0.291066, -0.038199, 0.0159034, -0.999144, 0.851827, -0.00595403, -0.999859, -0.0156872, 1.01891, 0, 0, 0, 1
-0.999241, 0.00539586, 0.0385848, 0.291068, -0.038494, 0.0160211, -0.99913, 0.851855, -0.00600933, -0.999857, -0.0158012, 1.01889, 0, 0, 0, 1
-0.999229, 0.00544218, 0.0388824, 0.291069, -0.0387902, 0.0161392, -0.999117, 0.851883, -0.0060649, -0.999855, -0.0159156, 1.01887, 0, 0, 0, 1
-0.999217, 0.00548866, 0.0391812, 0.29107, -0.0390874, 0.0162578, -0.999104, 0.851912, -0.00612074, -0.999853, -0.0160305, 1.01885, 0, 0, 0, 1
-0.999205, 0.00553532, 0.039481, 0.291071, -0.0393857, 0.0163768, -0.99909, 0.85194, -0.00617685, -0.999851, -0.0161457, 1.01882, 0, 0, 0, 1
-0.999193, 0.00558214, 0.039782, 0.291072, -0.0396852, 0.0164962, -0.999076, 0.851969, -0.00623324, -0.999848, -0.0162614, 1.0188, 0, 0, 0, 1
-0.99918, 0.00562913, 0.0400841, 0.291073, -0.0399857, 0.0166161, -0.999062, 0.851998, -0.00628989, -0.999846, -0.0163774, 1.01878, 0, 0, 0, 1
-0.999168, 0.00567628, 0.0403873, 0.291074, -0.0402873, 0.0167365, -0.999048, 0.852026, -0.00634682, -0.999844, -0.0164939, 1.01876, 0, 0, 0, 1
-0.999155, 0.0057236, 0.0406916, 0.291075, -0.0405901, 0.0168573, -0.999034, 0.852055, -0.00640402, -0.999842, -0.0166107, 1.01873, 0, 0, 0, 1
-0.999143, 0.00577109, 0.040997, 0.291077, -0.0408939, 0.0169786, -0.999019, 0.852084, -0.0064615, -0.999839, -0.016728, 1.01871, 0, 0, 0, 1
-0.99913, 0.00581874, 0.0413036, 0.291078, -0.0411988, 0.0171003, -0.999005, 0.852114, -0.00651925, -0.999837, -0.0168456, 1.01869, 0, 0, 0, 1
-0.999117, 0.00586656, 0.0416112, 0.291079, -0.0415048, 0.0172224, -0.99899, 0.852143, -0.00657728, -0.999834, -0.0169637, 1.01867, 0, 0, 0, 1
-0.999103, 0.00591454, 0.04192, 0.29108, -0.0418119, 0.017345, -0.998975, 0.852172, -0.00663558, -0.999832, -0.0170822, 1.01864, 0, 0, 0, 1
