-0.999999, -0.000797434, -0.000797196, 0.290901, 0.000796858, 0.000424669, -1, 0.848124, 0.000797772, -1, -0.000424033, 1.02183, 0, 0, 0, 1
-0.999999, -0.000797347, -0.000796594, 0.290901, 0.000796255, 0.000424994, -1, 0.848124, 0.000797685, -1, -0.000424358, 1.02183, 0, 0, 0, 1
-0.999999, -0.000797084, -0.000794787, 0.290901, 0.000794447, 0.000425968, -1, 0.848124, 0.000797423, -1, -0.000425334, 1.02183, 0, 0, 0, 1
-0.999999, -0.000796647, -0.000791775, 0.290901, 0.000791435, 0.000427591, -1, 0.848125, 0.000796986, -1, -0.000426961, 1.02183, 0, 0, 0, 1
-0.999999, -0.000796035, -0.000787559, 0.290901, 0.000787217, 0.000429864, -1, 0.848125, 0.000796374, -1, -0.000429238, 1.02183, 0, 0, 0, 1
-0.999999, -0.000795249, -0.000782138, 0.290901, 0.000781794, 0.000432787, -1, 0.848125, 0.000795587, -1, -0.000432165, 1.02183, 0, 0, 0, 1
-0.999999, -0.000794287, -0.000775512, 0.290901, 0.000775165, 0.000436359, -1, 0.848126, 0.000794625, -1, -0.000435743, 1.02183, 0, 0, 0, 1
-0.999999, -0.00079315, -0.000767681, 0.290901, 0.000767332, 0.00044058, -1, 0.848127, 0.000793488, -1, -0.000439972, 1.02183, 0, 0, 0, 1
-0.999999, -0.000791839, -0.000758646, 0.2909, 0.000758294, 0.000445451, -1, 0.848127, 0.000792177, -1, -0.000444851, 1.02183, 0, 0, 0, 1
-0.999999, -0.000790353, -0.000748406, 0.2909, 0.00074805, 0.000450972, -1, 0.848128, 0.00079069, -1, -0.00045038, 1.02183, 0, 0, 0, 1
-0.999999, -0.000788692, -0.000736962, 0.2909, 0.000736602, 0.000457142, -1, 0.848129, 0.000789028, -1, -0.00045656, 1.02183, 0, 0, 0, 1
-0.999999, -0.000786856, -0.000724313, 0.2909, 0.000723948, 0.000463961, -1, 0.84813, 0.000787192, -1, -0.000463391, 1.02183, 0, 0, 0, 1
-0.999999, -0.000784845, -0.000710459, 0.2909, 0.000710089, 0.00047143, -1, 0.848131, 0.00078518, -1, -0.000470872, 1.02182, 0, 0, 0, 1
-0.999999, -0.00078266, -0.0006954, 0.290899, 0.000695025, 0.000479548, -1, 0.848132, 0.000782993, -1, -0.000479004, 1.02182, 0, 0, 0, 1
-0.999999, -0.0007803, -0.000679137, 0.290899, 0.000678756, 0.000488315, -1, 0.848133, 0.000780631, -1, -0.000487786, 1.02182, 0, 0, 0, 1
-0.999999, -0.000777765, -0.000661669, 0.290899, 0.000661282, 0.000497733, -1, 0.848135, 0.000778094, -1, -0.000497218, 1.02182, 0, 0, 0, 1
-0.999999, -0.000775055, -0.000642997, 0.290898, 0.000642603, 0.000507799, -1, 0.848136, 0.000775381, -1, -0.000507301, 1.02182, 0, 0, 0, 1
-1, -0.00077217, -0.000623119, 0.290898, 0.000622719, 0.000518515, -1, 0.848138, 0.000772493, -1, -0.000518034, 1.02181, 0, 0, 0, 1
-1, -0.000769111, -0.000602037, 0.290898, 0.00060163, 0.000529881, -1, 0.84814, 0.00076943, -1, -0.000529418, 1.02181, 0, 0, 0, 1
-1, -0.000765877, -0.000579751, 0.290897, 0.000579336, 0.000541896, -1, 0.848141, 0.000766191, -1, -0.000541452, 1.02181, 0, 0, 0, 1
-1, -0.000762468, -0.000556259, 0.290897, 0.000555837, 0.000554561, -1, 0.848143, 0.000762776, -1, -0.000554137, 1.02181, 0, 0, 0, 1
-1, -0.000758885, -0.000531563, 0.290897, 0.000531133, 0.000567875, -1, 0.848145, 0.000759186, -1, -0.000567471, 1.0218, 0, 0, 0, 1
-1, -0.000755127, -0.000505663, 0.290896, 0.000505223, 0.000581838, -1, 0.848147, 0.000755421, -1, -0.000581457, 1.0218, 0, 0, 0, 1
-1, -0.000751194, -0.000478557, 0.290896, 0.000478109, 0.000596451, -1, 0.848149, 0.000751479, -1, -0.000596092, 1.0218, 0, 0, 0, 1
-1, -0.000747087, -0.000450247, 0.290895, 0.00044979, 0.000611714, -1, 0.848151, 0.000747362, -1, -0.000611378, 1.02179, 0, 0, 0, 1
-1, -0.000742805, -0.000420733, 0.290895, 0.000420266, 0.000627626, -1, 0.848154, 0.000743068, -1, -0.000627314, 1.02179, 0, 0, 0, 1
-1, -0.000738348, -0.000390013, 0.290894, 0.000389538, 0.000644188, -1, 0.848156, 0.000738599, -1, -0.0006439, 1.02179, 0, 0, 0, 1
-1, -0.000733717, -0.000358089, 0.290894, 0.000357604, 0.000661399, -1, 0.848159, 0.000733953, -1, -0.000661136, 1.02178, 0, 0, 0, 1
-1, -0.000728911, -0.00032496, 0.290893, 0.000324465, 0.00067926, -1, 0.848161, 0.000729131, -1, -0.000679023, 1.02178, 0, 0, 0, 1
-1, -0.000723931, -0.000290627, 0.290892, 0.000290122, 0.00069777, -1, 0.848164, 0.000724133, -0.999999, -0.00069756, 1.02178, 0, 0, 0, 1
-1, -0.000718776, -0.000255089, 0.290892, 0.000254573, 0.000716929, -1, 0.848167, 0.000718958, -0.999999, -0.000716746, 1.02177, 0, 0, 0, 1
-1, -0.000713446, -0.000218346, 0.290891, 0.00021782, 0.000736739, -1, 0.84817, 0.000713607, -0.999999, -0.000736583, 1.02177, 0, 0, 0, 1
-1, -0.000707943, -0.000180398, 0.290891, 0.000179862, 0.000757198, -1, 0.848173, 0.000708079, -0.999999, -0.00075707, 1.02176, 0, 0, 0, 1
-1, -0.000702264, -0.000141246, 0.29089, 0.0001407, 0.000778306, -1, 0.848176, 0.000702374, -0.999999, -0.000778207, 1.02176, 0, 0, 0, 1
-1, -0.000696412, -0.000100889, 0.290889, 0.000100332, 0.000800064, -1, 0.848179, 0.000696492, -0.999999, -0.000799994, 1.02175, 0, 0, 0, 1
-1, -0.000690385, -5.93277e-05, 0.290889, 5.87599e-05, 0.000822472, -1, 0.848182, 0.000690433, -0.999999, -0.000822431, 1.02175, 0, 0, 0, 1
-1, -0.000684183, -1.65615e-05, 0.290888, 1.5983e-05, 0.000845529, -1, 0.848185, 0.000684197, -0.999999, -0.000845518, 1.02175, 0, 0, 0, 1
-1, -0.000677807, 2.74095e-05, 0.290887, -2.79987e-05, 0.000869236, -1, 0.848189, 0.000677783, -0.999999, -0.000869254, 1.02174, 0, 0, 0, 1
-1, -0.000671257, 7.25851e-05, 0.290886, -7.31849e-05, 0.000893592, -1, 0.848192, 0.000671192, -0.999999, -0.000893641, 1.02173, 0, 0, 0, 1
-1, -0.000664533, 0.000118965, 0.290886, -0.000119576, 0.000918598, -1, 0.848196, 0.000664423, -0.999999, -0.000918677, 1.02173, 0, 0, 0, 1
-1, -0.000657634, 0.00016655, 0.290885, -0.000167171, 0.000944253, -1, 0.8482, 0.000657477, -0.999999, -0.000944363, 1.02172, 0, 0, 0, 1
-1, -0.000650561, 0.00021534, 0.290884, -0.000215971, 0.000970559, -1, 0.848204, 0.000650352, -0.999999, -0.000970699, 1.02172, 0, 0, 0, 1
-1, -0.000643314, 0.000265334, 0.290883, -0.000265976, 0.000997513, -0.999999, 0.848208, 0.000643049, -0.999999, -0.000997684, 1.02171, 0, 0, 0, 1
-1, -0.000635893, 0.000316533, 0.290882, -0.000317185, 0.00102512, -0.999999, 0.848212, 0.000635568, -0.999999, -0.00102532, 1.02171, 0, 0, 0, 1
-1, -0.000628298, 0.000368937, 0.290881, -0.000369599, 0.00105337, -0.999999, 0.848216, 0.000627909, -0.999999, -0.0010536, 1.0217, 0, 0, 0, 1
-1, -0.000620528, 0.000422546, 0.29088, -0.000423217, 0.00108228, -0.999999, 0.84822, 0.000620071, -0.999999, -0.00108254, 1.02169, 0, 0, 0, 1
-1, -0.000612585, 0.000477359, 0.29088, -0.00047804, 0.00111183, -0.999999, 0.848224, 0.000612054, -0.999999, -0.00111212, 1.02169, 0, 0, 0, 1
-1, -0.000604467, 0.000533376, 0.290879, -0.000534067, 0.00114203, -0.999999, 0.848229, 0.000603858, -0.999999, -0.00114235, 1.02168, 0, 0, 0, 1
-1, -0.000596176, 0.000590599, 0.290878, -0.000591298, 0.00117289, -0.999999, 0.848233, 0.000595483, -0.999999, -0.00117324, 1.02168, 0, 0, 0, 1
-1, -0.000587711, 0.000649026, 0.290877, -0.000649733, 0.00120439, -0.999999, 0.848238, 0.000586928, -0.999999, -0.00120477, 1.02167, 0, 0, 0, 1
-1, -0.000579071, 0.000708658, 0.290876, -0.000709373, 0.00123654, -0.999999, 0.848242, 0.000578194, -0.999999, -0.00123695, 1.02166, 0, 0, 0, 1
-1, -0.000570258, 0.000769494, 0.290875, -0.000770218, 0.00126934, -0.999999, 0.848247, 0.000569281, -0.999999, -0.00126978, 1.02166, 0, 0, 0, 1
-0.999999, -0.000561271, 0.000831535, 0.290874, -0.000832266, 0.00130279, -0.999999, 0.848252, 0.000560187, -0.999999, -0.00130326, 1.02165, 0, 0, 0, 1
-0.999999, -0.000552111, 0.000894781, 0.290872, -0.000895519, 0.00133689, -0.999999, 0.848257, 0.000550914, -0.999999, -0.00133739, 1.02164, 0, 0, 0, 1
-0.999999, -0.000542776, 0.000959232, 0.290871, -0.000959976, 0.00137165, -0.999999, 0.848262, 0.00054146, -0.999999, -0.00137217, 1.02163, 0, 0, 0, 1
-0.999999, -0.000533268, 0.00102489, 0.29087, -0.00102564, 0.00140705, -0.999998, 0.848267, 0.000531825, -0.999999, -0.00140759, 1.02163, 0, 0, 0, 1
-0.999999, -0.000523586, 0.00109175, 0.290869, -0.0010925, 0.0014431, -0.999998, 0.848273, 0.00052201, -0.999999, -0.00144367, 1.02162, 0, 0, 0, 1
-0.999999, -0.000513731, 0.00115981, 0.290868, -0.00116057, 0.0014798, -0.999998, 0.848278, 0.000512014, -0.999999, -0.00148039, 1.02161, 0, 0, 0, 1
-0.999999, -0.000503702, 0.00122908, 0.290867, -0.00122984, 0.00151715, -0.999998, 0.848283, 0.000501836, -0.999999, -0.00151777, 1.0216, 0, 0, 0, 1
-0.999999, -0.000493499, 0.00129955, 0.290866, -0.00130032, 0.00155515, -0.999998, 0.848289, 0.000491477, -0.999999, -0.00155579, 1.02159, 0, 0, 0, 1
-0.999999, -0.000483123, 0.00137123, 0.290864, -0.001372, 0.0015938, -0.999998, 0.848294, 0.000480937, -0.999999, -0.00159446, 1.02159, 0, 0, 0, 1
-0.999999, -0.000472574, 0.00144412, 0.290863, -0.00144489, 0.0016331, -0.999998, 0.8483, 0.000470214, -0.999999, -0.00163378, 1.02158, 0, 0, 0, 1
-0.999999, -0.000461851, 0.0015182, 0.290862, -0.00151898, 0.00167305, -0.999997, 0.848306, 0.00045931, -0.999998, -0.00167375, 1.02157, 0, 0, 0, 1
-0.999999, -0.000450955, 0.0015935, 0.290861, -0.00159427, 0.00171365, -0.999997, 0.848312, 0.000448223, -0.999998, -0.00171436, 1.02156, 0, 0, 0, 1
-0.999999, -0.000439886, 0.00166999, 0.290859, -0.00167076, 0.0017549, -0.999997, 0.848318, 0.000436954, -0.999998, -0.00175563, 1.02155, 0, 0, 0, 1
-0.999998, -0.000428643, 0.0017477, 0.290858, -0.00174846, 0.0017968, -0.999997, 0.848324, 0.000425502, -0.999998, -0.00179754, 1.02154, 0, 0, 0, 1
-0.999998, -0.000417228, 0.0018266, 0.290857, -0.00182737, 0.00183934, -0.999997, 0.84833, 0.000413866, -0.999998, -0.0018401, 1.02153, 0, 0, 0, 1
-0.999998, -0.000405639, 0.00190671, 0.290855, -0.00190747, 0.00188254, -0.999996, 0.848337, 0.000402048, -0.999998, -0.00188331, 1.02153, 0, 0, 0, 1
-0.999998, -0.000393877, 0.00198803, 0.290854, -0.00198879, 0.00192639, -0.999996, 0.848343, 0.000390045, -0.999998, -0.00192717, 1.02152, 0, 0, 0, 1
-0.999998, -0.000381942, 0.00207055, 0.290853, -0.0020713, 0.00197089, -0.999996, 0.848349, 0.000377859, -0.999998, -0.00197168, 1.02151, 0, 0, 0, 1
-0.999998, -0.000369834, 0.00215428, 0.290851, -0.00215502, 0.00201604, -0.999996, 0.848356, 0.000365489, -0.999998, -0.00201683, 1.0215, 0, 0, 0, 1
-0.999997, -0.000357553, 0.00223921, 0.29085, -0.00223994, 0.00206184, -0.999995, 0.848363, 0.000352935, -0.999998, -0.00206263, 1.02149, 0, 0, 0, 1
-0.999997, -0.000345099, 0.00232534, 0.290848, -0.00232606, 0.00210829, -0.999995, 0.848369, 0.000340195, -0.999998, -0.00210908, 1.02148, 0, 0, 0, 1
-0.999997, -0.000332473, 0.00241268, 0.290847, -0.00241339, 0.00215539, -0.999995, 0.848376, 0.000327271, -0.999998, -0.00215618, 1.02147, 0, 0, 0, 1
-0.999997, -0.000319674, 0.00250122, 0.290845, -0.00250192, 0.00220314, -0.999994, 0.848383, 0.000314162, -0.999998, -0.00220393, 1.02146, 0, 0, 0, 1
-0.999997, -0.000306702, 0.00259097, 0.290844, -0.00259166, 0.00225153, -0.999994, 0.84839, 0.000300867, -0.999997, -0.00225232, 1.02145, 0, 0, 0, 1
-0.999996, -0.000293558, 0.00268193, 0.290842, -0.00268259, 0.00230058, -0.999994, 0.848397, 0.000287386, -0.999997, -0.00230136, 1.02144, 0, 0, 0, 1
-0.999996, -0.000280241, 0.00277408, 0.290841, -0.00277473, 0.00235028, -0.999993, 0.848405, 0.000273719, -0.999997, -0.00235105, 1.02143, 0, 0, 0, 1
-0.999996, -0.000266751, 0.00286745, 0.290839, -0.00286808, 0.00240063, -0.999993, 0.848412, 0.000259866, -0.999997, -0.00240139, 1.02142, 0, 0, 0, 1
-0.999996, -0.000253089, 0.00296201, 0.290838, -0.00296263, 0.00245163, -0.999993, 0.848419, 0.000245826, -0.999997, -0.00245237, 1.0214, 0, 0, 0, 1
-0.999995, -0.000239255, 0.00305779, 0.290836, -0.00305837, 0.00250328, -0.999992, 0.848427, 0.000231599, -0.999997, -0.002504, 1.02139, 0, 0, 0, 1
-0.999995, -0.000225248, 0.00315476, 0.290834, -0.00315533, 0.00255558, -0.999992, 0.848435, 0.000217184, -0.999997, -0.00255628, 1.02138, 0, 0, 0, 1
-0.999995, -0.00021107, 0.00325294, 0.290833, -0.00325348, 0.00260853, -0.999991, 0.848442, 0.000202582, -0.999997, -0.0026092, 1.02137, 0, 0, 0, 1
-0.999994, -0.000196719, 0.00335233, 0.290831, -0.00335284, 0.00266213, -0.999991, 0.84845, 0.000187792, -0.999996, -0.00266277, 1.02136, 0, 0, 0, 1
-0.999994, -0.000182195, 0.00345292, 0.290829, -0.0034534, 0.00271638, -0.99999, 0.848458, 0.000172814, -0.999996, -0.00271699, 1.02135, 0, 0, 0, 1
-0.999994, -0.0001675, 0.00355471, 0.290827, -0.00355516, 0.00277128, -0.99999, 0.848466, 0.000157648, -0.999996, -0.00277186, 1.02134, 0, 0, 0, 1
-0.999993, -0.000152633, 0.00365771, 0.290826, -0.00365813, 0.00282683, -0.999989, 0.848474, 0.000142292, -0.999996, -0.00282737, 1.02132, 0, 0, 0, 1
-0.999993, -0.000137594, 0.00376192, 0.290824, -0.0037623, 0.00288303, -0.999989, 0.848482, 0.000126747, -0.999996, -0.00288353, 1.02131, 0, 0, 0, 1
-0.999993, -0.000122383, 0.00386733, 0.290822, -0.00386767, 0.00293988, -0.999988, 0.848491, 0.000111012, -0.999996, -0.00294033, 1.0213, 0, 0, 0, 1
-0.999992, -0.000107001, 0.00397394, 0.29082, -0.00397424, 0.00299738, -0.999988, 0.848499, 9.50879e-05, -0.999996, -0.00299778, 1.02129, 0, 0, 0, 1
-0.999992, -9.14464e-05, 0.00408176, 0.290819, -0.00408202, 0.00305553, -0.999987, 0.848507, 7.89732e-05, -0.999995, -0.00305588, 1.02128, 0, 0, 0, 1
-0.999991, -7.57204e-05, 0.00419078, 0.290817, -0.004191, 0.00311433, -0.999986, 0.848516, 6.26679e-05, -0.999995, -0.00311462, 1.02126, 0, 0, 0, 1
-0.999991, -5.98229e-05, 0.00430101, 0.290815, -0.00430118, 0.00317379, -0.999986, 0.848525, 4.61716e-05, -0.999995, -0.00317401, 1.02125, 0, 0, 0, 1
-0.99999, -4.37539e-05, 0.00441244, 0.290813, -0.00441256, 0.00323389, -0.999985, 0.848533, 2.94839e-05, -0.999995, -0.00323405, 1.02124, 0, 0, 0, 1
-0.99999, -2.75135e-05, 0.00452508, 0.290811, -0.00452514, 0.00329464, -0.999984, 0.848542, 1.26046e-05, -0.999995, -0.00329473, 1.02123, 0, 0, 0, 1
-0.999989, -1.11018e-05, 0.00463892, 0.290809, -0.00463893, 0.00335604, -0.999984, 0.848551, -4.46678e-06, -0.999994, -0.00335606, 1.02121, 0, 0, 0, 1
-0.999989, 5.48116e-06, 0.00475396, 0.290807, -0.00475392, 0.0034181, -0.999983, 0.84856, -2.17306e-05, -0.999994, -0.00341803, 1.0212, 0, 0, 0, 1
-0.999988, 2.22353e-05, 0.00487022, 0.290805, -0.00487011, 0.0034808, -0.999982, 0.848569, -3.91872e-05, -0.999994, -0.00348065, 1.02119, 0, 0, 0, 1
-0.999988, 3.91606e-05, 0.00498767, 0.290803, -0.0049875, 0.00354416, -0.999981, 0.848579, -5.68369e-05, -0.999994, -0.00354392, 1.02117, 0, 0, 0, 1
-0.999987, 5.62569e-05, 0.00510633, 0.290801, -0.00510609, 0.00360816, -0.99998, 0.848588, -7.46802e-05, -0.999993, -0.00360783, 1.02116, 0, 0, 0, 1
-0.999986, 7.35241e-05, 0.00522619, 0.290799, -0.00522589, 0.00367282, -0.99998, 0.848597, -9.27174e-05, -0.999993, -0.00367238, 1.02115, 0, 0, 0, 1
-0.999986, 9.09622e-05, 0.00534726, 0.290797, -0.00534689, 0.00373812, -0.999979, 0.848607, -0.000110949, -0.999993, -0.00373758, 1.02113, 0, 0, 0, 1
-0.999985, 0.000108571, 0.00546954, 0.290795, -0.00546908, 0.00380408, -0.999978, 0.848617, -0.000129375, -0.999993, -0.00380343, 1.02112, 0, 0, 0, 1
-0.999984, 0.000126351, 0.00559301, 0.290793, -0.00559248, 0.00387068, -0.999977, 0.848626, -0.000147997, -0.999993, -0.00386992, 1.0211, 0, 0, 0, 1
-0.999984, 0.000144301, 0.0057177, 0.290791, -0.00571708, 0.00393794, -0.999976, 0.848636, -0.000166813, -0.999992, -0.00393705, 1.02109, 0, 0, 0, 1
-0.999983, 0.000162422, 0.00584358, 0.290789, -0.00584289, 0.00400585, -0.999975, 0.848646, -0.000185826, -0.999992, -0.00400483, 1.02108, 0, 0, 0, 1
-0.999982, 0.000180713, 0.00597067, 0.290786, -0.00596989, 0.00407441, -0.999974, 0.848656, -0.000205035, -0.999992, -0.00407326, 1.02106, 0, 0, 0, 1
-0.999981, 0.000199174, 0.00609897, 0.290784, -0.00609809, 0.00414362, -0.999973, 0.848666, -0.000224441, -0.999991, -0.00414233, 1.02105, 0, 0, 0, 1
-0.999981, 0.000217806, 0.00622847, 0.290782, -0.0062275, 0.00421348, -0.999972, 0.848676, -0.000244044, -0.999991, -0.00421204, 1.02103, 0, 0, 0, 1
-0.99998, 0.000236608, 0.00635918, 0.29078, -0.00635811, 0.00428399, -0.999971, 0.848687, -0.000263844, -0.999991, -0.0042824, 1.02102, 0, 0, 0, 1
-0.999979, 0.000255581, 0.00649109, 0.290777, -0.00648991, 0.00435515, -0.999969, 0.848697, -0.000283842, -0.99999, -0.0043534, 1.021, 0, 0, 0, 1
-0.999978, 0.000274723, 0.0066242, 0.290775, -0.00662292, 0.00442696, -0.999968, 0.848707, -0.000304039, -0.99999, -0.00442504, 1.02099, 0, 0, 0, 1
-0.999977, 0.000294035, 0.00675852, 0.290773, -0.00675713, 0.00449942, -0.999967, 0.848718, -0.000324435, -0.99999, -0.00449733, 1.02097, 0, 0, 0, 1
-0.999976, 0.000313517, 0.00689404, 0.290771, -0.00689254, 0.00457254, -0.999966, 0.848729, -0.000345029, -0.999989, -0.00457027, 1.02096, 0, 0, 0, 1
-0.999975, 0.000333169, 0.00703077, 0.290768, -0.00702915, 0.0046463, -0.999965, 0.848739, -0.000365824, -0.999989, -0.00464384, 1.02094, 0, 0, 0, 1
-0.999974, 0.00035299, 0.0071687, 0.290766, -0.00716696, 0.00472072, -0.999963, 0.84875, -0.000386819, -0.999989, -0.00471806, 1.02092, 0, 0, 0, 1
-0.999973, 0.000372981, 0.00730784, 0.290764, -0.00730597, 0.00479578, -0.999962, 0.848761, -0.000408014, -0.999988, -0.00479293, 1.02091, 0, 0, 0, 1
-0.999972, 0.000393142, 0.00744818, 0.290761, -0.00744618, 0.0048715, -0.99996, 0.848772, -0.00042941, -0.999988, -0.00486844, 1.02089, 0, 0, 0, 1
-0.999971, 0.000413472, 0.00758973, 0.290759, -0.00758759, 0.00494787, -0.999959, 0.848783, -0.000451008, -0.999988, -0.00494459, 1.02088, 0, 0, 0, 1
-0.99997, 0.000433971, 0.00773248, 0.290756, -0.0077302, 0.00502488, -0.999957, 0.848795, -0.000472807, -0.999987, -0.00502138, 1.02086, 0, 0, 0, 1
-0.999969, 0.000454639, 0.00787643, 0.290754, -0.00787401, 0.00510255, -0.999956, 0.848806, -0.000494809, -0.999987, -0.00509881, 1.02084, 0, 0, 0, 1
-0.999968, 0.000475477, 0.00802159, 0.290751, -0.00801902, 0.00518087, -0.999954, 0.848817, -0.000517014, -0.999986, -0.00517689, 1.02083, 0, 0, 0, 1
-0.999967, 0.000496483, 0.00816795, 0.290749, -0.00816523, 0.00525984, -0.999953, 0.848829, -0.000539422, -0.999986, -0.00525561, 1.02081, 0, 0, 0, 1
-0.999965, 0.000517659, 0.00831552, 0.290746, -0.00831264, 0.00533947, -0.999951, 0.84884, -0.000562034, -0.999986, -0.00533498, 1.02079, 0, 0, 0, 1
-0.999964, 0.000539003, 0.00846429, 0.290744, -0.00846125, 0.00541974, -0.99995, 0.848852, -0.00058485, -0.999985, -0.00541498, 1.02078, 0, 0, 0, 1
-0.999963, 0.000560516, 0.00861427, 0.290741, -0.00861106, 0.00550066, -0.999948, 0.848864, -0.000607871, -0.999985, -0.00549563, 1.02076, 0, 0, 0, 1
-0.999961, 0.000582198, 0.00876545, 0.290739, -0.00876207, 0.00558224, -0.999946, 0.848876, -0.000631097, -0.999984, -0.00557692, 1.02074, 0, 0, 0, 1
-0.99996, 0.000604048, 0.00891784, 0.290736, -0.00891427, 0.00566447, -0.999944, 0.848888, -0.000654529, -0.999984, -0.00565886, 1.02073, 0, 0, 0, 1
-0.999959, 0.000626066, 0.00907143, 0.290733, -0.00906768, 0.00574734, -0.999942, 0.8489, -0.000678167, -0.999983, -0.00574143, 1.02071, 0, 0, 0, 1
-0.999957, 0.000648253, 0.00922622, 0.290731, -0.00922229, 0.00583087, -0.99994, 0.848912, -0.000702011, -0.999983, -0.00582465, 1.02069, 0, 0, 0, 1
-0.999956, 0.000670608, 0.00938222, 0.290728, -0.00937809, 0.00591505, -0.999939, 0.848924, -0.000726063, -0.999982, -0.0059085, 1.02067, 0, 0, 0, 1
-0.999954, 0.000693131, 0.00953942, 0.290725, -0.0095351, 0.00599988, -0.999937, 0.848937, -0.000750323, -0.999982, -0.005993, 1.02065, 0, 0, 0, 1
-0.999953, 0.000715823, 0.00969783, 0.290723, -0.0096933, 0.00608537, -0.999935, 0.848949, -0.00077479, -0.999981, -0.00607814, 1.02064, 0, 0, 0, 1
-0.999951, 0.000738682, 0.00985744, 0.29072, -0.0098527, 0.0061715, -0.999932, 0.848962, -0.000799467, -0.999981, -0.00616392, 1.02062, 0, 0, 0, 1
-0.99995, 0.000761709, 0.0100183, 0.290717, -0.0100133, 0.00625828, -0.99993, 0.848974, -0.000824353, -0.99998, -0.00625034, 1.0206, 0, 0, 0, 1
-0.999948, 0.000784903, 0.0101803, 0.290714, -0.0101751, 0.00634572, -0.999928, 0.848987, -0.000849448, -0.99998, -0.0063374, 1.02058, 0, 0, 0, 1
-0.999946, 0.000808265, 0.0103435, 0.290712, -0.0103381, 0.00643381, -0.999926, 0.849, -0.000874753, -0.999979, -0.00642511, 1.02056, 0, 0, 0, 1
-0.999944, 0.000831795, 0.0105079, 0.290709, -0.0105023, 0.00652255, -0.999924, 0.849013, -0.00090027, -0.999978, -0.00651345, 1.02054, 0, 0, 0, 1
-0.999943, 0.000855492, 0.0106736, 0.290706, -0.0106677, 0.00661194, -0.999921, 0.849026, -0.000925997, -0.999978, -0.00660243, 1.02053, 0, 0, 0, 1
-0.999941, 0.000879356, 0.0108404, 0.290703, -0.0108343, 0.00670198, -0.999919, 0.849039, -0.000951937, -0.999977, -0.00669206, 1.02051, 0, 0, 0, 1
-0.999939, 0.000903388, 0.0110084, 0.2907, -0.0110021, 0.00679267, -0.999916, 0.849052, -0.000978089, -0.999977, -0.00678232, 1.02049, 0, 0, 0, 1
-0.999937, 0.000927586, 0.0111777, 0.290697, -0.011171, 0.00688402, -0.999914, 0.849066, -0.00100445, -0.999976, -0.00687322, 1.02047, 0, 0, 0, 1
-0.999935, 0.000951951, 0.0113481, 0.290694, -0.0113412, 0.00697601, -0.999911, 0.849079, -0.00103103, -0.999975, -0.00696476, 1.02045, 0, 0, 0, 1
-0.999933, 0.000976484, 0.0115198, 0.290691, -0.0115126, 0.00706866, -0.999909, 0.849093, -0.00105782, -0.999975, -0.00705695, 1.02043, 0, 0, 0, 1
-0.999931, 0.00100118, 0.0116927, 0.290688, -0.0116852, 0.00716196, -0.999906, 0.849106, -0.00108483, -0.999974, -0.00714977, 1.02041, 0, 0, 0, 1
-0.999929, 0.00102605, 0.0118667, 0.290685, -0.011859, 0.00725591, -0.999903, 0.84912, -0.00111205, -0.999973, -0.00724323, 1.02039, 0, 0, 0, 1
-0.999927, 0.00105108, 0.012042, 0.290682, -0.0120339, 0.00735051, -0.999901, 0.849134, -0.00113949, -0.999972, -0.00733733, 1.02037, 0, 0, 0, 1
-0.999925, 0.00107628, 0.0122185, 0.290679, -0.0122101, 0.00744576, -0.999898, 0.849148, -0.00116714, -0.999972, -0.00743206, 1.02035, 0, 0, 0, 1
-0.999923, 0.00110164, 0.0123961, 0.290676, -0.0123875, 0.00754167, -0.999895, 0.849162, -0.00119501, -0.999971, -0.00752744, 1.02033, 0, 0, 0, 1
-0.99992, 0.00112717, 0.012575, 0.290673, -0.012566, 0.00763823, -0.999892, 0.849176, -0.0012231, -0.99997, -0.00762345, 1.02031, 0, 0, 0, 1
-0.999918, 0.00115287, 0.0127551, 0.29067, -0.0127458, 0.00773544, -0.999889, 0.84919, -0.00125141, -0.999969, -0.00772011, 1.02029, 0, 0, 0, 1
-0.999916, 0.00117873, 0.0129364, 0.290667, -0.0129268, 0.0078333, -0.999886, 0.849204, -0.00127993, -0.999969, -0.0078174, 1.02027, 0, 0, 0, 1
-0.999913, 0.00120476, 0.0131189, 0.290664, -0.0131089, 0.00793181, -0.999883, 0.849219, -0.00130868, -0.999968, -0.00791533, 1.02025, 0, 0, 0, 1
-0.999911, 0.00123095, 0.0133026, 0.290661, -0.0132923, 0.00803097, -0.999879, 0.849233, -0.00133764, -0.999967, -0.00801389, 1.02023, 0, 0, 0, 1
-0.999908, 0.00125731, 0.0134875, 0.290657, -0.0134768, 0.00813079, -0.999876, 0.849248, -0.00136682, -0.999966, -0.0081131, 1.02021, 0, 0, 0, 1
-0.999906, 0.00128384, 0.0136736, 0.290654, -0.0136625, 0.00823126, -0.999873, 0.849262, -0.00139623, -0.999965, -0.00821294, 1.02018, 0, 0, 0, 1
-0.999903, 0.00131053, 0.0138609, 0.290651, -0.0138495, 0.00833238, -0.999869, 0.849277, -0.00142585, -0.999964, -0.00831342, 1.02016, 0, 0, 0, 1
-0.9999, 0.00133738, 0.0140494, 0.290648, -0.0140376, 0.00843415, -0.999866, 0.849292, -0.0014557, -0.999964, -0.00841453, 1.02014, 0, 0, 0, 1
-0.999898, 0.0013644, 0.0142391, 0.290644, -0.0142269, 0.00853657, -0.999862, 0.849307, -0.00148577, -0.999963, -0.00851629, 1.02012, 0, 0, 0, 1
-0.999895, 0.00139159, 0.01443, 0.290641, -0.0144175, 0.00863965, -0.999859, 0.849322, -0.00151606, -0.999962, -0.00861868, 1.0201, 0, 0, 0, 1
-0.999892, 0.00141894, 0.0146221, 0.290638, -0.0146092, 0.00874337, -0.999855, 0.849337, -0.00154658, -0.999961, -0.0087217, 1.02008, 0, 0, 0, 1
-0.999889, 0.00144645, 0.0148155, 0.290634, -0.0148021, 0.00884775, -0.999851, 0.849352, -0.00157732, -0.99996, -0.00882536, 1.02005, 0, 0, 0, 1
-0.999886, 0.00147413, 0.01501, 0.290631, -0.0149962, 0.00895279, -0.999847, 0.849368, -0.00160829, -0.999959, -0.00892966, 1.02003, 0, 0, 0, 1
-0.999883, 0.00150198, 0.0152057, 0.290628, -0.0151915, 0.00905847, -0.999844, 0.849383, -0.00163948, -0.999958, -0.00903459, 1.02001, 0, 0, 0, 1
-0.99988, 0.00152998, 0.0154027, 0.290624, -0.015388, 0.00916481, -0.99984, 0.849399, -0.0016709, -0.999957, -0.00914016, 1.01999, 0, 0, 0, 1
-0.999877, 0.00155815, 0.0156008, 0.290621, -0.0155857, 0.00927179, -0.999836, 0.849414, -0.00170255, -0.999956, -0.00924637, 1.01997, 0, 0, 0, 1
-0.999874, 0.00158649, 0.0158002, 0.290617, -0.0157846, 0.00937943, -0.999831, 0.84943, -0.00173442, -0.999955, -0.00935321, 1.01994, 0, 0, 0, 1
-0.999871, 0.00161499, 0.0160007, 0.290614, -0.0159847, 0.00948773, -0.999827, 0.849446, -0.00176652, -0.999954, -0.00946068, 1.01992, 0, 0, 0, 1
-0.999867, 0.00164365, 0.0162025, 0.29061, -0.016186, 0.00959667, -0.999823, 0.849462, -0.00179885, -0.999953, -0.00956879, 1.0199, 0, 0, 0, 1
-0.999864, 0.00167248, 0.0164054, 0.290607, -0.0163884, 0.00970627, -0.999819, 0.849478, -0.00183141, -0.999951, -0.00967754, 1.01987, 0, 0, 0, 1
-0.999861, 0.00170147, 0.0166096, 0.290603, -0.0165921, 0.00981652, -0.999814, 0.849494, -0.0018642, -0.99995, -0.00978692, 1.01985, 0, 0, 0, 1
-0.999857, 0.00173062, 0.016815, 0.2906, -0.016797, 0.00992742, -0.99981, 0.84951, -0.00189722, -0.999949, -0.00989693, 1.01983, 0, 0, 0, 1
-0.999854, 0.00175994, 0.0170215, 0.290596, -0.017003, 0.010039, -0.999805, 0.849526, -0.00193048, -0.999948, -0.0100076, 1.0198, 0, 0, 0, 1
-0.99985, 0.00178942, 0.0172293, 0.290593, -0.0172103, 0.0101512, -0.9998, 0.849543, -0.00196396, -0.999947, -0.0101189, 1.01978, 0, 0, 0, 1
-0.999846, 0.00181906, 0.0174383, 0.290589, -0.0174187, 0.010264, -0.999796, 0.849559, -0.00199768, -0.999946, -0.0102308, 1.01976, 0, 0, 0, 1
-0.999843, 0.00184887, 0.0176484, 0.290585, -0.0176283, 0.0103775, -0.999791, 0.849576, -0.00203163, -0.999944, -0.0103433, 1.01973, 0, 0, 0, 1
-0.999839, 0.00187884, 0.0178598, 0.290582, -0.0178392, 0.0104917, -0.999786, 0.849592, -0.00206582, -0.999943, -0.0104565, 1.01971, 0, 0, 0, 1
-0.999835, 0.00190897, 0.0180724, 0.290578, -0.0180512, 0.0106065, -0.999781, 0.849609, -0.00210024, -0.999942, -0.0105703, 1.01969, 0, 0, 0, 1
-0.999831, 0.00193926, 0.0182862, 0.290574, -0.0182644, 0.010722, -0.999776, 0.849626, -0.00213489, -0.999941, -0.0106848, 1.01966, 0, 0, 0, 1
-0.999827, 0.00196972, 0.0185012, 0.29057, -0.0184788, 0.0108381, -0.999771, 0.849643, -0.00216978, -0.999939, -0.0107998, 1.01964, 0, 0, 0, 1
-0.999823, 0.00200033, 0.0187174, 0.290567, -0.0186944, 0.0109549, -0.999765, 0.84966, -0.00220491, -0.999938, -0.0109156, 1.01961, 0, 0, 0, 1
-0.999819, 0.00203111, 0.0189348, 0.290563, -0.0189112, 0.0110723, -0.99976, 0.849677, -0.00224028, -0.999937, -0.0110319, 1.01959, 0, 0, 0, 1
-0.999814, 0.00206205, 0.0191534, 0.290559, -0.0191292, 0.0111904, -0.999754, 0.849694, -0.00227588, -0.999935, -0.0111489, 1.01956, 0, 0, 0, 1
-0.99981, 0.00209316, 0.0193732, 0.290555, -0.0193483, 0.0113091, -0.999749, 0.849712, -0.00231172, -0.999934, -0.0112665, 1.01954, 0, 0, 0, 1
-0.999806, 0.00212442, 0.0195942, 0.290551, -0.0195687, 0.0114285, -0.999743, 0.849729, -0.00234781, -0.999932, -0.0113847, 1.01951, 0, 0, 0, 1
-0.999801, 0.00215585, 0.0198164, 0.290548, -0.0197903, 0.0115486, -0.999737, 0.849747, -0.00238413, -0.999931, -0.0115036, 1.01949, 0, 0, 0, 1
-0.999797, 0.00218743, 0.0200398, 0.290544, -0.020013, 0.0116692, -0.999732, 0.849764, -0.0024207, -0.99993, -0.0116231, 1.01946, 0, 0, 0, 1
-0.999792, 0.00221918, 0.0202645, 0.29054, -0.0202369, 0.0117906, -0.999726, 0.849782, -0.0024575, -0.999928, -0.0117432, 1.01944, 0, 0, 0, 1
-0.999788, 0.00225109, 0.0204903, 0.290536, -0.0204621, 0.0119126, -0.99972, 0.8498, -0.00249455, -0.999927, -0.011864, 1.01941, 0, 0, 0, 1
-0.999783, 0.00228316, 0.0207173, 0.290532, -0.0206884, 0.0120352, -0.999714, 0.849818, -0.00253184, -0.999925, -0.0119854, 1.01939, 0, 0, 0, 1
-0.999778, 0.00231539, 0.0209455, 0.290528, -0.0209159, 0.0121585, -0.999707, 0.849836, -0.00256938, -0.999923, -0.0121074, 1.01936, 0, 0, 0, 1
-0.999773, 0.00234778, 0.021175, 0.290524, -0.0211446, 0.0122825, -0.999701, 0.849854, -0.00260716, -0.999922, -0.0122301, 1.01933, 0, 0, 0, 1
-0.999768, 0.00238033, 0.0214056, 0.29052, -0.0213745, 0.0124071, -0.999695, 0.849872, -0.00264518, -0.99992, -0.0123533, 1.01931, 0, 0, 0, 1
-0.999763, 0.00241304, 0.0216374, 0.290516, -0.0216056, 0.0125324, -0.999688, 0.849891, -0.00268346, -0.999919, -0.0124773, 1.01928, 0, 0, 0, 1
-0.999758, 0.00244591, 0.0218705, 0.290512, -0.0218378, 0.0126583, -0.999681, 0.849909, -0.00272197, -0.999917, -0.0126018, 1.01926, 0, 0, 0, 1
-0.999753, 0.00247894, 0.0221047, 0.290507, -0.0220713, 0.0127848, -0.999675, 0.849927, -0.00276074, -0.999915, -0.012727, 1.01923, 0, 0, 0, 1
-0.999747, 0.00251213, 0.0223402, 0.290503, -0.022306, 0.0129121, -0.999668, 0.849946, -0.00279975, -0.999913, -0.0128528, 1.0192, 0, 0, 0, 1
-0.999742, 0.00254548, 0.0225768, 0.290499, -0.0225418, 0.0130399, -0.999661, 0.849965, -0.00283902, -0.999912, -0.0129792, 1.01918, 0, 0, 0, 1
-0.999736, 0.00257899, 0.0228147, 0.290495, -0.0227788, 0.0131685, -0.999654, 0.849983, -0.00287853, -0.99991, -0.0131062, 1.01915, 0, 0, 0, 1
-0.999731, 0.00261266, 0.0230537, 0.290491, -0.023017, 0.0132976, -0.999647, 0.850002, -0.0029183, -0.999908, -0.0132339, 1.01912, 0, 0, 0, 1
-0.999725, 0.00264649, 0.023294, 0.290487, -0.0232564, 0.0134275, -0.999639, 0.850021, -0.00295831, -0.999906, -0.0133622, 1.0191, 0, 0, 0, 1
-0.999719, 0.00268047, 0.0235355, 0.290482, -0.023497, 0.013558, -0.999632, 0.85004, -0.00299858, -0.999904, -0.0134912, 1.01907, 0, 0, 0, 1
-0.999714, 0.00271462, 0.0237781, 0.290478, -0.0237388, 0.0136891, -0.999624, 0.85006, -0.0030391, -0.999903, -0.0136207, 1.01904, 0, 0, 0, 1
-0.999708, 0.00274892, 0.024022, 0.290474, -0.0239818, 0.0138209, -0.999617, 0.850079, -0.00307987, -0.999901, -0.0137509, 1.01901, 0, 0, 0, 1
-0.999702, 0.00278338, 0.0242671, 0.29047, -0.024226, 0.0139533, -0.999609, 0.850098, -0.0031209, -0.999899, -0.0138817, 1.01899, 0, 0, 0, 1
-0.999696, 0.002818, 0.0245133, 0.290465, -0.0244713, 0.0140864, -0.999601, 0.850118, -0.00316218, -0.999897, -0.0140132, 1.01896, 0, 0, 0, 1
-0.999689, 0.00285278, 0.0247608, 0.290461, -0.0247178, 0.0142202, -0.999593, 0.850137, -0.00320372, -0.999895, -0.0141453, 1.01893, 0, 0, 0, 1
-0.999683, 0.00288772, 0.0250095, 0.290456, -0.0249656, 0.0143546, -0.999585, 0.850157, -0.00324552, -0.999893, -0.014278, 1.0189, 0, 0, 0, 1
-0.999677, 0.00292281, 0.0252593, 0.290452, -0.0252145, 0.0144897, -0.999577, 0.850177, -0.00328757, -0.999891, -0.0144113, 1.01887, 0, 0, 0, 1
-0.99967, 0.00295806, 0.0255104, 0.290448, -0.0254646, 0.0146254, -0.999569, 0.850196, -0.00332989, -0.999889, -0.0145452, 1.01885, 0, 0, 0, 1
-0.999664, 0.00299347, 0.0257627, 0.290443, -0.0257158, 0.0147617, -0.99956, 0.850216, -0.00337246, -0.999887, -0.0146798, 1.01882, 0, 0, 0, 1
-0.999657, 0.00302904, 0.0260162, 0.290439, -0.0259683, 0.0148988, -0.999552, 0.850236, -0.00341529, -0.999884, -0.014815, 1.01879, 0, 0, 0, 1
-0.99965, 0.00306476, 0.0262709, 0.290434, -0.026222, 0.0150364, -0.999543, 0.850257, -0.00345838, -0.999882, -0.0149508, 1.01876, 0, 0, 0, 1
-0.999643, 0.00310064, 0.0265268, 0.29043, -0.0264768, 0.0151748, -0.999534, 0.850277, -0.00350173, -0.99988, -0.0150873, 1.01873, 0, 0, 0, 1
-0.999636, 0.00313668, 0.0267839, 0.290425, -0.0267328, 0.0153138, -0.999525, 0.850297, -0.00354535, -0.999878, -0.0152243, 1.0187, 0, 0, 0, 1
-0.999629, 0.00317287, 0.0270422, 0.290421, -0.0269901, 0.0154534, -0.999516, 0.850318, -0.00358923, -0.999876, -0.015362, 1.01867, 0, 0, 0, 1
-0.999622, 0.00320922, 0.0273017, 0.290416, -0.0272485, 0.0155937, -0.999507, 0.850338, -0.00363337, -0.999873, -0.0155003, 1.01864, 0, 0, 0, 1
-0.999615, 0.00324572, 0.0275624, 0.290411, -0.027508, 0.0157346, -0.999498, 0.850359, -0.00367778, -0.999871, -0.0156393, 1.01861, 0, 0, 0, 1
-0.999607, 0.00328239, 0.0278243, 0.290407, -0.0277688, 0.0158762, -0.999488, 0.850379, -0.00372245, -0.999869, -0.0157789, 1.01858, 0, 0, 0, 1
-0.9996, 0.0033192, 0.0280874, 0.290402, -0.0280308, 0.0160185, -0.999479, 0.8504, -0.00376739, -0.999866, -0.015919, 1.01856, 0, 0, 0, 1
-0.999592, 0.00335618, 0.0283517, 0.290397, -0.0282939, 0.0161614, -0.999469, 0.850421, -0.0038126, -0.999864, -0.0160598, 1.01853, 0, 0, 0, 1
-0.999585, 0.00339331, 0.0286172, 0.290393, -0.0285582, 0.016305, -0.999459, 0.850442, -0.00385807, -0.999861, -0.0162013, 1.0185, 0, 0, 0, 1
-0.999577, 0.00343059, 0.0288839, 0.290388, -0.0288237, 0.0164492, -0.999449, 0.850463, -0.00390382, -0.999859, -0.0163433, 1.01847, 0, 0, 0, 1
-0.999569, 0.00346803, 0.0291518, 0.290383, -0.0290904, 0.016594, -0.999439, 0.850484, -0.00394983, -0.999856, -0.016486, 1.01844, 0, 0, 0, 1
-0.999561, 0.00350563, 0.0294209, 0.290378, -0.0293583, 0.0167396, -0.999429, 0.850506, -0.00399612, -0.999854, -0.0166293, 1.0184, 0, 0, 0, 1
-0.999553, 0.00354337, 0.0296912, 0.290374, -0.0296273, 0.0168857, -0.999418, 0.850527, -0.00404267, -0.999851, -0.0167732, 1.01837, 0, 0, 0, 1
-0.999545, 0.00358128, 0.0299627, 0.290369, -0.0298976, 0.0170326, -0.999408, 0.850549, -0.0040895, -0.999849, -0.0169177, 1.01834, 0, 0, 0, 1
-0.999536, 0.00361934, 0.0302354, 0.290364, -0.030169, 0.0171801, -0.999397, 0.85057, -0.0041366, -0.999846, -0.0170629, 1.01831, 0, 0, 0, 1
-0.999528, 0.00365755, 0.0305093, 0.290359, -0.0304416, 0.0173282, -0.999386, 0.850592, -0.00418398, -0.999843, -0.0172087, 1.01828, 0, 0, 0, 1
-0.999519, 0.00369592, 0.0307845, 0.290354, -0.0307154, 0.017477, -0.999375, 0.850614, -0.00423163, -0.99984, -0.0173551, 1.01825, 0, 0, 0, 1
-0.999511, 0.00373444, 0.0310608, 0.290349, -0.0309904, 0.0176264, -0.999364, 0.850636, -0.00427955, -0.999838, -0.0175021, 1.01822, 0, 0, 0, 1
-0.999502, 0.00377311, 0.0313383, 0.290344, -0.0312665, 0.0177765, -0.999353, 0.850657, -0.00432776, -0.999835, -0.0176497, 1.01819, 0, 0, 0, 1
-0.999493, 0.00381194, 0.031617, 0.290339, -0.0315439, 0.0179273, -0.999342, 0.85068, -0.00437624, -0.999832, -0.017798, 1.01816, 0, 0, 0, 1
-0.999484, 0.00385092, 0.0318969, 0.290334, -0.0318224, 0.0180787, -0.99933, 0.850702, -0.004425, -0.999829, -0.0179468, 1.01813, 0, 0, 0, 1
-0.999475, 0.00389006, 0.0321781, 0.290329, -0.0321021, 0.0182308, -0.999318, 0.850724, -0.00447403, -0.999826, -0.0180963, 1.0181, 0, 0, 0, 1
-0.999465, 0.00392934, 0.0324604, 0.290324, -0.0323829, 0.0183835, -0.999306, 0.850746, -0.00452335, -0.999823, -0.0182464, 1.01806, 0, 0, 0, 1
-0.999456, 0.00396878, 0.0327439, 0.290319, -0.032665, 0.0185369, -0.999294, 0.850769, -0.00457295, -0.99982, -0.0183971, 1.01803, 0, 0, 0, 1
-0.999446, 0.00400838, 0.0330286, 0.290314, -0.0329482, 0.0186909, -0.999282, 0.850791, -0.00462283, -0.999817, -0.0185485, 1.018, 0, 0, 0, 1
-0.999437, 0.00404812, 0.0333146, 0.290309, -0.0332327, 0.0188456, -0.99927, 0.850814, -0.004673, -0.999814, -0.0187004, 1.01797, 0, 0, 0, 1
-0.999427, 0.00408802, 0.0336017, 0.290304, -0.0335183, 0.0190009, -0.999257, 0.850837, -0.00472345, -0.999811, -0.018853, 1.01794, 0, 0, 0, 1
-0.999417, 0.00412807, 0.03389, 0.290299, -0.033805, 0.0191569, -0.999245, 0.85086, -0.00477418, -0.999808, -0.0190062, 1.0179, 0, 0, 0, 1
-0.999407, 0.00416827, 0.0341795, 0.290294, -0.034093, 0.0193136, -0.999232, 0.850883, -0.0048252, -0.999805, -0.01916, 1.01787, 0, 0, 0, 1
-0.999397, 0.00420862, 0.0344703, 0.290288, -0.0343821, 0.0194709, -0.999219, 0.850906, -0.0048765, -0.999802, -0.0193144, 1.01784, 0, 0, 0, 1
-0.999387, 0.00424913, 0.0347622, 0.290283, -0.0346725, 0.0196288, -0.999206, 0.850929, -0.00492809, -0.999798, -0.0194695, 1.01781, 0, 0, 0, 1
-0.999376, 0.00428978, 0.0350553, 0.290278, -0.0349639, 0.0197875, -0.999193, 0.850952, -0.00497997, -0.999795, -0.0196251, 1.01777, 0, 0, 0, 1
-0.999366, 0.00433059, 0.0353496, 0.290273, -0.0352566, 0.0199467, -0.999179, 0.850975, -0.00503214, -0.999792, -0.0197814, 1.01774, 0, 0, 0, 1
-0.999355, 0.00437155, 0.0356452, 0.290267, -0.0355505, 0.0201066, -0.999166, 0.850999, -0.0050846, -0.999788, -0.0199383, 1.01771, 0, 0, 0, 1
-0.999344, 0.00441265, 0.0359419, 0.290262, -0.0358455, 0.0202672, -0.999152, 0.851022, -0.00513735, -0.999785, -0.0200958, 1.01767, 0, 0, 0, 1
-0.999333, 0.00445391, 0.0362398, 0.290257, -0.0361417, 0.0204285, -0.999138, 0.851046, -0.0051904, -0.999781, -0.0202539, 1.01764, 0, 0, 0, 1
-0.999322, 0.00449532, 0.036539, 0.290251, -0.0364391, 0.0205903, -0.999124, 0.85107, -0.00524373, -0.999778, -0.0204126, 1.01761, 0, 0, 0, 1
-0.999311, 0.00453688, 0.0368393, 0.290246, -0.0367376, 0.0207529, -0.999109, 0.851093, -0.00529736, -0.999774, -0.0205719, 1.01757, 0, 0, 0, 1
-0.9993, 0.00457859, 0.0371408, 0.29024, -0.0370374, 0.0209161, -0.999095, 0.851117, -0.00535129, -0.999771, -0.0207319, 1.01754, 0, 0, 0, 1
-0.999288, 0.00462045, 0.0374435, 0.290235, -0.0373383, 0.0210799, -0.99908, 0.851141, -0.00540551, -0.999767, -0.0208924, 1.0175, 0, 0, 0, 1
-0.999276, 0.00466246, 0.0377475, 0.29023, -0.0376404, 0.0212445, -0.999066, 0.851165, -0.00546002, -0.999763, -0.0210536, 1.01747, 0, 0, 0, 1
-0.999265, 0.00470461, 0.0380526, 0.290224, -0.0379436, 0.0214096, -0.999051, 0.85119, -0.00551484, -0.99976, -0.0212154, 1.01744, 0, 0, 0, 1
-0.999253, 0.00474692, 0.0383589, 0.290218, -0.0382481, 0.0215754, -0.999035, 0.851214, -0.00556995, -0.999756, -0.0213778, 1.0174, 0, 0, 0, 1
-0.999241, 0.00478938, 0.0386664, 0.290213, -0.0385537, 0.0217419, -0.99902, 0.851238, -0.00562536, -0.999752, -0.0215408, 1.01737, 0, 0, 0, 1
-0.999228, 0.00483198, 0.0389752, 0.290207, -0.0388605, 0.021909, -0.999004, 0.851263, -0.00568108, -0.999748, -0.0217044, 1.01733, 0, 0, 0, 1
-0.999216, 0.00487473, 0.0392851, 0.290202, -0.0391685, 0.0220768, -0.998989, 0.851287, -0.00573709, -0.999744, -0.0218686, 1.0173, 0, 0, 0, 1
-0.999204, 0.00491763, 0.0395962, 0.290196, -0.0394776, 0.0222453, -0.998973, 0.851312, -0.00579341, -0.99974, -0.0220334, 1.01726, 0, 0, 0, 1
-0.999191, 0.00496068, 0.0399085, 0.290191, -0.0397879, 0.0224144, -0.998957, 0.851337, -0.00585003, -0.999736, -0.0221989, 1.01723, 0, 0, 0, 1
-0.999178, 0.00500388, 0.0402221, 0.290185, -0.0400994, 0.0225841, -0.99894, 0.851362, -0.00590696, -0.999732, -0.0223649, 1.01719, 0, 0, 0, 1
-0.999165, 0.00504722, 0.0405368, 0.290179, -0.040412, 0.0227545, -0.998924, 0.851387, -0.00596419, -0.999728, -0.0225316, 1.01716, 0, 0, 0, 1
-0.999152, 0.00509071, 0.0408527, 0.290173, -0.0407259, 0.0229256, -0.998907, 0.851412, -0.00602172, -0.999724, -0.0226988, 1.01712, 0, 0, 0, 1
-0.999139, 0.00513435, 0.0411698, 0.290168, -0.0410409, 0.0230973, -0.99889, 0.851437, -0.00607957, -0.99972, -0.0228667, 1.01709, 0, 0, 0, 1
-0.999126, 0.00517814, 0.0414881, 0.290162, -0.0413571, 0.0232697, -0.998873, 0.851462, -0.00613772, -0.999716, -0.0230352, 1.01705, 0, 0, 0, 1
-0.999112, 0.00522207, 0.0418076, 0.290156, -0.0416744, 0.0234427, -0.998856, 0.851488, -0.00619618, -0.999712, -0.0232043, 1.01702, 0, 0, 0, 1
-0.999098, 0.00526615, 0.0421284, 0.29015, -0.0419929, 0.0236164, -0.998839, 0.851513, -0.00625495, -0.999707, -0.023374, 1.01698, 0, 0, 0, 1
-0.999084, 0.00531037, 0.0424503, 0.290144, -0.0423126, 0.0237907, -0.998821, 0.851539, -0.00631404, -0.999703, -0.0235443, 1.01695, 0, 0, 0, 1
-0.99907, 0.00535475, 0.0427734, 0.290139, -0.0426335, 0.0239657, -0.998803, 0.851564, -0.00637343, -0.999698, -0.0237152, 1.01691, 0, 0, 0, 1
-0.999056, 0.00539926, 0.0430977, 0.290133, -0.0429555, 0.0241414, -0.998785, 0.85159, -0.00643314, -0.999694, -0.0238867, 1.01687, 0, 0, 0, 1
-0.999042, 0.00544393, 0.0434232, 0.290127, -0.0432787, 0.0243177, -0.998767, 0.851616, -0.00649317, -0.999689, -0.0240588, 1.01684, 0, 0, 0, 1
-0.999027, 0.00548874, 0.0437499, 0.290121, -0.0436031, 0.0244947, -0.998749, 0.851642, -0.00655351, -0.999685, -0.0242315, 1.0168, 0, 0, 0, 1
-0.999013, 0.00553369, 0.0440778, 0.290115, -0.0439286, 0.0246723, -0.99873, 0.851668, -0.00661416, -0.99968, -0.0244049, 1.01676, 0, 0, 0, 1
-0.998998, 0.00557879, 0.0444069, 0.290109, -0.0442554, 0.0248506, -0.998711, 0.851694, -0.00667513, -0.999676, -0.0245788, 1.01673, 0, 0, 0, 1
-0.998983, 0.00562403, 0.0447372, 0.290103, -0.0445832, 0.0250295, -0.998692, 0.85172, -0.00673643, -0.999671, -0.0247533, 1.01669, 0, 0, 0, 1
-0.998968, 0.00566942, 0.0450687, 0.290097, -0.0449123, 0.0252091, -0.998673, 0.851747, -0.00679804, -0.999666, -0.0249285, 1.01665, 0, 0, 0, 1
