-0.999999, -0.000797434, -0.000797196, 0.290901, 0.000796858, 0.000424669, -1, 0.848124, 0.000797772, -1, -0.000424033, 1.02183, 0, 0, 0, 1
-0.999999, -0.000797436, -0.000797593, 0.290901, 0.000797255, 0.00042515, -1, 0.848124, 0.000797774, -1, -0.000424514, 1.02183, 0, 0, 0, 1
-0.999999, -0.00079744, -0.000798786, 0.290901, 0.000798446, 0.000426595, -1, 0.848125, 0.000797781, -1, -0.000425958, 1.02183, 0, 0, 0, 1
-0.999999, -0.000797448, -0.000800772, 0.290901, 0.00080043, 0.000429002, -1, 0.848125, 0.000797791, -1, -0.000428363, 1.02183, 0, 0, 0, 1
-0.999999, -0.000797458, -0.000803554, 0.290901, 0.000803209, 0.000432372, -1, 0.848126, 0.000797805, -1, -0.000431732, 1.02183, 0, 0, 0, 1
-0.999999, -0.000797472, -0.00080713, 0.2909, 0.000806782, 0.000436706, -1, 0.848126, 0.000797824, -1, -0.000436062, 1.02183, 0, 0, 0, 1
-0.999999, -0.000797489, -0.000811501, 0.2909, 0.000811149, 0.000442002, -1, 0.848127, 0.000797847, -1, -0.000441355, 1.02183, 0, 0, 0, 1
-0.999999, -0.000797508, -0.000816667, 0.2909, 0.00081631, 0.000448261, -1, 0.848129, 0.000797874, -1, -0.00044761, 1.02183, 0, 0, 0, 1
-0.999999, -0.000797531, -0.000822628, 0.290899, 0.000822265, 0.000455483, -1, 0.84813, 0.000797905, -1, -0.000454827, 1.02183, 0, 0, 0, 1
-0.999999, -0.000797557, -0.000829383, 0.290899, 0.000829014, 0.000463668, -1, 0.848132, 0.000797941, -1, -0.000463006, 1.02183, 0, 0, 0, 1
-0.999999, -0.000797586, -0.000836933, 0.290898, 0.000836556, 0.000472816, -1, 0.848133, 0.000797981, -1, -0.000472148, 1.02183, 0, 0, 0, 1
-0.999999, -0.000797618, -0.000845278, 0.290898, 0.000844893, 0.000482927, -1, 0.848135, 0.000798026, -1, -0.000482252, 1.02183, 0, 0, 0, 1
-0.999999, -0.000797653, -0.000854418, 0.290897, 0.000854024, 0.000494, -1, 0.848137, 0.000798074, -1, -0.000493319, 1.02183, 0, 0, 0, 1
-0.999999, -0.000797691, -0.000864352, 0.290896, 0.000863949, 0.000506037, -0.999999, 0.84814, 0.000798128, -1, -0.000505348, 1.02183, 0, 0, 0, 1
-0.999999, -0.000797732, -0.000875081, 0.290895, 0.000874667, 0.000519037, -0.999999, 0.848142, 0.000798186, -1, -0.000518339, 1.02182, 0, 0, 0, 1
-0.999999, -0.000797776, -0.000886605, 0.290895, 0.00088618, 0.000533, -0.999999, 0.848145, 0.000798249, -1, -0.000532292, 1.02182, 0, 0, 0, 1
-0.999999, -0.000797824, -0.000898924, 0.290894, 0.000898487, 0.000547925, -0.999999, 0.848147, 0.000798316, -1, -0.000547208, 1.02182, 0, 0, 0, 1
-0.999999, -0.000797875, -0.000912037, 0.290893, 0.000911587, 0.000563814, -0.999999, 0.84815, 0.000798388, -1, -0.000563086, 1.02182, 0, 0, 0, 1
-0.999999, -0.000797929, -0.000925945, 0.290892, 0.000925482, 0.000580665, -0.999999, 0.848154, 0.000798466, -1, -0.000579926, 1.02182, 0, 0, 0, 1
-0.999999, -0.000797986, -0.000940648, 0.290891, 0.00094017, 0.000598479, -0.999999, 0.848157, 0.000798548, -1, -0.000597729, 1.02182, 0, 0, 0, 1
-0.999999, -0.000798046, -0.000956145, 0.29089, 0.000955653, 0.000617257, -0.999999, 0.84816, 0.000798635, -0.999999, -0.000616494, 1.02181, 0, 0, 0, 1
-0.999999, -0.000798109, -0.000972438, 0.290889, 0.000971929, 0.000636997, -0.999999, 0.848164, 0.000798728, -0.999999, -0.000636221, 1.02181, 0, 0, 0, 1
-0.999999, -0.000798176, -0.000989525, 0.290887, 0.000989, 0.0006577, -0.999999, 0.848168, 0.000798826, -0.999999, -0.00065691, 1.02181, 0, 0, 0, 1
-0.999999, -0.000798246, -0.00100741, 0.290886, 0.00100686, 0.000679366, -0.999999, 0.848172, 0.00079893, -0.999999, -0.000678562, 1.02181, 0, 0, 0, 1
-0.999999, -0.00079832, -0.00102608, 0.290885, 0.00102552, 0.000701995, -0.999999, 0.848176, 0.000799039, -0.999999, -0.000701176, 1.0218, 0, 0, 0, 1
-0.999999, -0.000798396, -0.00104555, 0.290883, 0.00104498, 0.000725587, -0.999999, 0.848181, 0.000799154, -0.999999, -0.000724752, 1.0218, 0, 0, 0, 1
-0.999999, -0.000798476, -0.00106582, 0.290882, 0.00106522, 0.000750142, -0.999999, 0.848185, 0.000799275, -0.999999, -0.000749291, 1.0218, 0, 0, 0, 1
-0.999999, -0.00079856, -0.00108688, 0.29088, 0.00108626, 0.00077566, -0.999999, 0.84819, 0.000799402, -0.999999, -0.000774792, 1.0218, 0, 0, 0, 1
-0.999999, -0.000798647, -0.00110874, 0.290879, 0.0011081, 0.000802141, -0.999999, 0.848195, 0.000799535, -0.999999, -0.000801255, 1.02179, 0, 0, 0, 1
-0.999999, -0.000798737, -0.00113139, 0.290877, 0.00113072, 0.000829585, -0.999999, 0.8482, 0.000799675, -0.999999, -0.000828681, 1.02179, 0, 0, 0, 1
-0.999999, -0.000798831, -0.00115483, 0.290876, 0.00115415, 0.000857992, -0.999999, 0.848206, 0.000799821, -0.999999, -0.000857069, 1.02179, 0, 0, 0, 1
-0.999999, -0.000798928, -0.00117907, 0.290874, 0.00117836, 0.000887361, -0.999999, 0.848211, 0.000799973, -0.999999, -0.000886419, 1.02178, 0, 0, 0, 1
-0.999999, -0.000799029, -0.00120411, 0.290872, 0.00120337, 0.000917694, -0.999999, 0.848217, 0.000800133, -0.999999, -0.000916731, 1.02178, 0, 0, 0, 1
-0.999999, -0.000799133, -0.00122994, 0.29087, 0.00122918, 0.000948989, -0.999999, 0.848223, 0.000800299, -0.999999, -0.000948006, 1.02178, 0, 0, 0, 1
-0.999999, -0.000799241, -0.00125656, 0.290868, 0.00125578, 0.000981248, -0.999999, 0.848229, 0.000800473, -0.999999, -0.000980243, 1.02177, 0, 0, 0, 1
-0.999999, -0.000799353, -0.00128398, 0.290866, 0.00128317, 0.00101447, -0.999999, 0.848235, 0.000800654, -0.999999, -0.00101344, 1.02177, 0, 0, 0, 1
-0.999999, -0.000799468, -0.00131219, 0.290864, 0.00131135, 0.00104865, -0.999999, 0.848242, 0.000800843, -0.999999, -0.0010476, 1.02177, 0, 0, 0, 1
-0.999999, -0.000799587, -0.0013412, 0.290862, 0.00134033, 0.0010838, -0.999999, 0.848248, 0.00080104, -0.999999, -0.00108273, 1.02176, 0, 0, 0, 1
-0.999999, -0.00079971, -0.001371, 0.29086, 0.00137011, 0.00111991, -0.999998, 0.848255, 0.000801244, -0.999999, -0.00111881, 1.02176, 0, 0, 0, 1
-0.999999, -0.000799837, -0.0014016, 0.290858, 0.00140067, 0.00115698, -0.999998, 0.848262, 0.000801457, -0.999999, -0.00115586, 1.02175, 0, 0, 0, 1
-0.999999, -0.000799967, -0.00143299, 0.290856, 0.00143204, 0.00119502, -0.999998, 0.848269, 0.000801678, -0.999999, -0.00119387, 1.02175, 0, 0, 0, 1
-0.999999, -0.000800102, -0.00146518, 0.290853, 0.00146419, 0.00123402, -0.999998, 0.848276, 0.000801908, -0.999999, -0.00123285, 1.02175, 0, 0, 0, 1
-0.999999, -0.00080024, -0.00149816, 0.290851, 0.00149714, 0.00127398, -0.999998, 0.848284, 0.000802147, -0.999999, -0.00127278, 1.02174, 0, 0, 0, 1
-0.999999, -0.000800382, -0.00153194, 0.290849, 0.00153089, 0.00131491, -0.999998, 0.848292, 0.000802395, -0.999999, -0.00131368, 1.02174, 0, 0, 0, 1
-0.999998, -0.000800529, -0.00156651, 0.290846, 0.00156542, 0.00135679, -0.999998, 0.8483, 0.000802652, -0.999999, -0.00135554, 1.02173, 0, 0, 0, 1
-0.999998, -0.000800679, -0.00160188, 0.290844, 0.00160075, 0.00139964, -0.999998, 0.848308, 0.000802919, -0.999999, -0.00139836, 1.02173, 0, 0, 0, 1
-0.999998, -0.000800834, -0.00163804, 0.290841, 0.00163688, 0.00144346, -0.999998, 0.848316, 0.000803196, -0.999999, -0.00144214, 1.02172, 0, 0, 0, 1
-0.999998, -0.000800992, -0.00167499, 0.290838, 0.0016738, 0.00148823, -0.999997, 0.848324, 0.000803483, -0.999999, -0.00148689, 1.02172, 0, 0, 0, 1
-0.999998, -0.000801155, -0.00171274, 0.290836, 0.00171151, 0.00153397, -0.999997, 0.848333, 0.00080378, -0.999999, -0.0015326, 1.02171, 0, 0, 0, 1
-0.999998, -0.000801322, -0.00175129, 0.290833, 0.00175002, 0.00158068, -0.999997, 0.848342, 0.000804088, -0.999998, -0.00157927, 1.02171, 0, 0, 0, 1
-0.999998, -0.000801494, -0.00179063, 0.29083, 0.00178932, 0.00162834, -0.999997, 0.848351, 0.000804407, -0.999998, -0.0016269, 1.0217, 0, 0, 0, 1
-0.999998, -0.00080167, -0.00183076, 0.290827, 0.00182942, 0.00167697, -0.999997, 0.84836, 0.000804737, -0.999998, -0.0016755, 1.0217, 0, 0, 0, 1
-0.999998, -0.00080185, -0.00187169, 0.290824, 0.00187031, 0.00172656, -0.999997, 0.848369, 0.000805079, -0.999998, -0.00172506, 1.02169, 0, 0, 0, 1
-0.999998, -0.000802035, -0.00191342, 0.290821, 0.00191199, 0.00177712, -0.999997, 0.848379, 0.000805432, -0.999998, -0.00177558, 1.02169, 0, 0, 0, 1
-0.999998, -0.000802224, -0.00195594, 0.290818, 0.00195447, 0.00182863, -0.999996, 0.848388, 0.000805798, -0.999998, -0.00182706, 1.02168, 0, 0, 0, 1
-0.999998, -0.000802418, -0.00199925, 0.290815, 0.00199774, 0.00188111, -0.999996, 0.848398, 0.000806176, -0.999998, -0.00187951, 1.02168, 0, 0, 0, 1
-0.999998, -0.000802617, -0.00204336, 0.290812, 0.0020418, 0.00193456, -0.999996, 0.848408, 0.000806566, -0.999998, -0.00193291, 1.02167, 0, 0, 0, 1
-0.999997, -0.00080282, -0.00208826, 0.290809, 0.00208666, 0.00198896, -0.999996, 0.848419, 0.00080697, -0.999998, -0.00198728, 1.02166, 0, 0, 0, 1
-0.999997, -0.000803028, -0.00213396, 0.290806, 0.00213231, 0.00204433, -0.999996, 0.848429, 0.000807387, -0.999998, -0.00204261, 1.02166, 0, 0, 0, 1
-0.999997, -0.000803241, -0.00218045, 0.290802, 0.00217876, 0.00210066, -0.999995, 0.84844, 0.000807818, -0.999997, -0.00209891, 1.02165, 0, 0, 0, 1
-0.999997, -0.000803459, -0.00222774, 0.290799, 0.002226, 0.00215796, -0.999995, 0.84845, 0.000808262, -0.999997, -0.00215616, 1.02164, 0, 0, 0, 1
-0.999997, -0.000803682, -0.00227582, 0.290796, 0.00227403, 0.00221621, -0.999995, 0.848461, 0.000808721, -0.999997, -0.00221438, 1.02164, 0, 0, 0, 1
-0.999997, -0.000803909, -0.0023247, 0.290792, 0.00232286, 0.00227544, -0.999995, 0.848472, 0.000809195, -0.999997, -0.00227356, 1.02163, 0, 0, 0, 1
-0.999997, -0.000804142, -0.00237437, 0.290789, 0.00237249, 0.00233562, -0.999994, 0.848484, 0.000809684, -0.999997, -0.0023337, 1.02163, 0, 0, 0, 1
-0.999997, -0.000804381, -0.00242484, 0.290785, 0.0024229, 0.00239676, -0.999994, 0.848495, 0.000810188, -0.999997, -0.00239481, 1.02162, 0, 0, 0, 1
-0.999997, -0.000804624, -0.0024761, 0.290781, 0.00247411, 0.00245887, -0.999994, 0.848507, 0.000810707, -0.999997, -0.00245687, 1.02161, 0, 0, 0, 1
-0.999996, -0.000804873, -0.00252815, 0.290778, 0.00252611, 0.00252195, -0.999994, 0.848519, 0.000811243, -0.999996, -0.0025199, 1.02161, 0, 0, 0, 1
-0.999996, -0.000805127, -0.002581, 0.290774, 0.00257891, 0.00258598, -0.999993, 0.848531, 0.000811796, -0.999996, -0.0025839, 1.0216, 0, 0, 0, 1
-0.999996, -0.000805386, -0.00263465, 0.29077, 0.0026325, 0.00265098, -0.999993, 0.848543, 0.000812365, -0.999996, -0.00264885, 1.02159, 0, 0, 0, 1
-0.999996, -0.000805651, -0.00268909, 0.290766, 0.00268689, 0.00271694, -0.999993, 0.848556, 0.000812951, -0.999996, -0.00271476, 1.02158, 0, 0, 0, 1
-0.999996, -0.000805922, -0.00274432, 0.290762, 0.00274207, 0.00278386, -0.999992, 0.848568, 0.000813556, -0.999996, -0.00278164, 1.02158, 0, 0, 0, 1
-0.999996, -0.000806198, -0.00280035, 0.290758, 0.00279804, 0.00285175, -0.999992, 0.848581, 0.000814178, -0.999996, -0.00284948, 1.02157, 0, 0, 0, 1
-0.999996, -0.00080648, -0.00285718, 0.290754, 0.00285481, 0.0029206, -0.999992, 0.848594, 0.000814818, -0.999995, -0.00291829, 1.02156, 0, 0, 0, 1
-0.999995, -0.000806768, -0.0029148, 0.29075, 0.00291237, 0.00299041, -0.999991, 0.848607, 0.000815478, -0.999995, -0.00298805, 1.02155, 0, 0, 0, 1
-0.999995, -0.000807062, -0.00297321, 0.290746, 0.00297073, 0.00306119, -0.999991, 0.84862, 0.000816156, -0.999995, -0.00305878, 1.02155, 0, 0, 0, 1
-0.999995, -0.000807362, -0.00303242, 0.290742, 0.00302987, 0.00313293, -0.999991, 0.848634, 0.000816854, -0.999995, -0.00313047, 1.02154, 0, 0, 0, 1
-0.999995, -0.000807668, -0.00309242, 0.290737, 0.00308982, 0.00320563, -0.99999, 0.848648, 0.000817573, -0.999995, -0.00320312, 1.02153, 0, 0, 0, 1
-0.999995, -0.00080798, -0.00315322, 0.290733, 0.00315055, 0.00327929, -0.99999, 0.848661, 0.000818312, -0.999994, -0.00327673, 1.02152, 0, 0, 0, 1
-0.999995, -0.000808298, -0.00321481, 0.290729, 0.00321208, 0.00335392, -0.999989, 0.848675, 0.000819071, -0.999994, -0.00335131, 1.02151, 0, 0, 0, 1
-0.999994, -0.000808623, -0.0032772, 0.290724, 0.00327441, 0.00342951, -0.999989, 0.84869, 0.000819853, -0.999994, -0.00342684, 1.02151, 0, 0, 0, 1
-0.999994, -0.000808953, -0.00334038, 0.29072, 0.00333752, 0.00350606, -0.999988, 0.848704, 0.000820656, -0.999994, -0.00350334, 1.0215, 0, 0, 0, 1
-0.999994, -0.000809291, -0.00340436, 0.290715, 0.00340144, 0.00358358, -0.999988, 0.848719, 0.000821481, -0.999993, -0.0035808, 1.02149, 0, 0, 0, 1
-0.999994, -0.000809635, -0.00346913, 0.29071, 0.00346614, 0.00366206, -0.999987, 0.848733, 0.000822329, -0.999993, -0.00365923, 1.02148, 0, 0, 0, 1
-0.999993, -0.000809986, -0.0035347, 0.290706, 0.00353164, 0.0037415, -0.999987, 0.848748, 0.0008232, -0.999993, -0.00373861, 1.02147, 0, 0, 0, 1
-0.999993, -0.000810343, -0.00360106, 0.290701, 0.00359793, 0.0038219, -0.999986, 0.848764, 0.000824095, -0.999992, -0.00381896, 1.02146, 0, 0, 0, 1
-0.999993, -0.000810707, -0.00366821, 0.290696, 0.00366502, 0.00390327, -0.999986, 0.848779, 0.000825014, -0.999992, -0.00390027, 1.02145, 0, 0, 0, 1
-0.999993, -0.000811079, -0.00373616, 0.290691, 0.0037329, 0.0039856, -0.999985, 0.848794, 0.000825957, -0.999992, -0.00398254, 1.02145, 0, 0, 0, 1
-0.999992, -0.000811457, -0.00380491, 0.290686, 0.00380158, 0.00406889, -0.999984, 0.84881, 0.000826926, -0.999991, -0.00406578, 1.02144, 0, 0, 0, 1
-0.999992, -0.000811842, -0.00387445, 0.290681, 0.00387104, 0.00415315, -0.999984, 0.848826, 0.00082792, -0.999991, -0.00414998, 1.02143, 0, 0, 0, 1
-0.999992, -0.000812235, -0.00394478, 0.290676, 0.00394131, 0.00423837, -0.999983, 0.848842, 0.000828941, -0.999991, -0.00423513, 1.02142, 0, 0, 0, 1
-0.999992, -0.000812635, -0.00401591, 0.290671, 0.00401236, 0.00432455, -0.999983, 0.848858, 0.000829988, -0.99999, -0.00432125, 1.02141, 0, 0, 0, 1
-0.999991, -0.000813042, -0.00408784, 0.290666, 0.00408421, 0.0044117, -0.999982, 0.848875, 0.000831062, -0.99999, -0.00440834, 1.0214, 0, 0, 0, 1
-0.999991, -0.000813457, -0.00416055, 0.290661, 0.00415685, 0.0044998, -0.999981, 0.848891, 0.000832163, -0.99999, -0.00449638, 1.02139, 0, 0, 0, 1
-0.999991, -0.00081388, -0.00423407, 0.290656, 0.00423029, 0.00458887, -0.999981, 0.848908, 0.000833293, -0.999989, -0.00458539, 1.02138, 0, 0, 0, 1
-0.99999, -0.00081431, -0.00430838, 0.29065, 0.00430452, 0.00467891, -0.99998, 0.848925, 0.000834452, -0.999989, -0.00467536, 1.02137, 0, 0, 0, 1
-0.99999, -0.000814748, -0.00438348, 0.290645, 0.00437955, 0.0047699, -0.999979, 0.848942, 0.000835639, -0.999988, -0.00476629, 1.02136, 0, 0, 0, 1
-0.99999, -0.000815193, -0.00445938, 0.290639, 0.00445536, 0.00486186, -0.999978, 0.84896, 0.000836857, -0.999988, -0.00485818, 1.02135, 0, 0, 0, 1
-0.999989, -0.000815647, -0.00453607, 0.290634, 0.00453198, 0.00495478, -0.999977, 0.848977, 0.000838104, -0.999987, -0.00495104, 1.02134, 0, 0, 0, 1
-0.999989, -0.000816109, -0.00461356, 0.290628, 0.00460938, 0.00504867, -0.999977, 0.848995, 0.000839383, -0.999987, -0.00504485, 1.02133, 0, 0, 0, 1
-0.999989, -0.00081658, -0.00469184, 0.290623, 0.00468758, 0.00514352, -0.999976, 0.849013, 0.000840692, -0.999986, -0.00513963, 1.02132, 0, 0, 0, 1
-0.999988, -0.000817058, -0.00477092, 0.290617, 0.00476657, 0.00523933, -0.999975, 0.849031, 0.000842034, -0.999986, -0.00523537, 1.02131, 0, 0, 0, 1
-0.999988, -0.000817545, -0.00485079, 0.290611, 0.00484636, 0.0053361, -0.999974, 0.849049, 0.000843408, -0.999985, -0.00533207, 1.0213, 0, 0, 0, 1
-0.999988, -0.000818041, -0.00493145, 0.290606, 0.00492694, 0.00543384, -0.999973, 0.849067, 0.000844815, -0.999985, -0.00542974, 1.02129, 0, 0, 0, 1
-0.999987, -0.000818545, -0.00501292, 0.2906, 0.00500831, 0.00553254, -0.999972, 0.849086, 0.000846256, -0.999984, -0.00552837, 1.02128, 0, 0, 0, 1
-0.999987, -0.000819058, -0.00509517, 0.290594, 0.00509048, 0.0056322, -0.999971, 0.849105, 0.000847731, -0.999984, -0.00562795, 1.02127, 0, 0, 0, 1
-0.999986, -0.00081958, -0.00517822, 0.290588, 0.00517344, 0.00573282, -0.99997, 0.849124, 0.000849241, -0.999983, -0.0057285, 1.02126, 0, 0, 0, 1
-0.999986, -0.000820111, -0.00526207, 0.290582, 0.00525719, 0.00583441, -0.999969, 0.849143, 0.000850786, -0.999983, -0.00583002, 1.02125, 0, 0, 0, 1
-0.999985, -0.000820651, -0.00534671, 0.290576, 0.00534174, 0.00593696, -0.999968, 0.849162, 0.000852368, -0.999982, -0.00593249, 1.02123, 0, 0, 0, 1
-0.999985, -0.0008212, -0.00543214, 0.29057, 0.00542708, 0.00604047, -0.999967, 0.849182, 0.000853985, -0.999981, -0.00603593, 1.02122, 0, 0, 0, 1
-0.999984, -0.000821758, -0.00551837, 0.290564, 0.00551322, 0.00614495, -0.999966, 0.849201, 0.00085564, -0.999981, -0.00614032, 1.02121, 0, 0, 0, 1
-0.999984, -0.000822326, -0.00560539, 0.290557, 0.00560015, 0.00625039, -0.999965, 0.849221, 0.000857333, -0.99998, -0.00624568, 1.0212, 0, 0, 0, 1
-0.999983, -0.000822904, -0.00569321, 0.290551, 0.00568787, 0.00635679, -0.999964, 0.849241, 0.000859064, -0.999979, -0.00635201, 1.02119, 0, 0, 0, 1
-0.999983, -0.000823491, -0.00578183, 0.290545, 0.00577639, 0.00646416, -0.999962, 0.849262, 0.000860835, -0.999979, -0.00645929, 1.02118, 0, 0, 0, 1
-0.999982, -0.000824088, -0.00587124, 0.290538, 0.00586569, 0.00657248, -0.999961, 0.849282, 0.000862645, -0.999978, -0.00656753, 1.02117, 0, 0, 0, 1
-0.999982, -0.000824695, -0.00596144, 0.290532, 0.0059558, 0.00668177, -0.99996, 0.849303, 0.000864495, -0.999977, -0.00667674, 1.02115, 0, 0, 0, 1
-0.999981, -0.000825312, -0.00605244, 0.290525, 0.00604669, 0.00679203, -0.999959, 0.849323, 0.000866386, -0.999977, -0.00678691, 1.02114, 0, 0, 0, 1
-0.999981, -0.000825939, -0.00614423, 0.290519, 0.00613838, 0.00690324, -0.999957, 0.849344, 0.000868319, -0.999976, -0.00689804, 1.02113, 0, 0, 0, 1
-0.99998, -0.000826577, -0.00623682, 0.290512, 0.00623087, 0.00701542, -0.999956, 0.849366, 0.000870294, -0.999975, -0.00701013, 1.02112, 0, 0, 0, 1
-0.99998, -0.000827225, -0.0063302, 0.290505, 0.00632414, 0.00712856, -0.999955, 0.849387, 0.000872313, -0.999974, -0.00712319, 1.02111, 0, 0, 0, 1
-0.999979, -0.000827884, -0.00642437, 0.290498, 0.00641821, 0.00724267, -0.999953, 0.849408, 0.000874374, -0.999973, -0.0072372, 1.02109, 0, 0, 0, 1
-0.999978, -0.000828553, -0.00651935, 0.290492, 0.00651308, 0.00735773, -0.999952, 0.84943, 0.00087648, -0.999973, -0.00735218, 1.02108, 0, 0, 0, 1
-0.999978, -0.000829233, -0.00661511, 0.290485, 0.00660873, 0.00747376, -0.99995, 0.849452, 0.000878631, -0.999972, -0.00746812, 1.02107, 0, 0, 0, 1
-0.999977, -0.000829924, -0.00671167, 0.290478, 0.00670518, 0.00759076, -0.999949, 0.849474, 0.000880828, -0.999971, -0.00758502, 1.02106, 0, 0, 0, 1
-0.999976, -0.000830626, -0.00680903, 0.290471, 0.00680243, 0.00770871, -0.999947, 0.849496, 0.000883071, -0.99997, -0.00770288, 1.02104, 0, 0, 0, 1
-0.999976, -0.000831339, -0.00690718, 0.290464, 0.00690046, 0.00782763, -0.999946, 0.849519, 0.000885361, -0.999969, -0.0078217, 1.02103, 0, 0, 0, 1
-0.999975, -0.000832064, -0.00700612, 0.290457, 0.00699929, 0.00794751, -0.999944, 0.849541, 0.000887699, -0.999968, -0.00794149, 1.02102, 0, 0, 0, 1
-0.999974, -0.0008328, -0.00710586, 0.290449, 0.00709892, 0.00806835, -0.999942, 0.849564, 0.000890085, -0.999967, -0.00806224, 1.021, 0, 0, 0, 1
-0.999974, -0.000833548, -0.0072064, 0.290442, 0.00719933, 0.00819016, -0.999941, 0.849587, 0.00089252, -0.999966, -0.00818394, 1.02099, 0, 0, 0, 1
-0.999973, -0.000834308, -0.00730773, 0.290435, 0.00730054, 0.00831293, -0.999939, 0.84961, 0.000895005, -0.999965, -0.00830661, 1.02098, 0, 0, 0, 1
-0.999972, -0.000835079, -0.00740985, 0.290428, 0.00740254, 0.00843666, -0.999937, 0.849634, 0.000897541, -0.999964, -0.00843024, 1.02096, 0, 0, 0, 1
-0.999971, -0.000835863, -0.00751277, 0.29042, 0.00750534, 0.00856136, -0.999935, 0.849657, 0.000900128, -0.999963, -0.00855484, 1.02095, 0, 0, 0, 1
-0.999971, -0.000836658, -0.00761648, 0.290413, 0.00760893, 0.00868701, -0.999933, 0.849681, 0.000902767, -0.999962, -0.00868039, 1.02094, 0, 0, 0, 1
-0.99997, -0.000837466, -0.00772099, 0.290405, 0.00771331, 0.00881363, -0.999931, 0.849705, 0.000905459, -0.999961, -0.00880691, 1.02092, 0, 0, 0, 1
-0.999969, -0.000838287, -0.00782629, 0.290398, 0.00781849, 0.00894122, -0.999929, 0.849729, 0.000908204, -0.99996, -0.00893438, 1.02091, 0, 0, 0, 1
-0.999968, -0.00083912, -0.00793239, 0.29039, 0.00792446, 0.00906976, -0.999927, 0.849753, 0.000911004, -0.999959, -0.00906282, 1.0209, 0, 0, 0, 1
-0.999967, -0.000839965, -0.00803928, 0.290382, 0.00803122, 0.00919927, -0.999925, 0.849778, 0.000913858, -0.999957, -0.00919222, 1.02088, 0, 0, 0, 1
-0.999966, -0.000840824, -0.00814697, 0.290374, 0.00813877, 0.00932974, -0.999923, 0.849802, 0.000916769, -0.999956, -0.00932258, 1.02087, 0, 0, 0, 1
-0.999966, -0.000841696, -0.00825545, 0.290367, 0.00824712, 0.00946117, -0.999921, 0.849827, 0.000919736, -0.999955, -0.00945391, 1.02085, 0, 0, 0, 1
-0.999965, -0.000842581, -0.00836473, 0.290359, 0.00835626, 0.00959357, -0.999919, 0.849852, 0.00092276, -0.999954, -0.00958619, 1.02084, 0, 0, 0, 1
-0.999964, -0.000843479, -0.0084748, 0.290351, 0.0084662, 0.00972693, -0.999917, 0.849877, 0.000925843, -0.999952, -0.00971943, 1.02083, 0, 0, 0, 1
-0.999963, -0.000844391, -0.00858567, 0.290343, 0.00857692, 0.00986125, -0.999915, 0.849903, 0.000928984, -0.999951, -0.00985364, 1.02081, 0, 0, 0, 1
-0.999962, -0.000845316, -0.00869733, 0.290335, 0.00868844, 0.00999653, -0.999912, 0.849928, 0.000932185, -0.99995, -0.00998881, 1.0208, 0, 0, 0, 1
-0.999961, -0.000846255, -0.00880978, 0.290327, 0.00880076, 0.0101328, -0.99991, 0.849954, 0.000935447, -0.999948, -0.0101249, 1.02078, 0, 0, 0, 1
-0.99996, -0.000847208, -0.00892303, 0.290319, 0.00891386, 0.01027, -0.999908, 0.84998, 0.00093877, -0.999947, -0.010262, 1.02077, 0, 0, 0, 1
-0.999959, -0.000848176, -0.00903708, 0.29031, 0.00902776, 0.0104082, -0.999905, 0.850006, 0.000942154, -0.999945, -0.0104001, 1.02075, 0, 0, 0, 1
-0.999958, -0.000849157, -0.00915192, 0.290302, 0.00914245, 0.0105473, -0.999903, 0.850032, 0.000945602, -0.999944, -0.0105391, 1.02074, 0, 0, 0, 1
-0.999957, -0.000850153, -0.00926755, 0.290294, 0.00925794, 0.0106874, -0.9999, 0.850059, 0.000949114, -0.999943, -0.0106791, 1.02072, 0, 0, 0, 1
-0.999956, -0.000851163, -0.00938398, 0.290285, 0.00937421, 0.0108285, -0.999897, 0.850085, 0.00095269, -0.999941, -0.01082, 1.02071, 0, 0, 0, 1
-0.999954, -0.000852189, -0.0095012, 0.290277, 0.00949128, 0.0109705, -0.999895, 0.850112, 0.000956332, -0.999939, -0.0109619, 1.02069, 0, 0, 0, 1
-0.999953, -0.000853229, -0.00961922, 0.290268, 0.00960915, 0.0111135, -0.999892, 0.850139, 0.000960039, -0.999938, -0.0111047, 1.02068, 0, 0, 0, 1
-0.999952, -0.000854284, -0.00973803, 0.29026, 0.0097278, 0.0112574, -0.999889, 0.850166, 0.000963814, -0.999936, -0.0112486, 1.02066, 0, 0, 0, 1
-0.999951, -0.000855354, -0.00985764, 0.290251, 0.00984725, 0.0114023, -0.999887, 0.850194, 0.000967657, -0.999935, -0.0113933, 1.02065, 0, 0, 0, 1
-0.99995, -0.00085644, -0.00997804, 0.290242, 0.00996749, 0.0115482, -0.999884, 0.850221, 0.000971568, -0.999933, -0.0115391, 1.02063, 0, 0, 0, 1
-0.999949, -0.000857541, -0.0100992, 0.290234, 0.0100885, 0.011695, -0.999881, 0.850249, 0.00097555, -0.999931, -0.0116858, 1.02061, 0, 0, 0, 1
-0.999947, -0.000858658, -0.0102212, 0.290225, 0.0102104, 0.0118428, -0.999878, 0.850277, 0.000979601, -0.99993, -0.0118334, 1.0206, 0, 0, 0, 1
-0.999946, -0.000859791, -0.010344, 0.290216, 0.010333, 0.0119916, -0.999875, 0.850305, 0.000983724, -0.999928, -0.0119821, 1.02058, 0, 0, 0, 1
-0.999945, -0.000860939, -0.0104676, 0.290207, 0.0104564, 0.0121413, -0.999872, 0.850333, 0.000987919, -0.999926, -0.0121316, 1.02057, 0, 0, 0, 1
-0.999944, -0.000862105, -0.010592, 0.290198, 0.0105806, 0.012292, -0.999868, 0.850362, 0.000992188, -0.999924, -0.0122822, 1.02055, 0, 0, 0, 1
-0.999942, -0.000863286, -0.0107171, 0.290189, 0.0107056, 0.0124436, -0.999865, 0.850391, 0.00099653, -0.999922, -0.0124337, 1.02053, 0, 0, 0, 1
-0.999941, -0.000864484, -0.0108431, 0.29018, 0.0108314, 0.0125963, -0.999862, 0.850419, 0.00100095, -0.99992, -0.0125861, 1.02052, 0, 0, 0, 1
-0.999939, -0.000865699, -0.0109699, 0.290171, 0.0109579, 0.0127498, -0.999859, 0.850448, 0.00100544, -0.999918, -0.0127396, 1.0205, 0, 0, 0, 1
-0.999938, -0.00086693, -0.0110974, 0.290161, 0.0110853, 0.0129044, -0.999855, 0.850478, 0.00101001, -0.999916, -0.012894, 1.02049, 0, 0, 0, 1
-0.999937, -0.000868179, -0.0112258, 0.290152, 0.0112135, 0.0130599, -0.999852, 0.850507, 0.00101466, -0.999914, -0.0130493, 1.02047, 0, 0, 0, 1
-0.999935, -0.000869445, -0.0113549, 0.290143, 0.0113424, 0.0132163, -0.999848, 0.850537, 0.00101938, -0.999912, -0.0132056, 1.02045, 0, 0, 0, 1
-0.999934, -0.000870728, -0.0114849, 0.290133, 0.0114722, 0.0133737, -0.999845, 0.850566, 0.00102419, -0.99991, -0.0133629, 1.02043, 0, 0, 0, 1
-0.999932, -0.000872029, -0.0116156, 0.290124, 0.0116027, 0.0135321, -0.999841, 0.850596, 0.00102907, -0.999908, -0.0135211, 1.02042, 0, 0, 0, 1
-0.999931, -0.000873347, -0.0117471, 0.290114, 0.0117341, 0.0136915, -0.999837, 0.850627, 0.00103404, -0.999906, -0.0136803, 1.0204, 0, 0, 0, 1
-0.999929, -0.000874684, -0.0118794, 0.290105, 0.0118662, 0.0138518, -0.999834, 0.850657, 0.00103909, -0.999904, -0.0138404, 1.02038, 0, 0, 0, 1
-0.999927, -0.000876039, -0.0120126, 0.290095, 0.0119991, 0.0140131, -0.99983, 0.850687, 0.00104422, -0.999901, -0.0140015, 1.02037, 0, 0, 0, 1
-0.999926, -0.000877412, -0.0121465, 0.290085, 0.0121328, 0.0141753, -0.999826, 0.850718, 0.00104944, -0.999899, -0.0141636, 1.02035, 0, 0, 0, 1
-0.999924, -0.000878803, -0.0122812, 0.290076, 0.0122673, 0.0143385, -0.999822, 0.850749, 0.00105474, -0.999897, -0.0143266, 1.02033, 0, 0, 0, 1
-0.999923, -0.000880213, -0.0124167, 0.290066, 0.0124026, 0.0145026, -0.999818, 0.85078, 0.00106013, -0.999894, -0.0144906, 1.02031, 0, 0, 0, 1
-0.999921, -0.000881642, -0.012553, 0.290056, 0.0125387, 0.0146678, -0.999814, 0.850811, 0.0010656, -0.999892, -0.0146556, 1.0203, 0, 0, 0, 1
-0.999919, -0.00088309, -0.0126901, 0.290046, 0.0126756, 0.0148339, -0.99981, 0.850843, 0.00107116, -0.99989, -0.0148215, 1.02028, 0, 0, 0, 1
-0.999917, -0.000884558, -0.012828, 0.290036, 0.0128133, 0.0150009, -0.999805, 0.850874, 0.00107682, -0.999887, -0.0149883, 1.02026, 0, 0, 0, 1
-0.999916, -0.000886044, -0.0129666, 0.290026, 0.0129517, 0.0151689, -0.999801, 0.850906, 0.00108256, -0.999885, -0.0151562, 1.02024, 0, 0, 0, 1
-0.999914, -0.000887551, -0.0131061, 0.290016, 0.013091, 0.0153379, -0.999797, 0.850938, 0.00108839, -0.999882, -0.0153249, 1.02023, 0, 0, 0, 1
-0.999912, -0.000889077, -0.0132464, 0.290006, 0.013231, 0.0155078, -0.999792, 0.85097, 0.00109431, -0.999879, -0.0154947, 1.02021, 0, 0, 0, 1
-0.99991, -0.000890623, -0.0133875, 0.289995, 0.0133718, 0.0156787, -0.999788, 0.851003, 0.00110033, -0.999877, -0.0156654, 1.02019, 0, 0, 0, 1
-0.999908, -0.000892189, -0.0135293, 0.289985, 0.0135135, 0.0158506, -0.999783, 0.851035, 0.00110644, -0.999874, -0.0158371, 1.02017, 0, 0, 0, 1
-0.999906, -0.000893776, -0.013672, 0.289975, 0.0136559, 0.0160234, -0.999778, 0.851068, 0.00111265, -0.999871, -0.0160097, 1.02015, 0, 0, 0, 1
-0.999904, -0.000895383, -0.0138154, 0.289964, 0.0137991, 0.0161972, -0.999774, 0.851101, 0.00111895, -0.999868, -0.0161833, 1.02013, 0, 0, 0, 1
-0.999902, -0.000897011, -0.0139597, 0.289954, 0.0139431, 0.0163719, -0.999769, 0.851134, 0.00112535, -0.999866, -0.0163578, 1.02012, 0, 0, 0, 1
-0.9999, -0.00089866, -0.0141047, 0.289943, 0.0140879, 0.0165476, -0.999764, 0.851167, 0.00113185, -0.999863, -0.0165333, 1.0201, 0, 0, 0, 1
-0.999898, -0.00090033, -0.0142505, 0.289933, 0.0142335, 0.0167243, -0.999759, 0.851201, 0.00113844, -0.99986, -0.0167098, 1.02008, 0, 0, 0, 1
-0.999896, -0.000902022, -0.0143972, 0.289922, 0.0143799, 0.0169019, -0.999754, 0.851234, 0.00114514, -0.999857, -0.0168872, 1.02006, 0, 0, 0, 1
-0.999894, -0.000903735, -0.0145446, 0.289911, 0.014527, 0.0170805, -0.999749, 0.851268, 0.00115194, -0.999854, -0.0170656, 1.02004, 0, 0, 0, 1
-0.999892, -0.00090547, -0.0146928, 0.2899, 0.014675, 0.0172601, -0.999743, 0.851302, 0.00115884, -0.999851, -0.0172449, 1.02002, 0, 0, 0, 1
-0.999889, -0.000907226, -0.0148418, 0.28989, 0.0148237, 0.0174406, -0.999738, 0.851336, 0.00116584, -0.999847, -0.0174252, 1.02, 0, 0, 0, 1
-0.999887, -0.000909005, -0.0149916, 0.289879, 0.0149733, 0.0176221, -0.999733, 0.851371, 0.00117295, -0.999844, -0.0176065, 1.01998, 0, 0, 0, 1
-0.999885, -0.000910807, -0.0151422, 0.289868, 0.0151236, 0.0178045, -0.999727, 0.851405, 0.00118016, -0.999841, -0.0177887, 1.01996, 0, 0, 0, 1
-0.999883, -0.00091263, -0.0152936, 0.289857, 0.0152747, 0.0179879, -0.999722, 0.85144, 0.00118748, -0.999838, -0.0179719, 1.01995, 0, 0, 0, 1
-0.99988, -0.000914477, -0.0154458, 0.289846, 0.0154266, 0.0181723, -0.999716, 0.851475, 0.0011949, -0.999834, -0.018156, 1.01993, 0, 0, 0, 1
-0.999878, -0.000916347, -0.0155988, 0.289834, 0.0155793, 0.0183576, -0.99971, 0.85151, 0.00120244, -0.999831, -0.0183411, 1.01991, 0, 0, 0, 1
-0.999875, -0.00091824, -0.0157526, 0.289823, 0.0157328, 0.0185439, -0.999704, 0.851545, 0.00121008, -0.999828, -0.0185271, 1.01989, 0, 0, 0, 1
-0.999873, -0.000920156, -0.0159071, 0.289812, 0.0158871, 0.0187311, -0.999698, 0.851581, 0.00121784, -0.999824, -0.0187142, 1.01987, 0, 0, 0, 1
-0.999871, -0.000922096, -0.0160625, 0.289801, 0.0160422, 0.0189194, -0.999692, 0.851617, 0.0012257, -0.999821, -0.0189021, 1.01985, 0, 0, 0, 1
-0.999868, -0.000924059, -0.0162187, 0.289789, 0.0161981, 0.0191085, -0.999686, 0.851652, 0.00123368, -0.999817, -0.019091, 1.01983, 0, 0, 0, 1
-0.999865, -0.000926047, -0.0163756, 0.289778, 0.0163547, 0.0192987, -0.99968, 0.851688, 0.00124178, -0.999813, -0.0192809, 1.01981, 0, 0, 0, 1
-0.999863, -0.000928059, -0.0165334, 0.289766, 0.0165122, 0.0194898, -0.999674, 0.851725, 0.00124999, -0.99981, -0.0194718, 1.01979, 0, 0, 0, 1
-0.99986, -0.000930095, -0.0166919, 0.289755, 0.0166704, 0.0196818, -0.999667, 0.851761, 0.00125831, -0.999806, -0.0196636, 1.01977, 0, 0, 0, 1
-0.999858, -0.000932156, -0.0168513, 0.289743, 0.0168294, 0.0198749, -0.999661, 0.851798, 0.00126676, -0.999802, -0.0198563, 1.01975, 0, 0, 0, 1
-0.999855, -0.000934243, -0.0170114, 0.289731, 0.0169893, 0.0200688, -0.999654, 0.851835, 0.00127532, -0.999798, -0.0200501, 1.01973, 0, 0, 0, 1
-0.999852, -0.000936354, -0.0171724, 0.289719, 0.0171499, 0.0202638, -0.999648, 0.851872, 0.001284, -0.999794, -0.0202447, 1.01971, 0, 0, 0, 1
-0.999849, -0.00093849, -0.0173341, 0.289708, 0.0173113, 0.0204597, -0.999641, 0.851909, 0.0012928, -0.99979, -0.0204404, 1.01969, 0, 0, 0, 1
-0.999846, -0.000940652, -0.0174966, 0.289696, 0.0174734, 0.0206566, -0.999634, 0.851946, 0.00130173, -0.999786, -0.020637, 1.01966, 0, 0, 0, 1
-0.999844, -0.00094284, -0.0176599, 0.289684, 0.0176364, 0.0208544, -0.999627, 0.851984, 0.00131078, -0.999782, -0.0208345, 1.01964, 0, 0, 0, 1
-0.999841, -0.000945054, -0.017824, 0.289672, 0.0178002, 0.0210532, -0.99962, 0.852021, 0.00131995, -0.999778, -0.021033, 1.01962, 0, 0, 0, 1
-0.999838, -0.000947294, -0.0179889, 0.28966, 0.0179648, 0.0212529, -0.999613, 0.852059, 0.00132924, -0.999774, -0.0212325, 1.0196, 0, 0, 0, 1
-0.999835, -0.00094956, -0.0181546, 0.289648, 0.0181301, 0.0214537, -0.999605, 0.852097, 0.00133867, -0.999769, -0.0214329, 1.01958, 0, 0, 0, 1
-0.999832, -0.000951853, -0.0183211, 0.289635, 0.0182962, 0.0216553, -0.999598, 0.852136, 0.00134822, -0.999765, -0.0216343, 1.01956, 0, 0, 0, 1
-0.999829, -0.000954174, -0.0184884, 0.289623, 0.0184632, 0.021858, -0.999591, 0.852174, 0.0013579, -0.999761, -0.0218366, 1.01954, 0, 0, 0, 1
-0.999825, -0.000956521, -0.0186565, 0.289611, 0.0186309, 0.0220616, -0.999583, 0.852213, 0.00136771, -0.999756, -0.0220399, 1.01952, 0, 0, 0, 1
-0.999822, -0.000958895, -0.0188254, 0.289599, 0.0187994, 0.0222661, -0.999575, 0.852252, 0.00137766, -0.999752, -0.0222442, 1.0195, 0, 0, 0, 1
-0.999819, -0.000961297, -0.0189951, 0.289586, 0.0189687, 0.0224717, -0.999568, 0.852291, 0.00138773, -0.999747, -0.0224494, 1.01947, 0, 0, 0, 1
-0.999816, -0.000963727, -0.0191655, 0.289574, 0.0191388, 0.0226782, -0.99956, 0.85233, 0.00139794, -0.999742, -0.0226555, 1.01945, 0, 0, 0, 1
-0.999813, -0.000966185, -0.0193368, 0.289561, 0.0193096, 0.0228856, -0.999552, 0.852369, 0.00140829, -0.999738, -0.0228627, 1.01943, 0, 0, 0, 1
-0.999809, -0.000968672, -0.0195088, 0.289548, 0.0194813, 0.023094, -0.999543, 0.852409, 0.00141877, -0.999733, -0.0230707, 1.01941, 0, 0, 0, 1
-0.999806, -0.000971187, -0.0196817, 0.289536, 0.0196537, 0.0233034, -0.999535, 0.852449, 0.00142939, -0.999728, -0.0232798, 1.01939, 0, 0, 0, 1
-0.999802, -0.00097373, -0.0198554, 0.289523, 0.019827, 0.0235137, -0.999527, 0.852488, 0.00144014, -0.999723, -0.0234898, 1.01937, 0, 0, 0, 1
-0.999799, -0.000976303, -0.0200298, 0.28951, 0.020001, 0.023725, -0.999518, 0.852529, 0.00145104, -0.999718, -0.0237007, 1.01934, 0, 0, 0, 1
-0.999795, -0.000978905, -0.020205, 0.289497, 0.0201758, 0.0239373, -0.99951, 0.852569, 0.00146208, -0.999713, -0.0239126, 1.01932, 0, 0, 0, 1
-0.999792, -0.000981536, -0.0203811, 0.289484, 0.0203514, 0.0241505, -0.999501, 0.852609, 0.00147326, -0.999708, -0.0241255, 1.0193, 0, 0, 0, 1
-0.999788, -0.000984197, -0.0205579, 0.289471, 0.0205278, 0.0243647, -0.999492, 0.85265, 0.00148458, -0.999703, -0.0243393, 1.01928, 0, 0, 0, 1
-0.999785, -0.000986888, -0.0207355, 0.289458, 0.020705, 0.0245798, -0.999483, 0.852691, 0.00149605, -0.999697, -0.0245541, 1.01926, 0, 0, 0, 1
-0.999781, -0.000989609, -0.0209139, 0.289445, 0.020883, 0.0247959, -0.999474, 0.852732, 0.00150767, -0.999692, -0.0247698, 1.01923, 0, 0, 0, 1
-0.999777, -0.00099236, -0.0210931, 0.289432, 0.0210617, 0.025013, -0.999465, 0.852773, 0.00151943, -0.999687, -0.0249865, 1.01921, 0, 0, 0, 1
-0.999773, -0.000995143, -0.0212731, 0.289419, 0.0212413, 0.025231, -0.999456, 0.852815, 0.00153134, -0.999681, -0.0252041, 1.01919, 0, 0, 0, 1
-0.999769, -0.000997956, -0.0214539, 0.289405, 0.0214216, 0.02545, -0.999447, 0.852856, 0.00154341, -0.999676, -0.0254227, 1.01916, 0, 0, 0, 1
-0.999765, -0.0010008, -0.0216355, 0.289392, 0.0216027, 0.0256699, -0.999437, 0.852898, 0.00155562, -0.99967, -0.0256423, 1.01914, 0, 0, 0, 1
-0.999761, -0.00100368, -0.0218179, 0.289379, 0.0217846, 0.0258908, -0.999427, 0.85294, 0.00156799, -0.999664, -0.0258628, 1.01912, 0, 0, 0, 1
-0.999757, -0.00100658, -0.0220011, 0.289365, 0.0219673, 0.0261127, -0.999418, 0.852982, 0.00158051, -0.999658, -0.0260842, 1.0191, 0, 0, 0, 1
-0.999753, -0.00100952, -0.0221851, 0.289352, 0.0221508, 0.0263355, -0.999408, 0.853025, 0.00159318, -0.999653, -0.0263067, 1.01907, 0, 0, 0, 1
-0.999749, -0.00101249, -0.0223699, 0.289338, 0.0223351, 0.0265593, -0.999398, 0.853067, 0.00160601, -0.999647, -0.02653, 1.01905, 0, 0, 0, 1
-0.999745, -0.0010155, -0.0225554, 0.289324, 0.0225202, 0.0267841, -0.999388, 0.85311, 0.001619, -0.999641, -0.0267544, 1.01903, 0, 0, 0, 1
-0.999741, -0.00101853, -0.0227418, 0.289311, 0.022706, 0.0270098, -0.999377, 0.853153, 0.00163215, -0.999635, -0.0269796, 1.019, 0, 0, 0, 1
-0.999737, -0.0010216, -0.0229289, 0.289297, 0.0228926, 0.0272364, -0.999367, 0.853196, 0.00164546, -0.999628, -0.0272059, 1.01898, 0, 0, 0, 1
-0.999732, -0.00102471, -0.0231169, 0.289283, 0.0230801, 0.0274641, -0.999356, 0.85324, 0.00165893, -0.999622, -0.0274331, 1.01896, 0, 0, 0, 1
-0.999728, -0.00102784, -0.0233056, 0.289269, 0.0232683, 0.0276927, -0.999346, 0.853283, 0.00167257, -0.999616, -0.0276612, 1.01893, 0, 0, 0, 1
-0.999723, -0.00103101, -0.0234952, 0.289255, 0.0234573, 0.0279222, -0.999335, 0.853327, 0.00168636, -0.99961, -0.0278903, 1.01891, 0, 0, 0, 1
-0.999719, -0.00103422, -0.0236855, 0.289241, 0.023647, 0.0281527, -0.999324, 0.853371, 0.00170033, -0.999603, -0.0281204, 1.01889, 0, 0, 0, 1
-0.999714, -0.00103745, -0.0238767, 0.289227, 0.0238376, 0.0283842, -0.999313, 0.853415, 0.00171446, -0.999597, -0.0283514, 1.01886, 0, 0, 0, 1
-0.99971, -0.00104073, -0.0240686, 0.289213, 0.024029, 0.0286167, -0.999302, 0.853459, 0.00172876, -0.99959, -0.0285833, 1.01884, 0, 0, 0, 1
-0.999705, -0.00104403, -0.0242613, 0.289198, 0.0242211, 0.0288501, -0.99929, 0.853503, 0.00174323, -0.999583, -0.0288163, 1.01881, 0, 0, 0, 1
-0.9997, -0.00104738, -0.0244548, 0.289184, 0.024414, 0.0290844, -0.999279, 0.853548, 0.00175787, -0.999576, -0.0290501, 1.01879, 0, 0, 0, 1
-0.999696, -0.00105075, -0.0246491, 0.28917, 0.0246077, 0.0293197, -0.999267, 0.853593, 0.00177269, -0.99957, -0.029285, 1.01876, 0, 0, 0, 1
-0.999691, -0.00105417, -0.0248442, 0.289155, 0.0248022, 0.029556, -0.999255, 0.853638, 0.00178768, -0.999563, -0.0295207, 1.01874, 0, 0, 0, 1
-0.999686, -0.00105761, -0.0250401, 0.289141, 0.0249975, 0.0297933, -0.999243, 0.853683, 0.00180284, -0.999556, -0.0297575, 1.01872, 0, 0, 0, 1
-0.999681, -0.0010611, -0.0252368, 0.289126, 0.0251936, 0.0300315, -0.999231, 0.853728, 0.00181818, -0.999548, -0.0299951, 1.01869, 0, 0, 0, 1
-0.999676, -0.00106462, -0.0254343, 0.289112, 0.0253905, 0.0302706, -0.999219, 0.853774, 0.0018337, -0.999541, -0.0302338, 1.01867, 0, 0, 0, 1
-0.999671, -0.00106818, -0.0256326, 0.289097, 0.0255881, 0.0305107, -0.999207, 0.85382, 0.0018494, -0.999534, -0.0304734, 1.01864, 0, 0, 0, 1
-0.999666, -0.00107177, -0.0258317, 0.289082, 0.0257865, 0.0307518, -0.999194, 0.853866, 0.00186528, -0.999526, -0.0307139, 1.01862, 0, 0, 0, 1
-0.999661, -0.0010754, -0.0260315, 0.289067, 0.0259857, 0.0309939, -0.999182, 0.853912, 0.00188134, -0.999519, -0.0309554, 1.01859, 0, 0, 0, 1
-0.999655, -0.00107907, -0.0262322, 0.289053, 0.0261857, 0.0312369, -0.999169, 0.853958, 0.00189759, -0.999511, -0.0311978, 1.01857, 0, 0, 0, 1
-0.99965, -0.00108278, -0.0264337, 0.289038, 0.0263865, 0.0314808, -0.999156, 0.854005, 0.00191402, -0.999504, -0.0314412, 1.01854, 0, 0, 0, 1
-0.999645, -0.00108652, -0.0266359, 0.289023, 0.0265881, 0.0317257, -0.999143, 0.854051, 0.00193064, -0.999496, -0.0316856, 1.01852, 0, 0, 0, 1
-0.999639, -0.00109031, -0.026839, 0.289008, 0.0267904, 0.0319716, -0.99913, 0.854098, 0.00194744, -0.999488, -0.0319309, 1.01849, 0, 0, 0, 1
-0.999634, -0.00109413, -0.0270428, 0.288992, 0.0269936, 0.0322185, -0.999116, 0.854145, 0.00196444, -0.99948, -0.0321771, 1.01847, 0, 0, 0, 1
-0.999628, -0.00109799, -0.0272475, 0.288977, 0.0271975, 0.0324663, -0.999103, 0.854192, 0.00198163, -0.999472, -0.0324243, 1.01844, 0, 0, 0, 1
-0.999622, -0.00110189, -0.0274529, 0.288962, 0.0274022, 0.032715, -0.999089, 0.85424, 0.00199901, -0.999464, -0.0326725, 1.01842, 0, 0, 0, 1
-0.999617, -0.00110583, -0.0276591, 0.288947, 0.0276077, 0.0329648, -0.999075, 0.854288, 0.00201658, -0.999456, -0.0329216, 1.01839, 0, 0, 0, 1
-0.999611, -0.0011098, -0.0278662, 0.288931, 0.027814, 0.0332154, -0.999061, 0.854335, 0.00203435, -0.999448, -0.0331717, 1.01837, 0, 0, 0, 1
-0.999605, -0.00111382, -0.028074, 0.288916, 0.028021, 0.0334671, -0.999047, 0.854383, 0.00205231, -0.999439, -0.0334227, 1.01834, 0, 0, 0, 1
-0.999599, -0.00111788, -0.0282826, 0.2889, 0.0282288, 0.0337197, -0.999033, 0.854432, 0.00207048, -0.999431, -0.0336746, 1.01831, 0, 0, 0, 1
-0.999593, -0.00112198, -0.028492, 0.288885, 0.0284375, 0.0339733, -0.999018, 0.85448, 0.00208884, -0.999422, -0.0339275, 1.01829, 0, 0, 0, 1
-0.999587, -0.00112612, -0.0287022, 0.288869, 0.0286469, 0.0342278, -0.999003, 0.854528, 0.00210741, -0.999413, -0.0341814, 1.01826, 0, 0, 0, 1
-0.999581, -0.0011303, -0.0289132, 0.288853, 0.0288571, 0.0344833, -0.998989, 0.854577, 0.00212618, -0.999405, -0.0344362, 1.01824, 0, 0, 0, 1
-0.999575, -0.00113452, -0.029125, 0.288838, 0.029068, 0.0347397, -0.998974, 0.854626, 0.00214515, -0.999396, -0.034692, 1.01821, 0, 0, 0, 1
-0.999569, -0.00113878, -0.0293376, 0.288822, 0.0292798, 0.0349971, -0.998958, 0.854675, 0.00216433, -0.999387, -0.0349487, 1.01818, 0, 0, 0, 1
-0.999563, -0.00114309, -0.029551, 0.288806, 0.0294923, 0.0352555, -0.998943, 0.854725, 0.00218371, -0.999378, -0.0352063, 1.01816, 0, 0, 0, 1
-0.999556, -0.00114744, -0.0297651, 0.28879, 0.0297056, 0.0355148, -0.998928, 0.854774, 0.00220331, -0.999368, -0.0354649, 1.01813, 0, 0, 0, 1
-0.99955, -0.00115182, -0.0299801, 0.288774, 0.0299198, 0.0357751, -0.998912, 0.854824, 0.00222311, -0.999359, -0.0357245, 1.01811, 0, 0, 0, 1
-0.999543, -0.00115626, -0.0301959, 0.288758, 0.0301346, 0.0360363, -0.998896, 0.854874, 0.00224313, -0.99935, -0.035985, 1.01808, 0, 0, 0, 1
-0.999537, -0.00116073, -0.0304124, 0.288742, 0.0303503, 0.0362985, -0.99888, 0.854924, 0.00226336, -0.99934, -0.0362465, 1.01805, 0, 0, 0, 1
