-0.999999, -0.000797434, -0.000797196, 0.290901, 0.000796858, 0.000424669, -1, 0.848124, 0.000797772, -1, -0.000424033, 1.02183, 0, 0, 0, 1
-0.999999, -0.000797363, -0.000797611, 0.290901, 0.000797272, 0.00042507, -1, 0.848124, 0.000797702, -1, -0.000424434, 1.02183, 0, 0, 0, 1
-0.999999, -0.000797151, -0.000798854, 0.290901, 0.000798514, 0.000426275, -1, 0.848125, 0.000797491, -1, -0.000425638, 1.02183, 0, 0, 0, 1
-0.999999, -0.000796796, -0.000800926, 0.290901, 0.000800585, 0.000428283, -1, 0.848125, 0.000797139, -1, -0.000427645, 1.02183, 0, 0, 0, 1
-0.999999, -0.0007963, -0.000803827, 0.290901, 0.000803484, 0.000431094, -1, 0.848126, 0.000796646, -1, -0.000430454, 1.02183, 0, 0, 0, 1
-0.999999, -0.000795662, -0.000807558, 0.290901, 0.000807212, 0.000434708, -1, 0.848126, 0.000796012, -1, -0.000434065, 1.02183, 0, 0, 0, 1
-0.999999, -0.000794882, -0.000812117, 0.290901, 0.000811768, 0.000439125, -1, 0.848127, 0.000795238, -1, -0.00043848, 1.02183, 0, 0, 0, 1
-0.999999, -0.00079396, -0.000817505, 0.290901, 0.000817152, 0.000444345, -1, 0.848128, 0.000794323, -1, -0.000443696, 1.02183, 0, 0, 0, 1
-0.999999, -0.000792897, -0.000823722, 0.2909, 0.000823365, 0.000450369, -1, 0.848129, 0.000793267, -1, -0.000449716, 1.02183, 0, 0, 0, 1
-0.999999, -0.000791691, -0.000830768, 0.2909, 0.000830406, 0.000457196, -1, 0.848131, 0.000792071, -1, -0.000456538, 1.02183, 0, 0, 0, 1
-0.999999, -0.000790344, -0.000838643, 0.2909, 0.000838275, 0.000464825, -1, 0.848132, 0.000790734, -1, -0.000464162, 1.02183, 0, 0, 0, 1
-0.999999, -0.000788856, -0.000847346, 0.2909, 0.000846973, 0.000473258, -1, 0.848134, 0.000789256, -1, -0.00047259, 1.02183, 0, 0, 0, 1
-0.999999, -0.000787225, -0.000856879, 0.2909, 0.000856499, 0.000482494, -1, 0.848136, 0.000787638, -1, -0.00048182, 1.02183, 0, 0, 0, 1
-0.999999, -0.000785453, -0.000867241, 0.2909, 0.000866854, 0.000492533, -1, 0.848138, 0.000785879, -1, -0.000491852, 1.02183, 0, 0, 0, 1
-0.999999, -0.000783539, -0.000878431, 0.290899, 0.000878037, 0.000503376, -0.999999, 0.84814, 0.00078398, -1, -0.000502687, 1.02182, 0, 0, 0, 1
-0.999999, -0.000781483, -0.000890451, 0.290899, 0.000890048, 0.000515021, -0.999999, 0.848143, 0.000781941, -1, -0.000514325, 1.02182, 0, 0, 0, 1
-0.999999, -0.000779285, -0.000903299, 0.290899, 0.000902888, 0.00052747, -0.999999, 0.848145, 0.000779762, -1, -0.000526766, 1.02182, 0, 0, 0, 1
-0.999999, -0.000776946, -0.000916976, 0.290898, 0.000916556, 0.000540721, -0.999999, 0.848148, 0.000777442, -1, -0.000540009, 1.02182, 0, 0, 0, 1
-0.999999, -0.000774465, -0.000931483, 0.290898, 0.000931053, 0.000554776, -0.999999, 0.848151, 0.000774982, -1, -0.000554055, 1.02182, 0, 0, 0, 1
-0.999999, -0.000771843, -0.000946818, 0.290898, 0.000946378, 0.000569634, -0.999999, 0.848154, 0.000772382, -1, -0.000568903, 1.02182, 0, 0, 0, 1
-0.999999, -0.000769079, -0.000962982, 0.290897, 0.000962532, 0.000585295, -0.999999, 0.848157, 0.000769642, -1, -0.000584555, 1.02181, 0, 0, 0, 1
-0.999999, -0.000766173, -0.000979975, 0.290897, 0.000979514, 0.00060176, -0.999999, 0.84816, 0.000766762, -1, -0.000601009, 1.02181, 0, 0, 0, 1
-0.999999, -0.000763126, -0.000997797, 0.290897, 0.000997325, 0.000619027, -0.999999, 0.848164, 0.000763743, -1, -0.000618265, 1.02181, 0, 0, 0, 1
-0.999999, -0.000759937, -0.00101645, 0.290896, 0.00101596, 0.000637098, -0.999999, 0.848167, 0.000760584, -1, -0.000636325, 1.02181, 0, 0, 0, 1
-0.999999, -0.000756606, -0.00103593, 0.290896, 0.00103543, 0.000655971, -0.999999, 0.848171, 0.000757285, -0.999999, -0.000655188, 1.0218, 0, 0, 0, 1
-0.999999, -0.000753134, -0.00105624, 0.290895, 0.00105573, 0.000675648, -0.999999, 0.848175, 0.000753847, -0.999999, -0.000674853, 1.0218, 0, 0, 0, 1
-0.999999, -0.00074952, -0.00107737, 0.290895, 0.00107685, 0.000696129, -0.999999, 0.848179, 0.000750269, -0.999999, -0.000695321, 1.0218, 0, 0, 0, 1
-0.999999, -0.000745765, -0.00109934, 0.290894, 0.00109881, 0.000717412, -0.999999, 0.848183, 0.000746553, -0.999999, -0.000716592, 1.0218, 0, 0, 0, 1
-0.999999, -0.000741868, -0.00112214, 0.290894, 0.00112159, 0.000739498, -0.999999, 0.848188, 0.000742697, -0.999999, -0.000738666, 1.02179, 0, 0, 0, 1
-0.999999, -0.00073783, -0.00114576, 0.290893, 0.0011452, 0.000762388, -0.999999, 0.848193, 0.000738703, -0.999999, -0.000761542, 1.02179, 0, 0, 0, 1
-0.999999, -0.00073365, -0.00117021, 0.290893, 0.00116964, 0.000786081, -0.999999, 0.848197, 0.000734569, -0.999999, -0.000785222, 1.02179, 0, 0, 0, 1
-0.999999, -0.000729329, -0.0011955, 0.290892, 0.00119491, 0.000810577, -0.999999, 0.848202, 0.000730297, -0.999999, -0.000809705, 1.02178, 0, 0, 0, 1
-0.999999, -0.000724866, -0.00122161, 0.290892, 0.001221, 0.000835876, -0.999999, 0.848207, 0.000725887, -0.999999, -0.00083499, 1.02178, 0, 0, 0, 1
-0.999999, -0.000720262, -0.00124855, 0.290891, 0.00124793, 0.000861979, -0.999999, 0.848213, 0.000721338, -0.999999, -0.000861079, 1.02178, 0, 0, 0, 1
-0.999999, -0.000715517, -0.00127632, 0.290891, 0.00127568, 0.000888884, -0.999999, 0.848218, 0.000716651, -0.999999, -0.000887971, 1.02177, 0, 0, 0, 1
-0.999999, -0.00071063, -0.00130492, 0.29089, 0.00130426, 0.000916593, -0.999999, 0.848224, 0.000711826, -0.999999, -0.000915665, 1.02177, 0, 0, 0, 1
-0.999999, -0.000705603, -0.00133434, 0.290889, 0.00133368, 0.000945105, -0.999999, 0.84823, 0.000706863, -0.999999, -0.000944163, 1.02177, 0, 0, 0, 1
-0.999999, -0.000700433, -0.0013646, 0.290889, 0.00136392, 0.000974421, -0.999999, 0.848236, 0.000701762, -0.999999, -0.000973464, 1.02176, 0, 0, 0, 1
-0.999999, -0.000695123, -0.00139568, 0.290888, 0.00139498, 0.00100454, -0.999999, 0.848242, 0.000696524, -0.999999, -0.00100357, 1.02176, 0, 0, 0, 1
-0.999999, -0.000689671, -0.0014276, 0.290887, 0.00142688, 0.00103546, -0.999998, 0.848248, 0.000691148, -0.999999, -0.00103448, 1.02175, 0, 0, 0, 1
-0.999999, -0.000684079, -0.00146034, 0.290887, 0.00145961, 0.00106719, -0.999998, 0.848254, 0.000685636, -0.999999, -0.00106619, 1.02175, 0, 0, 0, 1
-0.999999, -0.000678345, -0.00149391, 0.290886, 0.00149316, 0.00109971, -0.999998, 0.848261, 0.000679986, -0.999999, -0.0010987, 1.02175, 0, 0, 0, 1
-0.999999, -0.000672469, -0.00152831, 0.290885, 0.00152755, 0.00113305, -0.999998, 0.848268, 0.0006742, -0.999999, -0.00113202, 1.02174, 0, 0, 0, 1
-0.999999, -0.000666453, -0.00156354, 0.290884, 0.00156276, 0.00116718, -0.999998, 0.848275, 0.000668277, -0.999999, -0.00116614, 1.02174, 0, 0, 0, 1
-0.999999, -0.000660296, -0.0015996, 0.290884, 0.0015988, 0.00120212, -0.999998, 0.848282, 0.000662218, -0.999999, -0.00120106, 1.02173, 0, 0, 0, 1
-0.999998, -0.000653998, -0.00163649, 0.290883, 0.00163568, 0.00123786, -0.999998, 0.848289, 0.000656022, -0.999999, -0.00123679, 1.02173, 0, 0, 0, 1
-0.999998, -0.000647559, -0.0016742, 0.290882, 0.00167338, 0.0012744, -0.999998, 0.848296, 0.000649691, -0.999999, -0.00127332, 1.02172, 0, 0, 0, 1
-0.999998, -0.000640979, -0.00171275, 0.290881, 0.00171191, 0.00131175, -0.999998, 0.848304, 0.000643224, -0.999999, -0.00131065, 1.02172, 0, 0, 0, 1
-0.999998, -0.000634258, -0.00175212, 0.29088, 0.00175126, 0.0013499, -0.999998, 0.848312, 0.000636621, -0.999999, -0.00134879, 1.02171, 0, 0, 0, 1
-0.999998, -0.000627396, -0.00179233, 0.290879, 0.00179145, 0.00138886, -0.999997, 0.848319, 0.000629884, -0.999999, -0.00138773, 1.02171, 0, 0, 0, 1
-0.999998, -0.000620393, -0.00183336, 0.290879, 0.00183247, 0.00142862, -0.999997, 0.848327, 0.000623011, -0.999999, -0.00142748, 1.0217, 0, 0, 0, 1
-0.999998, -0.00061325, -0.00187522, 0.290878, 0.00187432, 0.00146918, -0.999997, 0.848336, 0.000616003, -0.999999, -0.00146802, 1.0217, 0, 0, 0, 1
-0.999998, -0.000605966, -0.00191791, 0.290877, 0.00191699, 0.00151054, -0.999997, 0.848344, 0.000608861, -0.999999, -0.00150938, 1.02169, 0, 0, 0, 1
-0.999998, -0.000598541, -0.00196143, 0.290876, 0.0019605, 0.00155271, -0.999997, 0.848353, 0.000601584, -0.999999, -0.00155153, 1.02169, 0, 0, 0, 1
-0.999998, -0.000590975, -0.00200577, 0.290875, 0.00200483, 0.00159568, -0.999997, 0.848361, 0.000594174, -0.999999, -0.00159449, 1.02168, 0, 0, 0, 1
-0.999998, -0.000583269, -0.00205095, 0.290874, 0.00204999, 0.00163945, -0.999997, 0.84837, 0.00058663, -0.999998, -0.00163825, 1.02167, 0, 0, 0, 1
-0.999998, -0.000575423, -0.00209696, 0.290873, 0.00209598, 0.00168403, -0.999996, 0.848379, 0.000578952, -0.999998, -0.00168282, 1.02167, 0, 0, 0, 1
-0.999998, -0.000567435, -0.00214379, 0.290872, 0.00214281, 0.00172941, -0.999996, 0.848388, 0.000571141, -0.999998, -0.00172819, 1.02166, 0, 0, 0, 1
-0.999997, -0.000559308, -0.00219145, 0.290871, 0.00219046, 0.0017756, -0.999996, 0.848398, 0.000563197, -0.999998, -0.00177437, 1.02166, 0, 0, 0, 1
-0.999997, -0.00055104, -0.00223995, 0.29087, 0.00223894, 0.00182258, -0.999996, 0.848407, 0.00055512, -0.999998, -0.00182135, 1.02165, 0, 0, 0, 1
-0.999997, -0.000542631, -0.00228927, 0.290869, 0.00228825, 0.00187038, -0.999996, 0.848417, 0.000546911, -0.999998, -0.00186913, 1.02164, 0, 0, 0, 1
-0.999997, -0.000534082, -0.00233942, 0.290868, 0.00233839, 0.00191897, -0.999995, 0.848427, 0.000538569, -0.999998, -0.00191772, 1.02164, 0, 0, 0, 1
-0.999997, -0.000525393, -0.0023904, 0.290866, 0.00238936, 0.00196837, -0.999995, 0.848437, 0.000530096, -0.999998, -0.00196711, 1.02163, 0, 0, 0, 1
-0.999997, -0.000516564, -0.0024422, 0.290865, 0.00244116, 0.00201857, -0.999995, 0.848447, 0.000521491, -0.999998, -0.0020173, 1.02162, 0, 0, 0, 1
-0.999997, -0.000507595, -0.00249484, 0.290864, 0.00249379, 0.00206957, -0.999995, 0.848457, 0.000512755, -0.999998, -0.0020683, 1.02162, 0, 0, 0, 1
-0.999997, -0.000498485, -0.00254831, 0.290863, 0.00254724, 0.00212138, -0.999995, 0.848468, 0.000503888, -0.999998, -0.00212011, 1.02161, 0, 0, 0, 1
-0.999996, -0.000489236, -0.0026026, 0.290862, 0.00260153, 0.00217399, -0.999994, 0.848478, 0.000494891, -0.999998, -0.00217271, 1.0216, 0, 0, 0, 1
-0.999996, -0.000479846, -0.00265773, 0.290861, 0.00265665, 0.00222741, -0.999994, 0.848489, 0.000485763, -0.999997, -0.00222613, 1.0216, 0, 0, 0, 1
-0.999996, -0.000470317, -0.00271368, 0.290859, 0.0027126, 0.00228163, -0.999994, 0.8485, 0.000476505, -0.999997, -0.00228034, 1.02159, 0, 0, 0, 1
-0.999996, -0.000460647, -0.00277046, 0.290858, 0.00276938, 0.00233665, -0.999993, 0.848511, 0.000467118, -0.999997, -0.00233536, 1.02158, 0, 0, 0, 1
-0.999996, -0.000450838, -0.00282807, 0.290857, 0.00282698, 0.00239247, -0.999993, 0.848523, 0.000457601, -0.999997, -0.00239119, 1.02158, 0, 0, 0, 1
-0.999996, -0.000440889, -0.00288651, 0.290856, 0.00288542, 0.0024491, -0.999993, 0.848534, 0.000447955, -0.999997, -0.00244782, 1.02157, 0, 0, 0, 1
-0.999996, -0.0004308, -0.00294578, 0.290854, 0.00294469, 0.00250654, -0.999993, 0.848546, 0.00043818, -0.999997, -0.00250526, 1.02156, 0, 0, 0, 1
-0.999995, -0.000420571, -0.00300587, 0.290853, 0.00300479, 0.00256477, -0.999992, 0.848558, 0.000428278, -0.999997, -0.0025635, 1.02155, 0, 0, 0, 1
-0.999995, -0.000410203, -0.0030668, 0.290852, 0.00306571, 0.00262381, -0.999992, 0.84857, 0.000418247, -0.999996, -0.00262254, 1.02155, 0, 0, 0, 1
-0.999995, -0.000399696, -0.00312856, 0.29085, 0.00312747, 0.00268365, -0.999992, 0.848582, 0.000408088, -0.999996, -0.00268239, 1.02154, 0, 0, 0, 1
-0.999995, -0.000389049, -0.00319114, 0.290849, 0.00319006, 0.0027443, -0.999991, 0.848594, 0.000397803, -0.999996, -0.00274304, 1.02153, 0, 0, 0, 1
-0.999995, -0.000378262, -0.00325455, 0.290848, 0.00325348, 0.00280575, -0.999991, 0.848606, 0.00038739, -0.999996, -0.0028045, 1.02152, 0, 0, 0, 1
-0.999994, -0.000367336, -0.00331879, 0.290846, 0.00331773, 0.002868, -0.99999, 0.848619, 0.000376851, -0.999996, -0.00286677, 1.02151, 0, 0, 0, 1
-0.999994, -0.000356271, -0.00338387, 0.290845, 0.00338281, 0.00293106, -0.99999, 0.848632, 0.000366186, -0.999996, -0.00292984, 1.02151, 0, 0, 0, 1
-0.999994, -0.000345067, -0.00344976, 0.290843, 0.00344872, 0.00299492, -0.99999, 0.848645, 0.000355395, -0.999995, -0.00299371, 1.0215, 0, 0, 0, 1
-0.999994, -0.000333723, -0.00351649, 0.290842, 0.00351546, 0.00305958, -0.999989, 0.848658, 0.000344478, -0.999995, -0.00305839, 1.02149, 0, 0, 0, 1
-0.999994, -0.00032224, -0.00358405, 0.29084, 0.00358303, 0.00312505, -0.999989, 0.848671, 0.000333437, -0.999995, -0.00312388, 1.02148, 0, 0, 0, 1
-0.999993, -0.000310619, -0.00365244, 0.290839, 0.00365143, 0.00319132, -0.999988, 0.848685, 0.000322271, -0.999995, -0.00319017, 1.02147, 0, 0, 0, 1
-0.999993, -0.000298858, -0.00372165, 0.290837, 0.00372066, 0.0032584, -0.999988, 0.848698, 0.000310981, -0.999995, -0.00325726, 1.02146, 0, 0, 0, 1
-0.999993, -0.000286958, -0.0037917, 0.290836, 0.00379072, 0.00332628, -0.999987, 0.848712, 0.000299567, -0.999994, -0.00332517, 1.02145, 0, 0, 0, 1
-0.999993, -0.00027492, -0.00386257, 0.290834, 0.00386161, 0.00339496, -0.999987, 0.848726, 0.00028803, -0.999994, -0.00339387, 1.02144, 0, 0, 0, 1
-0.999992, -0.000262743, -0.00393427, 0.290833, 0.00393334, 0.00346444, -0.999986, 0.84874, 0.000276369, -0.999994, -0.00346338, 1.02144, 0, 0, 0, 1
-0.999992, -0.000250427, -0.0040068, 0.290831, 0.00400589, 0.00353473, -0.999986, 0.848754, 0.000264586, -0.999994, -0.0035337, 1.02143, 0, 0, 0, 1
-0.999992, -0.000237973, -0.00408016, 0.290829, 0.00407928, 0.00360583, -0.999985, 0.848769, 0.000252681, -0.999993, -0.00360483, 1.02142, 0, 0, 0, 1
-0.999991, -0.00022538, -0.00415435, 0.290828, 0.00415349, 0.00367772, -0.999985, 0.848783, 0.000240655, -0.999993, -0.00367676, 1.02141, 0, 0, 0, 1
-0.999991, -0.000212648, -0.00422937, 0.290826, 0.00422854, 0.00375042, -0.999984, 0.848798, 0.000228507, -0.999993, -0.00374949, 1.0214, 0, 0, 0, 1
-0.999991, -0.000199778, -0.00430522, 0.290825, 0.00430442, 0.00382393, -0.999983, 0.848813, 0.000216238, -0.999993, -0.00382303, 1.02139, 0, 0, 0, 1
-0.99999, -0.00018677, -0.00438189, 0.290823, 0.00438113, 0.00389824, -0.999983, 0.848828, 0.000203849, -0.999992, -0.00389738, 1.02138, 0, 0, 0, 1
-0.99999, -0.000173624, -0.00445939, 0.290821, 0.00445867, 0.00397335, -0.999982, 0.848843, 0.000191339, -0.999992, -0.00397253, 1.02137, 0, 0, 0, 1
-0.99999, -0.000160339, -0.00453773, 0.290819, 0.00453704, 0.00404926, -0.999982, 0.848858, 0.000178711, -0.999992, -0.00404849, 1.02136, 0, 0, 0, 1
-0.999989, -0.000146917, -0.00461689, 0.290818, 0.00461624, 0.00412598, -0.999981, 0.848874, 0.000165963, -0.999991, -0.00412526, 1.02135, 0, 0, 0, 1
-0.999989, -0.000133356, -0.00469688, 0.290816, 0.00469628, 0.00420351, -0.99998, 0.84889, 0.000153097, -0.999991, -0.00420283, 1.02134, 0, 0, 0, 1
-0.999989, -0.000119657, -0.0047777, 0.290814, 0.00477715, 0.00428183, -0.999979, 0.848906, 0.000140112, -0.999991, -0.00428121, 1.02133, 0, 0, 0, 1
-0.999988, -0.000105821, -0.00485935, 0.290812, 0.00485884, 0.00436096, -0.999979, 0.848922, 0.00012701, -0.99999, -0.0043604, 1.02132, 0, 0, 0, 1
-0.999988, -9.18467e-05, -0.00494183, 0.290811, 0.00494137, 0.0044409, -0.999978, 0.848938, 0.000113791, -0.99999, -0.00444039, 1.02131, 0, 0, 0, 1
-0.999987, -7.77348e-05, -0.00502513, 0.290809, 0.00502473, 0.00452164, -0.999977, 0.848954, 0.000100455, -0.99999, -0.00452119, 1.0213, 0, 0, 0, 1
-0.999987, -6.34854e-05, -0.00510927, 0.290807, 0.00510892, 0.00460318, -0.999976, 0.848971, 8.70027e-05, -0.999989, -0.00460279, 1.02129, 0, 0, 0, 1
-0.999987, -4.90984e-05, -0.00519423, 0.290805, 0.00519395, 0.00468552, -0.999976, 0.848987, 7.34349e-05, -0.999989, -0.0046852, 1.02128, 0, 0, 0, 1
-0.999986, -3.4574e-05, -0.00528003, 0.290803, 0.0052798, 0.00476867, -0.999975, 0.849004, 5.97518e-05, -0.999989, -0.00476842, 1.02126, 0, 0, 0, 1
-0.999986, -1.99122e-05, -0.00536665, 0.290801, 0.00536649, 0.00485263, -0.999974, 0.849021, 4.5954e-05, -0.999988, -0.00485245, 1.02125, 0, 0, 0, 1
-0.999985, -5.11318e-06, -0.0054541, 0.290799, 0.00545401, 0.00493738, -0.999973, 0.849039, 3.2042e-05, -0.999988, -0.00493728, 1.02124, 0, 0, 0, 1
-0.999985, 9.82301e-06, -0.00554238, 0.290797, 0.00554236, 0.00502294, -0.999972, 0.849056, 1.80163e-05, -0.999987, -0.00502292, 1.02123, 0, 0, 0, 1
-0.999984, 2.48963e-05, -0.00563149, 0.290795, 0.00563154, 0.00510931, -0.999971, 0.849073, 3.87747e-06, -0.999987, -0.00510937, 1.02122, 0, 0, 0, 1
-0.999984, 4.01065e-05, -0.00572143, 0.290793, 0.00572156, 0.00519648, -0.99997, 0.849091, -1.03741e-05, -0.999986, -0.00519662, 1.02121, 0, 0, 0, 1
-0.999983, 5.54537e-05, -0.00581219, 0.290791, 0.00581241, 0.00528445, -0.999969, 0.849109, -2.47377e-05, -0.999986, -0.00528468, 1.0212, 0, 0, 0, 1
-0.999983, 7.09377e-05, -0.00590379, 0.290789, 0.00590409, 0.00537323, -0.999968, 0.849127, -3.9213e-05, -0.999986, -0.00537355, 1.02119, 0, 0, 0, 1
-0.999982, 8.65584e-05, -0.00599621, 0.290787, 0.0059966, 0.00546281, -0.999967, 0.849145, -5.37994e-05, -0.999985, -0.00546323, 1.02117, 0, 0, 0, 1
-0.999981, 0.000102316, -0.00608947, 0.290785, 0.00608994, 0.00555319, -0.999966, 0.849163, -6.84963e-05, -0.999985, -0.00555371, 1.02116, 0, 0, 0, 1
-0.999981, 0.00011821, -0.00618355, 0.290783, 0.00618412, 0.00564438, -0.999965, 0.849182, -8.33032e-05, -0.999984, -0.00564501, 1.02115, 0, 0, 0, 1
-0.99998, 0.00013424, -0.00627846, 0.290781, 0.00627913, 0.00573638, -0.999964, 0.849201, -9.82195e-05, -0.999984, -0.00573711, 1.02114, 0, 0, 0, 1
-0.99998, 0.000150407, -0.0063742, 0.290779, 0.00637497, 0.00582917, -0.999963, 0.849219, -0.000113245, -0.999983, -0.00583001, 1.02113, 0, 0, 0, 1
-0.999979, 0.00016671, -0.00647077, 0.290777, 0.00647164, 0.00592277, -0.999962, 0.849238, -0.000128378, -0.999982, -0.00592373, 1.02111, 0, 0, 0, 1
-0.999978, 0.000183149, -0.00656817, 0.290775, 0.00656915, 0.00601718, -0.99996, 0.849258, -0.00014362, -0.999982, -0.00601825, 1.0211, 0, 0, 0, 1
-0.999978, 0.000199724, -0.0066664, 0.290772, 0.00666749, 0.00611239, -0.999959, 0.849277, -0.000158968, -0.999981, -0.00611358, 1.02109, 0, 0, 0, 1
-0.999977, 0.000216435, -0.00676545, 0.29077, 0.00676666, 0.0062084, -0.999958, 0.849296, -0.000174423, -0.999981, -0.00620972, 1.02108, 0, 0, 0, 1
-0.999976, 0.000233282, -0.00686534, 0.290768, 0.00686667, 0.00630522, -0.999957, 0.849316, -0.000189984, -0.99998, -0.00630667, 1.02106, 0, 0, 0, 1
-0.999976, 0.000250265, -0.00696605, 0.290766, 0.00696751, 0.00640284, -0.999955, 0.849336, -0.000205651, -0.999979, -0.00640443, 1.02105, 0, 0, 0, 1
-0.999975, 0.000267383, -0.00706759, 0.290764, 0.00706918, 0.00650126, -0.999954, 0.849356, -0.000221423, -0.999979, -0.00650299, 1.02104, 0, 0, 0, 1
-0.999974, 0.000284637, -0.00716996, 0.290761, 0.00717168, 0.00660049, -0.999952, 0.849376, -0.000237298, -0.999978, -0.00660237, 1.02103, 0, 0, 0, 1
-0.999974, 0.000302027, -0.00727316, 0.290759, 0.00727502, 0.00670053, -0.999951, 0.849396, -0.000253278, -0.999978, -0.00670255, 1.02101, 0, 0, 0, 1
-0.999973, 0.000319552, -0.00737719, 0.290757, 0.00737919, 0.00680137, -0.99995, 0.849417, -0.00026936, -0.999977, -0.00680354, 1.021, 0, 0, 0, 1
-0.999972, 0.000337212, -0.00748205, 0.290754, 0.0074842, 0.00690301, -0.999948, 0.849437, -0.000285545, -0.999976, -0.00690534, 1.02099, 0, 0, 0, 1
-0.999971, 0.000355007, -0.00758773, 0.290752, 0.00759004, 0.00700545, -0.999947, 0.849458, -0.000301832, -0.999975, -0.00700795, 1.02097, 0, 0, 0, 1
-0.99997, 0.000372937, -0.00769425, 0.29075, 0.00769671, 0.0071087, -0.999945, 0.849479, -0.000318221, -0.999975, -0.00711136, 1.02096, 0, 0, 0, 1
-0.999969, 0.000391002, -0.00780159, 0.290747, 0.00780421, 0.00721276, -0.999944, 0.8495, -0.000334709, -0.999974, -0.00721559, 1.02095, 0, 0, 0, 1
-0.999969, 0.000409202, -0.00790977, 0.290745, 0.00791255, 0.00731762, -0.999942, 0.849521, -0.000351298, -0.999973, -0.00732063, 1.02093, 0, 0, 0, 1
-0.999968, 0.000427537, -0.00801877, 0.290742, 0.00802172, 0.00742328, -0.99994, 0.849543, -0.000367986, -0.999972, -0.00742647, 1.02092, 0, 0, 0, 1
-0.999967, 0.000446007, -0.0081286, 0.29074, 0.00813173, 0.00752975, -0.999939, 0.849565, -0.000384773, -0.999972, -0.00753313, 1.0209, 0, 0, 0, 1
-0.999966, 0.000464611, -0.00823926, 0.290738, 0.00824257, 0.00763702, -0.999937, 0.849586, -0.000401658, -0.999971, -0.00764059, 1.02089, 0, 0, 0, 1
-0.999965, 0.000483349, -0.00835075, 0.290735, 0.00835424, 0.0077451, -0.999935, 0.849608, -0.00041864, -0.99997, -0.00774886, 1.02088, 0, 0, 0, 1
-0.999964, 0.000502222, -0.00846307, 0.290733, 0.00846675, 0.00785398, -0.999933, 0.84963, -0.000435719, -0.999969, -0.00785795, 1.02086, 0, 0, 0, 1
-0.999963, 0.000521228, -0.00857621, 0.29073, 0.00858009, 0.00796366, -0.999931, 0.849653, -0.000452895, -0.999968, -0.00796784, 1.02085, 0, 0, 0, 1
-0.999962, 0.000540369, -0.00869019, 0.290727, 0.00869427, 0.00807415, -0.99993, 0.849675, -0.000470165, -0.999967, -0.00807854, 1.02083, 0, 0, 0, 1
-0.999961, 0.000559644, -0.00880499, 0.290725, 0.00880928, 0.00818544, -0.999928, 0.849698, -0.000487531, -0.999966, -0.00819006, 1.02082, 0, 0, 0, 1
-0.99996, 0.000579053, -0.00892062, 0.290722, 0.00892512, 0.00829754, -0.999926, 0.84972, -0.00050499, -0.999965, -0.00830238, 1.0208, 0, 0, 0, 1
-0.999959, 0.000598595, -0.00903708, 0.29072, 0.0090418, 0.00841044, -0.999924, 0.849743, -0.000522543, -0.999964, -0.00841551, 1.02079, 0, 0, 0, 1
-0.999958, 0.000618271, -0.00915437, 0.290717, 0.00915931, 0.00852415, -0.999922, 0.849766, -0.000540189, -0.999963, -0.00852945, 1.02078, 0, 0, 0, 1
-0.999957, 0.00063808, -0.00927249, 0.290714, 0.00927766, 0.00863866, -0.99992, 0.84979, -0.000557927, -0.999962, -0.00864421, 1.02076, 0, 0, 0, 1
-0.999956, 0.000658023, -0.00939144, 0.290712, 0.00939684, 0.00875398, -0.999918, 0.849813, -0.000575757, -0.999961, -0.00875977, 1.02075, 0, 0, 0, 1
-0.999955, 0.000678099, -0.00951122, 0.290709, 0.00951686, 0.0088701, -0.999915, 0.849837, -0.000593677, -0.99996, -0.00887615, 1.02073, 0, 0, 0, 1
-0.999953, 0.000698309, -0.00963182, 0.290706, 0.00963771, 0.00898702, -0.999913, 0.84986, -0.000611687, -0.999959, -0.00899333, 1.02072, 0, 0, 0, 1
-0.999952, 0.000718651, -0.00975326, 0.290704, 0.0097594, 0.00910475, -0.999911, 0.849884, -0.000629786, -0.999958, -0.00911133, 1.0207, 0, 0, 0, 1
-0.999951, 0.000739126, -0.00987552, 0.290701, 0.00988192, 0.00922328, -0.999909, 0.849908, -0.000647974, -0.999957, -0.00923014, 1.02068, 0, 0, 0, 1
-0.99995, 0.000759734, -0.00999861, 0.290698, 0.0100053, 0.00934262, -0.999906, 0.849933, -0.000666249, -0.999956, -0.00934975, 1.02067, 0, 0, 0, 1
-0.999948, 0.000780474, -0.0101225, 0.290695, 0.0101295, 0.00946276, -0.999904, 0.849957, -0.000684612, -0.999955, -0.00947018, 1.02065, 0, 0, 0, 1
-0.999947, 0.000801348, -0.0102473, 0.290693, 0.0102545, 0.00958371, -0.999901, 0.849982, -0.000703062, -0.999954, -0.00959142, 1.02064, 0, 0, 0, 1
-0.999946, 0.000822353, -0.0103729, 0.29069, 0.0103804, 0.00970546, -0.999899, 0.850006, -0.000721597, -0.999953, -0.00971347, 1.02062, 0, 0, 0, 1
-0.999945, 0.000843491, -0.0104993, 0.290687, 0.0105071, 0.00982802, -0.999897, 0.850031, -0.000740216, -0.999951, -0.00983634, 1.02061, 0, 0, 0, 1
-0.999943, 0.000864761, -0.0106265, 0.290684, 0.0106346, 0.00995138, -0.999894, 0.850056, -0.000758921, -0.99995, -0.00996001, 1.02059, 0, 0, 0, 1
-0.999942, 0.000886163, -0.0107546, 0.290681, 0.010763, 0.0100755, -0.999891, 0.850082, -0.000777708, -0.999949, -0.0100845, 1.02057, 0, 0, 0, 1
-0.99994, 0.000907696, -0.0108835, 0.290678, 0.0108922, 0.0102005, -0.999889, 0.850107, -0.000796578, -0.999948, -0.0102098, 1.02056, 0, 0, 0, 1
-0.999939, 0.000929362, -0.0110132, 0.290675, 0.0110222, 0.0103263, -0.999886, 0.850133, -0.000815531, -0.999946, -0.0103359, 1.02054, 0, 0, 0, 1
-0.999937, 0.000951159, -0.0111437, 0.290672, 0.0111531, 0.0104529, -0.999883, 0.850158, -0.000834564, -0.999945, -0.0104628, 1.02053, 0, 0, 0, 1
-0.999936, 0.000973088, -0.0112751, 0.290669, 0.0112848, 0.0105803, -0.99988, 0.850184, -0.000853678, -0.999944, -0.0105906, 1.02051, 0, 0, 0, 1
-0.999934, 0.000995148, -0.0114073, 0.290666, 0.0114173, 0.0107084, -0.999877, 0.85021, -0.000872872, -0.999942, -0.0107191, 1.02049, 0, 0, 0, 1
-0.999933, 0.00101734, -0.0115404, 0.290663, 0.0115507, 0.0108374, -0.999875, 0.850236, -0.000892144, -0.999941, -0.0108485, 1.02048, 0, 0, 0, 1
-0.999931, 0.00103966, -0.0116742, 0.29066, 0.0116849, 0.0109672, -0.999872, 0.850263, -0.000911494, -0.999939, -0.0109786, 1.02046, 0, 0, 0, 1
-0.99993, 0.00106212, -0.0118089, 0.290657, 0.01182, 0.0110978, -0.999869, 0.850289, -0.000930922, -0.999938, -0.0111096, 1.02044, 0, 0, 0, 1
-0.999928, 0.0010847, -0.0119445, 0.290654, 0.0119559, 0.0112292, -0.999865, 0.850316, -0.000950427, -0.999936, -0.0112414, 1.02043, 0, 0, 0, 1
-0.999926, 0.00110741, -0.0120808, 0.290651, 0.0120926, 0.0113615, -0.999862, 0.850343, -0.000970007, -0.999935, -0.011374, 1.02041, 0, 0, 0, 1
-0.999925, 0.00113026, -0.012218, 0.290648, 0.0122302, 0.0114945, -0.999859, 0.85037, -0.000989662, -0.999933, -0.0115074, 1.02039, 0, 0, 0, 1
-0.999923, 0.00115324, -0.012356, 0.290645, 0.0123686, 0.0116283, -0.999856, 0.850397, -0.00100939, -0.999932, -0.0116417, 1.02037, 0, 0, 0, 1
-0.999921, 0.00117634, -0.0124948, 0.290642, 0.0125078, 0.0117629, -0.999853, 0.850425, -0.00102919, -0.99993, -0.0117767, 1.02036, 0, 0, 0, 1
-0.999919, 0.00119958, -0.0126345, 0.290639, 0.0126479, 0.0118984, -0.999849, 0.850452, -0.00104907, -0.999928, -0.0119126, 1.02034, 0, 0, 0, 1
-0.999918, 0.00122295, -0.012775, 0.290636, 0.0127888, 0.0120346, -0.999846, 0.85048, -0.00106902, -0.999927, -0.0120492, 1.02032, 0, 0, 0, 1
-0.999916, 0.00124644, -0.0129163, 0.290632, 0.0129306, 0.0121716, -0.999842, 0.850508, -0.00108903, -0.999925, -0.0121867, 1.0203, 0, 0, 0, 1
-0.999914, 0.00127007, -0.0130585, 0.290629, 0.0130731, 0.0123095, -0.999839, 0.850536, -0.00110912, -0.999923, -0.012325, 1.02029, 0, 0, 0, 1
-0.999912, 0.00129382, -0.0132015, 0.290626, 0.0132166, 0.0124481, -0.999835, 0.850564, -0.00112928, -0.999922, -0.0124641, 1.02027, 0, 0, 0, 1
-0.99991, 0.00131771, -0.0133453, 0.290623, 0.0133608, 0.0125876, -0.999832, 0.850592, -0.0011495, -0.99992, -0.0126041, 1.02025, 0, 0, 0, 1
-0.999908, 0.00134172, -0.0134899, 0.290619, 0.0135059, 0.0127279, -0.999828, 0.850621, -0.0011698, -0.999918, -0.0127448, 1.02023, 0, 0, 0, 1
-0.999906, 0.00136587, -0.0136354, 0.290616, 0.0136518, 0.0128689, -0.999824, 0.85065, -0.00119015, -0.999916, -0.0128864, 1.02021, 0, 0, 0, 1
-0.999904, 0.00139014, -0.0137817, 0.290613, 0.0137986, 0.0130108, -0.99982, 0.850678, -0.00121058, -0.999914, -0.0130287, 1.0202, 0, 0, 0, 1
-0.999902, 0.00141454, -0.0139288, 0.290609, 0.0139462, 0.0131535, -0.999816, 0.850707, -0.00123107, -0.999912, -0.0131719, 1.02018, 0, 0, 0, 1
-0.9999, 0.00143907, -0.0140768, 0.290606, 0.0140947, 0.0132969, -0.999812, 0.850737, -0.00125162, -0.999911, -0.0133159, 1.02016, 0, 0, 0, 1
-0.999898, 0.00146373, -0.0142255, 0.290603, 0.014244, 0.0134412, -0.999808, 0.850766, -0.00127224, -0.999909, -0.0134607, 1.02014, 0, 0, 0, 1
-0.999896, 0.00148852, -0.0143752, 0.290599, 0.0143941, 0.0135863, -0.999804, 0.850795, -0.00129292, -0.999907, -0.0136063, 1.02012, 0, 0, 0, 1
-0.999893, 0.00151343, -0.0145256, 0.290596, 0.014545, 0.0137322, -0.9998, 0.850825, -0.00131366, -0.999905, -0.0137528, 1.0201, 0, 0, 0, 1
-0.999891, 0.00153848, -0.0146769, 0.290592, 0.0146968, 0.0138789, -0.999796, 0.850855, -0.00133446, -0.999902, -0.0139, 1.02008, 0, 0, 0, 1
-0.999889, 0.00156365, -0.014829, 0.290589, 0.0148495, 0.0140264, -0.999791, 0.850885, -0.00135533, -0.9999, -0.0140481, 1.02007, 0, 0, 0, 1
-0.999887, 0.00158895, -0.0149819, 0.290585, 0.0150029, 0.0141747, -0.999787, 0.850915, -0.00137625, -0.999898, -0.014197, 1.02005, 0, 0, 0, 1
-0.999884, 0.00161438, -0.0151357, 0.290582, 0.0151572, 0.0143239, -0.999783, 0.850946, -0.00139723, -0.999896, -0.0143467, 1.02003, 0, 0, 0, 1
-0.999882, 0.00163993, -0.0152902, 0.290578, 0.0153124, 0.0144738, -0.999778, 0.850976, -0.00141826, -0.999894, -0.0144972, 1.02001, 0, 0, 0, 1
-0.999879, 0.00166561, -0.0154457, 0.290575, 0.0154684, 0.0146245, -0.999773, 0.851007, -0.00143935, -0.999892, -0.0146485, 1.01999, 0, 0, 0, 1
-0.999877, 0.00169142, -0.0156019, 0.290571, 0.0156252, 0.014776, -0.999769, 0.851038, -0.0014605, -0.999889, -0.0148007, 1.01997, 0, 0, 0, 1
-0.999874, 0.00171736, -0.015759, 0.290567, 0.0157829, 0.0149284, -0.999764, 0.851069, -0.0014817, -0.999887, -0.0149536, 1.01995, 0, 0, 0, 1
-0.999872, 0.00174342, -0.0159169, 0.290564, 0.0159414, 0.0150815, -0.999759, 0.8511, -0.00150295, -0.999885, -0.0151074, 1.01993, 0, 0, 0, 1
-0.999869, 0.00176961, -0.0160756, 0.29056, 0.0161007, 0.0152355, -0.999754, 0.851131, -0.00152426, -0.999882, -0.015262, 1.01991, 0, 0, 0, 1
-0.999867, 0.00179593, -0.0162351, 0.290557, 0.0162609, 0.0153902, -0.999749, 0.851163, -0.00154562, -0.99988, -0.0154174, 1.01989, 0, 0, 0, 1
-0.999864, 0.00182237, -0.0163955, 0.290553, 0.0164219, 0.0155458, -0.999744, 0.851194, -0.00156703, -0.999877, -0.0155736, 1.01987, 0, 0, 0, 1
-0.999861, 0.00184894, -0.0165567, 0.290549, 0.0165838, 0.0157021, -0.999739, 0.851226, -0.00158849, -0.999875, -0.0157306, 1.01985, 0, 0, 0, 1
-0.999858, 0.00187564, -0.0167188, 0.290545, 0.0167465, 0.0158593, -0.999734, 0.851258, -0.00160999, -0.999872, -0.0158885, 1.01983, 0, 0, 0, 1
-0.999856, 0.00190246, -0.0168817, 0.290542, 0.01691, 0.0160173, -0.999729, 0.85129, -0.00163155, -0.99987, -0.0160472, 1.01981, 0, 0, 0, 1
-0.999853, 0.00192941, -0.0170454, 0.290538, 0.0170744, 0.0161761, -0.999723, 0.851323, -0.00165315, -0.999867, -0.0162066, 1.01979, 0, 0, 0, 1
-0.99985, 0.00195648, -0.0172099, 0.290534, 0.0172396, 0.0163357, -0.999718, 0.851355, -0.0016748, -0.999865, -0.0163669, 1.01977, 0, 0, 0, 1
-0.999847, 0.00198368, -0.0173752, 0.29053, 0.0174056, 0.0164961, -0.999712, 0.851388, -0.00169649, -0.999862, -0.0165281, 1.01975, 0, 0, 0, 1
-0.999844, 0.002011, -0.0175414, 0.290526, 0.0175725, 0.0166572, -0.999707, 0.851421, -0.00171822, -0.999859, -0.01669, 1.01973, 0, 0, 0, 1
-0.999841, 0.00203845, -0.0177084, 0.290523, 0.0177403, 0.0168192, -0.999701, 0.851454, -0.00174, -0.999856, -0.0168527, 1.01971, 0, 0, 0, 1
-0.999838, 0.00206603, -0.0178763, 0.290519, 0.0179088, 0.0169821, -0.999695, 0.851487, -0.00176182, -0.999854, -0.0170163, 1.01969, 0, 0, 0, 1
-0.999835, 0.00209373, -0.018045, 0.290515, 0.0180782, 0.0171457, -0.99969, 0.85152, -0.00178368, -0.999851, -0.0171807, 1.01967, 0, 0, 0, 1
-0.999832, 0.00212155, -0.0182145, 0.290511, 0.0182485, 0.0173101, -0.999684, 0.851554, -0.00180558, -0.999848, -0.0173459, 1.01964, 0, 0, 0, 1
-0.999829, 0.0021495, -0.0183848, 0.290507, 0.0184196, 0.0174753, -0.999678, 0.851587, -0.00182752, -0.999845, -0.0175119, 1.01962, 0, 0, 0, 1
-0.999825, 0.00217757, -0.0185559, 0.290503, 0.0185915, 0.0176413, -0.999672, 0.851621, -0.0018495, -0.999842, -0.0176787, 1.0196, 0, 0, 0, 1
-0.999822, 0.00220577, -0.0187279, 0.290499, 0.0187643, 0.0178082, -0.999665, 0.851655, -0.00187152, -0.999839, -0.0178464, 1.01958, 0, 0, 0, 1
-0.999819, 0.00223409, -0.0189007, 0.290495, 0.0189379, 0.0179758, -0.999659, 0.851689, -0.00189357, -0.999836, -0.0180149, 1.01956, 0, 0, 0, 1
-0.999816, 0.00226253, -0.0190744, 0.290491, 0.0191123, 0.0181443, -0.999653, 0.851724, -0.00191565, -0.999833, -0.0181842, 1.01954, 0, 0, 0, 1
-0.999812, 0.0022911, -0.0192489, 0.290487, 0.0192876, 0.0183135, -0.999646, 0.851758, -0.00193777, -0.99983, -0.0183543, 1.01952, 0, 0, 0, 1
-0.999809, 0.00231979, -0.0194242, 0.290483, 0.0194638, 0.0184836, -0.99964, 0.851793, -0.00195993, -0.999826, -0.0185252, 1.0195, 0, 0, 0, 1
-0.999805, 0.0023486, -0.0196003, 0.290479, 0.0196407, 0.0186544, -0.999633, 0.851828, -0.00198211, -0.999823, -0.0186969, 1.01947, 0, 0, 0, 1
-0.999802, 0.00237754, -0.0197772, 0.290475, 0.0198185, 0.0188261, -0.999626, 0.851863, -0.00200432, -0.99982, -0.0188695, 1.01945, 0, 0, 0, 1
-0.999798, 0.0024066, -0.019955, 0.29047, 0.0199972, 0.0189986, -0.99962, 0.851898, -0.00202657, -0.999817, -0.0190429, 1.01943, 0, 0, 0, 1
-0.999794, 0.00243578, -0.0201336, 0.290466, 0.0201767, 0.0191719, -0.999613, 0.851933, -0.00204884, -0.999813, -0.0192171, 1.01941, 0, 0, 0, 1
-0.999791, 0.00246509, -0.0203131, 0.290462, 0.020357, 0.0193459, -0.999606, 0.851969, -0.00207114, -0.99981, -0.0193921, 1.01939, 0, 0, 0, 1
-0.999787, 0.00249452, -0.0204934, 0.290458, 0.0205382, 0.0195208, -0.999598, 0.852004, -0.00209347, -0.999806, -0.0195679, 1.01936, 0, 0, 0, 1
-0.999783, 0.00252407, -0.0206744, 0.290454, 0.0207202, 0.0196965, -0.999591, 0.85204, -0.00211582, -0.999803, -0.0197445, 1.01934, 0, 0, 0, 1
-0.999779, 0.00255374, -0.0208564, 0.290449, 0.0209031, 0.019873, -0.999584, 0.852076, -0.0021382, -0.999799, -0.019922, 1.01932, 0, 0, 0, 1
-0.999775, 0.00258353, -0.0210391, 0.290445, 0.0210868, 0.0200503, -0.999577, 0.852112, -0.0021606, -0.999796, -0.0201003, 1.0193, 0, 0, 0, 1
-0.999771, 0.00261345, -0.0212227, 0.290441, 0.0212713, 0.0202284, -0.999569, 0.852149, -0.00218302, -0.999792, -0.0202794, 1.01927, 0, 0, 0, 1
-0.999767, 0.00264349, -0.0214071, 0.290437, 0.0214567, 0.0204074, -0.999561, 0.852185, -0.00220547, -0.999788, -0.0204593, 1.01925, 0, 0, 0, 1
-0.999763, 0.00267365, -0.0215924, 0.290432, 0.0216429, 0.0205871, -0.999554, 0.852222, -0.00222793, -0.999784, -0.0206401, 1.01923, 0, 0, 0, 1
-0.999759, 0.00270393, -0.0217784, 0.290428, 0.02183, 0.0207676, -0.999546, 0.852259, -0.00225041, -0.999781, -0.0208216, 1.01921, 0, 0, 0, 1
-0.999755, 0.00273433, -0.0219653, 0.290423, 0.0220179, 0.020949, -0.999538, 0.852296, -0.00227291, -0.999777, -0.021004, 1.01918, 0, 0, 0, 1
-0.999751, 0.00276485, -0.0221531, 0.290419, 0.0222066, 0.0211311, -0.99953, 0.852333, -0.00229543, -0.999773, -0.0211872, 1.01916, 0, 0, 0, 1
-0.999746, 0.00279549, -0.0223416, 0.290415, 0.0223962, 0.021314, -0.999522, 0.85237, -0.00231796, -0.999769, -0.0213713, 1.01914, 0, 0, 0, 1
-0.999742, 0.00282625, -0.022531, 0.29041, 0.0225866, 0.0214978, -0.999514, 0.852408, -0.00234051, -0.999765, -0.0215561, 1.01911, 0, 0, 0, 1
-0.999738, 0.00285713, -0.0227212, 0.290406, 0.0227779, 0.0216824, -0.999505, 0.852445, -0.00236307, -0.999761, -0.0217418, 1.01909, 0, 0, 0, 1
-0.999733, 0.00288814, -0.0229123, 0.290401, 0.02297, 0.0218677, -0.999497, 0.852483, -0.00238564, -0.999757, -0.0219282, 1.01907, 0, 0, 0, 1
-0.999729, 0.00291926, -0.0231041, 0.290397, 0.023163, 0.0220539, -0.999488, 0.852521, -0.00240823, -0.999753, -0.0221155, 1.01904, 0, 0, 0, 1
-0.999724, 0.0029505, -0.0232968, 0.290392, 0.0233568, 0.0222409, -0.99948, 0.852559, -0.00243082, -0.999748, -0.0223037, 1.01902, 0, 0, 0, 1
-0.99972, 0.00298186, -0.0234903, 0.290388, 0.0235514, 0.0224287, -0.999471, 0.852598, -0.00245343, -0.999744, -0.0224926, 1.019, 0, 0, 0, 1
-0.999715, 0.00301334, -0.0236847, 0.290383, 0.0237469, 0.0226172, -0.999462, 0.852636, -0.00247604, -0.99974, -0.0226824, 1.01897, 0, 0, 0, 1
-0.99971, 0.00304494, -0.0238799, 0.290378, 0.0239432, 0.0228066, -0.999453, 0.852675, -0.00249866, -0.999735, -0.0228729, 1.01895, 0, 0, 0, 1
-0.999705, 0.00307666, -0.0240759, 0.290374, 0.0241404, 0.0229968, -0.999444, 0.852714, -0.00252128, -0.999731, -0.0230643, 1.01892, 0, 0, 0, 1
-0.999701, 0.0031085, -0.0242727, 0.290369, 0.0243384, 0.0231878, -0.999435, 0.852753, -0.00254391, -0.999726, -0.0232566, 1.0189, 0, 0, 0, 1
-0.999696, 0.00314045, -0.0244704, 0.290364, 0.0245372, 0.0233797, -0.999425, 0.852792, -0.00256654, -0.999722, -0.0234496, 1.01888, 0, 0, 0, 1
-0.999691, 0.00317253, -0.0246689, 0.29036, 0.0247369, 0.0235723, -0.999416, 0.852831, -0.00258917, -0.999717, -0.0236435, 1.01885, 0, 0, 0, 1
-0.999686, 0.00320472, -0.0248682, 0.290355, 0.0249375, 0.0237657, -0.999406, 0.852871, -0.0026118, -0.999712, -0.0238382, 1.01883, 0, 0, 0, 1
-0.99968, 0.00323703, -0.0250684, 0.29035, 0.0251388, 0.0239599, -0.999397, 0.852911, -0.00263444, -0.999708, -0.0240337, 1.0188, 0, 0, 0, 1
-0.999675, 0.00326945, -0.0252693, 0.290345, 0.0253411, 0.024155, -0.999387, 0.85295, -0.00265707, -0.999703, -0.02423, 1.01878, 0, 0, 0, 1
-0.99967, 0.003302, -0.0254711, 0.290341, 0.0255441, 0.0243508, -0.999377, 0.85299, -0.0026797, -0.999698, -0.0244271, 1.01875, 0, 0, 0, 1
-0.999665, 0.00333466, -0.0256738, 0.290336, 0.025748, 0.0245475, -0.999367, 0.853031, -0.00270232, -0.999693, -0.0246251, 1.01873, 0, 0, 0, 1
-0.999659, 0.00336744, -0.0258772, 0.290331, 0.0259528, 0.0247449, -0.999357, 0.853071, -0.00272494, -0.999688, -0.0248239, 1.0187, 0, 0, 0, 1
-0.999654, 0.00340033, -0.0260815, 0.290326, 0.0261584, 0.0249432, -0.999347, 0.853111, -0.00274756, -0.999683, -0.0250235, 1.01868, 0, 0, 0, 1
-0.999649, 0.00343335, -0.0262867, 0.290321, 0.0263648, 0.0251422, -0.999336, 0.853152, -0.00277016, -0.999678, -0.0252239, 1.01865, 0, 0, 0, 1
-0.999643, 0.00346647, -0.0264926, 0.290316, 0.0265721, 0.0253421, -0.999326, 0.853193, -0.00279276, -0.999673, -0.0254252, 1.01863, 0, 0, 0, 1
-0.999637, 0.00349972, -0.0266994, 0.290311, 0.0267802, 0.0255428, -0.999315, 0.853234, -0.00281535, -0.999668, -0.0256273, 1.0186, 0, 0, 0, 1
-0.999632, 0.00353308, -0.026907, 0.290306, 0.0269892, 0.0257443, -0.999304, 0.853275, -0.00283792, -0.999662, -0.0258302, 1.01858, 0, 0, 0, 1
-0.999626, 0.00356656, -0.0271154, 0.290301, 0.027199, 0.0259466, -0.999293, 0.853317, -0.00286048, -0.999657, -0.0260339, 1.01855, 0, 0, 0, 1
-0.99962, 0.00360015, -0.0273247, 0.290296, 0.0274096, 0.0261497, -0.999282, 0.853358, -0.00288303, -0.999652, -0.0262384, 1.01853, 0, 0, 0, 1
-0.999614, 0.00363386, -0.0275348, 0.290291, 0.0276211, 0.0263536, -0.999271, 0.8534, -0.00290557, -0.999646, -0.0264438, 1.0185, 0, 0, 0, 1
-0.999608, 0.00366768, -0.0277457, 0.290286, 0.0278335, 0.0265583, -0.99926, 0.853442, -0.00292809, -0.999641, -0.02665, 1.01848, 0, 0, 0, 1
-0.999602, 0.00370162, -0.0279574, 0.290281, 0.0280466, 0.0267638, -0.999248, 0.853484, -0.00295059, -0.999635, -0.026857, 1.01845, 0, 0, 0, 1
-0.999596, 0.00373567, -0.02817, 0.290276, 0.0282607, 0.0269701, -0.999237, 0.853526, -0.00297307, -0.999629, -0.0270648, 1.01842, 0, 0, 0, 1
-0.99959, 0.00376984, -0.0283834, 0.290271, 0.0284755, 0.0271773, -0.999225, 0.853568, -0.00299553, -0.999624, -0.0272735, 1.0184, 0, 0, 0, 1
-0.999584, 0.00380412, -0.0285976, 0.290266, 0.0286913, 0.0273852, -0.999213, 0.853611, -0.00301797, -0.999618, -0.0274829, 1.01837, 0, 0, 0, 1
-0.999577, 0.00383852, -0.0288127, 0.290261, 0.0289078, 0.0275939, -0.999201, 0.853653, -0.00304039, -0.999612, -0.0276932, 1.01835, 0, 0, 0, 1
-0.999571, 0.00387302, -0.0290286, 0.290255, 0.0291252, 0.0278035, -0.999189, 0.853696, -0.00306279, -0.999606, -0.0279044, 1.01832, 0, 0, 0, 1
-0.999565, 0.00390765, -0.0292453, 0.29025, 0.0293435, 0.0280138, -0.999177, 0.853739, -0.00308516, -0.9996, -0.0281163, 1.01829, 0, 0, 0, 1
-0.999558, 0.00394239, -0.0294628, 0.290245, 0.0295626, 0.028225, -0.999164, 0.853783, -0.0031075, -0.999594, -0.0283291, 1.01827, 0, 0, 0, 1
-0.999552, 0.00397724, -0.0296812, 0.29024, 0.0297825, 0.028437, -0.999152, 0.853826, -0.00312982, -0.999588, -0.0285427, 1.01824, 0, 0, 0, 1
-0.999545, 0.0040122, -0.0299004, 0.290234, 0.0300033, 0.0286497, -0.999139, 0.85387, -0.00315211, -0.999581, -0.0287571, 1.01821, 0, 0, 0, 1
-0.999538, 0.00404727, -0.0301204, 0.290229, 0.0302249, 0.0288633, -0.999126, 0.853913, -0.00317436, -0.999575, -0.0289723, 1.01819, 0, 0, 0, 1
-0.999531, 0.00408246, -0.0303413, 0.290224, 0.0304474, 0.0290777, -0.999113, 0.853957, -0.00319659, -0.999569, -0.0291884, 1.01816, 0, 0, 0, 1
-0.999524, 0.00411776, -0.030563, 0.290218, 0.0306707, 0.0292929, -0.9991, 0.854001, -0.00321878, -0.999562, -0.0294052, 1.01813, 0, 0, 0, 1
-0.999517, 0.00415318, -0.0307855, 0.290213, 0.0308948, 0.0295089, -0.999087, 0.854045, -0.00324094, -0.999556, -0.029623, 1.01811, 0, 0, 0, 1
-0.99951, 0.0041887, -0.0310088, 0.290208, 0.0311198, 0.0297257, -0.999074, 0.85409, -0.00326306, -0.999549, -0.0298415, 1.01808, 0, 0, 0, 1
-0.999503, 0.00422434, -0.031233, 0.290202, 0.0313457, 0.0299433, -0.99906, 0.854134, -0.00328515, -0.999543, -0.0300608, 1.01805, 0, 0, 0, 1
-0.999496, 0.00426009, -0.031458, 0.290197, 0.0315724, 0.0301617, -0.999046, 0.854179, -0.0033072, -0.999536, -0.030281, 1.01803, 0, 0, 0, 1
-0.999489, 0.00429595, -0.0316838, 0.290191, 0.0317999, 0.0303809, -0.999032, 0.854224, -0.00332921, -0.999529, -0.030502, 1.018, 0, 0, 0, 1
