-0.999999, -0.000797434, -0.000797196, 0.290901, 0.000796858, 0.000424669, -1, 0.848124, 0.000797772, -1, -0.000424033, 1.02183, 0, 0, 0, 1
-0.999999, -0.000797426, -0.000797351, 0.290901, 0.000797012, 0.000425147, -1, 0.848124, 0.000797765, -1, -0.000424511, 1.02183, 0, 0, 0, 1
-0.999999, -0.000797402, -0.000797817, 0.290901, 0.000797477, 0.000426582, -1, 0.848125, 0.000797742, -1, -0.000425946, 1.02183, 0, 0, 0, 1
-0.999999, -0.000797361, -0.000798592, 0.290901, 0.000798251, 0.000428975, -1, 0.848125, 0.000797703, -1, -0.000428338, 1.02183, 0, 0, 0, 1
-0.999999, -0.000797303, -0.000799678, 0.290901, 0.000799334, 0.000432323, -1, 0.848125, 0.000797649, -1, -0.000431686, 1.02183, 0, 0, 0, 1
-0.999999, -0.00079723, -0.000801075, 0.290901, 0.000800727, 0.000436629, -1, 0.848126, 0.000797579, -1, -0.00043599, 1.02183, 0, 0, 0, 1
-0.999999, -0.00079714, -0.000802781, 0.290901, 0.000802429, 0.000441892, -1, 0.848127, 0.000797494, -1, -0.000441252, 1.02183, 0, 0, 0, 1
-0.999999, -0.000797034, -0.000804798, 0.2909, 0.000804441, 0.000448111, -1, 0.848128, 0.000797394, -1, -0.00044747, 1.02183, 0, 0, 0, 1
-0.999999, -0.000796911, -0.000807126, 0.2909, 0.000806763, 0.000455287, -1, 0.848129, 0.000797278, -1, -0.000454644, 1.02183, 0, 0, 0, 1
-0.999999, -0.000796772, -0.000809763, 0.2909, 0.000809394, 0.00046342, -1, 0.84813, 0.000797147, -1, -0.000462775, 1.02183, 0, 0, 0, 1
-0.999999, -0.000796617, -0.000812711, 0.2909, 0.000812335, 0.00047251, -1, 0.848132, 0.000797001, -1, -0.000471863, 1.02183, 0, 0, 0, 1
-0.999999, -0.000796445, -0.000815969, 0.290899, 0.000815585, 0.000482557, -1, 0.848133, 0.000796839, -1, -0.000481907, 1.02183, 0, 0, 0, 1
-0.999999, -0.000796257, -0.000819538, 0.290899, 0.000819145, 0.00049356, -1, 0.848135, 0.000796662, -1, -0.000492908, 1.02183, 0, 0, 0, 1
-0.999999, -0.000796053, -0.000823417, 0.290899, 0.000823014, 0.000505521, -1, 0.848137, 0.000796469, -1, -0.000504865, 1.02183, 0, 0, 0, 1
-0.999999, -0.000795833, -0.000827606, 0.290898, 0.000827193, 0.000518438, -1, 0.848139, 0.000796261, -1, -0.000517779, 1.02182, 0, 0, 0, 1
-0.999999, -0.000795596, -0.000832105, 0.290898, 0.000831682, 0.000532312, -1, 0.848141, 0.000796039, -1, -0.00053165, 1.02182, 0, 0, 0, 1
-0.999999, -0.000795343, -0.000836915, 0.290897, 0.00083648, 0.000547142, -1, 0.848143, 0.0007958, -1, -0.000546477, 1.02182, 0, 0, 0, 1
-0.999999, -0.000795074, -0.000842035, 0.290897, 0.000841587, 0.00056293, -0.999999, 0.848146, 0.000795547, -1, -0.000562261, 1.02182, 0, 0, 0, 1
-0.999999, -0.000794788, -0.000847465, 0.290897, 0.000847005, 0.000579675, -0.999999, 0.848148, 0.000795279, -1, -0.000579001, 1.02182, 0, 0, 0, 1
-0.999999, -0.000794486, -0.000853206, 0.290896, 0.000852731, 0.000597376, -0.999999, 0.848151, 0.000794995, -1, -0.000596698, 1.02182, 0, 0, 0, 1
-0.999999, -0.000794168, -0.000859257, 0.290895, 0.000858768, 0.000616034, -0.999999, 0.848154, 0.000794697, -0.999999, -0.000615351, 1.02181, 0, 0, 0, 1
-0.999999, -0.000793834, -0.000865618, 0.290895, 0.000865113, 0.000635649, -0.999999, 0.848157, 0.000794384, -0.999999, -0.000634962, 1.02181, 0, 0, 0, 1
-0.999999, -0.000793483, -0.000872289, 0.290894, 0.000871769, 0.000656221, -0.999999, 0.84816, 0.000794055, -0.999999, -0.000655528, 1.02181, 0, 0, 0, 1
-0.999999, -0.000793116, -0.000879271, 0.290894, 0.000878734, 0.000677749, -0.999999, 0.848164, 0.000793712, -0.999999, -0.000677052, 1.02181, 0, 0, 0, 1
-0.999999, -0.000792734, -0.000886563, 0.290893, 0.000886008, 0.000700235, -0.999999, 0.848167, 0.000793354, -0.999999, -0.000699532, 1.0218, 0, 0, 0, 1
-0.999999, -0.000792334, -0.000894166, 0.290892, 0.000893592, 0.000723677, -0.999999, 0.848171, 0.000792981, -0.999999, -0.000722968, 1.0218, 0, 0, 0, 1
-0.999999, -0.000791919, -0.000902078, 0.290892, 0.000901486, 0.000748076, -0.999999, 0.848175, 0.000792593, -0.999999, -0.000747361, 1.0218, 0, 0, 0, 1
-0.999999, -0.000791488, -0.000910301, 0.290891, 0.000909689, 0.000773432, -0.999999, 0.848179, 0.000792191, -0.999999, -0.000772711, 1.0218, 0, 0, 0, 1
-0.999999, -0.00079104, -0.000918835, 0.29089, 0.000918202, 0.000799744, -0.999999, 0.848183, 0.000791774, -0.999999, -0.000799018, 1.02179, 0, 0, 0, 1
-0.999999, -0.000790577, -0.000927678, 0.290889, 0.000927025, 0.000827014, -0.999999, 0.848187, 0.000791343, -0.999999, -0.00082628, 1.02179, 0, 0, 0, 1
-0.999999, -0.000790097, -0.000936832, 0.290889, 0.000936157, 0.00085524, -0.999999, 0.848191, 0.000790897, -0.999999, -0.0008545, 1.02179, 0, 0, 0, 1
-0.999999, -0.000789601, -0.000946297, 0.290888, 0.000945598, 0.000884424, -0.999999, 0.848196, 0.000790437, -0.999999, -0.000883676, 1.02178, 0, 0, 0, 1
-0.999999, -0.000789089, -0.000956071, 0.290887, 0.000955349, 0.000914564, -0.999999, 0.848201, 0.000789963, -0.999999, -0.000913809, 1.02178, 0, 0, 0, 1
-0.999999, -0.000788561, -0.000966156, 0.290886, 0.00096541, 0.00094566, -0.999999, 0.848206, 0.000789474, -0.999999, -0.000944898, 1.02178, 0, 0, 0, 1
-0.999999, -0.000788017, -0.000976551, 0.290885, 0.000975781, 0.000977714, -0.999999, 0.848211, 0.000788971, -0.999999, -0.000976944, 1.02177, 0, 0, 0, 1
-0.999999, -0.000787457, -0.000987257, 0.290884, 0.00098646, 0.00101072, -0.999999, 0.848216, 0.000788454, -0.999999, -0.00100995, 1.02177, 0, 0, 0, 1
-0.999999, -0.000786881, -0.000998272, 0.290883, 0.00099745, 0.00104469, -0.999999, 0.848221, 0.000787923, -0.999999, -0.00104391, 1.02177, 0, 0, 0, 1
-0.999999, -0.000786289, -0.0010096, 0.290882, 0.00100875, 0.00107962, -0.999999, 0.848227, 0.000787379, -0.999999, -0.00107882, 1.02176, 0, 0, 0, 1
-0.999999, -0.000785682, -0.00102123, 0.290881, 0.00102036, 0.0011155, -0.999999, 0.848232, 0.00078682, -0.999999, -0.00111469, 1.02176, 0, 0, 0, 1
-0.999999, -0.000785058, -0.00103318, 0.29088, 0.00103228, 0.00115234, -0.999999, 0.848238, 0.000786247, -0.999999, -0.00115152, 1.02175, 0, 0, 0, 1
-0.999999, -0.000784418, -0.00104544, 0.290879, 0.0010445, 0.00119013, -0.999999, 0.848244, 0.000785661, -0.999999, -0.00118931, 1.02175, 0, 0, 0, 1
-0.999999, -0.000783763, -0.00105801, 0.290878, 0.00105704, 0.00122888, -0.999999, 0.84825, 0.000785062, -0.999999, -0.00122805, 1.02174, 0, 0, 0, 1
-0.999999, -0.000783091, -0.00107088, 0.290877, 0.00106989, 0.00126859, -0.999999, 0.848256, 0.000784449, -0.999999, -0.00126775, 1.02174, 0, 0, 0, 1
-0.999999, -0.000782404, -0.00108407, 0.290875, 0.00108305, 0.00130925, -0.999999, 0.848262, 0.000783822, -0.999999, -0.00130841, 1.02174, 0, 0, 0, 1
-0.999999, -0.000781701, -0.00109757, 0.290874, 0.00109651, 0.00135088, -0.999998, 0.848269, 0.000783183, -0.999999, -0.00135002, 1.02173, 0, 0, 0, 1
-0.999999, -0.000780983, -0.00111138, 0.290873, 0.00111029, 0.00139346, -0.999998, 0.848276, 0.00078253, -0.999999, -0.00139259, 1.02173, 0, 0, 0, 1
-0.999999, -0.000780248, -0.0011255, 0.290872, 0.00112437, 0.00143699, -0.999998, 0.848282, 0.000781864, -0.999999, -0.00143611, 1.02172, 0, 0, 0, 1
-0.999999, -0.000779498, -0.00113993, 0.29087, 0.00113877, 0.00148148, -0.999998, 0.848289, 0.000781185, -0.999999, -0.00148059, 1.02172, 0, 0, 0, 1
-0.999999, -0.000778732, -0.00115466, 0.290869, 0.00115347, 0.00152693, -0.999998, 0.848296, 0.000780494, -0.999999, -0.00152603, 1.02171, 0, 0, 0, 1
-0.999999, -0.000777951, -0.00116971, 0.290868, 0.00116849, 0.00157334, -0.999998, 0.848304, 0.000779789, -0.999998, -0.00157243, 1.02171, 0, 0, 0, 1
-0.999999, -0.000777153, -0.00118507, 0.290866, 0.00118381, 0.0016207, -0.999998, 0.848311, 0.000779073, -0.999998, -0.00161978, 1.0217, 0, 0, 0, 1
-0.999999, -0.000776341, -0.00120074, 0.290865, 0.00119945, 0.00166902, -0.999998, 0.848319, 0.000778343, -0.999998, -0.00166809, 1.0217, 0, 0, 0, 1
-0.999999, -0.000775512, -0.00121673, 0.290864, 0.00121539, 0.0017183, -0.999998, 0.848326, 0.000777601, -0.999998, -0.00171735, 1.02169, 0, 0, 0, 1
-0.999999, -0.000774669, -0.00123302, 0.290862, 0.00123164, 0.00176853, -0.999998, 0.848334, 0.000776847, -0.999998, -0.00176758, 1.02168, 0, 0, 0, 1
-0.999999, -0.000773809, -0.00124962, 0.290861, 0.00124821, 0.00181972, -0.999998, 0.848342, 0.000776081, -0.999998, -0.00181875, 1.02168, 0, 0, 0, 1
-0.999999, -0.000772935, -0.00126653, 0.290859, 0.00126508, 0.00187187, -0.999997, 0.84835, 0.000775303, -0.999998, -0.00187089, 1.02167, 0, 0, 0, 1
-0.999999, -0.000772044, -0.00128375, 0.290858, 0.00128226, 0.00192497, -0.999997, 0.848359, 0.000774513, -0.999998, -0.00192398, 1.02167, 0, 0, 0, 1
-0.999999, -0.000771139, -0.00130128, 0.290856, 0.00129975, 0.00197903, -0.999997, 0.848367, 0.000773712, -0.999998, -0.00197803, 1.02166, 0, 0, 0, 1
-0.999999, -0.000770218, -0.00131913, 0.290854, 0.00131756, 0.00203405, -0.999997, 0.848376, 0.000772899, -0.999998, -0.00203303, 1.02165, 0, 0, 0, 1
-0.999999, -0.000769281, -0.00133728, 0.290853, 0.00133567, 0.00209003, -0.999997, 0.848384, 0.000772074, -0.999998, -0.002089, 1.02165, 0, 0, 0, 1
-0.999999, -0.00076833, -0.00135574, 0.290851, 0.00135409, 0.00214696, -0.999997, 0.848393, 0.000771238, -0.999997, -0.00214591, 1.02164, 0, 0, 0, 1
-0.999999, -0.000767363, -0.00137451, 0.29085, 0.00137282, 0.00220485, -0.999997, 0.848402, 0.000770391, -0.999997, -0.00220379, 1.02164, 0, 0, 0, 1
-0.999999, -0.000766381, -0.0013936, 0.290848, 0.00139186, 0.00226369, -0.999996, 0.848412, 0.000769533, -0.999997, -0.00226262, 1.02163, 0, 0, 0, 1
-0.999999, -0.000765383, -0.00141299, 0.290846, 0.00141121, 0.00232349, -0.999996, 0.848421, 0.000768664, -0.999997, -0.00232241, 1.02162, 0, 0, 0, 1
-0.999999, -0.000764371, -0.0014327, 0.290844, 0.00143087, 0.00238425, -0.999996, 0.84843, 0.000767784, -0.999997, -0.00238315, 1.02162, 0, 0, 0, 1
-0.999999, -0.000763343, -0.00145271, 0.290843, 0.00145084, 0.00244597, -0.999996, 0.84844, 0.000766894, -0.999997, -0.00244486, 1.02161, 0, 0, 0, 1
-0.999999, -0.000762301, -0.00147304, 0.290841, 0.00147112, 0.00250864, -0.999996, 0.84845, 0.000765993, -0.999997, -0.00250751, 1.0216, 0, 0, 0, 1
-0.999999, -0.000761243, -0.00149367, 0.290839, 0.00149171, 0.00257227, -0.999996, 0.84846, 0.000765082, -0.999996, -0.00257113, 1.02159, 0, 0, 0, 1
-0.999999, -0.000760171, -0.00151462, 0.290837, 0.00151261, 0.00263685, -0.999995, 0.84847, 0.000764161, -0.999996, -0.0026357, 1.02159, 0, 0, 0, 1
-0.999999, -0.000759083, -0.00153587, 0.290835, 0.00153381, 0.0027024, -0.999995, 0.84848, 0.00076323, -0.999996, -0.00270123, 1.02158, 0, 0, 0, 1
-0.999998, -0.00075798, -0.00155744, 0.290833, 0.00155533, 0.0027689, -0.999995, 0.848491, 0.000762289, -0.999996, -0.00276771, 1.02157, 0, 0, 0, 1
-0.999998, -0.000756863, -0.00157931, 0.290831, 0.00157716, 0.00283635, -0.999995, 0.848501, 0.000761339, -0.999996, -0.00283516, 1.02156, 0, 0, 0, 1
-0.999998, -0.000755731, -0.0016015, 0.290829, 0.0015993, 0.00290477, -0.999995, 0.848512, 0.000760379, -0.999995, -0.00290355, 1.02156, 0, 0, 0, 1
-0.999998, -0.000754584, -0.001624, 0.290827, 0.00162175, 0.00297414, -0.999994, 0.848523, 0.00075941, -0.999995, -0.00297291, 1.02155, 0, 0, 0, 1
-0.999998, -0.000753422, -0.0016468, 0.290825, 0.0016445, 0.00304446, -0.999994, 0.848534, 0.000758431, -0.999995, -0.00304322, 1.02154, 0, 0, 0, 1
-0.999998, -0.000752246, -0.00166992, 0.290823, 0.00166757, 0.00311575, -0.999994, 0.848545, 0.000757444, -0.999995, -0.00311449, 1.02153, 0, 0, 0, 1
-0.999998, -0.000751055, -0.00169335, 0.290821, 0.00169095, 0.00318799, -0.999993, 0.848556, 0.000756448, -0.999995, -0.00318671, 1.02153, 0, 0, 0, 1
-0.999998, -0.000749849, -0.00171709, 0.290819, 0.00171463, 0.00326119, -0.999993, 0.848568, 0.000755444, -0.999994, -0.00325989, 1.02152, 0, 0, 0, 1
-0.999998, -0.000748629, -0.00174114, 0.290817, 0.00173863, 0.00333534, -0.999993, 0.848579, 0.000754431, -0.999994, -0.00333403, 1.02151, 0, 0, 0, 1
-0.999998, -0.000747394, -0.00176549, 0.290815, 0.00176294, 0.00341045, -0.999993, 0.848591, 0.00075341, -0.999994, -0.00340913, 1.0215, 0, 0, 0, 1
-0.999998, -0.000746145, -0.00179016, 0.290812, 0.00178755, 0.00348652, -0.999992, 0.848603, 0.000752381, -0.999994, -0.00348518, 1.02149, 0, 0, 0, 1
-0.999998, -0.000744881, -0.00181514, 0.29081, 0.00181248, 0.00356354, -0.999992, 0.848615, 0.000751344, -0.999993, -0.00356219, 1.02148, 0, 0, 0, 1
-0.999998, -0.000743603, -0.00184043, 0.290808, 0.00183771, 0.00364153, -0.999992, 0.848627, 0.000750299, -0.999993, -0.00364015, 1.02147, 0, 0, 0, 1
-0.999998, -0.000742311, -0.00186603, 0.290806, 0.00186326, 0.00372046, -0.999991, 0.84864, 0.000749247, -0.999993, -0.00371907, 1.02147, 0, 0, 0, 1
-0.999998, -0.000741004, -0.00189194, 0.290803, 0.00188911, 0.00380036, -0.999991, 0.848652, 0.000748188, -0.999993, -0.00379895, 1.02146, 0, 0, 0, 1
-0.999998, -0.000739684, -0.00191816, 0.290801, 0.00191528, 0.00388121, -0.999991, 0.848665, 0.000747122, -0.999992, -0.00387979, 1.02145, 0, 0, 0, 1
-0.999998, -0.000738349, -0.00194469, 0.290799, 0.00194175, 0.00396302, -0.99999, 0.848678, 0.000746048, -0.999992, -0.00396158, 1.02144, 0, 0, 0, 1
-0.999998, -0.000737, -0.00197154, 0.290796, 0.00196854, 0.00404579, -0.99999, 0.84869, 0.000744969, -0.999992, -0.00404433, 1.02143, 0, 0, 0, 1
-0.999998, -0.000735637, -0.00199869, 0.290794, 0.00199563, 0.00412951, -0.999989, 0.848704, 0.000743882, -0.999991, -0.00412803, 1.02142, 0, 0, 0, 1
-0.999998, -0.000734259, -0.00202615, 0.290791, 0.00202304, 0.00421419, -0.999989, 0.848717, 0.00074279, -0.999991, -0.00421269, 1.02141, 0, 0, 0, 1
-0.999998, -0.000732868, -0.00205392, 0.290789, 0.00205075, 0.00429983, -0.999989, 0.84873, 0.000741692, -0.99999, -0.00429831, 1.0214, 0, 0, 0, 1
-0.999998, -0.000731463, -0.002082, 0.290786, 0.00207878, 0.00438642, -0.999988, 0.848744, 0.000740587, -0.99999, -0.00438489, 1.02139, 0, 0, 0, 1
-0.999998, -0.000730045, -0.0021104, 0.290784, 0.00210711, 0.00447397, -0.999988, 0.848758, 0.000739478, -0.99999, -0.00447242, 1.02138, 0, 0, 0, 1
-0.999997, -0.000728612, -0.0021391, 0.290781, 0.00213575, 0.00456248, -0.999987, 0.848771, 0.000738362, -0.999989, -0.00456091, 1.02137, 0, 0, 0, 1
-0.999997, -0.000727166, -0.00216811, 0.290779, 0.00216471, 0.00465194, -0.999987, 0.848785, 0.000737242, -0.999989, -0.00465035, 1.02136, 0, 0, 0, 1
-0.999997, -0.000725706, -0.00219744, 0.290776, 0.00219397, 0.00474236, -0.999986, 0.8488, 0.000736117, -0.999988, -0.00474075, 1.02135, 0, 0, 0, 1
-0.999997, -0.000724232, -0.00222707, 0.290773, 0.00222354, 0.00483374, -0.999986, 0.848814, 0.000734987, -0.999988, -0.00483211, 1.02134, 0, 0, 0, 1
-0.999997, -0.000722745, -0.00225701, 0.290771, 0.00225343, 0.00492607, -0.999985, 0.848828, 0.000733852, -0.999988, -0.00492443, 1.02133, 0, 0, 0, 1
-0.999997, -0.000721244, -0.00228727, 0.290768, 0.00228362, 0.00501936, -0.999985, 0.848843, 0.000732714, -0.999987, -0.0050177, 1.02132, 0, 0, 0, 1
-0.999997, -0.00071973, -0.00231783, 0.290765, 0.00231412, 0.00511361, -0.999984, 0.848858, 0.000731571, -0.999987, -0.00511193, 1.02131, 0, 0, 0, 1
-0.999997, -0.000718203, -0.00234871, 0.290762, 0.00234494, 0.00520881, -0.999984, 0.848873, 0.000730425, -0.999986, -0.00520711, 1.0213, 0, 0, 0, 1
-0.999997, -0.000716662, -0.00237989, 0.29076, 0.00237606, 0.00530497, -0.999983, 0.848888, 0.000729275, -0.999986, -0.00530326, 1.02129, 0, 0, 0, 1
-0.999997, -0.000715108, -0.00241139, 0.290757, 0.00240749, 0.00540209, -0.999983, 0.848903, 0.000728122, -0.999985, -0.00540035, 1.02128, 0, 0, 0, 1
-0.999997, -0.00071354, -0.0024432, 0.290754, 0.00243923, 0.00550017, -0.999982, 0.848918, 0.000726965, -0.999985, -0.00549841, 1.02127, 0, 0, 0, 1
-0.999997, -0.00071196, -0.00247531, 0.290751, 0.00247129, 0.0055992, -0.999981, 0.848934, 0.000725806, -0.999984, -0.00559742, 1.02126, 0, 0, 0, 1
-0.999997, -0.000710366, -0.00250774, 0.290748, 0.00250365, 0.00569919, -0.999981, 0.848949, 0.000724645, -0.999984, -0.00569739, 1.02125, 0, 0, 0, 1
-0.999997, -0.00070876, -0.00254048, 0.290745, 0.00253632, 0.00580013, -0.99998, 0.848965, 0.000723481, -0.999983, -0.00579832, 1.02123, 0, 0, 0, 1
-0.999996, -0.00070714, -0.00257352, 0.290742, 0.00256931, 0.00590204, -0.999979, 0.848981, 0.000722315, -0.999982, -0.0059002, 1.02122, 0, 0, 0, 1
-0.999996, -0.000705508, -0.00260688, 0.290739, 0.0026026, 0.00600489, -0.999979, 0.848997, 0.000721147, -0.999982, -0.00600304, 1.02121, 0, 0, 0, 1
-0.999996, -0.000703863, -0.00264055, 0.290736, 0.0026362, 0.00610871, -0.999978, 0.849014, 0.000719977, -0.999981, -0.00610683, 1.0212, 0, 0, 0, 1
-0.999996, -0.000702205, -0.00267453, 0.290733, 0.00267011, 0.00621348, -0.999977, 0.84903, 0.000718807, -0.99998, -0.00621158, 1.02119, 0, 0, 0, 1
-0.999996, -0.000700534, -0.00270882, 0.29073, 0.00270434, 0.00631921, -0.999976, 0.849047, 0.000717635, -0.99998, -0.00631729, 1.02118, 0, 0, 0, 1
-0.999996, -0.000698851, -0.00274341, 0.290727, 0.00273887, 0.0064259, -0.999976, 0.849063, 0.000716463, -0.999979, -0.00642396, 1.02117, 0, 0, 0, 1
-0.999996, -0.000697155, -0.00277832, 0.290724, 0.00277371, 0.00653354, -0.999975, 0.84908, 0.00071529, -0.999978, -0.00653158, 1.02115, 0, 0, 0, 1
-0.999996, -0.000695447, -0.00281354, 0.290721, 0.00280886, 0.00664214, -0.999974, 0.849097, 0.000714117, -0.999978, -0.00664016, 1.02114, 0, 0, 0, 1
-0.999996, -0.000693726, -0.00284907, 0.290717, 0.00284432, 0.0067517, -0.999973, 0.849114, 0.000712943, -0.999977, -0.0067497, 1.02113, 0, 0, 0, 1
-0.999996, -0.000691993, -0.00288491, 0.290714, 0.0028801, 0.00686221, -0.999972, 0.849132, 0.000711771, -0.999976, -0.00686019, 1.02112, 0, 0, 0, 1
-0.999995, -0.000690248, -0.00292106, 0.290711, 0.00291618, 0.00697368, -0.999971, 0.849149, 0.000710598, -0.999975, -0.00697164, 1.0211, 0, 0, 0, 1
-0.999995, -0.00068849, -0.00295752, 0.290708, 0.00295257, 0.00708611, -0.999971, 0.849167, 0.000709427, -0.999975, -0.00708404, 1.02109, 0, 0, 0, 1
-0.999995, -0.00068672, -0.0029943, 0.290704, 0.00298927, 0.00719949, -0.99997, 0.849185, 0.000708257, -0.999974, -0.00719741, 1.02108, 0, 0, 0, 1
-0.999995, -0.000684939, -0.00303138, 0.290701, 0.00302629, 0.00731383, -0.999969, 0.849203, 0.000707088, -0.999973, -0.00731172, 1.02107, 0, 0, 0, 1
-0.999995, -0.000683145, -0.00306877, 0.290698, 0.00306361, 0.00742913, -0.999968, 0.849221, 0.000705921, -0.999972, -0.007427, 1.02105, 0, 0, 0, 1
-0.999995, -0.000681339, -0.00310647, 0.290694, 0.00310124, 0.00754538, -0.999967, 0.849239, 0.000704756, -0.999971, -0.00754323, 1.02104, 0, 0, 0, 1
-0.999995, -0.000679522, -0.00314448, 0.290691, 0.00313918, 0.00766259, -0.999966, 0.849257, 0.000703593, -0.99997, -0.00766042, 1.02103, 0, 0, 0, 1
-0.999995, -0.000677692, -0.00318281, 0.290687, 0.00317744, 0.00778076, -0.999965, 0.849276, 0.000702433, -0.999969, -0.00777857, 1.02102, 0, 0, 0, 1
-0.999995, -0.000675851, -0.00322144, 0.290684, 0.003216, 0.00789989, -0.999964, 0.849294, 0.000701276, -0.999969, -0.00789767, 1.021, 0, 0, 0, 1
-0.999994, -0.000673999, -0.00326038, 0.29068, 0.00325487, 0.00801997, -0.999963, 0.849313, 0.000700122, -0.999968, -0.00801773, 1.02099, 0, 0, 0, 1
-0.999994, -0.000672135, -0.00329964, 0.290677, 0.00329406, 0.008141, -0.999961, 0.849332, 0.000698971, -0.999967, -0.00813874, 1.02098, 0, 0, 0, 1
-0.999994, -0.000670259, -0.0033392, 0.290673, 0.00333355, 0.008263, -0.99996, 0.849351, 0.000697824, -0.999966, -0.00826072, 1.02096, 0, 0, 0, 1
-0.999994, -0.000668372, -0.00337907, 0.29067, 0.00337335, 0.00838595, -0.999959, 0.849371, 0.000696681, -0.999965, -0.00838365, 1.02095, 0, 0, 0, 1
-0.999994, -0.000666474, -0.00341926, 0.290666, 0.00341346, 0.00850986, -0.999958, 0.84939, 0.000695543, -0.999964, -0.00850753, 1.02093, 0, 0, 0, 1
-0.999994, -0.000664564, -0.00345975, 0.290662, 0.00345389, 0.00863472, -0.999957, 0.84941, 0.000694409, -0.999962, -0.00863237, 1.02092, 0, 0, 0, 1
-0.999994, -0.000662643, -0.00350056, 0.290659, 0.00349462, 0.00876055, -0.999956, 0.84943, 0.000693281, -0.999961, -0.00875817, 1.02091, 0, 0, 0, 1
-0.999994, -0.000660711, -0.00354167, 0.290655, 0.00353566, 0.00888732, -0.999954, 0.849449, 0.000692157, -0.99996, -0.00888493, 1.02089, 0, 0, 0, 1
-0.999993, -0.000658769, -0.0035831, 0.290651, 0.00357702, 0.00901506, -0.999953, 0.849469, 0.00069104, -0.999959, -0.00901264, 1.02088, 0, 0, 0, 1
-0.999993, -0.000656815, -0.00362484, 0.290648, 0.00361868, 0.00914375, -0.999952, 0.84949, 0.000689928, -0.999958, -0.00914131, 1.02087, 0, 0, 0, 1
-0.999993, -0.00065485, -0.00366688, 0.290644, 0.00366065, 0.0092734, -0.99995, 0.84951, 0.000688822, -0.999957, -0.00927094, 1.02085, 0, 0, 0, 1
-0.999993, -0.000652875, -0.00370924, 0.29064, 0.00370294, 0.009404, -0.999949, 0.849531, 0.000687723, -0.999956, -0.00940152, 1.02084, 0, 0, 0, 1
-0.999993, -0.000650889, -0.00375191, 0.290636, 0.00374553, 0.00953557, -0.999948, 0.849551, 0.000686632, -0.999954, -0.00953306, 1.02082, 0, 0, 0, 1
-0.999993, -0.000648893, -0.00379489, 0.290632, 0.00378844, 0.00966808, -0.999946, 0.849572, 0.000685547, -0.999953, -0.00966555, 1.02081, 0, 0, 0, 1
-0.999992, -0.000646885, -0.00383817, 0.290628, 0.00383165, 0.00980156, -0.999945, 0.849593, 0.00068447, -0.999952, -0.00979901, 1.02079, 0, 0, 0, 1
-0.999992, -0.000644868, -0.00388177, 0.290624, 0.00387517, 0.00993599, -0.999943, 0.849614, 0.000683401, -0.99995, -0.00993342, 1.02078, 0, 0, 0, 1
-0.999992, -0.00064284, -0.00392568, 0.290621, 0.00391901, 0.0100714, -0.999942, 0.849635, 0.00068234, -0.999949, -0.0100688, 1.02076, 0, 0, 0, 1
-0.999992, -0.000640802, -0.0039699, 0.290617, 0.00396315, 0.0102077, -0.99994, 0.849657, 0.000681287, -0.999948, -0.0102051, 1.02075, 0, 0, 0, 1
-0.999992, -0.000638754, -0.00401443, 0.290612, 0.00400761, 0.010345, -0.999938, 0.849678, 0.000680244, -0.999946, -0.0103424, 1.02073, 0, 0, 0, 1
-0.999992, -0.000636696, -0.00405927, 0.290608, 0.00405237, 0.0104833, -0.999937, 0.8497, 0.00067921, -0.999945, -0.0104806, 1.02072, 0, 0, 0, 1
-0.999991, -0.000634627, -0.00410442, 0.290604, 0.00409745, 0.0106225, -0.999935, 0.849722, 0.000678185, -0.999943, -0.0106198, 1.0207, 0, 0, 0, 1
-0.999991, -0.000632549, -0.00414988, 0.2906, 0.00414283, 0.0107627, -0.999933, 0.849744, 0.000677171, -0.999942, -0.01076, 1.02069, 0, 0, 0, 1
-0.999991, -0.000630461, -0.00419565, 0.290596, 0.00418853, 0.0109038, -0.999932, 0.849766, 0.000676167, -0.99994, -0.0109011, 1.02067, 0, 0, 0, 1
-0.999991, -0.000628363, -0.00424173, 0.290592, 0.00423453, 0.0110459, -0.99993, 0.849788, 0.000675173, -0.999939, -0.0110431, 1.02066, 0, 0, 0, 1
-0.999991, -0.000626256, -0.00428812, 0.290588, 0.00428085, 0.0111889, -0.999928, 0.849811, 0.000674191, -0.999937, -0.0111861, 1.02064, 0, 0, 0, 1
-0.99999, -0.000624139, -0.00433483, 0.290584, 0.00432747, 0.0113329, -0.999926, 0.849834, 0.000673219, -0.999936, -0.0113301, 1.02062, 0, 0, 0, 1
-0.99999, -0.000622013, -0.00438184, 0.290579, 0.00437441, 0.0114779, -0.999925, 0.849856, 0.00067226, -0.999934, -0.0114751, 1.02061, 0, 0, 0, 1
-0.99999, -0.000619877, -0.00442916, 0.290575, 0.00442166, 0.0116238, -0.999923, 0.849879, 0.000671313, -0.999932, -0.0116209, 1.02059, 0, 0, 0, 1
-0.99999, -0.000617732, -0.00447679, 0.290571, 0.00446921, 0.0117707, -0.999921, 0.849902, 0.000670378, -0.999931, -0.0117678, 1.02058, 0, 0, 0, 1
-0.99999, -0.000615578, -0.00452474, 0.290566, 0.00451708, 0.0119185, -0.999919, 0.849926, 0.000669456, -0.999929, -0.0119156, 1.02056, 0, 0, 0, 1
-0.999989, -0.000613415, -0.00457299, 0.290562, 0.00456526, 0.0120673, -0.999917, 0.849949, 0.000668547, -0.999927, -0.0120643, 1.02054, 0, 0, 0, 1
-0.999989, -0.000611242, -0.00462155, 0.290558, 0.00461374, 0.012217, -0.999915, 0.849973, 0.000667652, -0.999925, -0.0122141, 1.02053, 0, 0, 0, 1
-0.999989, -0.000609061, -0.00467043, 0.290553, 0.00466254, 0.0123677, -0.999913, 0.849996, 0.000666771, -0.999923, -0.0123647, 1.02051, 0, 0, 0, 1
-0.999989, -0.000606871, -0.00471961, 0.290549, 0.00471165, 0.0125194, -0.999911, 0.85002, 0.000665904, -0.999921, -0.0125164, 1.02049, 0, 0, 0, 1
-0.999988, -0.000604673, -0.00476911, 0.290544, 0.00476106, 0.012672, -0.999908, 0.850044, 0.000665051, -0.99992, -0.0126689, 1.02048, 0, 0, 0, 1
-0.999988, -0.000602466, -0.00481891, 0.29054, 0.00481079, 0.0128255, -0.999906, 0.850068, 0.000664214, -0.999918, -0.0128225, 1.02046, 0, 0, 0, 1
-0.999988, -0.00060025, -0.00486903, 0.290535, 0.00486083, 0.01298, -0.999904, 0.850093, 0.000663392, -0.999916, -0.012977, 1.02044, 0, 0, 0, 1
-0.999988, -0.000598026, -0.00491946, 0.290531, 0.00491118, 0.0131355, -0.999902, 0.850117, 0.000662587, -0.999914, -0.0131324, 1.02043, 0, 0, 0, 1
-0.999987, -0.000595793, -0.00497019, 0.290526, 0.00496184, 0.013292, -0.999899, 0.850142, 0.000661797, -0.999911, -0.0132888, 1.02041, 0, 0, 0, 1
-0.999987, -0.000593553, -0.00502124, 0.290521, 0.00501281, 0.0134494, -0.999897, 0.850166, 0.000661024, -0.999909, -0.0134462, 1.02039, 0, 0, 0, 1
-0.999987, -0.000591304, -0.0050726, 0.290517, 0.00506408, 0.0136077, -0.999895, 0.850191, 0.000660268, -0.999907, -0.0136045, 1.02038, 0, 0, 0, 1
-0.999987, -0.000589047, -0.00512427, 0.290512, 0.00511567, 0.013767, -0.999892, 0.850216, 0.000659529, -0.999905, -0.0137638, 1.02036, 0, 0, 0, 1
-0.999986, -0.000586782, -0.00517625, 0.290507, 0.00516757, 0.0139273, -0.99989, 0.850242, 0.000658809, -0.999903, -0.013924, 1.02034, 0, 0, 0, 1
-0.999986, -0.00058451, -0.00522853, 0.290503, 0.00521978, 0.0140885, -0.999887, 0.850267, 0.000658106, -0.999901, -0.0140852, 1.02032, 0, 0, 0, 1
-0.999986, -0.00058223, -0.00528113, 0.290498, 0.0052723, 0.0142507, -0.999885, 0.850293, 0.000657422, -0.999898, -0.0142474, 1.02031, 0, 0, 0, 1
-0.999986, -0.000579942, -0.00533404, 0.290493, 0.00532513, 0.0144138, -0.999882, 0.850318, 0.000656757, -0.999896, -0.0144105, 1.02029, 0, 0, 0, 1
-0.999985, -0.000577647, -0.00538726, 0.290488, 0.00537827, 0.0145779, -0.999879, 0.850344, 0.000656112, -0.999894, -0.0145746, 1.02027, 0, 0, 0, 1
-0.999985, -0.000575344, -0.00544079, 0.290483, 0.00543172, 0.0147429, -0.999877, 0.85037, 0.000655486, -0.999891, -0.0147396, 1.02025, 0, 0, 0, 1
-0.999985, -0.000573034, -0.00549463, 0.290479, 0.00548548, 0.0149089, -0.999874, 0.850396, 0.000654881, -0.999889, -0.0149055, 1.02023, 0, 0, 0, 1
-0.999984, -0.000570717, -0.00554879, 0.290474, 0.00553955, 0.0150759, -0.999871, 0.850423, 0.000654296, -0.999886, -0.0150725, 1.02022, 0, 0, 0, 1
-0.999984, -0.000568392, -0.00560325, 0.290469, 0.00559393, 0.0152438, -0.999868, 0.850449, 0.000653732, -0.999884, -0.0152404, 1.0202, 0, 0, 0, 1
-0.999984, -0.000566061, -0.00565802, 0.290464, 0.00564862, 0.0154127, -0.999865, 0.850476, 0.00065319, -0.999881, -0.0154092, 1.02018, 0, 0, 0, 1
-0.999984, -0.000563723, -0.0057131, 0.290459, 0.00570362, 0.0155825, -0.999862, 0.850502, 0.00065267, -0.999878, -0.015579, 1.02016, 0, 0, 0, 1
-0.999983, -0.000561378, -0.00576849, 0.290454, 0.00575894, 0.0157533, -0.999859, 0.850529, 0.000652172, -0.999876, -0.0157498, 1.02014, 0, 0, 0, 1
-0.999983, -0.000559027, -0.0058242, 0.290449, 0.00581456, 0.015925, -0.999856, 0.850556, 0.000651697, -0.999873, -0.0159215, 1.02012, 0, 0, 0, 1
-0.999983, -0.000556669, -0.00588021, 0.290444, 0.00587049, 0.0160977, -0.999853, 0.850584, 0.000651245, -0.99987, -0.0160941, 1.0201, 0, 0, 0, 1
-0.999982, -0.000554304, -0.00593654, 0.290438, 0.00592673, 0.0162713, -0.99985, 0.850611, 0.000650816, -0.999867, -0.0162678, 1.02009, 0, 0, 0, 1
-0.999982, -0.000551933, -0.00599317, 0.290433, 0.00598328, 0.0164459, -0.999847, 0.850639, 0.000650412, -0.999865, -0.0164423, 1.02007, 0, 0, 0, 1
-0.999982, -0.000549556, -0.00605012, 0.290428, 0.00604015, 0.0166215, -0.999844, 0.850666, 0.000650032, -0.999862, -0.0166179, 1.02005, 0, 0, 0, 1
-0.999981, -0.000547173, -0.00610737, 0.290423, 0.00609732, 0.016798, -0.99984, 0.850694, 0.000649677, -0.999859, -0.0167944, 1.02003, 0, 0, 0, 1
-0.999981, -0.000544784, -0.00616494, 0.290418, 0.0061548, 0.0169755, -0.999837, 0.850722, 0.000649348, -0.999856, -0.0169718, 1.02001, 0, 0, 0, 1
-0.99998, -0.000542389, -0.00622281, 0.290412, 0.0062126, 0.0171539, -0.999834, 0.85075, 0.000649044, -0.999853, -0.0171502, 1.01999, 0, 0, 0, 1
-0.99998, -0.000539988, -0.006281, 0.290407, 0.0062707, 0.0173333, -0.99983, 0.850778, 0.000648767, -0.99985, -0.0173296, 1.01997, 0, 0, 0, 1
-0.99998, -0.000537581, -0.0063395, 0.290402, 0.00632911, 0.0175137, -0.999827, 0.850807, 0.000648516, -0.999846, -0.0175099, 1.01995, 0, 0, 0, 1
-0.999979, -0.000535169, -0.00639831, 0.290396, 0.00638784, 0.017695, -0.999823, 0.850835, 0.000648293, -0.999843, -0.0176912, 1.01993, 0, 0, 0, 1
-0.999979, -0.000532752, -0.00645743, 0.290391, 0.00644687, 0.0178772, -0.999819, 0.850864, 0.000648097, -0.99984, -0.0178734, 1.01991, 0, 0, 0, 1
-0.999979, -0.000530329, -0.00651685, 0.290386, 0.00650621, 0.0180604, -0.999816, 0.850893, 0.000647929, -0.999837, -0.0180566, 1.01989, 0, 0, 0, 1
-0.999978, -0.000527901, -0.00657659, 0.29038, 0.00656587, 0.0182446, -0.999812, 0.850922, 0.000647789, -0.999833, -0.0182407, 1.01987, 0, 0, 0, 1
-0.999978, -0.000525468, -0.00663664, 0.290375, 0.00662583, 0.0184297, -0.999808, 0.850951, 0.000647679, -0.99983, -0.0184258, 1.01985, 0, 0, 0, 1
-0.999977, -0.00052303, -0.006697, 0.290369, 0.00668611, 0.0186158, -0.999804, 0.850981, 0.000647598, -0.999827, -0.0186119, 1.01983, 0, 0, 0, 1
-0.999977, -0.000520587, -0.00675767, 0.290364, 0.00674669, 0.0188029, -0.9998, 0.85101, 0.000647547, -0.999823, -0.0187989, 1.01981, 0, 0, 0, 1
-0.999977, -0.00051814, -0.00681866, 0.290358, 0.00680759, 0.0189909, -0.999796, 0.85104, 0.000647527, -0.99982, -0.0189869, 1.01979, 0, 0, 0, 1
-0.999976, -0.000515688, -0.00687995, 0.290353, 0.00686879, 0.0191798, -0.999792, 0.85107, 0.000647537, -0.999816, -0.0191758, 1.01977, 0, 0, 0, 1
-0.999976, -0.000513231, -0.00694155, 0.290347, 0.00693031, 0.0193697, -0.999788, 0.8511, 0.000647578, -0.999812, -0.0193657, 1.01975, 0, 0, 0, 1
-0.999975, -0.00051077, -0.00700346, 0.290341, 0.00699213, 0.0195606, -0.999784, 0.85113, 0.000647652, -0.999809, -0.0195565, 1.01973, 0, 0, 0, 1
-0.999975, -0.000508305, -0.00706569, 0.290336, 0.00705427, 0.0197524, -0.99978, 0.85116, 0.000647757, -0.999805, -0.0197483, 1.01971, 0, 0, 0, 1
-0.999974, -0.000505835, -0.00712822, 0.29033, 0.00711671, 0.0199452, -0.999776, 0.851191, 0.000647896, -0.999801, -0.0199411, 1.01969, 0, 0, 0, 1
-0.999974, -0.000503362, -0.00719107, 0.290324, 0.00717947, 0.0201389, -0.999771, 0.851221, 0.000648067, -0.999797, -0.0201348, 1.01967, 0, 0, 0, 1
-0.999974, -0.000500885, -0.00725422, 0.290318, 0.00724254, 0.0203336, -0.999767, 0.851252, 0.000648272, -0.999793, -0.0203294, 1.01965, 0, 0, 0, 1
-0.999973, -0.000498404, -0.00731769, 0.290313, 0.00730591, 0.0205292, -0.999763, 0.851283, 0.000648512, -0.999789, -0.020525, 1.01962, 0, 0, 0, 1
-0.999973, -0.000495919, -0.00738146, 0.290307, 0.0073696, 0.0207258, -0.999758, 0.851314, 0.000648786, -0.999785, -0.0207216, 1.0196, 0, 0, 0, 1
-0.999972, -0.000493431, -0.00744555, 0.290301, 0.0074336, 0.0209234, -0.999753, 0.851345, 0.000649095, -0.999781, -0.0209191, 1.01958, 0, 0, 0, 1
-0.999972, -0.000490939, -0.00750995, 0.290295, 0.0074979, 0.0211219, -0.999749, 0.851377, 0.00064944, -0.999777, -0.0211176, 1.01956, 0, 0, 0, 1
-0.999971, -0.000488444, -0.00757465, 0.290289, 0.00756252, 0.0213214, -0.999744, 0.851408, 0.000649821, -0.999773, -0.0213171, 1.01954, 0, 0, 0, 1
-0.999971, -0.000485946, -0.00763967, 0.290283, 0.00762744, 0.0215218, -0.999739, 0.85144, 0.000650239, -0.999768, -0.0215174, 1.01952, 0, 0, 0, 1
-0.99997, -0.000483445, -0.007705, 0.290277, 0.00769268, 0.0217232, -0.999734, 0.851472, 0.000650694, -0.999764, -0.0217188, 1.0195, 0, 0, 0, 1
-0.99997, -0.000480942, -0.00777064, 0.290271, 0.00775823, 0.0219255, -0.99973, 0.851504, 0.000651187, -0.999759, -0.0219211, 1.01947, 0, 0, 0, 1
-0.999969, -0.000478435, -0.00783659, 0.290265, 0.00782409, 0.0221288, -0.999725, 0.851536, 0.000651717, -0.999755, -0.0221244, 1.01945, 0, 0, 0, 1
-0.999969, -0.000475926, -0.00790285, 0.290259, 0.00789025, 0.022333, -0.999719, 0.851568, 0.000652287, -0.99975, -0.0223286, 1.01943, 0, 0, 0, 1
-0.999968, -0.000473414, -0.00796942, 0.290253, 0.00795673, 0.0225382, -0.999714, 0.851601, 0.000652895, -0.999746, -0.0225338, 1.01941, 0, 0, 0, 1
-0.999968, -0.0004709, -0.0080363, 0.290247, 0.00802352, 0.0227444, -0.999709, 0.851633, 0.000653544, -0.999741, -0.0227399, 1.01939, 0, 0, 0, 1
-0.999967, -0.000468384, -0.0081035, 0.290241, 0.00809061, 0.0229515, -0.999704, 0.851666, 0.000654232, -0.999736, -0.022947, 1.01936, 0, 0, 0, 1
-0.999967, -0.000465865, -0.008171, 0.290235, 0.00815802, 0.0231596, -0.999698, 0.851699, 0.000654962, -0.999732, -0.023155, 1.01934, 0, 0, 0, 1
-0.999966, -0.000463345, -0.00823881, 0.290228, 0.00822574, 0.0233686, -0.999693, 0.851732, 0.000655732, -0.999727, -0.023364, 1.01932, 0, 0, 0, 1
-0.999965, -0.000460822, -0.00830694, 0.290222, 0.00829376, 0.0235786, -0.999688, 0.851765, 0.000656544, -0.999722, -0.023574, 1.0193, 0, 0, 0, 1
-0.999965, -0.000458298, -0.00837537, 0.290216, 0.0083621, 0.0237895, -0.999682, 0.851799, 0.000657399, -0.999717, -0.0237849, 1.01927, 0, 0, 0, 1
-0.999964, -0.000455773, -0.00844412, 0.290209, 0.00843075, 0.0240014, -0.999676, 0.851832, 0.000658296, -0.999712, -0.0239967, 1.01925, 0, 0, 0, 1
-0.999964, -0.000453246, -0.00851317, 0.290203, 0.0084997, 0.0242143, -0.999671, 0.851866, 0.000659237, -0.999707, -0.0242095, 1.01923, 0, 0, 0, 1
-0.999963, -0.000450718, -0.00858254, 0.290197, 0.00856897, 0.0244281, -0.999665, 0.8519, 0.000660222, -0.999701, -0.0244233, 1.01921, 0, 0, 0, 1
-0.999962, -0.000448188, -0.00865222, 0.29019, 0.00863855, 0.0246428, -0.999659, 0.851934, 0.000661251, -0.999696, -0.024638, 1.01918, 0, 0, 0, 1
-0.999962, -0.000445658, -0.00872221, 0.290184, 0.00870843, 0.0248585, -0.999653, 0.851968, 0.000662325, -0.999691, -0.0248537, 1.01916, 0, 0, 0, 1
-0.999961, -0.000443126, -0.00879251, 0.290177, 0.00877863, 0.0250752, -0.999647, 0.852002, 0.000663444, -0.999685, -0.0250704, 1.01914, 0, 0, 0, 1
-0.999961, -0.000440594, -0.00886312, 0.290171, 0.00884914, 0.0252928, -0.999641, 0.852037, 0.000664609, -0.99968, -0.025288, 1.01911, 0, 0, 0, 1
-0.99996, -0.000438061, -0.00893404, 0.290164, 0.00891995, 0.0255114, -0.999635, 0.852071, 0.000665821, -0.999674, -0.0255065, 1.01909, 0, 0, 0, 1
-0.999959, -0.000435528, -0.00900527, 0.290158, 0.00899108, 0.025731, -0.999628, 0.852106, 0.000667081, -0.999669, -0.025726, 1.01907, 0, 0, 0, 1
-0.999959, -0.000432995, -0.00907681, 0.290151, 0.00906252, 0.0259515, -0.999622, 0.852141, 0.000668387, -0.999663, -0.0259465, 1.01904, 0, 0, 0, 1
-0.999958, -0.000430461, -0.00914866, 0.290145, 0.00913426, 0.0261729, -0.999616, 0.852176, 0.000669742, -0.999657, -0.0261679, 1.01902, 0, 0, 0, 1
-0.999957, -0.000427927, -0.00922082, 0.290138, 0.00920632, 0.0263953, -0.999609, 0.852211, 0.000671146, -0.999651, -0.0263902, 1.019, 0, 0, 0, 1
-0.999957, -0.000425393, -0.0092933, 0.290131, 0.00927868, 0.0266187, -0.999603, 0.852247, 0.000672599, -0.999646, -0.0266136, 1.01897, 0, 0, 0, 1
-0.999956, -0.000422859, -0.00936608, 0.290125, 0.00935136, 0.026843, -0.999596, 0.852282, 0.000674102, -0.99964, -0.0268379, 1.01895, 0, 0, 0, 1
-0.999955, -0.000420326, -0.00943918, 0.290118, 0.00942434, 0.0270683, -0.999589, 0.852318, 0.000675656, -0.999633, -0.0270631, 1.01893, 0, 0, 0, 1
-0.999955, -0.000417794, -0.00951258, 0.290111, 0.00949764, 0.0272945, -0.999582, 0.852354, 0.00067726, -0.999627, -0.0272893, 1.0189, 0, 0, 0, 1
-0.999954, -0.000415261, -0.0095863, 0.290104, 0.00957124, 0.0275217, -0.999575, 0.85239, 0.000678916, -0.999621, -0.0275164, 1.01888, 0, 0, 0, 1
-0.999953, -0.00041273, -0.00966033, 0.290098, 0.00964516, 0.0277498, -0.999568, 0.852426, 0.000680624, -0.999615, -0.0277445, 1.01885, 0, 0, 0, 1
-0.999953, -0.0004102, -0.00973467, 0.290091, 0.00971938, 0.0279789, -0.999561, 0.852463, 0.000682385, -0.999608, -0.0279736, 1.01883, 0, 0, 0, 1
-0.999952, -0.00040767, -0.00980931, 0.290084, 0.00979391, 0.0282089, -0.999554, 0.852499, 0.000684199, -0.999602, -0.0282036, 1.0188, 0, 0, 0, 1
-0.999951, -0.000405142, -0.00988427, 0.290077, 0.00986876, 0.0284399, -0.999547, 0.852536, 0.000686067, -0.999595, -0.0284345, 1.01878, 0, 0, 0, 1
-0.99995, -0.000402616, -0.00995955, 0.29007, 0.00994391, 0.0286719, -0.999539, 0.852573, 0.000687989, -0.999589, -0.0286665, 1.01876, 0, 0, 0, 1
-0.99995, -0.00040009, -0.0100351, 0.290063, 0.0100194, 0.0289048, -0.999532, 0.85261, 0.000689966, -0.999582, -0.0288993, 1.01873, 0, 0, 0, 1
-0.999949, -0.000397567, -0.010111, 0.290056, 0.0100951, 0.0291387, -0.999524, 0.852647, 0.000691999, -0.999575, -0.0291332, 1.01871, 0, 0, 0, 1
-0.999948, -0.000395045, -0.0101872, 0.290049, 0.0101712, 0.0293735, -0.999517, 0.852684, 0.000694088, -0.999568, -0.029368, 1.01868, 0, 0, 0, 1
-0.999947, -0.000392525, -0.0102637, 0.290042, 0.0102476, 0.0296093, -0.999509, 0.852721, 0.000696234, -0.999561, -0.0296037, 1.01866, 0, 0, 0, 1
-0.999946, -0.000390008, -0.0103406, 0.290035, 0.0103243, 0.029846, -0.999501, 0.852759, 0.000698437, -0.999554, -0.0298404, 1.01863, 0, 0, 0, 1
-0.999946, -0.000387492, -0.0104177, 0.290028, 0.0104013, 0.0300837, -0.999493, 0.852797, 0.000700698, -0.999547, -0.030078, 1.01861, 0, 0, 0, 1
-0.999945, -0.000384979, -0.0104951, 0.290021, 0.0104786, 0.0303223, -0.999485, 0.852835, 0.000703018, -0.99954, -0.0303166, 1.01858, 0, 0, 0, 1
-0.999944, -0.000382469, -0.0105729, 0.290013, 0.0105563, 0.0305619, -0.999477, 0.852873, 0.000705397, -0.999533, -0.0305562, 1.01856, 0, 0, 0, 1
-0.999943, -0.000379961, -0.010651, 0.290006, 0.0106342, 0.0308025, -0.999469, 0.852911, 0.000707835, -0.999525, -0.0307967, 1.01853, 0, 0, 0, 1
-0.999942, -0.000377456, -0.0107293, 0.289999, 0.0107125, 0.031044, -0.999461, 0.852949, 0.000710334, -0.999518, -0.0310382, 1.0185, 0, 0, 0, 1
-0.999942, -0.000374954, -0.010808, 0.289992, 0.010791, 0.0312865, -0.999452, 0.852988, 0.000712894, -0.99951, -0.0312806, 1.01848, 0, 0, 0, 1
-0.999941, -0.000372455, -0.010887, 0.289984, 0.0108699, 0.0315299, -0.999444, 0.853027, 0.000715515, -0.999503, -0.0315239, 1.01845, 0, 0, 0, 1
-0.99994, -0.00036996, -0.0109664, 0.289977, 0.0109491, 0.0317742, -0.999435, 0.853066, 0.000718198, -0.999495, -0.0317683, 1.01843, 0, 0, 0, 1
-0.999939, -0.000367468, -0.011046, 0.28997, 0.0110285, 0.0320196, -0.999426, 0.853105, 0.000720944, -0.999487, -0.0320136, 1.0184, 0, 0, 0, 1
-0.999938, -0.000364979, -0.0111259, 0.289962, 0.0111083, 0.0322658, -0.999418, 0.853144, 0.000723754, -0.999479, -0.0322598, 1.01838, 0, 0, 0, 1
-0.999937, -0.000362495, -0.0112062, 0.289955, 0.0111884, 0.0325131, -0.999409, 0.853183, 0.000726627, -0.999471, -0.032507, 1.01835, 0, 0, 0, 1
-0.999936, -0.000360014, -0.0112867, 0.289947, 0.0112689, 0.0327613, -0.9994, 0.853223, 0.000729565, -0.999463, -0.0327551, 1.01832, 0, 0, 0, 1
-0.999935, -0.000357538, -0.0113676, 0.28994, 0.0113496, 0.0330104, -0.999391, 0.853262, 0.000732568, -0.999455, -0.0330042, 1.0183, 0, 0, 0, 1
-0.999934, -0.000355065, -0.0114488, 0.289932, 0.0114306, 0.0332605, -0.999381, 0.853302, 0.000735637, -0.999447, -0.0332543, 1.01827, 0, 0, 0, 1
-0.999933, -0.000352598, -0.0115302, 0.289925, 0.0115119, 0.0335116, -0.999372, 0.853342, 0.000738772, -0.999438, -0.0335053, 1.01825, 0, 0, 0, 1
-0.999933, -0.000350134, -0.011612, 0.289917, 0.0115936, 0.0337636, -0.999363, 0.853382, 0.000741975, -0.99943, -0.0337572, 1.01822, 0, 0, 0, 1
-0.999932, -0.000347676, -0.0116941, 0.28991, 0.0116756, 0.0340165, -0.999353, 0.853422, 0.000745245, -0.999421, -0.0340101, 1.01819, 0, 0, 0, 1
-0.999931, -0.000345222, -0.0117766, 0.289902, 0.0117578, 0.0342704, -0.999343, 0.853463, 0.000748584, -0.999413, -0.034264, 1.01817, 0, 0, 0, 1
-0.99993, -0.000342773, -0.0118593, 0.289894, 0.0118404, 0.0345253, -0.999334, 0.853503, 0.000751991, -0.999404, -0.0345188, 1.01814, 0, 0, 0, 1
-0.999929, -0.00034033, -0.0119423, 0.289886, 0.0119233, 0.0347811, -0.999324, 0.853544, 0.000755468, -0.999395, -0.0347746, 1.01811, 0, 0, 0, 1
-0.999928, -0.000337892, -0.0120257, 0.289879, 0.0120065, 0.0350379, -0.999314, 0.853585, 0.000759016, -0.999386, -0.0350313, 1.01809, 0, 0, 0, 1
-0.999927, -0.000335459, -0.0121094, 0.289871, 0.01209, 0.0352957, -0.999304, 0.853626, 0.000762634, -0.999377, -0.035289, 1.01806, 0, 0, 0, 1
