-0.999999, -0.000797434, -0.000797196, 0.290901, 0.000796858, 0.000424669, -1, 0.848124, 0.000797772, -1, -0.000424033, 1.02183, 0, 0, 0, 1
-0.999999, -0.000797394, -0.000797612, 0.290901, 0.000797273, 0.0004251, -1, 0.848124, 0.000797733, -1, -0.000424464, 1.02183, 0, 0, 0, 1
-0.999999, -0.000797274, -0.00079886, 0.290901, 0.00079852, 0.000426394, -1, 0.848125, 0.000797615, -1, -0.000425757, 1.02183, 0, 0, 0, 1
-0.999999, -0.000797074, -0.00080094, 0.290901, 0.000800599, 0.00042855, -1, 0.848125, 0.000797417, -1, -0.000427912, 1.02183, 0, 0, 0, 1
-0.999999, -0.000796795, -0.000803852, 0.290901, 0.000803508, 0.000431569, -1, 0.848126, 0.000797141, -1, -0.000430929, 1.02183, 0, 0, 0, 1
-0.999999, -0.000796435, -0.000807596, 0.290901, 0.000807249, 0.000435451, -1, 0.848126, 0.000796786, -1, -0.000434808, 1.02183, 0, 0, 0, 1
-0.999999, -0.000795995, -0.000812172, 0.2909, 0.000811822, 0.000440195, -1, 0.848127, 0.000796352, -1, -0.000439548, 1.02183, 0, 0, 0, 1
-0.999999, -0.000795475, -0.00081758, 0.2909, 0.000817226, 0.000445802, -1, 0.848128, 0.000795839, -1, -0.000445151, 1.02183, 0, 0, 0, 1
-0.999999, -0.000794876, -0.00082382, 0.2909, 0.000823461, 0.000452271, -1, 0.84813, 0.000795248, -1, -0.000451616, 1.02183, 0, 0, 0, 1
-0.999999, -0.000794196, -0.000830892, 0.2909, 0.000830527, 0.000459602, -1, 0.848131, 0.000794578, -1, -0.000458943, 1.02183, 0, 0, 0, 1
-0.999999, -0.000793437, -0.000838796, 0.290899, 0.000838425, 0.000467797, -1, 0.848133, 0.000793829, -1, -0.000467131, 1.02183, 0, 0, 0, 1
-0.999999, -0.000792597, -0.000847532, 0.290899, 0.000847154, 0.000476854, -1, 0.848135, 0.000793001, -1, -0.000476182, 1.02183, 0, 0, 0, 1
-0.999999, -0.000791678, -0.0008571, 0.290899, 0.000856715, 0.000486773, -1, 0.848137, 0.000792095, -1, -0.000486095, 1.02183, 0, 0, 0, 1
-0.999999, -0.000790679, -0.0008675, 0.290898, 0.000867107, 0.000497555, -1, 0.848139, 0.00079111, -1, -0.000496869, 1.02183, 0, 0, 0, 1
-0.999999, -0.0007896, -0.000878732, 0.290898, 0.00087833, 0.0005092, -0.999999, 0.848141, 0.000790047, -1, -0.000508506, 1.02182, 0, 0, 0, 1
-0.999999, -0.000788441, -0.000890796, 0.290897, 0.000890385, 0.000521707, -0.999999, 0.848144, 0.000788905, -1, -0.000521004, 1.02182, 0, 0, 0, 1
-0.999999, -0.000787202, -0.000903692, 0.290897, 0.000903271, 0.000535076, -0.999999, 0.848146, 0.000787685, -1, -0.000534365, 1.02182, 0, 0, 0, 1
-0.999999, -0.000785884, -0.00091742, 0.290896, 0.000916988, 0.000549309, -0.999999, 0.848149, 0.000786387, -1, -0.000548588, 1.02182, 0, 0, 0, 1
-0.999999, -0.000784485, -0.00093198, 0.290896, 0.000931537, 0.000564404, -0.999999, 0.848152, 0.000785011, -1, -0.000563672, 1.02182, 0, 0, 0, 1
-0.999999, -0.000783007, -0.000947371, 0.290895, 0.000946917, 0.000580361, -0.999999, 0.848155, 0.000783556, -1, -0.000579619, 1.02182, 0, 0, 0, 1
-0.999999, -0.000781449, -0.000963595, 0.290895, 0.000963129, 0.000597181, -0.999999, 0.848159, 0.000782024, -1, -0.000596428, 1.02181, 0, 0, 0, 1
-0.999999, -0.000779811, -0.000980651, 0.290894, 0.000980172, 0.000614864, -0.999999, 0.848162, 0.000780413, -1, -0.000614099, 1.02181, 0, 0, 0, 1
-0.999999, -0.000778093, -0.000998539, 0.290893, 0.000998047, 0.000633409, -0.999999, 0.848166, 0.000778725, -0.999999, -0.000632632, 1.02181, 0, 0, 0, 1
-0.999999, -0.000776296, -0.00101726, 0.290893, 0.00101675, 0.000652816, -0.999999, 0.84817, 0.000776959, -0.999999, -0.000652027, 1.02181, 0, 0, 0, 1
-0.999999, -0.000774419, -0.00103681, 0.290892, 0.00103629, 0.000673087, -0.999999, 0.848174, 0.000775116, -0.999999, -0.000672284, 1.02181, 0, 0, 0, 1
-0.999999, -0.000772462, -0.0010572, 0.290891, 0.00105666, 0.00069422, -0.999999, 0.848178, 0.000773195, -0.999999, -0.000693403, 1.0218, 0, 0, 0, 1
-0.999999, -0.000770425, -0.00107841, 0.29089, 0.00107786, 0.000716215, -0.999999, 0.848182, 0.000771197, -0.999999, -0.000715384, 1.0218, 0, 0, 0, 1
-0.999999, -0.000768309, -0.00110046, 0.29089, 0.00109989, 0.000739073, -0.999999, 0.848187, 0.000769122, -0.999999, -0.000738227, 1.0218, 0, 0, 0, 1
-0.999999, -0.000766114, -0.00112334, 0.290889, 0.00112275, 0.000762794, -0.999999, 0.848192, 0.00076697, -0.999999, -0.000761933, 1.0218, 0, 0, 0, 1
-0.999999, -0.000763838, -0.00114705, 0.290888, 0.00114645, 0.000787377, -0.999999, 0.848197, 0.000764741, -0.999999, -0.0007865, 1.02179, 0, 0, 0, 1
-0.999999, -0.000761483, -0.00117159, 0.290887, 0.00117098, 0.000812823, -0.999999, 0.848202, 0.000762435, -0.999999, -0.00081193, 1.02179, 0, 0, 0, 1
-0.999999, -0.000759049, -0.00119697, 0.290886, 0.00119633, 0.000839131, -0.999999, 0.848207, 0.000760052, -0.999999, -0.000838222, 1.02179, 0, 0, 0, 1
-0.999999, -0.000756534, -0.00122318, 0.290885, 0.00122252, 0.000866302, -0.999999, 0.848212, 0.000757593, -0.999999, -0.000865376, 1.02178, 0, 0, 0, 1
-0.999999, -0.000753941, -0.00125022, 0.290884, 0.00124954, 0.000894336, -0.999999, 0.848218, 0.000755058, -0.999999, -0.000893393, 1.02178, 0, 0, 0, 1
-0.999999, -0.000751268, -0.00127809, 0.290883, 0.0012774, 0.000923232, -0.999999, 0.848224, 0.000752447, -0.999999, -0.000922271, 1.02178, 0, 0, 0, 1
-0.999999, -0.000748515, -0.00130679, 0.290882, 0.00130608, 0.000952991, -0.999999, 0.84823, 0.00074976, -0.999999, -0.000952012, 1.02177, 0, 0, 0, 1
-0.999999, -0.000745683, -0.00133633, 0.290881, 0.0013356, 0.000983612, -0.999999, 0.848236, 0.000746997, -0.999999, -0.000982615, 1.02177, 0, 0, 0, 1
-0.999999, -0.000742772, -0.0013667, 0.290879, 0.00136594, 0.0010151, -0.999999, 0.848242, 0.000744158, -0.999999, -0.00101408, 1.02177, 0, 0, 0, 1
-0.999999, -0.000739781, -0.0013979, 0.290878, 0.00139712, 0.00104744, -0.999998, 0.848249, 0.000741244, -0.999999, -0.00104641, 1.02176, 0, 0, 0, 1
-0.999999, -0.000736711, -0.00142993, 0.290877, 0.00142913, 0.00108065, -0.999998, 0.848255, 0.000738255, -0.999999, -0.0010796, 1.02176, 0, 0, 0, 1
-0.999999, -0.000733562, -0.00146279, 0.290876, 0.00146198, 0.00111472, -0.999998, 0.848262, 0.000735191, -0.999999, -0.00111365, 1.02176, 0, 0, 0, 1
-0.999999, -0.000730333, -0.00149649, 0.290875, 0.00149565, 0.00114966, -0.999998, 0.848269, 0.000732052, -0.999999, -0.00114856, 1.02175, 0, 0, 0, 1
-0.999999, -0.000727025, -0.00153102, 0.290873, 0.00153015, 0.00118546, -0.999998, 0.848276, 0.000728839, -0.999999, -0.00118434, 1.02175, 0, 0, 0, 1
-0.999999, -0.000723638, -0.00156638, 0.290872, 0.00156549, 0.00122212, -0.999998, 0.848283, 0.000725551, -0.999999, -0.00122098, 1.02174, 0, 0, 0, 1
-0.999998, -0.000720172, -0.00160257, 0.290871, 0.00160166, 0.00125964, -0.999998, 0.848291, 0.000722189, -0.999999, -0.00125848, 1.02174, 0, 0, 0, 1
-0.999998, -0.000716627, -0.00163959, 0.290869, 0.00163866, 0.00129802, -0.999998, 0.848299, 0.000718754, -0.999999, -0.00129685, 1.02174, 0, 0, 0, 1
-0.999998, -0.000713002, -0.00167745, 0.290868, 0.00167649, 0.00133727, -0.999998, 0.848306, 0.000715244, -0.999999, -0.00133607, 1.02173, 0, 0, 0, 1
-0.999998, -0.000709299, -0.00171614, 0.290866, 0.00171516, 0.00137738, -0.999998, 0.848314, 0.000711661, -0.999999, -0.00137616, 1.02173, 0, 0, 0, 1
-0.999998, -0.000705517, -0.00175566, 0.290865, 0.00175465, 0.00141835, -0.999997, 0.848323, 0.000708005, -0.999999, -0.00141711, 1.02172, 0, 0, 0, 1
-0.999998, -0.000701655, -0.00179601, 0.290863, 0.00179498, 0.00146019, -0.999997, 0.848331, 0.000704276, -0.999999, -0.00145893, 1.02172, 0, 0, 0, 1
-0.999998, -0.000697715, -0.00183719, 0.290862, 0.00183614, 0.00150289, -0.999997, 0.848339, 0.000700474, -0.999999, -0.0015016, 1.02171, 0, 0, 0, 1
-0.999998, -0.000693696, -0.00187921, 0.29086, 0.00187813, 0.00154645, -0.999997, 0.848348, 0.0006966, -0.999999, -0.00154514, 1.02171, 0, 0, 0, 1
-0.999998, -0.000689598, -0.00192205, 0.290858, 0.00192096, 0.00159087, -0.999997, 0.848357, 0.000692654, -0.999998, -0.00158954, 1.0217, 0, 0, 0, 1
-0.999998, -0.000685421, -0.00196573, 0.290857, 0.00196461, 0.00163616, -0.999997, 0.848366, 0.000688635, -0.999998, -0.00163481, 1.0217, 0, 0, 0, 1
-0.999998, -0.000681166, -0.00201025, 0.290855, 0.0020091, 0.00168231, -0.999997, 0.848375, 0.000684545, -0.999998, -0.00168093, 1.02169, 0, 0, 0, 1
-0.999998, -0.000676832, -0.00205559, 0.290853, 0.00205442, 0.00172932, -0.999996, 0.848385, 0.000680384, -0.999998, -0.00172792, 1.02169, 0, 0, 0, 1
-0.999998, -0.000672419, -0.00210177, 0.290852, 0.00210057, 0.00177719, -0.999996, 0.848394, 0.000676151, -0.999998, -0.00177578, 1.02168, 0, 0, 0, 1
-0.999997, -0.000667927, -0.00214877, 0.29085, 0.00214755, 0.00182593, -0.999996, 0.848404, 0.000671848, -0.999998, -0.00182449, 1.02168, 0, 0, 0, 1
-0.999997, -0.000663357, -0.00219661, 0.290848, 0.00219537, 0.00187553, -0.999996, 0.848414, 0.000667474, -0.999998, -0.00187407, 1.02167, 0, 0, 0, 1
-0.999997, -0.000658709, -0.00224529, 0.290846, 0.00224401, 0.00192599, -0.999996, 0.848424, 0.000663031, -0.999998, -0.00192451, 1.02166, 0, 0, 0, 1
-0.999997, -0.000653982, -0.00229479, 0.290844, 0.00229349, 0.00197732, -0.999995, 0.848434, 0.000658517, -0.999998, -0.00197581, 1.02166, 0, 0, 0, 1
-0.999997, -0.000649177, -0.00234512, 0.290842, 0.0023438, 0.0020295, -0.999995, 0.848445, 0.000653933, -0.999998, -0.00202798, 1.02165, 0, 0, 0, 1
-0.999997, -0.000644293, -0.00239629, 0.29084, 0.00239495, 0.00208255, -0.999995, 0.848455, 0.00064928, -0.999998, -0.002081, 1.02165, 0, 0, 0, 1
-0.999997, -0.000639331, -0.00244829, 0.290838, 0.00244692, 0.00213647, -0.999995, 0.848466, 0.000644559, -0.999998, -0.0021349, 1.02164, 0, 0, 0, 1
-0.999997, -0.000634291, -0.00250112, 0.290836, 0.00249973, 0.00219124, -0.999994, 0.848477, 0.000639768, -0.999997, -0.00218965, 1.02163, 0, 0, 0, 1
-0.999997, -0.000629173, -0.00255479, 0.290834, 0.00255337, 0.00224688, -0.999994, 0.848488, 0.00063491, -0.999997, -0.00224527, 1.02163, 0, 0, 0, 1
-0.999996, -0.000623977, -0.00260928, 0.290832, 0.00260784, 0.00230338, -0.999994, 0.848499, 0.000629983, -0.999997, -0.00230175, 1.02162, 0, 0, 0, 1
-0.999996, -0.000618702, -0.00266461, 0.29083, 0.00266314, 0.00236075, -0.999994, 0.848511, 0.000624989, -0.999997, -0.00235909, 1.02161, 0, 0, 0, 1
-0.999996, -0.00061335, -0.00272077, 0.290828, 0.00271928, 0.00241897, -0.999993, 0.848522, 0.000619927, -0.999997, -0.0024173, 1.02161, 0, 0, 0, 1
-0.999996, -0.000607919, -0.00277776, 0.290826, 0.00277625, 0.00247806, -0.999993, 0.848534, 0.000614798, -0.999997, -0.00247636, 1.0216, 0, 0, 0, 1
-0.999996, -0.000602411, -0.00283559, 0.290824, 0.00283405, 0.00253801, -0.999993, 0.848546, 0.000609603, -0.999997, -0.0025363, 1.02159, 0, 0, 0, 1
-0.999996, -0.000596825, -0.00289424, 0.290822, 0.00289268, 0.00259883, -0.999992, 0.848558, 0.000604342, -0.999996, -0.00259709, 1.02159, 0, 0, 0, 1
-0.999995, -0.000591161, -0.00295373, 0.290819, 0.00295215, 0.00266051, -0.999992, 0.848571, 0.000599014, -0.999996, -0.00265875, 1.02158, 0, 0, 0, 1
-0.999995, -0.000585419, -0.00301405, 0.290817, 0.00301244, 0.00272305, -0.999992, 0.848583, 0.000593622, -0.999996, -0.00272127, 1.02157, 0, 0, 0, 1
-0.999995, -0.0005796, -0.0030752, 0.290815, 0.00307357, 0.00278645, -0.999991, 0.848596, 0.000588164, -0.999996, -0.00278466, 1.02157, 0, 0, 0, 1
-0.999995, -0.000573703, -0.00313718, 0.290812, 0.00313554, 0.00285072, -0.999991, 0.848609, 0.000582641, -0.999996, -0.0028489, 1.02156, 0, 0, 0, 1
-0.999995, -0.000567729, -0.0032, 0.29081, 0.00319833, 0.00291585, -0.999991, 0.848622, 0.000577054, -0.999996, -0.00291401, 1.02155, 0, 0, 0, 1
-0.999995, -0.000561677, -0.00326365, 0.290808, 0.00326196, 0.00298184, -0.99999, 0.848635, 0.000571403, -0.999995, -0.00297999, 1.02154, 0, 0, 0, 1
-0.999994, -0.000555548, -0.00332813, 0.290805, 0.00332642, 0.00304869, -0.99999, 0.848648, 0.000565689, -0.999995, -0.00304683, 1.02154, 0, 0, 0, 1
-0.999994, -0.000549341, -0.00339344, 0.290803, 0.00339171, 0.00311641, -0.999989, 0.848662, 0.000559911, -0.999995, -0.00311453, 1.02153, 0, 0, 0, 1
-0.999994, -0.000543058, -0.00345958, 0.2908, 0.00345783, 0.00318499, -0.999989, 0.848676, 0.00055407, -0.999995, -0.00318309, 1.02152, 0, 0, 0, 1
-0.999994, -0.000536697, -0.00352656, 0.290798, 0.00352479, 0.00325443, -0.999988, 0.848689, 0.000548167, -0.999995, -0.00325252, 1.02151, 0, 0, 0, 1
-0.999993, -0.000530259, -0.00359436, 0.290795, 0.00359258, 0.00332474, -0.999988, 0.848703, 0.000542203, -0.999994, -0.00332281, 1.02151, 0, 0, 0, 1
-0.999993, -0.000523744, -0.003663, 0.290792, 0.0036612, 0.0033959, -0.999988, 0.848718, 0.000536176, -0.999994, -0.00339396, 1.0215, 0, 0, 0, 1
-0.999993, -0.000517152, -0.00373247, 0.29079, 0.00373066, 0.00346793, -0.999987, 0.848732, 0.000530089, -0.999994, -0.00346598, 1.02149, 0, 0, 0, 1
-0.999993, -0.000510483, -0.00380278, 0.290787, 0.00380095, 0.00354083, -0.999987, 0.848747, 0.000523941, -0.999994, -0.00353886, 1.02148, 0, 0, 0, 1
-0.999992, -0.000503737, -0.00387391, 0.290784, 0.00387207, 0.00361459, -0.999986, 0.848761, 0.000517733, -0.999993, -0.00361261, 1.02147, 0, 0, 0, 1
-0.999992, -0.000496915, -0.00394588, 0.290782, 0.00394402, 0.0036892, -0.999985, 0.848776, 0.000511465, -0.999993, -0.00368722, 1.02146, 0, 0, 0, 1
-0.999992, -0.000490016, -0.00401868, 0.290779, 0.00401681, 0.00376469, -0.999985, 0.848791, 0.000505137, -0.999993, -0.00376269, 1.02146, 0, 0, 0, 1
-0.999992, -0.00048304, -0.00409231, 0.290776, 0.00409043, 0.00384103, -0.999984, 0.848807, 0.000498751, -0.999993, -0.00383902, 1.02145, 0, 0, 0, 1
-0.999991, -0.000475988, -0.00416677, 0.290773, 0.00416488, 0.00391824, -0.999984, 0.848822, 0.000492306, -0.999992, -0.00391622, 1.02144, 0, 0, 0, 1
-0.999991, -0.000468859, -0.00424207, 0.29077, 0.00424016, 0.00399631, -0.999983, 0.848838, 0.000485804, -0.999992, -0.00399429, 1.02143, 0, 0, 0, 1
-0.999991, -0.000461654, -0.0043182, 0.290767, 0.00431628, 0.00407524, -0.999982, 0.848853, 0.000479244, -0.999992, -0.00407321, 1.02142, 0, 0, 0, 1
-0.99999, -0.000454373, -0.00439516, 0.290764, 0.00439323, 0.00415504, -0.999982, 0.848869, 0.000472627, -0.999991, -0.004153, 1.02141, 0, 0, 0, 1
-0.99999, -0.000447015, -0.00447295, 0.290761, 0.00447101, 0.0042357, -0.999981, 0.848886, 0.000465953, -0.999991, -0.00423366, 1.0214, 0, 0, 0, 1
-0.99999, -0.000439582, -0.00455157, 0.290758, 0.00454963, 0.00431722, -0.99998, 0.848902, 0.000459223, -0.999991, -0.00431518, 1.02139, 0, 0, 0, 1
-0.999989, -0.000432072, -0.00463102, 0.290755, 0.00462908, 0.00439961, -0.99998, 0.848918, 0.000452438, -0.99999, -0.00439756, 1.02138, 0, 0, 0, 1
-0.999989, -0.000424487, -0.00471131, 0.290752, 0.00470936, 0.00448286, -0.999979, 0.848935, 0.000445598, -0.99999, -0.00448081, 1.02137, 0, 0, 0, 1
-0.999988, -0.000416825, -0.00479243, 0.290749, 0.00479048, 0.00456697, -0.999978, 0.848952, 0.000438703, -0.999989, -0.00456492, 1.02137, 0, 0, 0, 1
-0.999988, -0.000409088, -0.00487438, 0.290746, 0.00487243, 0.00465194, -0.999977, 0.848969, 0.000431754, -0.999989, -0.00464989, 1.02136, 0, 0, 0, 1
-0.999988, -0.000401275, -0.00495716, 0.290743, 0.00495521, 0.00473778, -0.999976, 0.848986, 0.000424752, -0.999989, -0.00473573, 1.02135, 0, 0, 0, 1
-0.999987, -0.000393387, -0.00504078, 0.29074, 0.00503882, 0.00482448, -0.999976, 0.849003, 0.000417696, -0.999988, -0.00482243, 1.02134, 0, 0, 0, 1
-0.999987, -0.000385423, -0.00512523, 0.290737, 0.00512327, 0.00491204, -0.999975, 0.849021, 0.000410588, -0.999988, -0.00491, 1.02133, 0, 0, 0, 1
-0.999986, -0.000377383, -0.00521051, 0.290733, 0.00520855, 0.00500047, -0.999974, 0.849038, 0.000403428, -0.999987, -0.00499843, 1.02132, 0, 0, 0, 1
-0.999986, -0.000369268, -0.00529662, 0.29073, 0.00529467, 0.00508975, -0.999973, 0.849056, 0.000396217, -0.999987, -0.00508773, 1.02131, 0, 0, 0, 1
-0.999985, -0.000361078, -0.00538356, 0.290727, 0.00538162, 0.00517991, -0.999972, 0.849074, 0.000388954, -0.999987, -0.00517789, 1.0213, 0, 0, 0, 1
-0.999985, -0.000352813, -0.00547133, 0.290723, 0.0054694, 0.00527092, -0.999971, 0.849093, 0.000381642, -0.999986, -0.00526891, 1.02129, 0, 0, 0, 1
-0.999984, -0.000344473, -0.00555994, 0.29072, 0.00555801, 0.0053628, -0.99997, 0.849111, 0.000374279, -0.999986, -0.0053608, 1.02128, 0, 0, 0, 1
-0.999984, -0.000336057, -0.00564938, 0.290717, 0.00564746, 0.00545554, -0.999969, 0.849129, 0.000366867, -0.999985, -0.00545355, 1.02127, 0, 0, 0, 1
-0.999983, -0.000327567, -0.00573965, 0.290713, 0.00573774, 0.00554914, -0.999968, 0.849148, 0.000359407, -0.999985, -0.00554717, 1.02125, 0, 0, 0, 1
-0.999983, -0.000319002, -0.00583075, 0.29071, 0.00582886, 0.00564361, -0.999967, 0.849167, 0.000351898, -0.999984, -0.00564165, 1.02124, 0, 0, 0, 1
-0.999982, -0.000310363, -0.00592269, 0.290706, 0.00592081, 0.00573894, -0.999966, 0.849186, 0.000344342, -0.999983, -0.005737, 1.02123, 0, 0, 0, 1
-0.999982, -0.000301648, -0.00601545, 0.290703, 0.00601359, 0.00583513, -0.999965, 0.849205, 0.000336739, -0.999983, -0.00583321, 1.02122, 0, 0, 0, 1
-0.999981, -0.00029286, -0.00610905, 0.290699, 0.00610721, 0.00593218, -0.999964, 0.849225, 0.000329089, -0.999982, -0.00593028, 1.02121, 0, 0, 0, 1
-0.999981, -0.000283997, -0.00620348, 0.290695, 0.00620166, 0.0060301, -0.999963, 0.849244, 0.000321394, -0.999982, -0.00602822, 1.0212, 0, 0, 0, 1
-0.99998, -0.000275059, -0.00629875, 0.290692, 0.00629694, 0.00612888, -0.999961, 0.849264, 0.000313653, -0.999981, -0.00612703, 1.02119, 0, 0, 0, 1
-0.99998, -0.000266047, -0.00639484, 0.290688, 0.00639306, 0.00622853, -0.99996, 0.849284, 0.000305867, -0.999981, -0.0062267, 1.02118, 0, 0, 0, 1
-0.999979, -0.000256962, -0.00649177, 0.290684, 0.00649001, 0.00632903, -0.999959, 0.849304, 0.000298038, -0.99998, -0.00632723, 1.02117, 0, 0, 0, 1
-0.999978, -0.000247802, -0.00658952, 0.290681, 0.0065878, 0.0064304, -0.999958, 0.849325, 0.000290165, -0.999979, -0.00642863, 1.02116, 0, 0, 0, 1
-0.999978, -0.000238568, -0.00668811, 0.290677, 0.00668641, 0.00653264, -0.999956, 0.849345, 0.000282249, -0.999979, -0.0065309, 1.02114, 0, 0, 0, 1
-0.999977, -0.000229261, -0.00678754, 0.290673, 0.00678587, 0.00663573, -0.999955, 0.849366, 0.000274291, -0.999978, -0.00663402, 1.02113, 0, 0, 0, 1
-0.999976, -0.00021988, -0.00688779, 0.290669, 0.00688615, 0.00673969, -0.999954, 0.849386, 0.000266291, -0.999977, -0.00673802, 1.02112, 0, 0, 0, 1
-0.999976, -0.000210425, -0.00698888, 0.290665, 0.00698727, 0.00684452, -0.999952, 0.849407, 0.00025825, -0.999977, -0.00684288, 1.02111, 0, 0, 0, 1
-0.999975, -0.000200897, -0.0070908, 0.290661, 0.00708923, 0.0069502, -0.999951, 0.849429, 0.000250169, -0.999976, -0.0069486, 1.0211, 0, 0, 0, 1
-0.999974, -0.000191295, -0.00719355, 0.290657, 0.00719202, 0.00705675, -0.999949, 0.84945, 0.000242048, -0.999975, -0.00705519, 1.02109, 0, 0, 0, 1
-0.999973, -0.00018162, -0.00729713, 0.290653, 0.00729564, 0.00716416, -0.999948, 0.849471, 0.000233888, -0.999974, -0.00716264, 1.02107, 0, 0, 0, 1
-0.999973, -0.000171872, -0.00740154, 0.290649, 0.0074001, 0.00727243, -0.999946, 0.849493, 0.00022569, -0.999974, -0.00727096, 1.02106, 0, 0, 0, 1
-0.999972, -0.000162051, -0.00750679, 0.290645, 0.00750539, 0.00738157, -0.999945, 0.849515, 0.000217454, -0.999973, -0.00738015, 1.02105, 0, 0, 0, 1
-0.999971, -0.000152157, -0.00761286, 0.290641, 0.00761151, 0.00749157, -0.999943, 0.849537, 0.000209181, -0.999972, -0.0074902, 1.02104, 0, 0, 0, 1
-0.99997, -0.00014219, -0.00771977, 0.290637, 0.00771847, 0.00760244, -0.999941, 0.849559, 0.000200871, -0.999971, -0.00760111, 1.02102, 0, 0, 0, 1
-0.999969, -0.00013215, -0.00782752, 0.290633, 0.00782626, 0.00771416, -0.99994, 0.849581, 0.000192525, -0.99997, -0.00771289, 1.02101, 0, 0, 0, 1
-0.999969, -0.000122038, -0.00793609, 0.290629, 0.00793489, 0.00782675, -0.999938, 0.849604, 0.000184145, -0.999969, -0.00782554, 1.021, 0, 0, 0, 1
-0.999968, -0.000111854, -0.0080455, 0.290625, 0.00804435, 0.00794021, -0.999936, 0.849627, 0.000175729, -0.999968, -0.00793905, 1.02099, 0, 0, 0, 1
-0.999967, -0.000101597, -0.00815573, 0.290621, 0.00815465, 0.00805452, -0.999934, 0.84965, 0.00016728, -0.999968, -0.00805343, 1.02097, 0, 0, 0, 1
-0.999966, -9.12672e-05, -0.0082668, 0.290616, 0.00826578, 0.0081697, -0.999932, 0.849673, 0.000158798, -0.999967, -0.00816867, 1.02096, 0, 0, 0, 1
-0.999965, -8.08657e-05, -0.0083787, 0.290612, 0.00837775, 0.00828575, -0.999931, 0.849696, 0.000150284, -0.999966, -0.00828478, 1.02095, 0, 0, 0, 1
-0.999964, -7.03922e-05, -0.00849144, 0.290608, 0.00849055, 0.00840265, -0.999929, 0.849719, 0.000141738, -0.999965, -0.00840175, 1.02093, 0, 0, 0, 1
-0.999963, -5.98467e-05, -0.008605, 0.290603, 0.00860418, 0.00852042, -0.999927, 0.849743, 0.000133161, -0.999964, -0.00851959, 1.02092, 0, 0, 0, 1
-0.999962, -4.92295e-05, -0.0087194, 0.290599, 0.00871865, 0.00863905, -0.999925, 0.849767, 0.000124553, -0.999963, -0.00863829, 1.02091, 0, 0, 0, 1
-0.999961, -3.85406e-05, -0.00883463, 0.290594, 0.00883395, 0.00875855, -0.999923, 0.849791, 0.000115916, -0.999962, -0.00875786, 1.02089, 0, 0, 0, 1
-0.99996, -2.77801e-05, -0.00895069, 0.29059, 0.00895009, 0.0088789, -0.999921, 0.849815, 0.00010725, -0.999961, -0.0088783, 1.02088, 0, 0, 0, 1
-0.999959, -1.69482e-05, -0.00906758, 0.290585, 0.00906706, 0.00900013, -0.999918, 0.849839, 9.85562e-05, -0.999959, -0.0089996, 1.02087, 0, 0, 0, 1
-0.999958, -6.04501e-06, -0.00918531, 0.290581, 0.00918487, 0.00912221, -0.999916, 0.849863, 8.98348e-05, -0.999958, -0.00912177, 1.02085, 0, 0, 0, 1
-0.999957, 4.92939e-06, -0.00930386, 0.290576, 0.00930351, 0.00924516, -0.999914, 0.849888, 8.10867e-05, -0.999957, -0.0092448, 1.02084, 0, 0, 0, 1
-0.999956, 1.59749e-05, -0.00942325, 0.290572, 0.00942299, 0.00936897, -0.999912, 0.849913, 7.23127e-05, -0.999956, -0.0093687, 1.02083, 0, 0, 0, 1
-0.999954, 2.70913e-05, -0.00954347, 0.290567, 0.0095433, 0.00949364, -0.999909, 0.849938, 6.35135e-05, -0.999955, -0.00949347, 1.02081, 0, 0, 0, 1
-0.999953, 3.82785e-05, -0.00966452, 0.290562, 0.00966445, 0.00961918, -0.999907, 0.849963, 5.46899e-05, -0.999954, -0.0096191, 1.0208, 0, 0, 0, 1
-0.999952, 4.95364e-05, -0.00978641, 0.290558, 0.00978643, 0.00974558, -0.999905, 0.849988, 4.58426e-05, -0.999953, -0.0097456, 1.02078, 0, 0, 0, 1
-0.999951, 6.08648e-05, -0.00990912, 0.290553, 0.00990924, 0.00987285, -0.999902, 0.850014, 3.69724e-05, -0.999951, -0.00987296, 1.02077, 0, 0, 0, 1
-0.99995, 7.22637e-05, -0.0100327, 0.290548, 0.0100329, 0.010001, -0.9999, 0.85004, 2.808e-05, -0.99995, -0.0100012, 1.02076, 0, 0, 0, 1
-0.999948, 8.37329e-05, -0.0101571, 0.290543, 0.0101574, 0.01013, -0.999897, 0.850065, 1.91663e-05, -0.999949, -0.0101303, 1.02074, 0, 0, 0, 1
-0.999947, 9.52723e-05, -0.0102823, 0.290539, 0.0102827, 0.0102598, -0.999894, 0.850091, 1.02319e-05, -0.999947, -0.0102603, 1.02073, 0, 0, 0, 1
-0.999946, 0.000106882, -0.0104083, 0.290534, 0.0104089, 0.0103905, -0.999892, 0.850118, 1.27772e-06, -0.999946, -0.0103911, 1.02071, 0, 0, 0, 1
-0.999944, 0.000118561, -0.0105352, 0.290529, 0.0105358, 0.0105221, -0.999889, 0.850144, -7.6955e-06, -0.999945, -0.0105228, 1.0207, 0, 0, 0, 1
-0.999943, 0.00013031, -0.0106629, 0.290524, 0.0106637, 0.0106546, -0.999886, 0.850171, -1.6687e-05, -0.999943, -0.0106553, 1.02068, 0, 0, 0, 1
-0.999942, 0.000142129, -0.0107914, 0.290519, 0.0107923, 0.0107879, -0.999884, 0.850197, -2.56959e-05, -0.999942, -0.0107888, 1.02067, 0, 0, 0, 1
-0.99994, 0.000154017, -0.0109208, 0.290514, 0.0109218, 0.010922, -0.999881, 0.850224, -3.47214e-05, -0.99994, -0.0109231, 1.02065, 0, 0, 0, 1
-0.999939, 0.000165975, -0.011051, 0.290509, 0.0110522, 0.0110571, -0.999878, 0.850251, -4.37628e-05, -0.999939, -0.0110582, 1.02064, 0, 0, 0, 1
-0.999937, 0.000178002, -0.011182, 0.290504, 0.0111833, 0.011193, -0.999875, 0.850279, -5.28192e-05, -0.999937, -0.0111943, 1.02062, 0, 0, 0, 1
-0.999936, 0.000190098, -0.0113139, 0.290499, 0.0113153, 0.0113297, -0.999872, 0.850306, -6.18898e-05, -0.999936, -0.0113311, 1.02061, 0, 0, 0, 1
-0.999934, 0.000202263, -0.0114466, 0.290493, 0.0114482, 0.0114673, -0.999869, 0.850334, -7.09738e-05, -0.999934, -0.0114689, 1.02059, 0, 0, 0, 1
-0.999933, 0.000214496, -0.0115801, 0.290488, 0.0115818, 0.0116058, -0.999866, 0.850361, -8.00703e-05, -0.999933, -0.0116075, 1.02058, 0, 0, 0, 1
-0.999931, 0.000226799, -0.0117145, 0.290483, 0.0117164, 0.0117452, -0.999862, 0.850389, -8.91786e-05, -0.999931, -0.011747, 1.02056, 0, 0, 0, 1
-0.99993, 0.00023917, -0.0118497, 0.290478, 0.0118517, 0.0118854, -0.999859, 0.850417, -9.82977e-05, -0.999929, -0.0118874, 1.02055, 0, 0, 0, 1
-0.999928, 0.000251609, -0.0119857, 0.290473, 0.0119879, 0.0120265, -0.999856, 0.850446, -0.000107427, -0.999928, -0.0120286, 1.02053, 0, 0, 0, 1
-0.999926, 0.000264117, -0.0121226, 0.290467, 0.0121249, 0.0121684, -0.999852, 0.850474, -0.000116565, -0.999926, -0.0121707, 1.02051, 0, 0, 0, 1
-0.999925, 0.000276692, -0.0122603, 0.290462, 0.0122627, 0.0123112, -0.999849, 0.850503, -0.000125712, -0.999924, -0.0123137, 1.0205, 0, 0, 0, 1
-0.999923, 0.000289336, -0.0123988, 0.290457, 0.0124014, 0.0124549, -0.999846, 0.850532, -0.000134866, -0.999922, -0.0124575, 1.02048, 0, 0, 0, 1
-0.999921, 0.000302048, -0.0125381, 0.290451, 0.012541, 0.0125994, -0.999842, 0.850561, -0.000144027, -0.999921, -0.0126022, 1.02047, 0, 0, 0, 1
-0.99992, 0.000314827, -0.0126783, 0.290446, 0.0126813, 0.0127448, -0.999838, 0.85059, -0.000153193, -0.999919, -0.0127478, 1.02045, 0, 0, 0, 1
-0.999918, 0.000327674, -0.0128193, 0.29044, 0.0128225, 0.0128911, -0.999835, 0.850619, -0.000162365, -0.999917, -0.0128942, 1.02043, 0, 0, 0, 1
-0.999916, 0.000340588, -0.0129612, 0.290435, 0.0129645, 0.0130382, -0.999831, 0.850649, -0.00017154, -0.999915, -0.0130415, 1.02042, 0, 0, 0, 1
-0.999914, 0.000353569, -0.0131039, 0.290429, 0.0131074, 0.0131862, -0.999827, 0.850678, -0.000180719, -0.999913, -0.0131897, 1.0204, 0, 0, 0, 1
-0.999912, 0.000366618, -0.0132474, 0.290424, 0.0132511, 0.013335, -0.999823, 0.850708, -0.000189899, -0.999911, -0.0133387, 1.02039, 0, 0, 0, 1
-0.99991, 0.000379733, -0.0133917, 0.290418, 0.0133956, 0.0134847, -0.999819, 0.850738, -0.000199081, -0.999909, -0.0134886, 1.02037, 0, 0, 0, 1
-0.999908, 0.000392916, -0.0135369, 0.290412, 0.013541, 0.0136353, -0.999815, 0.850768, -0.000208263, -0.999907, -0.0136393, 1.02035, 0, 0, 0, 1
-0.999906, 0.000406164, -0.0136829, 0.290407, 0.0136872, 0.0137867, -0.999811, 0.850799, -0.000217445, -0.999905, -0.013791, 1.02034, 0, 0, 0, 1
-0.999904, 0.00041948, -0.0138298, 0.290401, 0.0138343, 0.013939, -0.999807, 0.850829, -0.000226626, -0.999903, -0.0139435, 1.02032, 0, 0, 0, 1
-0.999902, 0.000432862, -0.0139774, 0.290395, 0.0139821, 0.0140922, -0.999803, 0.85086, -0.000235804, -0.999901, -0.0140969, 1.0203, 0, 0, 0, 1
-0.9999, 0.000446309, -0.0141259, 0.290389, 0.0141309, 0.0142462, -0.999799, 0.850891, -0.000244979, -0.999898, -0.0142511, 1.02028, 0, 0, 0, 1
-0.999898, 0.000459823, -0.0142753, 0.290384, 0.0142804, 0.0144011, -0.999794, 0.850922, -0.000254149, -0.999896, -0.0144062, 1.02027, 0, 0, 0, 1
-0.999896, 0.000473403, -0.0144254, 0.290378, 0.0144308, 0.0145568, -0.99979, 0.850953, -0.000263315, -0.999894, -0.0145622, 1.02025, 0, 0, 0, 1
-0.999894, 0.000487049, -0.0145764, 0.290372, 0.014582, 0.0147135, -0.999785, 0.850985, -0.000272474, -0.999892, -0.014719, 1.02023, 0, 0, 0, 1
-0.999891, 0.00050076, -0.0147283, 0.290366, 0.0147341, 0.0148709, -0.999781, 0.851017, -0.000281627, -0.999889, -0.0148767, 1.02022, 0, 0, 0, 1
-0.999889, 0.000514536, -0.0148809, 0.29036, 0.014887, 0.0150293, -0.999776, 0.851048, -0.000290771, -0.999887, -0.0150353, 1.0202, 0, 0, 0, 1
-0.999887, 0.000528378, -0.0150344, 0.290354, 0.0150407, 0.0151885, -0.999772, 0.85108, -0.000299907, -0.999885, -0.0151947, 1.02018, 0, 0, 0, 1
-0.999884, 0.000542284, -0.0151888, 0.290348, 0.0151953, 0.0153486, -0.999767, 0.851112, -0.000309032, -0.999882, -0.015355, 1.02016, 0, 0, 0, 1
-0.999882, 0.000556256, -0.0153439, 0.290342, 0.0153507, 0.0155095, -0.999762, 0.851145, -0.000318147, -0.99988, -0.0155162, 1.02015, 0, 0, 0, 1
-0.99988, 0.000570292, -0.0154999, 0.290336, 0.0155069, 0.0156713, -0.999757, 0.851177, -0.00032725, -0.999877, -0.0156782, 1.02013, 0, 0, 0, 1
-0.999877, 0.000584393, -0.0156567, 0.29033, 0.015664, 0.0158339, -0.999752, 0.85121, -0.000336341, -0.999874, -0.0158412, 1.02011, 0, 0, 0, 1
-0.999875, 0.000598559, -0.0158144, 0.290323, 0.0158219, 0.0159975, -0.999747, 0.851243, -0.000345417, -0.999872, -0.0160049, 1.02009, 0, 0, 0, 1
-0.999872, 0.000612789, -0.0159729, 0.290317, 0.0159807, 0.0161619, -0.999742, 0.851276, -0.000354479, -0.999869, -0.0161696, 1.02007, 0, 0, 0, 1
-0.99987, 0.000627082, -0.0161322, 0.290311, 0.0161403, 0.0163271, -0.999736, 0.851309, -0.000363525, -0.999867, -0.0163351, 1.02006, 0, 0, 0, 1
-0.999867, 0.00064144, -0.0162923, 0.290305, 0.0163007, 0.0164932, -0.999731, 0.851342, -0.000372554, -0.999864, -0.0165015, 1.02004, 0, 0, 0, 1
-0.999864, 0.000655861, -0.0164533, 0.290298, 0.016462, 0.0166602, -0.999726, 0.851376, -0.000381566, -0.999861, -0.0166687, 1.02002, 0, 0, 0, 1
-0.999862, 0.000670346, -0.0166151, 0.290292, 0.0166241, 0.016828, -0.99972, 0.85141, -0.000390559, -0.999858, -0.0168369, 1.02, 0, 0, 0, 1
-0.999859, 0.000684895, -0.0167778, 0.290286, 0.016787, 0.0169967, -0.999715, 0.851444, -0.000399532, -0.999855, -0.0170058, 1.01998, 0, 0, 0, 1
-0.999856, 0.000699507, -0.0169412, 0.290279, 0.0169508, 0.0171663, -0.999709, 0.851478, -0.000408484, -0.999852, -0.0171757, 1.01996, 0, 0, 0, 1
-0.999853, 0.000714181, -0.0171056, 0.290273, 0.0171154, 0.0173367, -0.999703, 0.851512, -0.000417415, -0.999849, -0.0173464, 1.01994, 0, 0, 0, 1
-0.999851, 0.000728919, -0.0172707, 0.290266, 0.0172808, 0.017508, -0.999697, 0.851546, -0.000426323, -0.999846, -0.017518, 1.01993, 0, 0, 0, 1
-0.999848, 0.00074372, -0.0174367, 0.29026, 0.0174471, 0.0176802, -0.999691, 0.851581, -0.000435207, -0.999843, -0.0176905, 1.01991, 0, 0, 0, 1
-0.999845, 0.000758583, -0.0176035, 0.290253, 0.0176142, 0.0178532, -0.999685, 0.851616, -0.000444066, -0.99984, -0.0178638, 1.01989, 0, 0, 0, 1
-0.999842, 0.000773508, -0.0177711, 0.290247, 0.0177822, 0.0180271, -0.999679, 0.851651, -0.000452899, -0.999837, -0.018038, 1.01987, 0, 0, 0, 1
-0.999839, 0.000788496, -0.0179396, 0.29024, 0.017951, 0.0182018, -0.999673, 0.851686, -0.000461705, -0.999834, -0.0182131, 1.01985, 0, 0, 0, 1
-0.999836, 0.000803545, -0.0181089, 0.290233, 0.0181206, 0.0183775, -0.999667, 0.851721, -0.000470483, -0.999831, -0.018389, 1.01983, 0, 0, 0, 1
-0.999833, 0.000818657, -0.018279, 0.290227, 0.018291, 0.0185539, -0.999661, 0.851757, -0.000479232, -0.999828, -0.0185658, 1.01981, 0, 0, 0, 1
-0.999829, 0.00083383, -0.01845, 0.29022, 0.0184623, 0.0187313, -0.999654, 0.851792, -0.00048795, -0.999824, -0.0187435, 1.01979, 0, 0, 0, 1
-0.999826, 0.000849065, -0.0186217, 0.290213, 0.0186345, 0.0189095, -0.999648, 0.851828, -0.000496638, -0.999821, -0.018922, 1.01977, 0, 0, 0, 1
-0.999823, 0.000864361, -0.0187944, 0.290206, 0.0188075, 0.0190885, -0.999641, 0.851864, -0.000505293, -0.999817, -0.0191014, 1.01975, 0, 0, 0, 1
-0.99982, 0.000879718, -0.0189678, 0.2902, 0.0189813, 0.0192685, -0.999634, 0.8519, -0.000513915, -0.999814, -0.0192817, 1.01973, 0, 0, 0, 1
-0.999816, 0.000895136, -0.0191421, 0.290193, 0.0191559, 0.0194493, -0.999627, 0.851937, -0.000522502, -0.99981, -0.0194628, 1.01971, 0, 0, 0, 1
-0.999813, 0.000910615, -0.0193172, 0.290186, 0.0193314, 0.0196309, -0.99962, 0.851973, -0.000531054, -0.999807, -0.0196448, 1.01969, 0, 0, 0, 1
-0.99981, 0.000926154, -0.0194932, 0.290179, 0.0195077, 0.0198134, -0.999613, 0.85201, -0.000539569, -0.999803, -0.0198277, 1.01967, 0, 0, 0, 1
-0.999806, 0.000941754, -0.01967, 0.290172, 0.0196849, 0.0199968, -0.999606, 0.852047, -0.000548046, -0.9998, -0.0200115, 1.01965, 0, 0, 0, 1
-0.999803, 0.000957414, -0.0198476, 0.290165, 0.0198629, 0.0201811, -0.999599, 0.852084, -0.000556485, -0.999796, -0.0201961, 1.01963, 0, 0, 0, 1
-0.999799, 0.000973134, -0.020026, 0.290158, 0.0200417, 0.0203662, -0.999592, 0.852121, -0.000564883, -0.999792, -0.0203816, 1.01961, 0, 0, 0, 1
-0.999795, 0.000988914, -0.0202053, 0.290151, 0.0202214, 0.0205521, -0.999584, 0.852159, -0.000573241, -0.999788, -0.0205679, 1.01959, 0, 0, 0, 1
-0.999792, 0.00100475, -0.0203854, 0.290144, 0.0204019, 0.020739, -0.999577, 0.852196, -0.000581556, -0.999784, -0.0207551, 1.01957, 0, 0, 0, 1
-0.999788, 0.00102065, -0.0205664, 0.290137, 0.0205832, 0.0209267, -0.999569, 0.852234, -0.000589828, -0.99978, -0.0209432, 1.01955, 0, 0, 0, 1
-0.999784, 0.00103661, -0.0207481, 0.290129, 0.0207654, 0.0211152, -0.999561, 0.852272, -0.000598055, -0.999777, -0.0211322, 1.01953, 0, 0, 0, 1
-0.99978, 0.00105263, -0.0209307, 0.290122, 0.0209484, 0.0213047, -0.999554, 0.85231, -0.000606237, -0.999772, -0.021322, 1.01951, 0, 0, 0, 1
-0.999776, 0.00106871, -0.0211142, 0.290115, 0.0211323, 0.0214949, -0.999546, 0.852349, -0.000614372, -0.999768, -0.0215127, 1.01949, 0, 0, 0, 1
-0.999773, 0.00108484, -0.0212984, 0.290108, 0.021317, 0.0216861, -0.999538, 0.852387, -0.000622459, -0.999764, -0.0217043, 1.01947, 0, 0, 0, 1
-0.999769, 0.00110103, -0.0214835, 0.2901, 0.0215025, 0.0218781, -0.999529, 0.852426, -0.000630497, -0.99976, -0.0218967, 1.01945, 0, 0, 0, 1
-0.999765, 0.00111729, -0.0216695, 0.290093, 0.0216889, 0.022071, -0.999521, 0.852465, -0.000638485, -0.999756, -0.02209, 1.01943, 0, 0, 0, 1
-0.99976, 0.0011336, -0.0218562, 0.290085, 0.0218761, 0.0222647, -0.999513, 0.852504, -0.000646421, -0.999751, -0.0222842, 1.01941, 0, 0, 0, 1
-0.999756, 0.00114996, -0.0220438, 0.290078, 0.0220641, 0.0224593, -0.999504, 0.852543, -0.000654305, -0.999747, -0.0224792, 1.01939, 0, 0, 0, 1
-0.999752, 0.00116639, -0.0222323, 0.29007, 0.022253, 0.0226548, -0.999496, 0.852582, -0.000662135, -0.999743, -0.0226752, 1.01936, 0, 0, 0, 1
-0.999748, 0.00118287, -0.0224215, 0.290063, 0.0224427, 0.0228511, -0.999487, 0.852622, -0.00066991, -0.999738, -0.0228719, 1.01934, 0, 0, 0, 1
-0.999744, 0.00119942, -0.0226116, 0.290055, 0.0226333, 0.0230483, -0.999478, 0.852661, -0.000677629, -0.999734, -0.0230696, 1.01932, 0, 0, 0, 1
-0.999739, 0.00121601, -0.0228025, 0.290048, 0.0228246, 0.0232464, -0.999469, 0.852701, -0.000685291, -0.999729, -0.0232681, 1.0193, 0, 0, 0, 1
-0.999735, 0.00123267, -0.0229943, 0.29004, 0.0230169, 0.0234453, -0.99946, 0.852741, -0.000692894, -0.999724, -0.0234675, 1.01928, 0, 0, 0, 1
-0.99973, 0.00124938, -0.0231869, 0.290033, 0.0232099, 0.0236451, -0.999451, 0.852782, -0.000700438, -0.99972, -0.0236677, 1.01926, 0, 0, 0, 1
-0.999726, 0.00126615, -0.0233803, 0.290025, 0.0234038, 0.0238458, -0.999442, 0.852822, -0.00070792, -0.999715, -0.0238689, 1.01924, 0, 0, 0, 1
-0.999721, 0.00128297, -0.0235745, 0.290017, 0.0235986, 0.0240473, -0.999432, 0.852863, -0.000715341, -0.99971, -0.0240709, 1.01921, 0, 0, 0, 1
-0.999717, 0.00129985, -0.0237696, 0.290009, 0.0237941, 0.0242497, -0.999423, 0.852904, -0.000722698, -0.999705, -0.0242737, 1.01919, 0, 0, 0, 1
-0.999712, 0.00131679, -0.0239655, 0.290002, 0.0239906, 0.0244529, -0.999413, 0.852945, -0.000729991, -0.9997, -0.0244774, 1.01917, 0, 0, 0, 1
-0.999707, 0.00133378, -0.0241623, 0.289994, 0.0241878, 0.024657, -0.999403, 0.852986, -0.000737217, -0.999695, -0.024682, 1.01915, 0, 0, 0, 1
-0.999702, 0.00135083, -0.0243598, 0.289986, 0.0243859, 0.024862, -0.999393, 0.853027, -0.000744377, -0.99969, -0.0248875, 1.01913, 0, 0, 0, 1
-0.999697, 0.00136793, -0.0245582, 0.289978, 0.0245848, 0.0250678, -0.999383, 0.853069, -0.000751469, -0.999685, -0.0250938, 1.0191, 0, 0, 0, 1
-0.999693, 0.00138509, -0.0247575, 0.28997, 0.0247846, 0.0252745, -0.999373, 0.85311, -0.000758491, -0.99968, -0.0253011, 1.01908, 0, 0, 0, 1
-0.999688, 0.0014023, -0.0249575, 0.289962, 0.0249852, 0.025482, -0.999363, 0.853152, -0.000765442, -0.999674, -0.0255091, 1.01906, 0, 0, 0, 1
-0.999682, 0.00141957, -0.0251584, 0.289954, 0.0251866, 0.0256905, -0.999353, 0.853194, -0.000772322, -0.999669, -0.0257181, 1.01904, 0, 0, 0, 1
-0.999677, 0.0014369, -0.0253602, 0.289946, 0.0253889, 0.0258998, -0.999342, 0.853236, -0.000779128, -0.999664, -0.0259279, 1.01901, 0, 0, 0, 1
-0.999672, 0.00145427, -0.0255627, 0.289938, 0.025592, 0.0261099, -0.999331, 0.853279, -0.000785859, -0.999658, -0.0261386, 1.01899, 0, 0, 0, 1
-0.999667, 0.0014717, -0.0257661, 0.28993, 0.0257959, 0.0263209, -0.999321, 0.853321, -0.000792515, -0.999652, -0.0263501, 1.01897, 0, 0, 0, 1
-0.999662, 0.00148919, -0.0259703, 0.289921, 0.0260007, 0.0265328, -0.99931, 0.853364, -0.000799094, -0.999647, -0.0265625, 1.01895, 0, 0, 0, 1
-0.999656, 0.00150673, -0.0261754, 0.289913, 0.0262063, 0.0267455, -0.999299, 0.853407, -0.000805594, -0.999641, -0.0267758, 1.01892, 0, 0, 0, 1
-0.999651, 0.00152432, -0.0263813, 0.289905, 0.0264128, 0.0269591, -0.999288, 0.85345, -0.000812015, -0.999635, -0.02699, 1.0189, 0, 0, 0, 1
-0.999645, 0.00154196, -0.026588, 0.289897, 0.0266201, 0.0271736, -0.999276, 0.853493, -0.000818355, -0.99963, -0.027205, 1.01888, 0, 0, 0, 1
-0.99964, 0.00155966, -0.0267956, 0.289888, 0.0268282, 0.0273889, -0.999265, 0.853537, -0.000824613, -0.999624, -0.0274209, 1.01885, 0, 0, 0, 1
-0.999634, 0.00157741, -0.0270039, 0.28988, 0.0270372, 0.0276051, -0.999253, 0.85358, -0.000830787, -0.999618, -0.0276377, 1.01883, 0, 0, 0, 1
-0.999628, 0.00159521, -0.0272131, 0.289872, 0.027247, 0.0278222, -0.999241, 0.853624, -0.000836876, -0.999612, -0.0278553, 1.01881, 0, 0, 0, 1
-0.999623, 0.00161307, -0.0274232, 0.289863, 0.0274577, 0.0280401, -0.99923, 0.853668, -0.000842879, -0.999605, -0.0280738, 1.01878, 0, 0, 0, 1
-0.999617, 0.00163098, -0.0276341, 0.289855, 0.0276691, 0.0282589, -0.999218, 0.853712, -0.000848795, -0.999599, -0.0282932, 1.01876, 0, 0, 0, 1
-0.999611, 0.00164894, -0.0278458, 0.289846, 0.0278815, 0.0284785, -0.999205, 0.853757, -0.000854622, -0.999593, -0.0285134, 1.01874, 0, 0, 0, 1
-0.999605, 0.00166695, -0.0280583, 0.289838, 0.0280946, 0.028699, -0.999193, 0.853801, -0.000860358, -0.999587, -0.0287345, 1.01871, 0, 0, 0, 1
-0.999599, 0.00168501, -0.0282717, 0.289829, 0.0283086, 0.0289204, -0.999181, 0.853846, -0.000866004, -0.99958, -0.0289565, 1.01869, 0, 0, 0, 1
-0.999593, 0.00170313, -0.0284859, 0.28982, 0.0285234, 0.0291426, -0.999168, 0.853891, -0.000871556, -0.999574, -0.0291793, 1.01867, 0, 0, 0, 1
-0.999587, 0.00172129, -0.0287009, 0.289812, 0.0287391, 0.0293657, -0.999156, 0.853936, -0.000877015, -0.999567, -0.029403, 1.01864, 0, 0, 0, 1
-0.99958, 0.00173951, -0.0289168, 0.289803, 0.0289556, 0.0295897, -0.999143, 0.853981, -0.000882378, -0.999561, -0.0296276, 1.01862, 0, 0, 0, 1
-0.999574, 0.00175777, -0.0291335, 0.289794, 0.0291729, 0.0298145, -0.99913, 0.854027, -0.000887644, -0.999554, -0.0298531, 1.01859, 0, 0, 0, 1
-0.999568, 0.00177609, -0.029351, 0.289786, 0.0293911, 0.0300402, -0.999116, 0.854072, -0.000892812, -0.999547, -0.0300794, 1.01857, 0, 0, 0, 1
-0.999561, 0.00179446, -0.0295694, 0.289777, 0.0296101, 0.0302667, -0.999103, 0.854118, -0.00089788, -0.99954, -0.0303066, 1.01855, 0, 0, 0, 1
-0.999555, 0.00181287, -0.0297885, 0.289768, 0.02983, 0.0304941, -0.99909, 0.854164, -0.000902847, -0.999533, -0.0305346, 1.01852, 0, 0, 0, 1
-0.999548, 0.00183134, -0.0300086, 0.289759, 0.0300507, 0.0307224, -0.999076, 0.85421, -0.000907713, -0.999526, -0.0307636, 1.0185, 0, 0, 0, 1
-0.999541, 0.00184986, -0.0302294, 0.28975, 0.0302722, 0.0309515, -0.999062, 0.854256, -0.000912474, -0.999519, -0.0309933, 1.01847, 0, 0, 0, 1
-0.999535, 0.00186842, -0.0304511, 0.289741, 0.0304946, 0.0311815, -0.999048, 0.854303, -0.000917131, -0.999512, -0.031224, 1.01845, 0, 0, 0, 1
-0.999528, 0.00188703, -0.0306736, 0.289732, 0.0307178, 0.0314124, -0.999034, 0.85435, -0.000921681, -0.999505, -0.0314555, 1.01842, 0, 0, 0, 1
-0.999521, 0.0019057, -0.030897, 0.289723, 0.0309418, 0.0316441, -0.99902, 0.854396, -0.000926123, -0.999497, -0.0316879, 1.0184, 0, 0, 0, 1
-0.999514, 0.00192441, -0.0311211, 0.289714, 0.0311667, 0.0318767, -0.999006, 0.854443, -0.000930456, -0.99949, -0.0319212, 1.01837, 0, 0, 0, 1
-0.999507, 0.00194317, -0.0313461, 0.289705, 0.0313924, 0.0321102, -0.998991, 0.854491, -0.000934678, -0.999482, -0.0321553, 1.01835, 0, 0, 0, 1
-0.9995, 0.00196198, -0.031572, 0.289696, 0.0316189, 0.0323445, -0.998977, 0.854538, -0.000938788, -0.999475, -0.0323903, 1.01832, 0, 0, 0, 1
