-0.999999, -0.000797434, -0.000797196, 0.290901, 0.000796858, 0.000424669, -1, 0.848124, 0.000797772, -1, -0.000424033, 1.02183, 0, 0, 0, 1
-0.999999, -0.000797427, -0.000796621, 0.290901, 0.000796283, 0.000424998, -1, 0.848124, 0.000797765, -1, -0.000424363, 1.02183, 0, 0, 0, 1
-0.999999, -0.000797406, -0.000794898, 0.290901, 0.000794558, 0.000425985, -1, 0.848124, 0.000797744, -1, -0.000425351, 1.02183, 0, 0, 0, 1
-0.999999, -0.00079737, -0.000792025, 0.290901, 0.000791684, 0.00042763, -1, 0.848125, 0.000797708, -1, -0.000426998, 1.02183, 0, 0, 0, 1
-0.999999, -0.000797319, -0.000788003, 0.290901, 0.00078766, 0.000429933, -1, 0.848125, 0.000797658, -1, -0.000429304, 1.02183, 0, 0, 0, 1
-0.999999, -0.000797255, -0.000782831, 0.290901, 0.000782486, 0.000432894, -1, 0.848125, 0.000797593, -1, -0.00043227, 1.02183, 0, 0, 0, 1
-0.999999, -0.000797176, -0.000776511, 0.2909, 0.000776163, 0.000436513, -1, 0.848126, 0.000797515, -1, -0.000435894, 1.02183, 0, 0, 0, 1
-0.999999, -0.000797083, -0.000769041, 0.2909, 0.00076869, 0.00044079, -1, 0.848126, 0.000797422, -1, -0.000440177, 1.02183, 0, 0, 0, 1
-0.999999, -0.000796975, -0.000760422, 0.2909, 0.000760067, 0.000445725, -1, 0.848127, 0.000797314, -1, -0.000445119, 1.02183, 0, 0, 0, 1
-0.999999, -0.000796853, -0.000750654, 0.290899, 0.000750295, 0.000451318, -1, 0.848127, 0.000797192, -1, -0.000450719, 1.02183, 0, 0, 0, 1
-0.999999, -0.000796717, -0.000739737, 0.290899, 0.000739373, 0.000457569, -1, 0.848128, 0.000797055, -1, -0.000456979, 1.02183, 0, 0, 0, 1
-0.999999, -0.000796567, -0.000727671, 0.290899, 0.000727301, 0.000464477, -1, 0.848129, 0.000796904, -1, -0.000463898, 1.02183, 0, 0, 0, 1
-0.999999, -0.000796402, -0.000714455, 0.290898, 0.000714079, 0.000472044, -1, 0.84813, 0.000796739, -1, -0.000471475, 1.02183, 0, 0, 0, 1
-0.999999, -0.000796223, -0.00070009, 0.290898, 0.000699708, 0.000480269, -1, 0.848131, 0.000796559, -1, -0.000479712, 1.02183, 0, 0, 0, 1
-0.999999, -0.000796029, -0.000684576, 0.290897, 0.000684187, 0.000489152, -1, 0.848132, 0.000796364, -1, -0.000488607, 1.02183, 0, 0, 0, 1
-0.999999, -0.000795822, -0.000667913, 0.290896, 0.000667517, 0.000498693, -1, 0.848133, 0.000796155, -1, -0.000498162, 1.02182, 0, 0, 0, 1
-0.999999, -0.0007956, -0.000650101, 0.290896, 0.000649696, 0.000508892, -1, 0.848134, 0.00079593, -1, -0.000508375, 1.02182, 0, 0, 0, 1
-0.999999, -0.000795364, -0.00063114, 0.290895, 0.000630726, 0.000519749, -1, 0.848136, 0.000795691, -1, -0.000519247, 1.02182, 0, 0, 0, 1
-0.999999, -0.000795113, -0.000611029, 0.290894, 0.000610607, 0.000531264, -1, 0.848137, 0.000795437, -1, -0.000530778, 1.02182, 0, 0, 0, 1
-1, -0.000794848, -0.000589769, 0.290894, 0.000589337, 0.000543437, -1, 0.848139, 0.000795169, -1, -0.000542968, 1.02182, 0, 0, 0, 1
-1, -0.000794569, -0.00056736, 0.290893, 0.000566918, 0.000556268, -1, 0.84814, 0.000794885, -1, -0.000555817, 1.02182, 0, 0, 0, 1
-1, -0.000794276, -0.000543802, 0.290892, 0.00054335, 0.000569757, -1, 0.848142, 0.000794586, -1, -0.000569325, 1.02181, 0, 0, 0, 1
-1, -0.000793969, -0.000519095, 0.290891, 0.000518631, 0.000583903, -1, 0.848143, 0.000794272, -1, -0.000583491, 1.02181, 0, 0, 0, 1
-1, -0.000793647, -0.000493238, 0.29089, 0.000492763, 0.000598708, -1, 0.848145, 0.000793942, -1, -0.000598317, 1.02181, 0, 0, 0, 1
-1, -0.000793311, -0.000466232, 0.290889, 0.000465745, 0.000614171, -1, 0.848147, 0.000793597, -0.999999, -0.000613801, 1.02181, 0, 0, 0, 1
-1, -0.000792961, -0.000438077, 0.290888, 0.000437578, 0.000630292, -1, 0.848149, 0.000793237, -0.999999, -0.000629945, 1.0218, 0, 0, 0, 1
-1, -0.000792597, -0.000408773, 0.290887, 0.000408261, 0.000647071, -1, 0.848151, 0.000792861, -0.999999, -0.000646747, 1.0218, 0, 0, 0, 1
-1, -0.000792219, -0.00037832, 0.290886, 0.000377794, 0.000664508, -1, 0.848153, 0.00079247, -0.999999, -0.000664208, 1.0218, 0, 0, 0, 1
-1, -0.000791826, -0.000346718, 0.290885, 0.000346177, 0.000682603, -1, 0.848155, 0.000792063, -0.999999, -0.000682328, 1.0218, 0, 0, 0, 1
-1, -0.00079142, -0.000313966, 0.290884, 0.000313411, 0.000701356, -1, 0.848158, 0.00079164, -0.999999, -0.000701107, 1.02179, 0, 0, 0, 1
-1, -0.000790999, -0.000280065, 0.290882, 0.000279495, 0.000720766, -1, 0.84816, 0.000791201, -0.999999, -0.000720545, 1.02179, 0, 0, 0, 1
-1, -0.000790565, -0.000245015, 0.290881, 0.00024443, 0.000740835, -1, 0.848162, 0.000790746, -0.999999, -0.000740642, 1.02179, 0, 0, 0, 1
-1, -0.000790116, -0.000208816, 0.29088, 0.000208214, 0.000761562, -1, 0.848165, 0.000790275, -0.999999, -0.000761397, 1.02179, 0, 0, 0, 1
-1, -0.000789653, -0.000171468, 0.290879, 0.000170849, 0.000782947, -1, 0.848168, 0.000789787, -0.999999, -0.000782812, 1.02178, 0, 0, 0, 1
-1, -0.000789176, -0.00013297, 0.290877, 0.000132335, 0.00080499, -1, 0.84817, 0.000789283, -0.999999, -0.000804885, 1.02178, 0, 0, 0, 1
-1, -0.000788685, -9.33235e-05, 0.290876, 9.26707e-05, 0.000827691, -1, 0.848173, 0.000788762, -0.999999, -0.000827617, 1.02178, 0, 0, 0, 1
-1, -0.000788181, -5.25276e-05, 0.290874, 5.18568e-05, 0.00085105, -1, 0.848176, 0.000788225, -0.999999, -0.000851008, 1.02177, 0, 0, 0, 1
-1, -0.000787662, -1.05826e-05, 0.290873, 9.8933e-06, 0.000875066, -1, 0.848179, 0.000787671, -0.999999, -0.000875058, 1.02177, 0, 0, 0, 1
-1, -0.000787129, 3.25117e-05, 0.290871, -3.32199e-05, 0.000899741, -1, 0.848182, 0.0007871, -0.999999, -0.000899767, 1.02177, 0, 0, 0, 1
-1, -0.000786582, 7.67551e-05, 0.29087, -7.74828e-05, 0.000925074, -1, 0.848185, 0.000786511, -0.999999, -0.000925135, 1.02176, 0, 0, 0, 1
-1, -0.000786022, 0.000122148, 0.290868, -0.000122895, 0.000951065, -1, 0.848188, 0.000785905, -0.999999, -0.000951161, 1.02176, 0, 0, 0, 1
-1, -0.000785448, 0.00016869, 0.290866, -0.000169457, 0.000977714, -1, 0.848191, 0.000785282, -0.999999, -0.000977847, 1.02175, 0, 0, 0, 1
-1, -0.000784859, 0.00021638, 0.290865, -0.000217169, 0.00100502, -0.999999, 0.848194, 0.000784641, -0.999999, -0.00100519, 1.02175, 0, 0, 0, 1
-1, -0.000784257, 0.000265221, 0.290863, -0.000266031, 0.00103299, -0.999999, 0.848198, 0.000783983, -0.999999, -0.00103319, 1.02175, 0, 0, 0, 1
-1, -0.000783641, 0.00031521, 0.290861, -0.000316042, 0.00106161, -0.999999, 0.848201, 0.000783306, -0.999999, -0.00106186, 1.02174, 0, 0, 0, 1
-1, -0.000783012, 0.000366348, 0.290859, -0.000367203, 0.00109089, -0.999999, 0.848205, 0.000782611, -0.999999, -0.00109118, 1.02174, 0, 0, 0, 1
-1, -0.000782368, 0.000418636, 0.290857, -0.000419513, 0.00112083, -0.999999, 0.848208, 0.000781898, -0.999999, -0.00112116, 1.02173, 0, 0, 0, 1
-1, -0.000781711, 0.000472073, 0.290856, -0.000472973, 0.00115143, -0.999999, 0.848212, 0.000781167, -0.999999, -0.00115179, 1.02173, 0, 0, 0, 1
-1, -0.00078104, 0.000526659, 0.290854, -0.000527583, 0.00118268, -0.999999, 0.848216, 0.000780417, -0.999999, -0.00118309, 1.02172, 0, 0, 0, 1
-1, -0.000780356, 0.000582394, 0.290852, -0.000583342, 0.00121459, -0.999999, 0.84822, 0.000779648, -0.999999, -0.00121505, 1.02172, 0, 0, 0, 1
-0.999999, -0.000779658, 0.000639279, 0.29085, -0.000640251, 0.00124716, -0.999999, 0.848224, 0.00077886, -0.999999, -0.00124766, 1.02171, 0, 0, 0, 1
-0.999999, -0.000778946, 0.000697312, 0.290847, -0.000698309, 0.00128039, -0.999999, 0.848228, 0.000778052, -0.999999, -0.00128094, 1.02171, 0, 0, 0, 1
-0.999999, -0.000778221, 0.000756495, 0.290845, -0.000757517, 0.00131428, -0.999999, 0.848232, 0.000777226, -0.999999, -0.00131487, 1.0217, 0, 0, 0, 1
-0.999999, -0.000777482, 0.000816827, 0.290843, -0.000817875, 0.00134882, -0.999999, 0.848236, 0.000776379, -0.999999, -0.00134946, 1.0217, 0, 0, 0, 1
-0.999999, -0.000776729, 0.000878308, 0.290841, -0.000879382, 0.00138403, -0.999999, 0.84824, 0.000775513, -0.999999, -0.00138471, 1.02169, 0, 0, 0, 1
-0.999999, -0.000775964, 0.000940938, 0.290839, -0.000942039, 0.00141989, -0.999999, 0.848245, 0.000774626, -0.999999, -0.00142062, 1.02169, 0, 0, 0, 1
-0.999999, -0.000775184, 0.00100472, 0.290836, -0.00100585, 0.00145641, -0.999998, 0.848249, 0.00077372, -0.999999, -0.00145719, 1.02168, 0, 0, 0, 1
-0.999999, -0.000774392, 0.00106965, 0.290834, -0.0010708, 0.00149358, -0.999998, 0.848254, 0.000772793, -0.999999, -0.00149441, 1.02168, 0, 0, 0, 1
-0.999999, -0.000773586, 0.00113572, 0.290832, -0.00113691, 0.00153142, -0.999998, 0.848258, 0.000771845, -0.999999, -0.0015323, 1.02167, 0, 0, 0, 1
-0.999999, -0.000772766, 0.00120295, 0.290829, -0.00120416, 0.00156991, -0.999998, 0.848263, 0.000770876, -0.999998, -0.00157084, 1.02167, 0, 0, 0, 1
-0.999999, -0.000771933, 0.00127133, 0.290827, -0.00127257, 0.00160906, -0.999998, 0.848268, 0.000769886, -0.999998, -0.00161004, 1.02166, 0, 0, 0, 1
-0.999999, -0.000771087, 0.00134085, 0.290824, -0.00134212, 0.00164887, -0.999998, 0.848272, 0.000768875, -0.999998, -0.00164991, 1.02166, 0, 0, 0, 1
-0.999999, -0.000770228, 0.00141153, 0.290822, -0.00141283, 0.00168934, -0.999998, 0.848277, 0.000767841, -0.999998, -0.00169043, 1.02165, 0, 0, 0, 1
-0.999999, -0.000769355, 0.00148335, 0.290819, -0.00148468, 0.00173047, -0.999997, 0.848282, 0.000766786, -0.999998, -0.0017316, 1.02164, 0, 0, 0, 1
-0.999998, -0.00076847, 0.00155632, 0.290817, -0.00155768, 0.00177225, -0.999997, 0.848287, 0.000765709, -0.999998, -0.00177344, 1.02164, 0, 0, 0, 1
-0.999998, -0.000767571, 0.00163045, 0.290814, -0.00163184, 0.00181469, -0.999997, 0.848293, 0.00076461, -0.999998, -0.00181594, 1.02163, 0, 0, 0, 1
-0.999998, -0.000766659, 0.00170572, 0.290811, -0.00170714, 0.00185779, -0.999997, 0.848298, 0.000763488, -0.999998, -0.00185909, 1.02163, 0, 0, 0, 1
-0.999998, -0.000765734, 0.00178214, 0.290809, -0.00178359, 0.00190155, -0.999997, 0.848303, 0.000762342, -0.999998, -0.00190291, 1.02162, 0, 0, 0, 1
-0.999998, -0.000764796, 0.00185971, 0.290806, -0.00186119, 0.00194596, -0.999996, 0.848308, 0.000761174, -0.999998, -0.00194738, 1.02161, 0, 0, 0, 1
-0.999998, -0.000763845, 0.00193843, 0.290803, -0.00193994, 0.00199103, -0.999996, 0.848314, 0.000759982, -0.999998, -0.00199251, 1.02161, 0, 0, 0, 1
-0.999998, -0.000762881, 0.00201829, 0.2908, -0.00201984, 0.00203677, -0.999996, 0.848319, 0.000758767, -0.999998, -0.0020383, 1.0216, 0, 0, 0, 1
-0.999998, -0.000761904, 0.00209931, 0.290797, -0.00210089, 0.00208315, -0.999996, 0.848325, 0.000757528, -0.999998, -0.00208475, 1.02159, 0, 0, 0, 1
-0.999997, -0.000760914, 0.00218148, 0.290794, -0.00218309, 0.0021302, -0.999995, 0.848331, 0.000756264, -0.999997, -0.00213186, 1.02159, 0, 0, 0, 1
-0.999997, -0.000759912, 0.00226479, 0.290791, -0.00226644, 0.00217791, -0.999995, 0.848337, 0.000754976, -0.999997, -0.00217962, 1.02158, 0, 0, 0, 1
-0.999997, -0.000758897, 0.00234926, 0.290788, -0.00235094, 0.00222627, -0.999995, 0.848342, 0.000753662, -0.999997, -0.00222805, 1.02157, 0, 0, 0, 1
-0.999997, -0.000757869, 0.00243487, 0.290785, -0.00243659, 0.00227529, -0.999994, 0.848348, 0.000752324, -0.999997, -0.00227713, 1.02156, 0, 0, 0, 1
-0.999997, -0.000756828, 0.00252163, 0.290782, -0.00252339, 0.00232497, -0.999994, 0.848354, 0.000750961, -0.999997, -0.00232687, 1.02156, 0, 0, 0, 1
-0.999996, -0.000755774, 0.00260954, 0.290779, -0.00261133, 0.00237531, -0.999994, 0.84836, 0.000749571, -0.999997, -0.00237727, 1.02155, 0, 0, 0, 1
-0.999996, -0.000754709, 0.00269861, 0.290776, -0.00270043, 0.0024263, -0.999993, 0.848367, 0.000748156, -0.999997, -0.00242833, 1.02154, 0, 0, 0, 1
-0.999996, -0.00075363, 0.00278882, 0.290772, -0.00279068, 0.00247796, -0.999993, 0.848373, 0.000746714, -0.999997, -0.00248005, 1.02153, 0, 0, 0, 1
-0.999996, -0.000752539, 0.00288018, 0.290769, -0.00288207, 0.00253027, -0.999993, 0.848379, 0.000745246, -0.999997, -0.00253243, 1.02153, 0, 0, 0, 1
-0.999995, -0.000751436, 0.00297268, 0.290766, -0.00297462, 0.00258324, -0.999992, 0.848386, 0.000743751, -0.999996, -0.00258546, 1.02152, 0, 0, 0, 1
-0.999995, -0.00075032, 0.00306634, 0.290762, -0.00306831, 0.00263687, -0.999992, 0.848392, 0.000742228, -0.999996, -0.00263915, 1.02151, 0, 0, 0, 1
-0.999995, -0.000749191, 0.00316115, 0.290759, -0.00316315, 0.00269115, -0.999991, 0.848399, 0.000740678, -0.999996, -0.00269351, 1.0215, 0, 0, 0, 1
-0.999994, -0.000748051, 0.0032571, 0.290756, -0.00325915, 0.00274609, -0.999991, 0.848405, 0.0007391, -0.999996, -0.00274852, 1.0215, 0, 0, 0, 1
-0.999994, -0.000746898, 0.00335421, 0.290752, -0.00335629, 0.0028017, -0.99999, 0.848412, 0.000737493, -0.999996, -0.00280419, 1.02149, 0, 0, 0, 1
-0.999994, -0.000745733, 0.00345246, 0.290749, -0.00345458, 0.00285796, -0.99999, 0.848419, 0.000735858, -0.999996, -0.00286051, 1.02148, 0, 0, 0, 1
-0.999993, -0.000744556, 0.00355187, 0.290745, -0.00355402, 0.00291487, -0.999989, 0.848426, 0.000734195, -0.999995, -0.0029175, 1.02147, 0, 0, 0, 1
-0.999993, -0.000743366, 0.00365242, 0.290741, -0.00365461, 0.00297245, -0.999989, 0.848433, 0.000732502, -0.999995, -0.00297514, 1.02146, 0, 0, 0, 1
-0.999993, -0.000742165, 0.00375412, 0.290738, -0.00375635, 0.00303068, -0.999988, 0.84844, 0.000730779, -0.999995, -0.00303345, 1.02145, 0, 0, 0, 1
-0.999992, -0.000740952, 0.00385697, 0.290734, -0.00385924, 0.00308957, -0.999988, 0.848447, 0.000729026, -0.999995, -0.00309241, 1.02145, 0, 0, 0, 1
-0.999992, -0.000739726, 0.00396097, 0.29073, -0.00396328, 0.00314912, -0.999987, 0.848454, 0.000727243, -0.999995, -0.00315203, 1.02144, 0, 0, 0, 1
-0.999991, -0.000738489, 0.00406612, 0.290727, -0.00406847, 0.00320933, -0.999987, 0.848462, 0.00072543, -0.999995, -0.00321231, 1.02143, 0, 0, 0, 1
-0.999991, -0.00073724, 0.00417242, 0.290723, -0.00417481, 0.0032702, -0.999986, 0.848469, 0.000723585, -0.999994, -0.00327325, 1.02142, 0, 0, 0, 1
-0.999991, -0.000735979, 0.00427987, 0.290719, -0.0042823, 0.00333172, -0.999985, 0.848476, 0.000721709, -0.999994, -0.00333484, 1.02141, 0, 0, 0, 1
-0.99999, -0.000734706, 0.00438846, 0.290715, -0.00439093, 0.0033939, -0.999985, 0.848484, 0.000719801, -0.999994, -0.0033971, 1.0214, 0, 0, 0, 1
-0.99999, -0.000733422, 0.00449821, 0.290711, -0.00450072, 0.00345674, -0.999984, 0.848492, 0.000717861, -0.999994, -0.00346001, 1.02139, 0, 0, 0, 1
-0.999989, -0.000732126, 0.0046091, 0.290707, -0.00461165, 0.00352024, -0.999983, 0.848499, 0.000715889, -0.999994, -0.00352358, 1.02138, 0, 0, 0, 1
-0.999989, -0.000730819, 0.00472115, 0.290703, -0.00472374, 0.0035844, -0.999982, 0.848507, 0.000713883, -0.999993, -0.00358781, 1.02137, 0, 0, 0, 1
-0.999988, -0.000729499, 0.00483434, 0.290699, -0.00483697, 0.00364921, -0.999982, 0.848515, 0.000711845, -0.999993, -0.0036527, 1.02136, 0, 0, 0, 1
-0.999987, -0.000728169, 0.00494868, 0.290695, -0.00495135, 0.00371468, -0.999981, 0.848523, 0.000709772, -0.999993, -0.00371824, 1.02135, 0, 0, 0, 1
-0.999987, -0.000726827, 0.00506417, 0.290691, -0.00506689, 0.00378081, -0.99998, 0.848531, 0.000707666, -0.999993, -0.00378445, 1.02135, 0, 0, 0, 1
-0.999986, -0.000725474, 0.00518081, 0.290687, -0.00518357, 0.0038476, -0.999979, 0.848539, 0.000705525, -0.999992, -0.00385131, 1.02134, 0, 0, 0, 1
-0.999986, -0.000724109, 0.0052986, 0.290682, -0.0053014, 0.00391505, -0.999978, 0.848547, 0.000703349, -0.999992, -0.00391883, 1.02133, 0, 0, 0, 1
-0.999985, -0.000722734, 0.00541754, 0.290678, -0.00542038, 0.00398315, -0.999977, 0.848555, 0.000701138, -0.999992, -0.00398701, 1.02132, 0, 0, 0, 1
-0.999984, -0.000721347, 0.00553763, 0.290674, -0.00554051, 0.00405191, -0.999976, 0.848564, 0.000698892, -0.999992, -0.00405585, 1.02131, 0, 0, 0, 1
-0.999984, -0.000719949, 0.00565886, 0.290669, -0.00566178, 0.00412133, -0.999975, 0.848572, 0.000696609, -0.999991, -0.00412534, 1.0213, 0, 0, 0, 1
-0.999983, -0.00071854, 0.00578125, 0.290665, -0.00578421, 0.00419141, -0.999974, 0.848581, 0.00069429, -0.999991, -0.0041955, 1.02129, 0, 0, 0, 1
-0.999982, -0.00071712, 0.00590478, 0.290661, -0.00590779, 0.00426215, -0.999973, 0.848589, 0.000691933, -0.999991, -0.00426631, 1.02128, 0, 0, 0, 1
-0.999982, -0.000715689, 0.00602947, 0.290656, -0.00603251, 0.00433354, -0.999972, 0.848598, 0.00068954, -0.99999, -0.00433778, 1.02126, 0, 0, 0, 1
-0.999981, -0.000714247, 0.0061553, 0.290652, -0.00615839, 0.00440559, -0.999971, 0.848607, 0.000687109, -0.99999, -0.00440991, 1.02125, 0, 0, 0, 1
-0.99998, -0.000712794, 0.00628228, 0.290647, -0.00628541, 0.0044783, -0.99997, 0.848615, 0.000684639, -0.99999, -0.0044827, 1.02124, 0, 0, 0, 1
-0.999979, -0.000711331, 0.00641041, 0.290642, -0.00641359, 0.00455167, -0.999969, 0.848624, 0.000682131, -0.999989, -0.00455614, 1.02123, 0, 0, 0, 1
-0.999978, -0.000709857, 0.00653969, 0.290638, -0.00654291, 0.0046257, -0.999968, 0.848633, 0.000679584, -0.999989, -0.00463024, 1.02122, 0, 0, 0, 1
-0.999978, -0.000708373, 0.00667012, 0.290633, -0.00667338, 0.00470038, -0.999967, 0.848642, 0.000676997, -0.999989, -0.00470501, 1.02121, 0, 0, 0, 1
-0.999977, -0.000706878, 0.0068017, 0.290628, -0.006805, 0.00477573, -0.999965, 0.848652, 0.00067437, -0.999988, -0.00478043, 1.0212, 0, 0, 0, 1
-0.999976, -0.000705372, 0.00693443, 0.290623, -0.00693777, 0.00485173, -0.999964, 0.848661, 0.000671703, -0.999988, -0.0048565, 1.02119, 0, 0, 0, 1
-0.999975, -0.000703856, 0.0070683, 0.290619, -0.00707169, 0.00492839, -0.999963, 0.84867, 0.000668995, -0.999988, -0.00493324, 1.02118, 0, 0, 0, 1
-0.999974, -0.00070233, 0.00720333, 0.290614, -0.00720675, 0.0050057, -0.999962, 0.848679, 0.000666245, -0.999987, -0.00501063, 1.02117, 0, 0, 0, 1
-0.999973, -0.000700794, 0.0073395, 0.290609, -0.00734297, 0.00508368, -0.99996, 0.848689, 0.000663454, -0.999987, -0.00508869, 1.02116, 0, 0, 0, 1
-0.999972, -0.000699247, 0.00747682, 0.290604, -0.00748034, 0.00516231, -0.999959, 0.848698, 0.000660621, -0.999986, -0.0051674, 1.02114, 0, 0, 0, 1
-0.999971, -0.000697691, 0.0076153, 0.290599, -0.00761885, 0.0052416, -0.999957, 0.848708, 0.000657744, -0.999986, -0.00524676, 1.02113, 0, 0, 0, 1
-0.99997, -0.000696124, 0.00775492, 0.290594, -0.00775851, 0.00532155, -0.999956, 0.848718, 0.000654825, -0.999986, -0.00532679, 1.02112, 0, 0, 0, 1
-0.999969, -0.000694547, 0.00789569, 0.290589, -0.00789932, 0.00540216, -0.999954, 0.848728, 0.000651862, -0.999985, -0.00540747, 1.02111, 0, 0, 0, 1
-0.999967, -0.000692961, 0.0080376, 0.290584, -0.00804129, 0.00548342, -0.999953, 0.848737, 0.000648854, -0.999985, -0.00548882, 1.0211, 0, 0, 0, 1
-0.999966, -0.000691364, 0.00818067, 0.290579, -0.0081844, 0.00556534, -0.999951, 0.848747, 0.000645802, -0.999984, -0.00557082, 1.02109, 0, 0, 0, 1
-0.999965, -0.000689758, 0.00832489, 0.290573, -0.00832865, 0.00564793, -0.999949, 0.848757, 0.000642705, -0.999984, -0.00565347, 1.02107, 0, 0, 0, 1
-0.999964, -0.000688142, 0.00847025, 0.290568, -0.00847406, 0.00573116, -0.999948, 0.848768, 0.000639562, -0.999983, -0.00573679, 1.02106, 0, 0, 0, 1
-0.999963, -0.000686517, 0.00861677, 0.290563, -0.00862062, 0.00581506, -0.999946, 0.848778, 0.000636373, -0.999983, -0.00582076, 1.02105, 0, 0, 0, 1
-0.999961, -0.000684882, 0.00876443, 0.290558, -0.00876832, 0.00589962, -0.999944, 0.848788, 0.000633137, -0.999982, -0.00590539, 1.02104, 0, 0, 0, 1
-0.99996, -0.000683238, 0.00891324, 0.290552, -0.00891718, 0.00598483, -0.999942, 0.848798, 0.000629854, -0.999982, -0.00599068, 1.02103, 0, 0, 0, 1
-0.999959, -0.000681584, 0.00906321, 0.290547, -0.00906718, 0.0060707, -0.99994, 0.848809, 0.000626524, -0.999981, -0.00607663, 1.02101, 0, 0, 0, 1
-0.999957, -0.000679921, 0.00921432, 0.290541, -0.00921833, 0.00615723, -0.999939, 0.848819, 0.000623145, -0.999981, -0.00616324, 1.021, 0, 0, 0, 1
-0.999956, -0.000678249, 0.00936658, 0.290536, -0.00937063, 0.00624442, -0.999937, 0.84883, 0.000619717, -0.99998, -0.0062505, 1.02099, 0, 0, 0, 1
-0.999954, -0.000676568, 0.00951998, 0.29053, -0.00952408, 0.00633226, -0.999935, 0.848841, 0.00061624, -0.99998, -0.00633842, 1.02097, 0, 0, 0, 1
-0.999953, -0.000674877, 0.00967454, 0.290525, -0.00967868, 0.00642077, -0.999933, 0.848851, 0.000612714, -0.999979, -0.006427, 1.02096, 0, 0, 0, 1
-0.999951, -0.000673178, 0.00983025, 0.290519, -0.00983442, 0.00650993, -0.99993, 0.848862, 0.000609137, -0.999979, -0.00651623, 1.02095, 0, 0, 0, 1
-0.99995, -0.00067147, 0.0099871, 0.290514, -0.00999132, 0.00659975, -0.999928, 0.848873, 0.000605509, -0.999978, -0.00660613, 1.02094, 0, 0, 0, 1
-0.999948, -0.000669752, 0.0101451, 0.290508, -0.0101494, 0.00669022, -0.999926, 0.848884, 0.00060183, -0.999977, -0.00669668, 1.02092, 0, 0, 0, 1
-0.999947, -0.000668027, 0.0103043, 0.290502, -0.0103086, 0.00678136, -0.999924, 0.848895, 0.000598099, -0.999977, -0.00678789, 1.02091, 0, 0, 0, 1
-0.999945, -0.000666292, 0.0104646, 0.290496, -0.0104689, 0.00687315, -0.999922, 0.848906, 0.000594315, -0.999976, -0.00687975, 1.0209, 0, 0, 0, 1
-0.999943, -0.000664549, 0.010626, 0.290491, -0.0106304, 0.00696561, -0.999919, 0.848917, 0.000590479, -0.999976, -0.00697228, 1.02088, 0, 0, 0, 1
-0.999942, -0.000662798, 0.0107886, 0.290485, -0.010793, 0.00705872, -0.999917, 0.848929, 0.000586589, -0.999975, -0.00706546, 1.02087, 0, 0, 0, 1
-0.99994, -0.000661038, 0.0109524, 0.290479, -0.0109568, 0.00715248, -0.999914, 0.84894, 0.000582645, -0.999974, -0.00715929, 1.02086, 0, 0, 0, 1
-0.999938, -0.000659269, 0.0111172, 0.290473, -0.0111217, 0.00724691, -0.999912, 0.848952, 0.000578646, -0.999974, -0.00725379, 1.02084, 0, 0, 0, 1
-0.999936, -0.000657493, 0.0112833, 0.290467, -0.0112878, 0.00734199, -0.999909, 0.848963, 0.000574591, -0.999973, -0.00734894, 1.02083, 0, 0, 0, 1
-0.999934, -0.000655708, 0.0114505, 0.290461, -0.0114551, 0.00743773, -0.999907, 0.848975, 0.000570481, -0.999972, -0.00744476, 1.02081, 0, 0, 0, 1
-0.999932, -0.000653916, 0.0116188, 0.290455, -0.0116234, 0.00753413, -0.999904, 0.848987, 0.000566315, -0.999971, -0.00754122, 1.0208, 0, 0, 0, 1
-0.99993, -0.000652115, 0.0117883, 0.290449, -0.011793, 0.00763119, -0.999901, 0.848998, 0.000562092, -0.999971, -0.00763835, 1.02079, 0, 0, 0, 1
-0.999928, -0.000650306, 0.011959, 0.290442, -0.0119636, 0.00772891, -0.999899, 0.84901, 0.000557811, -0.99997, -0.00773613, 1.02077, 0, 0, 0, 1
-0.999926, -0.00064849, 0.0121307, 0.290436, -0.0121355, 0.00782728, -0.999896, 0.849022, 0.000553472, -0.999969, -0.00783457, 1.02076, 0, 0, 0, 1
-0.999924, -0.000646666, 0.0123037, 0.29043, -0.0123084, 0.00792631, -0.999893, 0.849034, 0.000549074, -0.999968, -0.00793367, 1.02074, 0, 0, 0, 1
-0.999922, -0.000644834, 0.0124778, 0.290424, -0.0124825, 0.008026, -0.99989, 0.849046, 0.000544616, -0.999968, -0.00803343, 1.02073, 0, 0, 0, 1
-0.99992, -0.000642995, 0.012653, 0.290417, -0.0126578, 0.00812635, -0.999887, 0.849059, 0.000540099, -0.999967, -0.00813384, 1.02071, 0, 0, 0, 1
-0.999917, -0.000641148, 0.0128294, 0.290411, -0.0128342, 0.00822736, -0.999884, 0.849071, 0.000535522, -0.999966, -0.00823491, 1.0207, 0, 0, 0, 1
-0.999915, -0.000639294, 0.0130069, 0.290405, -0.0130118, 0.00832902, -0.999881, 0.849083, 0.000530883, -0.999965, -0.00833663, 1.02069, 0, 0, 0, 1
-0.999913, -0.000637433, 0.0131856, 0.290398, -0.0131905, 0.00843134, -0.999877, 0.849096, 0.000526182, -0.999964, -0.00843902, 1.02067, 0, 0, 0, 1
-0.99991, -0.000635564, 0.0133654, 0.290392, -0.0133704, 0.00853432, -0.999874, 0.849108, 0.000521419, -0.999963, -0.00854206, 1.02066, 0, 0, 0, 1
-0.999908, -0.000633689, 0.0135464, 0.290385, -0.0135514, 0.00863796, -0.999871, 0.849121, 0.000516593, -0.999962, -0.00864575, 1.02064, 0, 0, 0, 1
-0.999906, -0.000631806, 0.0137285, 0.290379, -0.0137335, 0.00874226, -0.999867, 0.849133, 0.000511704, -0.999962, -0.00875011, 1.02063, 0, 0, 0, 1
-0.999903, -0.000629916, 0.0139118, 0.290372, -0.0139168, 0.00884721, -0.999864, 0.849146, 0.00050675, -0.999961, -0.00885512, 1.02061, 0, 0, 0, 1
-0.9999, -0.00062802, 0.0140962, 0.290365, -0.0141013, 0.00895282, -0.99986, 0.849159, 0.000501731, -0.99996, -0.00896079, 1.0206, 0, 0, 0, 1
-0.999898, -0.000626117, 0.0142818, 0.290359, -0.0142869, 0.00905909, -0.999857, 0.849172, 0.000496647, -0.999959, -0.00906711, 1.02058, 0, 0, 0, 1
-0.999895, -0.000624207, 0.0144685, 0.290352, -0.0144736, 0.00916602, -0.999853, 0.849185, 0.000491497, -0.999958, -0.0091741, 1.02056, 0, 0, 0, 1
-0.999892, -0.000622291, 0.0146564, 0.290345, -0.0146615, 0.00927361, -0.99985, 0.849198, 0.00048628, -0.999957, -0.00928173, 1.02055, 0, 0, 0, 1
-0.99989, -0.000620369, 0.0148454, 0.290338, -0.0148506, 0.00938185, -0.999846, 0.849211, 0.000480996, -0.999956, -0.00939003, 1.02053, 0, 0, 0, 1
-0.999887, -0.00061844, 0.0150356, 0.290331, -0.0150408, 0.00949075, -0.999842, 0.849225, 0.000475643, -0.999955, -0.00949898, 1.02052, 0, 0, 0, 1
-0.999884, -0.000616505, 0.0152269, 0.290324, -0.0152321, 0.00960031, -0.999838, 0.849238, 0.000470222, -0.999954, -0.00960859, 1.0205, 0, 0, 0, 1
-0.999881, -0.000614563, 0.0154194, 0.290318, -0.0154246, 0.00971053, -0.999834, 0.849251, 0.000464731, -0.999953, -0.00971886, 1.02049, 0, 0, 0, 1
-0.999878, -0.000612616, 0.015613, 0.290311, -0.0156182, 0.00982141, -0.99983, 0.849265, 0.000459171, -0.999952, -0.00982978, 1.02047, 0, 0, 0, 1
-0.999875, -0.000610663, 0.0158077, 0.290303, -0.015813, 0.00993294, -0.999826, 0.849278, 0.000453539, -0.99995, -0.00994136, 1.02045, 0, 0, 0, 1
-0.999872, -0.000608704, 0.0160036, 0.290296, -0.0160089, 0.0100451, -0.999821, 0.849292, 0.000447836, -0.999949, -0.0100536, 1.02044, 0, 0, 0, 1
-0.999869, -0.000606739, 0.0162007, 0.290289, -0.016206, 0.010158, -0.999817, 0.849306, 0.000442062, -0.999948, -0.0101665, 1.02042, 0, 0, 0, 1
-0.999865, -0.000604769, 0.0163989, 0.290282, -0.0164042, 0.0102715, -0.999813, 0.84932, 0.000436214, -0.999947, -0.01028, 1.02041, 0, 0, 0, 1
-0.999862, -0.000602793, 0.0165982, 0.290275, -0.0166036, 0.0103857, -0.999808, 0.849333, 0.000430293, -0.999946, -0.0103942, 1.02039, 0, 0, 0, 1
-0.999859, -0.000600811, 0.0167987, 0.290268, -0.0168041, 0.0105005, -0.999804, 0.849347, 0.000424298, -0.999945, -0.0105091, 1.02037, 0, 0, 0, 1
-0.999855, -0.000598825, 0.0170004, 0.29026, -0.0170058, 0.010616, -0.999799, 0.849362, 0.000418229, -0.999943, -0.0106246, 1.02036, 0, 0, 0, 1
-0.999852, -0.000596833, 0.0172032, 0.290253, -0.0172086, 0.0107321, -0.999794, 0.849376, 0.000412083, -0.999942, -0.0107408, 1.02034, 0, 0, 0, 1
-0.999848, -0.000594836, 0.0174071, 0.290246, -0.0174126, 0.0108489, -0.99979, 0.84939, 0.000405862, -0.999941, -0.0108576, 1.02032, 0, 0, 0, 1
-0.999845, -0.000592834, 0.0176122, 0.290238, -0.0176177, 0.0109664, -0.999785, 0.849404, 0.000399564, -0.99994, -0.0109751, 1.02031, 0, 0, 0, 1
-0.999841, -0.000590827, 0.0178185, 0.290231, -0.0178239, 0.0110845, -0.99978, 0.849419, 0.000393188, -0.999938, -0.0110932, 1.02029, 0, 0, 0, 1
-0.999837, -0.000588815, 0.0180259, 0.290223, -0.0180313, 0.0112032, -0.999775, 0.849433, 0.000386734, -0.999937, -0.011212, 1.02027, 0, 0, 0, 1
-0.999834, -0.000586798, 0.0182344, 0.290216, -0.0182399, 0.0113227, -0.99977, 0.849448, 0.000380201, -0.999936, -0.0113315, 1.02025, 0, 0, 0, 1
-0.99983, -0.000584777, 0.0184441, 0.290208, -0.0184496, 0.0114428, -0.999764, 0.849462, 0.000373588, -0.999934, -0.0114516, 1.02024, 0, 0, 0, 1
-0.999826, -0.000582752, 0.0186549, 0.2902, -0.0186604, 0.0115635, -0.999759, 0.849477, 0.000366895, -0.999933, -0.0115724, 1.02022, 0, 0, 0, 1
-0.999822, -0.000580722, 0.0188669, 0.290193, -0.0188724, 0.0116849, -0.999754, 0.849492, 0.000360121, -0.999932, -0.0116938, 1.0202, 0, 0, 0, 1
-0.999818, -0.000578688, 0.01908, 0.290185, -0.0190855, 0.011807, -0.999748, 0.849507, 0.000353265, -0.99993, -0.0118159, 1.02018, 0, 0, 0, 1
-0.999814, -0.000576649, 0.0192943, 0.290177, -0.0192998, 0.0119297, -0.999743, 0.849522, 0.000346326, -0.999929, -0.0119386, 1.02017, 0, 0, 0, 1
-0.99981, -0.000574607, 0.0195097, 0.290169, -0.0195152, 0.0120531, -0.999737, 0.849537, 0.000339304, -0.999927, -0.012062, 1.02015, 0, 0, 0, 1
-0.999805, -0.000572561, 0.0197263, 0.290162, -0.0197318, 0.0121771, -0.999731, 0.849552, 0.000332197, -0.999926, -0.012186, 1.02013, 0, 0, 0, 1
-0.999801, -0.000570511, 0.019944, 0.290154, -0.0199495, 0.0123018, -0.999725, 0.849567, 0.000325006, -0.999924, -0.0123107, 1.02011, 0, 0, 0, 1
-0.999797, -0.000568457, 0.0201629, 0.290146, -0.0201684, 0.0124272, -0.999719, 0.849582, 0.00031773, -0.999923, -0.0124361, 1.0201, 0, 0, 0, 1
-0.999792, -0.000566399, 0.0203829, 0.290138, -0.0203884, 0.0125532, -0.999713, 0.849598, 0.000310367, -0.999921, -0.0125621, 1.02008, 0, 0, 0, 1
-0.999788, -0.000564338, 0.0206041, 0.29013, -0.0206096, 0.0126798, -0.999707, 0.849613, 0.000302917, -0.999919, -0.0126888, 1.02006, 0, 0, 0, 1
-0.999783, -0.000562274, 0.0208264, 0.290122, -0.0208319, 0.0128072, -0.999701, 0.849629, 0.000295379, -0.999918, -0.0128161, 1.02004, 0, 0, 0, 1
-0.999778, -0.000560207, 0.0210499, 0.290114, -0.0210553, 0.0129351, -0.999695, 0.849644, 0.000287753, -0.999916, -0.0129441, 1.02002, 0, 0, 0, 1
-0.999774, -0.000558136, 0.0212745, 0.290106, -0.0212799, 0.0130638, -0.999688, 0.84966, 0.000280037, -0.999915, -0.0130727, 1.02, 0, 0, 0, 1
-0.999769, -0.000556062, 0.0215002, 0.290097, -0.0215057, 0.0131931, -0.999682, 0.849676, 0.000272231, -0.999913, -0.013202, 1.01999, 0, 0, 0, 1
-0.999764, -0.000553985, 0.0217271, 0.290089, -0.0217326, 0.013323, -0.999675, 0.849691, 0.000264334, -0.999911, -0.0133319, 1.01997, 0, 0, 0, 1
-0.999759, -0.000551906, 0.0219552, 0.290081, -0.0219606, 0.0134537, -0.999668, 0.849707, 0.000256346, -0.999909, -0.0134625, 1.01995, 0, 0, 0, 1
-0.999754, -0.000549824, 0.0221844, 0.290073, -0.0221898, 0.0135849, -0.999661, 0.849723, 0.000248265, -0.999908, -0.0135938, 1.01993, 0, 0, 0, 1
-0.999749, -0.000547739, 0.0224147, 0.290064, -0.0224201, 0.0137169, -0.999655, 0.849739, 0.00024009, -0.999906, -0.0137257, 1.01991, 0, 0, 0, 1
-0.999743, -0.000545652, 0.0226462, 0.290056, -0.0226516, 0.0138494, -0.999647, 0.849756, 0.000231822, -0.999904, -0.0138583, 1.01989, 0, 0, 0, 1
-0.999738, -0.000543563, 0.0228789, 0.290047, -0.0228842, 0.0139827, -0.99964, 0.849772, 0.000223459, -0.999902, -0.0139915, 1.01987, 0, 0, 0, 1
-0.999733, -0.000541471, 0.0231126, 0.290039, -0.023118, 0.0141166, -0.999633, 0.849788, 0.000215, -0.9999, -0.0141253, 1.01985, 0, 0, 0, 1
-0.999727, -0.000539377, 0.0233476, 0.29003, -0.0233529, 0.0142512, -0.999626, 0.849805, 0.000206445, -0.999898, -0.0142599, 1.01983, 0, 0, 0, 1
-0.999722, -0.000537281, 0.0235837, 0.290022, -0.023589, 0.0143864, -0.999618, 0.849821, 0.000197793, -0.999896, -0.0143951, 1.01981, 0, 0, 0, 1
-0.999716, -0.000535184, 0.0238209, 0.290013, -0.0238262, 0.0145223, -0.999611, 0.849838, 0.000189042, -0.999894, -0.0145309, 1.01979, 0, 0, 0, 1
-0.99971, -0.000533084, 0.0240593, 0.290004, -0.0240645, 0.0146588, -0.999603, 0.849854, 0.000180193, -0.999892, -0.0146674, 1.01978, 0, 0, 0, 1
-0.999705, -0.000530984, 0.0242988, 0.289996, -0.024304, 0.014796, -0.999595, 0.849871, 0.000171244, -0.99989, -0.0148045, 1.01976, 0, 0, 0, 1
-0.999699, -0.000528881, 0.0245395, 0.289987, -0.0245446, 0.0149338, -0.999587, 0.849888, 0.000162194, -0.999888, -0.0149423, 1.01974, 0, 0, 0, 1
-0.999693, -0.000526777, 0.0247813, 0.289978, -0.0247864, 0.0150724, -0.999579, 0.849905, 0.000153043, -0.999886, -0.0150808, 1.01972, 0, 0, 0, 1
-0.999687, -0.000524672, 0.0250243, 0.289969, -0.0250293, 0.0152115, -0.999571, 0.849922, 0.00014379, -0.999884, -0.0152199, 1.0197, 0, 0, 0, 1
-0.999681, -0.000522566, 0.0252684, 0.289961, -0.0252734, 0.0153513, -0.999563, 0.849939, 0.000134434, -0.999882, -0.0153597, 1.01968, 0, 0, 0, 1
-0.999674, -0.000520459, 0.0255136, 0.289952, -0.0255186, 0.0154918, -0.999554, 0.849956, 0.000124974, -0.99988, -0.0155001, 1.01966, 0, 0, 0, 1
-0.999668, -0.000518351, 0.02576, 0.289943, -0.025765, 0.015633, -0.999546, 0.849973, 0.00011541, -0.999878, -0.0156411, 1.01964, 0, 0, 0, 1
-0.999662, -0.000516243, 0.0260076, 0.289934, -0.0260125, 0.0157748, -0.999537, 0.849991, 0.00010574, -0.999875, -0.0157829, 1.01962, 0, 0, 0, 1
-0.999655, -0.000514133, 0.0262563, 0.289925, -0.0262612, 0.0159172, -0.999528, 0.850008, 9.59633e-05, -0.999873, -0.0159252, 1.0196, 0, 0, 0, 1
-0.999649, -0.000512024, 0.0265062, 0.289915, -0.026511, 0.0160603, -0.99952, 0.850026, 8.60797e-05, -0.999871, -0.0160683, 1.01958, 0, 0, 0, 1
-0.999642, -0.000509914, 0.0267571, 0.289906, -0.0267619, 0.0162041, -0.99951, 0.850043, 7.6088e-05, -0.999869, -0.016212, 1.01955, 0, 0, 0, 1
-0.999635, -0.000507803, 0.0270093, 0.289897, -0.027014, 0.0163485, -0.999501, 0.850061, 6.59874e-05, -0.999866, -0.0163563, 1.01953, 0, 0, 0, 1
-0.999628, -0.000505693, 0.0272626, 0.289888, -0.0272672, 0.0164936, -0.999492, 0.850079, 5.57769e-05, -0.999864, -0.0165013, 1.01951, 0, 0, 0, 1
-0.999621, -0.000503582, 0.027517, 0.289879, -0.0275216, 0.0166394, -0.999483, 0.850096, 4.54558e-05, -0.999861, -0.0166469, 1.01949, 0, 0, 0, 1
-0.999614, -0.000501472, 0.0277726, 0.289869, -0.0277771, 0.0167858, -0.999473, 0.850114, 3.50232e-05, -0.999859, -0.0167932, 1.01947, 0, 0, 0, 1
-0.999607, -0.000499362, 0.0280293, 0.28986, -0.0280338, 0.0169328, -0.999464, 0.850132, 2.44781e-05, -0.999857, -0.0169402, 1.01945, 0, 0, 0, 1
-0.9996, -0.000497253, 0.0282872, 0.289851, -0.0282916, 0.0170806, -0.999454, 0.85015, 1.38198e-05, -0.999854, -0.0170878, 1.01943, 0, 0, 0, 1
-0.999592, -0.000495144, 0.0285462, 0.289841, -0.0285505, 0.0172289, -0.999444, 0.850168, 3.04726e-06, -0.999851, -0.0172361, 1.01941, 0, 0, 0, 1
-0.999585, -0.000493036, 0.0288064, 0.289832, -0.0288106, 0.017378, -0.999434, 0.850187, -7.84033e-06, -0.999849, -0.017385, 1.01939, 0, 0, 0, 1
-0.999577, -0.000490928, 0.0290677, 0.289822, -0.0290719, 0.0175277, -0.999424, 0.850205, -1.88439e-05, -0.999846, -0.0175345, 1.01937, 0, 0, 0, 1
-0.99957, -0.000488822, 0.0293302, 0.289813, -0.0293342, 0.017678, -0.999413, 0.850223, -2.99643e-05, -0.999844, -0.0176848, 1.01934, 0, 0, 0, 1
-0.999562, -0.000486717, 0.0295938, 0.289803, -0.0295978, 0.017829, -0.999403, 0.850242, -4.12024e-05, -0.999841, -0.0178356, 1.01932, 0, 0, 0, 1
-0.999554, -0.000484613, 0.0298585, 0.289793, -0.0298624, 0.0179807, -0.999392, 0.85026, -5.25592e-05, -0.999838, -0.0179871, 1.0193, 0, 0, 0, 1
-0.999546, -0.00048251, 0.0301244, 0.289784, -0.0301282, 0.018133, -0.999382, 0.850279, -6.40356e-05, -0.999835, -0.0181393, 1.01928, 0, 0, 0, 1
-0.999538, -0.000480409, 0.0303915, 0.289774, -0.0303952, 0.018286, -0.999371, 0.850298, -7.56324e-05, -0.999833, -0.0182922, 1.01926, 0, 0, 0, 1
-0.99953, -0.000478309, 0.0306597, 0.289764, -0.0306633, 0.0184396, -0.99936, 0.850316, -8.73507e-05, -0.99983, -0.0184456, 1.01924, 0, 0, 0, 1
-0.999521, -0.000476211, 0.030929, 0.289754, -0.0309325, 0.0185939, -0.999349, 0.850335, -9.91912e-05, -0.999827, -0.0185998, 1.01921, 0, 0, 0, 1
-0.999513, -0.000474115, 0.0311995, 0.289745, -0.0312029, 0.0187489, -0.999337, 0.850354, -0.000111155, -0.999824, -0.0187546, 1.01919, 0, 0, 0, 1
-0.999505, -0.000472022, 0.0314711, 0.289735, -0.0314744, 0.0189045, -0.999326, 0.850373, -0.000123243, -0.999821, -0.01891, 1.01917, 0, 0, 0, 1
-0.999496, -0.00046993, 0.0317439, 0.289725, -0.0317471, 0.0190608, -0.999314, 0.850392, -0.000135456, -0.999818, -0.0190661, 1.01915, 0, 0, 0, 1
-0.999487, -0.000467841, 0.0320178, 0.289715, -0.0320209, 0.0192177, -0.999302, 0.850412, -0.000147795, -0.999815, -0.0192228, 1.01913, 0, 0, 0, 1
-0.999478, -0.000465754, 0.0322929, 0.289705, -0.0322959, 0.0193753, -0.999291, 0.850431, -0.000160261, -0.999812, -0.0193802, 1.0191, 0, 0, 0, 1
-0.999469, -0.00046367, 0.0325691, 0.289695, -0.032572, 0.0195335, -0.999278, 0.85045, -0.000172855, -0.999809, -0.0195383, 1.01908, 0, 0, 0, 1
-0.99946, -0.000461588, 0.0328465, 0.289684, -0.0328492, 0.0196924, -0.999266, 0.85047, -0.000185577, -0.999806, -0.019697, 1.01906, 0, 0, 0, 1
-0.999451, -0.00045951, 0.033125, 0.289674, -0.0331276, 0.019852, -0.999254, 0.850489, -0.00019843, -0.999803, -0.0198563, 1.01904, 0, 0, 0, 1
-0.999442, -0.000457434, 0.0334046, 0.289664, -0.0334071, 0.0200122, -0.999241, 0.850509, -0.000211413, -0.9998, -0.0200163, 1.01901, 0, 0, 0, 1
-0.999432, -0.000455362, 0.0336854, 0.289654, -0.0336878, 0.0201731, -0.999229, 0.850529, -0.000224528, -0.999796, -0.020177, 1.01899, 0, 0, 0, 1
-0.999423, -0.000453293, 0.0339674, 0.289643, -0.0339696, 0.0203346, -0.999216, 0.850548, -0.000237776, -0.999793, -0.0203383, 1.01897, 0, 0, 0, 1
-0.999413, -0.000451228, 0.0342505, 0.289633, -0.0342525, 0.0204968, -0.999203, 0.850568, -0.000251157, -0.99979, -0.0205002, 1.01894, 0, 0, 0, 1
-0.999403, -0.000449166, 0.0345347, 0.289623, -0.0345366, 0.0206596, -0.99919, 0.850588, -0.000264673, -0.999786, -0.0206628, 1.01892, 0, 0, 0, 1
-0.999393, -0.000447108, 0.0348201, 0.289612, -0.0348218, 0.0208231, -0.999177, 0.850608, -0.000278324, -0.999783, -0.0208261, 1.0189, 0, 0, 0, 1
-0.999383, -0.000445053, 0.0351066, 0.289602, -0.0351082, 0.0209873, -0.999163, 0.850628, -0.000292112, -0.99978, -0.02099, 1.01887, 0, 0, 0, 1
-0.999373, -0.000443003, 0.0353943, 0.289591, -0.0353957, 0.0211521, -0.99915, 0.850649, -0.000306038, -0.999776, -0.0211546, 1.01885, 0, 0, 0, 1
-0.999363, -0.000440957, 0.0356831, 0.289581, -0.0356844, 0.0213176, -0.999136, 0.850669, -0.000320102, -0.999773, -0.0213198, 1.01883, 0, 0, 0, 1
-0.999353, -0.000438916, 0.035973, 0.28957, -0.0359742, 0.0214837, -0.999122, 0.850689, -0.000334305, -0.999769, -0.0214856, 1.0188, 0, 0, 0, 1
-0.999342, -0.000436879, 0.0362641, 0.289559, -0.0362651, 0.0216505, -0.999108, 0.85071, -0.000348649, -0.999766, -0.0216521, 1.01878, 0, 0, 0, 1
-0.999331, -0.000434846, 0.0365564, 0.289549, -0.0365572, 0.021818, -0.999093, 0.85073, -0.000363135, -0.999762, -0.0218193, 1.01876, 0, 0, 0, 1
-0.999321, -0.000432819, 0.0368498, 0.289538, -0.0368504, 0.0219861, -0.999079, 0.850751, -0.000377763, -0.999758, -0.0219871, 1.01873, 0, 0, 0, 1
-0.99931, -0.000430796, 0.0371443, 0.289527, -0.0371448, 0.0221549, -0.999064, 0.850772, -0.000392534, -0.999754, -0.0221556, 1.01871, 0, 0, 0, 1
-0.999299, -0.000428778, 0.03744, 0.289516, -0.0374402, 0.0223243, -0.999049, 0.850792, -0.00040745, -0.999751, -0.0223247, 1.01868, 0, 0, 0, 1
-0.999288, -0.000426766, 0.0377368, 0.289506, -0.0377369, 0.0224944, -0.999034, 0.850813, -0.000422512, -0.999747, -0.0224944, 1.01866, 0, 0, 0, 1
-0.999276, -0.000424759, 0.0380348, 0.289495, -0.0380347, 0.0226651, -0.999019, 0.850834, -0.00043772, -0.999743, -0.0226648, 1.01864, 0, 0, 0, 1
-0.999265, -0.000422758, 0.0383339, 0.289484, -0.0383336, 0.0228365, -0.999004, 0.850855, -0.000453075, -0.999739, -0.0228359, 1.01861, 0, 0, 0, 1
-0.999253, -0.000420762, 0.0386342, 0.289473, -0.0386336, 0.0230085, -0.998989, 0.850876, -0.000468579, -0.999735, -0.0230076, 1.01859, 0, 0, 0, 1
-0.999242, -0.000418773, 0.0389356, 0.289462, -0.0389348, 0.0231812, -0.998973, 0.850897, -0.000484233, -0.999731, -0.02318, 1.01856, 0, 0, 0, 1
-0.99923, -0.000416789, 0.0392381, 0.289451, -0.0392372, 0.0233546, -0.998957, 0.850919, -0.000500038, -0.999727, -0.023353, 1.01854, 0, 0, 0, 1
-0.999218, -0.000414811, 0.0395418, 0.289439, -0.0395406, 0.0235286, -0.998941, 0.85094, -0.000515994, -0.999723, -0.0235266, 1.01851, 0, 0, 0, 1
-0.999206, -0.00041284, 0.0398467, 0.289428, -0.0398453, 0.0237033, -0.998925, 0.850961, -0.000532102, -0.999719, -0.0237009, 1.01849, 0, 0, 0, 1
-0.999193, -0.000410875, 0.0401527, 0.289417, -0.040151, 0.0238787, -0.998908, 0.850983, -0.000548365, -0.999715, -0.0238759, 1.01846, 0, 0, 0, 1
-0.999181, -0.000408917, 0.0404598, 0.289406, -0.0404579, 0.0240547, -0.998892, 0.851005, -0.000564782, -0.999711, -0.0240515, 1.01844, 0, 0, 0, 1
-0.999169, -0.000406966, 0.040768, 0.289394, -0.0407659, 0.0242313, -0.998875, 0.851026, -0.000581355, -0.999706, -0.0242278, 1.01842, 0, 0, 0, 1
-0.999156, -0.000405022, 0.0410775, 0.289383, -0.0410751, 0.0244086, -0.998858, 0.851048, -0.000598085, -0.999702, -0.0244047, 1.01839, 0, 0, 0, 1
-0.999143, -0.000403084, 0.041388, 0.289372, -0.0413854, 0.0245866, -0.998841, 0.85107, -0.000614973, -0.999698, -0.0245822, 1.01837, 0, 0, 0, 1
-0.99913, -0.000401154, 0.0416997, 0.28936, -0.0416969, 0.0247652, -0.998823, 0.851092, -0.00063202, -0.999693, -0.0247604, 1.01834, 0, 0, 0, 1
-0.999117, -0.000399232, 0.0420126, 0.289349, -0.0420094, 0.0249445, -0.998806, 0.851114, -0.000649227, -0.999689, -0.0249392, 1.01831, 0, 0, 0, 1
