-0.999999, -0.000797434, -0.000797196, 0.290901, 0.000796858, 0.000424669, -1, 0.848124, 0.000797772, -1, -0.000424033, 1.02183, 0, 0, 0, 1
-0.999999, -0.000797321, -0.000797569, 0.290901, 0.00079723, 0.000425016, -1, 0.848124, 0.00079766, -1, -0.000424381, 1.02183, 0, 0, 0, 1
-0.999999, -0.000796982, -0.000798687, 0.290901, 0.000798347, 0.000426059, -1, 0.848124, 0.000797322, -1, -0.000425423, 1.02183, 0, 0, 0, 1
-0.999999, -0.000796416, -0.00080055, 0.290901, 0.000800209, 0.000427797, -1, 0.848125, 0.000796758, -1, -0.00042716, 1.02183, 0, 0, 0, 1
-0.999999, -0.000795624, -0.000803158, 0.290901, 0.000802816, 0.00043023, -1, 0.848125, 0.000795969, -1, -0.000429591, 1.02183, 0, 0, 0, 1
-0.999999, -0.000794606, -0.000806512, 0.290901, 0.000806167, 0.000433359, -1, 0.848125, 0.000794955, -1, -0.000432718, 1.02183, 0, 0, 0, 1
-0.999999, -0.000793361, -0.00081061, 0.290901, 0.000810264, 0.000437183, -1, 0.848126, 0.000793715, -1, -0.000436539, 1.02183, 0, 0, 0, 1
-0.999999, -0.00079189, -0.000815454, 0.2909, 0.000815105, 0.000441701, -1, 0.848126, 0.00079225, -1, -0.000441056, 1.02183, 0, 0, 0, 1
-0.999999, -0.000790193, -0.000821044, 0.2909, 0.000820691, 0.000446916, -1, 0.848127, 0.00079056, -1, -0.000446267, 1.02183, 0, 0, 0, 1
-0.999999, -0.00078827, -0.000827378, 0.2909, 0.000827022, 0.000452825, -1, 0.848127, 0.000788644, -1, -0.000452173, 1.02183, 0, 0, 0, 1
-0.999999, -0.00078612, -0.000834458, 0.2909, 0.000834097, 0.000459429, -1, 0.848128, 0.000786503, -1, -0.000458773, 1.02183, 0, 0, 0, 1
-0.999999, -0.000783744, -0.000842283, 0.2909, 0.000841918, 0.000466729, -1, 0.848129, 0.000784137, -1, -0.000466069, 1.02183, 0, 0, 0, 1
-0.999999, -0.000781142, -0.000850853, 0.290899, 0.000850483, 0.000474724, -1, 0.848129, 0.000781546, -1, -0.000474059, 1.02183, 0, 0, 0, 1
-0.999999, -0.000778314, -0.000860169, 0.290899, 0.000859793, 0.000483414, -1, 0.84813, 0.000778729, -1, -0.000482745, 1.02183, 0, 0, 0, 1
-0.999999, -0.000775259, -0.00087023, 0.290899, 0.000869848, 0.0004928, -1, 0.848131, 0.000775688, -1, -0.000492125, 1.02183, 0, 0, 0, 1
-0.999999, -0.000771978, -0.000881036, 0.290898, 0.000880648, 0.00050288, -0.999999, 0.848132, 0.000772421, -1, -0.0005022, 1.02183, 0, 0, 0, 1
-0.999999, -0.000768472, -0.000892587, 0.290898, 0.000892192, 0.000513656, -0.999999, 0.848133, 0.00076893, -1, -0.00051297, 1.02182, 0, 0, 0, 1
-0.999999, -0.000764738, -0.000904884, 0.290898, 0.000904482, 0.000525127, -0.999999, 0.848135, 0.000765213, -1, -0.000524435, 1.02182, 0, 0, 0, 1
-0.999999, -0.000760779, -0.000917925, 0.290897, 0.000917517, 0.000537294, -0.999999, 0.848136, 0.000761272, -1, -0.000536596, 1.02182, 0, 0, 0, 1
-0.999999, -0.000756594, -0.000931712, 0.290897, 0.000931296, 0.000550156, -0.999999, 0.848137, 0.000757106, -1, -0.000549451, 1.02182, 0, 0, 0, 1
-0.999999, -0.000752183, -0.000946245, 0.290896, 0.000945821, 0.000563713, -0.999999, 0.848139, 0.000752715, -1, -0.000563001, 1.02182, 0, 0, 0, 1
-0.999999, -0.000747545, -0.000961522, 0.290896, 0.00096109, 0.000577965, -0.999999, 0.84814, 0.0007481, -1, -0.000577246, 1.02182, 0, 0, 0, 1
-0.999999, -0.000742681, -0.000977545, 0.290895, 0.000977104, 0.000592912, -0.999999, 0.848142, 0.000743261, -1, -0.000592186, 1.02182, 0, 0, 0, 1
-0.999999, -0.000737592, -0.000994313, 0.290895, 0.000993864, 0.000608555, -0.999999, 0.848143, 0.000738196, -1, -0.000607822, 1.02181, 0, 0, 0, 1
-0.999999, -0.000732276, -0.00101183, 0.290894, 0.00101137, 0.000624893, -0.999999, 0.848145, 0.000732908, -1, -0.000624152, 1.02181, 0, 0, 0, 1
-0.999999, -0.000726735, -0.00103008, 0.290894, 0.00102962, 0.000641927, -0.999999, 0.848147, 0.000727395, -1, -0.000641178, 1.02181, 0, 0, 0, 1
-0.999999, -0.000720967, -0.00104909, 0.290893, 0.00104861, 0.000659656, -0.999999, 0.848148, 0.000721659, -1, -0.000658899, 1.02181, 0, 0, 0, 1
-0.999999, -0.000714974, -0.00106884, 0.290893, 0.00106835, 0.00067808, -0.999999, 0.84815, 0.000715698, -1, -0.000677315, 1.02181, 0, 0, 0, 1
-0.999999, -0.000708754, -0.00108933, 0.290892, 0.00108884, 0.000697199, -0.999999, 0.848152, 0.000709513, -1, -0.000696427, 1.0218, 0, 0, 0, 1
-0.999999, -0.000702309, -0.00111057, 0.290891, 0.00111007, 0.000717014, -0.999999, 0.848154, 0.000703105, -0.999999, -0.000716233, 1.0218, 0, 0, 0, 1
-0.999999, -0.000695638, -0.00113256, 0.290891, 0.00113204, 0.000737524, -0.999999, 0.848156, 0.000696473, -0.999999, -0.000736736, 1.0218, 0, 0, 0, 1
-0.999999, -0.000688741, -0.00115528, 0.29089, 0.00115476, 0.000758729, -0.999999, 0.848159, 0.000689617, -0.999999, -0.000757933, 1.0218, 0, 0, 0, 1
-0.999999, -0.000681618, -0.00117876, 0.290889, 0.00117823, 0.00078063, -0.999999, 0.848161, 0.000682538, -0.999999, -0.000779826, 1.02179, 0, 0, 0, 1
-0.999999, -0.00067427, -0.00120298, 0.290888, 0.00120244, 0.000803226, -0.999999, 0.848163, 0.000675235, -0.999999, -0.000802415, 1.02179, 0, 0, 0, 1
-0.999999, -0.000666696, -0.00122795, 0.290888, 0.00122739, 0.000826518, -0.999999, 0.848166, 0.00066771, -0.999999, -0.000825699, 1.02179, 0, 0, 0, 1
-0.999999, -0.000658896, -0.00125366, 0.290887, 0.0012531, 0.000850505, -0.999999, 0.848168, 0.000659961, -0.999999, -0.000849678, 1.02179, 0, 0, 0, 1
-0.999999, -0.00065087, -0.00128011, 0.290886, 0.00127954, 0.000875187, -0.999999, 0.848171, 0.00065199, -0.999999, -0.000874354, 1.02178, 0, 0, 0, 1
-0.999999, -0.000642619, -0.00130731, 0.290885, 0.00130674, 0.000900565, -0.999999, 0.848173, 0.000643796, -0.999999, -0.000899725, 1.02178, 0, 0, 0, 1
-0.999999, -0.000634142, -0.00133526, 0.290884, 0.00133467, 0.000926639, -0.999999, 0.848176, 0.000635379, -0.999999, -0.000925791, 1.02178, 0, 0, 0, 1
-0.999999, -0.00062544, -0.00136395, 0.290883, 0.00136336, 0.000953407, -0.999999, 0.848179, 0.00062674, -0.999999, -0.000952554, 1.02177, 0, 0, 0, 1
-0.999999, -0.000616513, -0.00139339, 0.290882, 0.00139278, 0.000980872, -0.999999, 0.848182, 0.000617878, -0.999999, -0.000980012, 1.02177, 0, 0, 0, 1
-0.999999, -0.000607359, -0.00142357, 0.290881, 0.00142296, 0.00100903, -0.999998, 0.848184, 0.000608795, -0.999999, -0.00100817, 1.02177, 0, 0, 0, 1
-0.999999, -0.000597981, -0.0014545, 0.290881, 0.00145388, 0.00103789, -0.999998, 0.848187, 0.00059949, -0.999999, -0.00103702, 1.02177, 0, 0, 0, 1
-0.999999, -0.000588377, -0.00148617, 0.29088, 0.00148554, 0.00106744, -0.999998, 0.84819, 0.000589962, -0.999999, -0.00106656, 1.02176, 0, 0, 0, 1
-0.999999, -0.000578548, -0.00151859, 0.290879, 0.00151795, 0.00109768, -0.999998, 0.848194, 0.000580214, -0.999999, -0.0010968, 1.02176, 0, 0, 0, 1
-0.999999, -0.000568493, -0.00155175, 0.290877, 0.00155111, 0.00112863, -0.999998, 0.848197, 0.000570244, -0.999999, -0.00112774, 1.02176, 0, 0, 0, 1
-0.999999, -0.000558214, -0.00158566, 0.290876, 0.00158501, 0.00116026, -0.999998, 0.8482, 0.000560052, -0.999999, -0.00115938, 1.02175, 0, 0, 0, 1
-0.999999, -0.000547709, -0.00162032, 0.290875, 0.00161966, 0.0011926, -0.999998, 0.848203, 0.00054964, -0.999999, -0.00119171, 1.02175, 0, 0, 0, 1
-0.999998, -0.000536979, -0.00165572, 0.290874, 0.00165506, 0.00122562, -0.999998, 0.848207, 0.000539007, -0.999999, -0.00122473, 1.02174, 0, 0, 0, 1
-0.999998, -0.000526024, -0.00169186, 0.290873, 0.0016912, 0.00125935, -0.999998, 0.84821, 0.000528153, -0.999999, -0.00125846, 1.02174, 0, 0, 0, 1
-0.999998, -0.000514844, -0.00172875, 0.290872, 0.00172808, 0.00129377, -0.999998, 0.848214, 0.000517079, -0.999999, -0.00129288, 1.02174, 0, 0, 0, 1
-0.999998, -0.000503439, -0.00176638, 0.290871, 0.00176571, 0.00132888, -0.999998, 0.848217, 0.000505785, -0.999999, -0.00132799, 1.02173, 0, 0, 0, 1
-0.999998, -0.000491809, -0.00180476, 0.29087, 0.00180409, 0.00136469, -0.999997, 0.848221, 0.00049427, -0.999999, -0.0013638, 1.02173, 0, 0, 0, 1
-0.999998, -0.000479954, -0.00184389, 0.290868, 0.00184321, 0.0014012, -0.999997, 0.848225, 0.000482536, -0.999999, -0.00140031, 1.02172, 0, 0, 0, 1
-0.999998, -0.000467874, -0.00188376, 0.290867, 0.00188308, 0.0014384, -0.999997, 0.848229, 0.000470583, -0.999999, -0.00143752, 1.02172, 0, 0, 0, 1
-0.999998, -0.00045557, -0.00192437, 0.290866, 0.0019237, 0.0014763, -0.999997, 0.848233, 0.00045841, -0.999999, -0.00147542, 1.02172, 0, 0, 0, 1
-0.999998, -0.000443041, -0.00196574, 0.290865, 0.00196506, 0.0015149, -0.999997, 0.848237, 0.000446018, -0.999999, -0.00151402, 1.02171, 0, 0, 0, 1
-0.999998, -0.000430287, -0.00200784, 0.290863, 0.00200717, 0.00155419, -0.999997, 0.848241, 0.000433407, -0.999999, -0.00155332, 1.02171, 0, 0, 0, 1
-0.999998, -0.000417309, -0.00205069, 0.290862, 0.00205003, 0.00159417, -0.999997, 0.848245, 0.000420577, -0.999999, -0.00159331, 1.0217, 0, 0, 0, 1
-0.999998, -0.000404106, -0.00209429, 0.29086, 0.00209363, 0.00163485, -0.999996, 0.848249, 0.000407529, -0.999999, -0.001634, 1.0217, 0, 0, 0, 1
-0.999998, -0.000390679, -0.00213863, 0.290859, 0.00213797, 0.00167623, -0.999996, 0.848253, 0.000394263, -0.999999, -0.00167539, 1.02169, 0, 0, 0, 1
-0.999998, -0.000377028, -0.00218372, 0.290858, 0.00218307, 0.0017183, -0.999996, 0.848258, 0.000380779, -0.999998, -0.00171747, 1.02169, 0, 0, 0, 1
-0.999997, -0.000363152, -0.00222955, 0.290856, 0.00222891, 0.00176107, -0.999996, 0.848262, 0.000367077, -0.999998, -0.00176026, 1.02168, 0, 0, 0, 1
-0.999997, -0.000349052, -0.00227613, 0.290855, 0.0022755, 0.00180453, -0.999996, 0.848267, 0.000353158, -0.999998, -0.00180374, 1.02168, 0, 0, 0, 1
-0.999997, -0.000334727, -0.00232345, 0.290853, 0.00232283, 0.00184869, -0.999996, 0.848271, 0.000339021, -0.999998, -0.00184791, 1.02167, 0, 0, 0, 1
-0.999997, -0.000320179, -0.00237152, 0.290852, 0.00237091, 0.00189355, -0.999995, 0.848276, 0.000324668, -0.999998, -0.00189279, 1.02167, 0, 0, 0, 1
-0.999997, -0.000305407, -0.00242033, 0.29085, 0.00241974, 0.0019391, -0.999995, 0.84828, 0.000310098, -0.999998, -0.00193836, 1.02166, 0, 0, 0, 1
-0.999997, -0.00029041, -0.00246989, 0.290849, 0.00246931, 0.00198535, -0.999995, 0.848285, 0.000295312, -0.999998, -0.00198463, 1.02166, 0, 0, 0, 1
-0.999997, -0.00027519, -0.0025202, 0.290847, 0.00251963, 0.0020323, -0.999995, 0.84829, 0.00028031, -0.999998, -0.0020316, 1.02165, 0, 0, 0, 1
-0.999997, -0.000259746, -0.00257124, 0.290846, 0.0025707, 0.00207994, -0.999995, 0.848295, 0.000265092, -0.999998, -0.00207926, 1.02165, 0, 0, 0, 1
-0.999997, -0.000244078, -0.00262304, 0.290844, 0.00262251, 0.00212827, -0.999994, 0.8483, 0.000249659, -0.999998, -0.00212762, 1.02164, 0, 0, 0, 1
-0.999996, -0.000228186, -0.00267558, 0.290842, 0.00267507, 0.0021773, -0.999994, 0.848305, 0.00023401, -0.999998, -0.00217669, 1.02164, 0, 0, 0, 1
-0.999996, -0.000212071, -0.00272886, 0.290841, 0.00272838, 0.00222703, -0.999994, 0.84831, 0.000218147, -0.999997, -0.00222645, 1.02163, 0, 0, 0, 1
-0.999996, -0.000195732, -0.00278289, 0.290839, 0.00278244, 0.00227746, -0.999994, 0.848315, 0.000202069, -0.999997, -0.0022769, 1.02163, 0, 0, 0, 1
-0.999996, -0.00017917, -0.00283767, 0.290837, 0.00283724, 0.00232858, -0.999993, 0.848321, 0.000185776, -0.999997, -0.00232806, 1.02162, 0, 0, 0, 1
-0.999996, -0.000162384, -0.00289319, 0.290835, 0.00289279, 0.00238039, -0.999993, 0.848326, 0.00016927, -0.999997, -0.00237991, 1.02161, 0, 0, 0, 1
-0.999996, -0.000145375, -0.00294945, 0.290834, 0.00294909, 0.00243291, -0.999993, 0.848331, 0.00015255, -0.999997, -0.00243247, 1.02161, 0, 0, 0, 1
-0.999995, -0.000128143, -0.00300646, 0.290832, 0.00300614, 0.00248612, -0.999992, 0.848337, 0.000135616, -0.999997, -0.00248572, 1.0216, 0, 0, 0, 1
-0.999995, -0.000110688, -0.00306422, 0.29083, 0.00306393, 0.00254002, -0.999992, 0.848342, 0.00011847, -0.999997, -0.00253967, 1.0216, 0, 0, 0, 1
-0.999995, -9.30094e-05, -0.00312272, 0.290828, 0.00312247, 0.00259462, -0.999992, 0.848348, 0.000101111, -0.999997, -0.00259432, 1.02159, 0, 0, 0, 1
-0.999995, -7.5108e-05, -0.00318197, 0.290826, 0.00318176, 0.00264992, -0.999991, 0.848354, 8.35393e-05, -0.999996, -0.00264967, 1.02158, 0, 0, 0, 1
-0.999995, -5.69838e-05, -0.00324196, 0.290825, 0.00324179, 0.00270591, -0.999991, 0.84836, 6.57557e-05, -0.999996, -0.00270571, 1.02158, 0, 0, 0, 1
-0.999995, -3.86367e-05, -0.0033027, 0.290823, 0.00330258, 0.0027626, -0.999991, 0.848365, 4.77604e-05, -0.999996, -0.00276246, 1.02157, 0, 0, 0, 1
-0.999994, -2.0067e-05, -0.00336418, 0.290821, 0.00336411, 0.00281999, -0.99999, 0.848371, 2.95538e-05, -0.999996, -0.00281991, 1.02156, 0, 0, 0, 1
-0.999994, -1.2746e-06, -0.00342641, 0.290819, 0.00342639, 0.00287807, -0.99999, 0.848377, 1.1136e-05, -0.999996, -0.00287805, 1.02156, 0, 0, 0, 1
-0.999994, 1.77403e-05, -0.00348938, 0.290817, 0.00348942, 0.00293685, -0.99999, 0.848383, -7.49234e-06, -0.999996, -0.0029369, 1.02155, 0, 0, 0, 1
-0.999994, 3.69777e-05, -0.0035531, 0.290815, 0.00355319, 0.00299633, -0.999989, 0.84839, -2.63311e-05, -0.999996, -0.00299644, 1.02155, 0, 0, 0, 1
-0.999993, 5.64375e-05, -0.00361756, 0.290813, 0.00361772, 0.0030565, -0.999989, 0.848396, -4.53797e-05, -0.999995, -0.00305669, 1.02154, 0, 0, 0, 1
-0.999993, 7.61195e-05, -0.00368277, 0.290811, 0.00368299, 0.00311737, -0.999988, 0.848402, -6.4638e-05, -0.999995, -0.00311763, 1.02153, 0, 0, 0, 1
-0.999993, 9.60237e-05, -0.00374872, 0.290809, 0.00374901, 0.00317894, -0.999988, 0.848408, -8.41055e-05, -0.999995, -0.00317927, 1.02152, 0, 0, 0, 1
-0.999993, 0.00011615, -0.00381542, 0.290807, 0.00381578, 0.0032412, -0.999987, 0.848415, -0.000103782, -0.999995, -0.00324162, 1.02152, 0, 0, 0, 1
-0.999992, 0.000136498, -0.00388287, 0.290804, 0.0038833, 0.00330416, -0.999987, 0.848421, -0.000123667, -0.999995, -0.00330466, 1.02151, 0, 0, 0, 1
-0.999992, 0.000157068, -0.00395106, 0.290802, 0.00395156, 0.00336781, -0.999987, 0.848428, -0.00014376, -0.999994, -0.00336841, 1.0215, 0, 0, 0, 1
-0.999992, 0.00017786, -0.00401999, 0.2908, 0.00402058, 0.00343216, -0.999986, 0.848435, -0.000164061, -0.999994, -0.00343285, 1.0215, 0, 0, 0, 1
-0.999992, 0.000198874, -0.00408967, 0.290798, 0.00409034, 0.00349721, -0.999986, 0.848441, -0.000184569, -0.999994, -0.003498, 1.02149, 0, 0, 0, 1
-0.999991, 0.000220109, -0.0041601, 0.290796, 0.00416085, 0.00356296, -0.999985, 0.848448, -0.000205284, -0.999994, -0.00356384, 1.02148, 0, 0, 0, 1
-0.999991, 0.000241566, -0.00423127, 0.290793, 0.00423212, 0.0036294, -0.999984, 0.848455, -0.000226205, -0.999993, -0.00363039, 1.02147, 0, 0, 0, 1
-0.999991, 0.000263244, -0.00430318, 0.290791, 0.00430413, 0.00369654, -0.999984, 0.848462, -0.000247333, -0.999993, -0.00369764, 1.02147, 0, 0, 0, 1
-0.99999, 0.000285143, -0.00437584, 0.290789, 0.00437689, 0.00376437, -0.999983, 0.848469, -0.000268666, -0.999993, -0.00376559, 1.02146, 0, 0, 0, 1
-0.99999, 0.000307264, -0.00444925, 0.290787, 0.00445039, 0.00383291, -0.999983, 0.848476, -0.000290205, -0.999993, -0.00383424, 1.02145, 0, 0, 0, 1
-0.99999, 0.000329606, -0.0045234, 0.290784, 0.00452465, 0.00390214, -0.999982, 0.848483, -0.000311949, -0.999992, -0.00390359, 1.02144, 0, 0, 0, 1
-0.999989, 0.000352168, -0.0045983, 0.290782, 0.00459966, 0.00397206, -0.999982, 0.84849, -0.000333897, -0.999992, -0.00397364, 1.02144, 0, 0, 0, 1
-0.999989, 0.000374952, -0.00467394, 0.29078, 0.00467542, 0.00404268, -0.999981, 0.848498, -0.00035605, -0.999992, -0.00404439, 1.02143, 0, 0, 0, 1
-0.999989, 0.000397956, -0.00475032, 0.290777, 0.00475192, 0.004114, -0.99998, 0.848505, -0.000378406, -0.999991, -0.00411585, 1.02142, 0, 0, 0, 1
-0.999988, 0.000421181, -0.00482746, 0.290775, 0.00482918, 0.00418602, -0.99998, 0.848513, -0.000400965, -0.999991, -0.00418801, 1.02141, 0, 0, 0, 1
-0.999988, 0.000444627, -0.00490533, 0.290772, 0.00490718, 0.00425874, -0.999979, 0.84852, -0.000423727, -0.999991, -0.00426087, 1.0214, 0, 0, 0, 1
-0.999987, 0.000468293, -0.00498396, 0.29077, 0.00498594, 0.00433215, -0.999978, 0.848528, -0.000446691, -0.999991, -0.00433443, 1.0214, 0, 0, 0, 1
-0.999987, 0.000492179, -0.00506332, 0.290767, 0.00506544, 0.00440626, -0.999977, 0.848535, -0.000469857, -0.99999, -0.00440869, 1.02139, 0, 0, 0, 1
-0.999987, 0.000516285, -0.00514344, 0.290765, 0.0051457, 0.00448106, -0.999977, 0.848543, -0.000493225, -0.99999, -0.00448366, 1.02138, 0, 0, 0, 1
-0.999986, 0.000540612, -0.0052243, 0.290762, 0.00522671, 0.00455656, -0.999976, 0.848551, -0.000516794, -0.999989, -0.00455933, 1.02137, 0, 0, 0, 1
-0.999986, 0.000565158, -0.0053059, 0.29076, 0.00530846, 0.00463276, -0.999975, 0.848559, -0.000540563, -0.999989, -0.0046357, 1.02136, 0, 0, 0, 1
-0.999985, 0.000589925, -0.00538825, 0.290757, 0.00539097, 0.00470966, -0.999974, 0.848567, -0.000564533, -0.999989, -0.00471277, 1.02135, 0, 0, 0, 1
-0.999985, 0.000614911, -0.00547134, 0.290754, 0.00547422, 0.00478725, -0.999974, 0.848575, -0.000588702, -0.999988, -0.00479055, 1.02134, 0, 0, 0, 1
-0.999984, 0.000640117, -0.00555518, 0.290752, 0.00555823, 0.00486555, -0.999973, 0.848583, -0.00061307, -0.999988, -0.00486903, 1.02134, 0, 0, 0, 1
-0.999984, 0.000665542, -0.00563977, 0.290749, 0.00564299, 0.00494454, -0.999972, 0.848591, -0.000637637, -0.999988, -0.00494821, 1.02133, 0, 0, 0, 1
-0.999983, 0.000691187, -0.00572509, 0.290746, 0.0057285, 0.00502422, -0.999971, 0.848599, -0.000662402, -0.999987, -0.0050281, 1.02132, 0, 0, 0, 1
-0.999983, 0.00071705, -0.00581117, 0.290744, 0.00581476, 0.00510461, -0.99997, 0.848608, -0.000687365, -0.999987, -0.00510869, 1.02131, 0, 0, 0, 1
-0.999982, 0.000743133, -0.00589799, 0.290741, 0.00590177, 0.00518569, -0.999969, 0.848616, -0.000712525, -0.999986, -0.00518998, 1.0213, 0, 0, 0, 1
-0.999982, 0.000769435, -0.00598555, 0.290738, 0.00598953, 0.00526747, -0.999968, 0.848624, -0.000737882, -0.999986, -0.00527198, 1.02129, 0, 0, 0, 1
-0.999981, 0.000795956, -0.00607387, 0.290735, 0.00607804, 0.00534994, -0.999967, 0.848633, -0.000763435, -0.999985, -0.00535468, 1.02128, 0, 0, 0, 1
-0.999981, 0.000822696, -0.00616292, 0.290733, 0.0061673, 0.00543312, -0.999966, 0.848642, -0.000789184, -0.999985, -0.00543808, 1.02127, 0, 0, 0, 1
-0.99998, 0.000849654, -0.00625272, 0.29073, 0.00625732, 0.00551699, -0.999965, 0.84865, -0.000815129, -0.999984, -0.00552219, 1.02126, 0, 0, 0, 1
-0.999979, 0.000876831, -0.00634327, 0.290727, 0.00634808, 0.00560156, -0.999964, 0.848659, -0.000841268, -0.999984, -0.00560701, 1.02125, 0, 0, 0, 1
-0.999979, 0.000904226, -0.00643456, 0.290724, 0.0064396, 0.00568682, -0.999963, 0.848668, -0.000867601, -0.999983, -0.00569253, 1.02124, 0, 0, 0, 1
-0.999978, 0.00093184, -0.0065266, 0.290721, 0.00653187, 0.00577279, -0.999962, 0.848677, -0.000894128, -0.999983, -0.00577875, 1.02123, 0, 0, 0, 1
-0.999978, 0.000959672, -0.00661938, 0.290718, 0.00662489, 0.00585945, -0.999961, 0.848686, -0.000920848, -0.999982, -0.00586568, 1.02122, 0, 0, 0, 1
-0.999977, 0.000987721, -0.0067129, 0.290715, 0.00671866, 0.00594681, -0.99996, 0.848695, -0.000947761, -0.999982, -0.00595331, 1.02121, 0, 0, 0, 1
-0.999976, 0.00101599, -0.00680718, 0.290712, 0.00681319, 0.00603487, -0.999959, 0.848704, -0.000974866, -0.999981, -0.00604165, 1.02121, 0, 0, 0, 1
-0.999976, 0.00104447, -0.00690219, 0.290709, 0.00690846, 0.00612363, -0.999957, 0.848713, -0.00100216, -0.999981, -0.00613069, 1.0212, 0, 0, 0, 1
-0.999975, 0.00107318, -0.00699796, 0.290706, 0.00700449, 0.00621308, -0.999956, 0.848722, -0.00102965, -0.99998, -0.00622044, 1.02119, 0, 0, 0, 1
-0.999974, 0.0011021, -0.00709446, 0.290703, 0.00710127, 0.00630323, -0.999955, 0.848732, -0.00105733, -0.99998, -0.0063109, 1.02118, 0, 0, 0, 1
-0.999973, 0.00113123, -0.00719172, 0.2907, 0.00719881, 0.00639408, -0.999954, 0.848741, -0.0010852, -0.999979, -0.00640206, 1.02117, 0, 0, 0, 1
-0.999973, 0.00116059, -0.00728971, 0.290697, 0.00729709, 0.00648563, -0.999952, 0.848751, -0.00111325, -0.999978, -0.00649392, 1.02115, 0, 0, 0, 1
-0.999972, 0.00119016, -0.00738846, 0.290694, 0.00739613, 0.00657788, -0.999951, 0.84876, -0.0011415, -0.999978, -0.00658649, 1.02114, 0, 0, 0, 1
-0.999971, 0.00121995, -0.00748795, 0.290691, 0.00749592, 0.00667082, -0.99995, 0.84877, -0.00116994, -0.999977, -0.00667977, 1.02113, 0, 0, 0, 1
-0.99997, 0.00124995, -0.00758818, 0.290687, 0.00759647, 0.00676446, -0.999948, 0.84878, -0.00119856, -0.999976, -0.00677376, 1.02112, 0, 0, 0, 1
-0.99997, 0.00128018, -0.00768916, 0.290684, 0.00769776, 0.0068588, -0.999947, 0.848789, -0.00122737, -0.999976, -0.00686845, 1.02111, 0, 0, 0, 1
-0.999969, 0.00131061, -0.00779088, 0.290681, 0.00779981, 0.00695384, -0.999945, 0.848799, -0.00125637, -0.999975, -0.00696385, 1.0211, 0, 0, 0, 1
-0.999968, 0.00134127, -0.00789335, 0.290678, 0.00790262, 0.00704958, -0.999944, 0.848809, -0.00128555, -0.999974, -0.00705995, 1.02109, 0, 0, 0, 1
-0.999967, 0.00137214, -0.00799657, 0.290674, 0.00800617, 0.00714602, -0.999942, 0.848819, -0.00131492, -0.999974, -0.00715677, 1.02108, 0, 0, 0, 1
-0.999966, 0.00140323, -0.00810053, 0.290671, 0.00811048, 0.00724315, -0.999941, 0.848829, -0.00134447, -0.999973, -0.00725429, 1.02107, 0, 0, 0, 1
-0.999965, 0.00143453, -0.00820523, 0.290668, 0.00821555, 0.00734098, -0.999939, 0.848839, -0.00137421, -0.999972, -0.00735251, 1.02106, 0, 0, 0, 1
-0.999964, 0.00146605, -0.00831068, 0.290664, 0.00832137, 0.00743951, -0.999938, 0.848849, -0.00140413, -0.999971, -0.00745145, 1.02105, 0, 0, 0, 1
-0.999963, 0.00149778, -0.00841688, 0.290661, 0.00842794, 0.00753874, -0.999936, 0.84886, -0.00143423, -0.99997, -0.00755109, 1.02104, 0, 0, 0, 1
-0.999963, 0.00152973, -0.00852382, 0.290658, 0.00853526, 0.00763867, -0.999934, 0.84887, -0.00146452, -0.99997, -0.00765144, 1.02103, 0, 0, 0, 1
-0.999962, 0.0015619, -0.0086315, 0.290654, 0.00864334, 0.0077393, -0.999933, 0.848881, -0.00149499, -0.999969, -0.0077525, 1.02102, 0, 0, 0, 1
-0.999961, 0.00159428, -0.00873993, 0.290651, 0.00875217, 0.00784062, -0.999931, 0.848891, -0.00152564, -0.999968, -0.00785427, 1.021, 0, 0, 0, 1
-0.99996, 0.00162687, -0.00884911, 0.290647, 0.00886176, 0.00794265, -0.999929, 0.848902, -0.00155647, -0.999967, -0.00795674, 1.02099, 0, 0, 0, 1
-0.999958, 0.00165968, -0.00895903, 0.290644, 0.0089721, 0.00804537, -0.999927, 0.848912, -0.00158748, -0.999966, -0.00805993, 1.02098, 0, 0, 0, 1
-0.999957, 0.0016927, -0.00906969, 0.29064, 0.0090832, 0.00814879, -0.999926, 0.848923, -0.00161867, -0.999965, -0.00816382, 1.02097, 0, 0, 0, 1
-0.999956, 0.00172594, -0.00918111, 0.290637, 0.00919505, 0.00825291, -0.999924, 0.848934, -0.00165004, -0.999964, -0.00826842, 1.02096, 0, 0, 0, 1
-0.999955, 0.00175939, -0.00929326, 0.290633, 0.00930766, 0.00835773, -0.999922, 0.848945, -0.00168159, -0.999964, -0.00837374, 1.02095, 0, 0, 0, 1
-0.999954, 0.00179306, -0.00940616, 0.29063, 0.00942102, 0.00846325, -0.99992, 0.848956, -0.00171331, -0.999963, -0.00847976, 1.02094, 0, 0, 0, 1
-0.999953, 0.00182694, -0.00951981, 0.290626, 0.00953513, 0.00856947, -0.999918, 0.848967, -0.00174521, -0.999962, -0.00858649, 1.02092, 0, 0, 0, 1
-0.999952, 0.00186104, -0.0096342, 0.290622, 0.00965, 0.00867639, -0.999916, 0.848978, -0.00177729, -0.999961, -0.00869393, 1.02091, 0, 0, 0, 1
-0.999951, 0.00189535, -0.00974934, 0.290619, 0.00976563, 0.008784, -0.999914, 0.848989, -0.00180954, -0.99996, -0.00880208, 1.0209, 0, 0, 0, 1
-0.999949, 0.00192987, -0.00986522, 0.290615, 0.00988201, 0.00889232, -0.999912, 0.849, -0.00184197, -0.999959, -0.00891094, 1.02089, 0, 0, 0, 1
-0.999948, 0.0019646, -0.00998185, 0.290611, 0.00999915, 0.00900133, -0.999909, 0.849012, -0.00187458, -0.999958, -0.00902051, 1.02088, 0, 0, 0, 1
-0.999947, 0.00199955, -0.0100992, 0.290607, 0.010117, 0.00911105, -0.999907, 0.849023, -0.00190735, -0.999956, -0.00913079, 1.02086, 0, 0, 0, 1
-0.999946, 0.00203471, -0.0102173, 0.290604, 0.0102357, 0.00922146, -0.999905, 0.849034, -0.0019403, -0.999955, -0.00924178, 1.02085, 0, 0, 0, 1
-0.999944, 0.00207009, -0.0103362, 0.2906, 0.0103551, 0.00933257, -0.999903, 0.849046, -0.00197342, -0.999954, -0.00935349, 1.02084, 0, 0, 0, 1
-0.999943, 0.00210568, -0.0104558, 0.290596, 0.0104753, 0.00944438, -0.999901, 0.849058, -0.00200672, -0.999953, -0.0094659, 1.02083, 0, 0, 0, 1
-0.999942, 0.00214148, -0.0105762, 0.290592, 0.0105962, 0.00955689, -0.999898, 0.849069, -0.00204018, -0.999952, -0.00957903, 1.02081, 0, 0, 0, 1
-0.99994, 0.00217749, -0.0106973, 0.290588, 0.0107178, 0.0096701, -0.999896, 0.849081, -0.00207382, -0.999951, -0.00969287, 1.0208, 0, 0, 0, 1
-0.999939, 0.00221371, -0.0108191, 0.290584, 0.0108403, 0.00978401, -0.999893, 0.849093, -0.00210762, -0.99995, -0.00980741, 1.02079, 0, 0, 0, 1
-0.999938, 0.00225015, -0.0109417, 0.290581, 0.0109635, 0.00989862, -0.999891, 0.849105, -0.00214159, -0.999948, -0.00992268, 1.02078, 0, 0, 0, 1
-0.999936, 0.0022868, -0.011065, 0.290577, 0.0110874, 0.0100139, -0.999888, 0.849117, -0.00217574, -0.999947, -0.0100386, 1.02076, 0, 0, 0, 1
-0.999935, 0.00232366, -0.0111891, 0.290573, 0.0112121, 0.0101299, -0.999886, 0.849129, -0.00221005, -0.999946, -0.0101553, 1.02075, 0, 0, 0, 1
-0.999933, 0.00236073, -0.0113139, 0.290569, 0.0113376, 0.0102467, -0.999883, 0.849141, -0.00224452, -0.999945, -0.0102727, 1.02074, 0, 0, 0, 1
-0.999932, 0.00239801, -0.0114395, 0.290565, 0.0114638, 0.0103641, -0.999881, 0.849153, -0.00227916, -0.999943, -0.0103908, 1.02073, 0, 0, 0, 1
-0.99993, 0.0024355, -0.0115658, 0.290561, 0.0115907, 0.0104822, -0.999878, 0.849165, -0.00231397, -0.999942, -0.0105097, 1.02071, 0, 0, 0, 1
-0.999929, 0.00247321, -0.0116929, 0.290556, 0.0117185, 0.010601, -0.999875, 0.849178, -0.00234894, -0.999941, -0.0106292, 1.0207, 0, 0, 0, 1
-0.999927, 0.00251112, -0.0118207, 0.290552, 0.011847, 0.0107205, -0.999872, 0.84919, -0.00238408, -0.999939, -0.0107495, 1.02069, 0, 0, 0, 1
-0.999925, 0.00254925, -0.0119492, 0.290548, 0.0119762, 0.0108407, -0.99987, 0.849203, -0.00241938, -0.999938, -0.0108704, 1.02067, 0, 0, 0, 1
-0.999924, 0.00258758, -0.0120785, 0.290544, 0.0121062, 0.0109616, -0.999867, 0.849215, -0.00245484, -0.999937, -0.0109921, 1.02066, 0, 0, 0, 1
-0.999922, 0.00262613, -0.0122086, 0.29054, 0.012237, 0.0110832, -0.999864, 0.849228, -0.00249046, -0.999935, -0.0111145, 1.02065, 0, 0, 0, 1
-0.99992, 0.00266488, -0.0123394, 0.290536, 0.0123685, 0.0112055, -0.999861, 0.849241, -0.00252624, -0.999934, -0.0112376, 1.02063, 0, 0, 0, 1
-0.999919, 0.00270385, -0.0124709, 0.290531, 0.0125008, 0.0113285, -0.999858, 0.849253, -0.00256219, -0.999932, -0.0113614, 1.02062, 0, 0, 0, 1
-0.999917, 0.00274303, -0.0126032, 0.290527, 0.0126338, 0.0114522, -0.999855, 0.849266, -0.00259829, -0.999931, -0.0114859, 1.02061, 0, 0, 0, 1
-0.999915, 0.00278241, -0.0127362, 0.290523, 0.0127676, 0.0115766, -0.999851, 0.849279, -0.00263456, -0.999929, -0.0116112, 1.02059, 0, 0, 0, 1
-0.999913, 0.00282201, -0.0128699, 0.290519, 0.0129021, 0.0117018, -0.999848, 0.849292, -0.00267098, -0.999928, -0.0117371, 1.02058, 0, 0, 0, 1
-0.999911, 0.00286181, -0.0130045, 0.290514, 0.0130374, 0.0118276, -0.999845, 0.849305, -0.00270755, -0.999926, -0.0118638, 1.02056, 0, 0, 0, 1
-0.999909, 0.00290182, -0.0131397, 0.29051, 0.0131735, 0.0119541, -0.999842, 0.849318, -0.00274429, -0.999924, -0.0119912, 1.02055, 0, 0, 0, 1
-0.999908, 0.00294204, -0.0132757, 0.290506, 0.0133103, 0.0120813, -0.999838, 0.849332, -0.00278118, -0.999923, -0.0121193, 1.02054, 0, 0, 0, 1
-0.999906, 0.00298247, -0.0134125, 0.290501, 0.0134479, 0.0122092, -0.999835, 0.849345, -0.00281822, -0.999921, -0.0122482, 1.02052, 0, 0, 0, 1
-0.999904, 0.00302311, -0.0135499, 0.290497, 0.0135863, 0.0123378, -0.999832, 0.849358, -0.00285542, -0.999919, -0.0123777, 1.02051, 0, 0, 0, 1
-0.999902, 0.00306395, -0.0136882, 0.290492, 0.0137254, 0.0124671, -0.999828, 0.849372, -0.00289277, -0.999918, -0.012508, 1.02049, 0, 0, 0, 1
-0.9999, 0.00310501, -0.0138272, 0.290488, 0.0138652, 0.0125971, -0.999825, 0.849385, -0.00293028, -0.999916, -0.0126389, 1.02048, 0, 0, 0, 1
-0.999898, 0.00314627, -0.0139669, 0.290483, 0.0140059, 0.0127279, -0.999821, 0.849399, -0.00296794, -0.999914, -0.0127706, 1.02047, 0, 0, 0, 1
-0.999895, 0.00318774, -0.0141074, 0.290479, 0.0141473, 0.0128593, -0.999817, 0.849413, -0.00300574, -0.999912, -0.012903, 1.02045, 0, 0, 0, 1
-0.999893, 0.00322941, -0.0142486, 0.290474, 0.0142894, 0.0129914, -0.999814, 0.849426, -0.0030437, -0.99991, -0.0130361, 1.02044, 0, 0, 0, 1
-0.999891, 0.00327129, -0.0143905, 0.29047, 0.0144323, 0.0131242, -0.99981, 0.84944, -0.00308181, -0.999909, -0.01317, 1.02042, 0, 0, 0, 1
-0.999889, 0.00331338, -0.0145332, 0.290465, 0.014576, 0.0132577, -0.999806, 0.849454, -0.00312006, -0.999907, -0.0133045, 1.02041, 0, 0, 0, 1
-0.999887, 0.00335568, -0.0146767, 0.29046, 0.0147204, 0.0133919, -0.999802, 0.849468, -0.00315847, -0.999905, -0.0134398, 1.02039, 0, 0, 0, 1
-0.999884, 0.00339818, -0.0148209, 0.290456, 0.0148656, 0.0135269, -0.999798, 0.849482, -0.00319702, -0.999903, -0.0135758, 1.02038, 0, 0, 0, 1
-0.999882, 0.00344089, -0.0149658, 0.290451, 0.0150115, 0.0136625, -0.999794, 0.849496, -0.00323571, -0.999901, -0.0137125, 1.02036, 0, 0, 0, 1
-0.99988, 0.00348381, -0.0151115, 0.290446, 0.0151582, 0.0137988, -0.99979, 0.84951, -0.00327455, -0.999899, -0.01385, 1.02035, 0, 0, 0, 1
-0.999877, 0.00352693, -0.015258, 0.290442, 0.0153057, 0.0139358, -0.999786, 0.849525, -0.00331354, -0.999897, -0.0139881, 1.02033, 0, 0, 0, 1
-0.999875, 0.00357026, -0.0154051, 0.290437, 0.0154539, 0.0140736, -0.999782, 0.849539, -0.00335267, -0.999895, -0.014127, 1.02032, 0, 0, 0, 1
-0.999873, 0.00361379, -0.0155531, 0.290432, 0.0156029, 0.014212, -0.999777, 0.849554, -0.00339194, -0.999892, -0.0142666, 1.0203, 0, 0, 0, 1
-0.99987, 0.00365752, -0.0157017, 0.290427, 0.0157527, 0.0143511, -0.999773, 0.849568, -0.00343136, -0.99989, -0.0144069, 1.02029, 0, 0, 0, 1
-0.999868, 0.00370147, -0.0158511, 0.290422, 0.0159032, 0.0144909, -0.999769, 0.849583, -0.00347091, -0.999888, -0.0145479, 1.02027, 0, 0, 0, 1
-0.999865, 0.00374561, -0.0160013, 0.290418, 0.0160545, 0.0146315, -0.999764, 0.849597, -0.00351061, -0.999886, -0.0146896, 1.02026, 0, 0, 0, 1
-0.999862, 0.00378997, -0.0161522, 0.290413, 0.0162065, 0.0147727, -0.99976, 0.849612, -0.00355044, -0.999884, -0.0148321, 1.02024, 0, 0, 0, 1
-0.99986, 0.00383452, -0.0163038, 0.290408, 0.0163593, 0.0149146, -0.999755, 0.849627, -0.00359042, -0.999881, -0.0149753, 1.02023, 0, 0, 0, 1
-0.999857, 0.00387928, -0.0164562, 0.290403, 0.0165129, 0.0150573, -0.99975, 0.849642, -0.00363053, -0.999879, -0.0151192, 1.02021, 0, 0, 0, 1
-0.999854, 0.00392425, -0.0166094, 0.290398, 0.0166672, 0.0152006, -0.999746, 0.849657, -0.00367077, -0.999877, -0.0152638, 1.02019, 0, 0, 0, 1
-0.999852, 0.00396941, -0.0167633, 0.290393, 0.0168223, 0.0153447, -0.999741, 0.849672, -0.00371116, -0.999874, -0.0154092, 1.02018, 0, 0, 0, 1
-0.999849, 0.00401478, -0.0169179, 0.290388, 0.0169782, 0.0154894, -0.999736, 0.849687, -0.00375168, -0.999872, -0.0155552, 1.02016, 0, 0, 0, 1
-0.999846, 0.00406036, -0.0170733, 0.290383, 0.0171348, 0.0156349, -0.999731, 0.849702, -0.00379233, -0.99987, -0.015702, 1.02015, 0, 0, 0, 1
-0.999843, 0.00410614, -0.0172294, 0.290378, 0.0172922, 0.015781, -0.999726, 0.849717, -0.00383311, -0.999867, -0.0158495, 1.02013, 0, 0, 0, 1
-0.99984, 0.00415212, -0.0173862, 0.290373, 0.0174503, 0.0159278, -0.999721, 0.849733, -0.00387403, -0.999865, -0.0159978, 1.02012, 0, 0, 0, 1
-0.999837, 0.0041983, -0.0175438, 0.290368, 0.0176092, 0.0160754, -0.999716, 0.849748, -0.00391508, -0.999862, -0.0161467, 1.0201, 0, 0, 0, 1
-0.999834, 0.00424468, -0.0177022, 0.290362, 0.0177689, 0.0162237, -0.99971, 0.849763, -0.00395626, -0.999859, -0.0162964, 1.02008, 0, 0, 0, 1
-0.999831, 0.00429127, -0.0178613, 0.290357, 0.0179293, 0.0163726, -0.999705, 0.849779, -0.00399757, -0.999857, -0.0164468, 1.02007, 0, 0, 0, 1
-0.999828, 0.00433806, -0.0180211, 0.290352, 0.0180905, 0.0165223, -0.9997, 0.849795, -0.00403901, -0.999854, -0.0165979, 1.02005, 0, 0, 0, 1
-0.999825, 0.00438505, -0.0181817, 0.290347, 0.0182525, 0.0166726, -0.999694, 0.84981, -0.00408057, -0.999851, -0.0167498, 1.02003, 0, 0, 0, 1
-0.999822, 0.00443224, -0.018343, 0.290342, 0.0184152, 0.0168237, -0.999689, 0.849826, -0.00412227, -0.999849, -0.0169023, 1.02002, 0, 0, 0, 1
-0.999819, 0.00447964, -0.0185051, 0.290336, 0.0185787, 0.0169755, -0.999683, 0.849842, -0.00416408, -0.999846, -0.0170556, 1.02, 0, 0, 0, 1
-0.999815, 0.00452723, -0.0186679, 0.290331, 0.0187429, 0.0171279, -0.999678, 0.849858, -0.00420603, -0.999843, -0.0172096, 1.01999, 0, 0, 0, 1
-0.999812, 0.00457503, -0.0188315, 0.290326, 0.0189079, 0.0172811, -0.999672, 0.849874, -0.00424809, -0.99984, -0.0173644, 1.01997, 0, 0, 0, 1
-0.999809, 0.00462302, -0.0189958, 0.29032, 0.0190737, 0.017435, -0.999666, 0.84989, -0.00429029, -0.999837, -0.0175198, 1.01995, 0, 0, 0, 1
-0.999806, 0.00467122, -0.0191609, 0.290315, 0.0192403, 0.0175895, -0.99966, 0.849906, -0.0043326, -0.999834, -0.017676, 1.01994, 0, 0, 0, 1
-0.999802, 0.00471961, -0.0193267, 0.290309, 0.0194076, 0.0177448, -0.999654, 0.849922, -0.00437503, -0.999831, -0.0178329, 1.01992, 0, 0, 0, 1
-0.999799, 0.00476821, -0.0194932, 0.290304, 0.0195757, 0.0179008, -0.999648, 0.849939, -0.00441759, -0.999828, -0.0179905, 1.0199, 0, 0, 0, 1
-0.999795, 0.004817, -0.0196605, 0.290299, 0.0197445, 0.0180575, -0.999642, 0.849955, -0.00446026, -0.999825, -0.0181489, 1.01988, 0, 0, 0, 1
-0.999792, 0.004866, -0.0198286, 0.290293, 0.0199141, 0.0182149, -0.999636, 0.849971, -0.00450305, -0.999822, -0.018308, 1.01987, 0, 0, 0, 1
-0.999788, 0.00491519, -0.0199973, 0.290287, 0.0200845, 0.018373, -0.999629, 0.849988, -0.00454596, -0.999819, -0.0184678, 1.01985, 0, 0, 0, 1
-0.999784, 0.00496458, -0.0201669, 0.290282, 0.0202556, 0.0185318, -0.999623, 0.850005, -0.00458899, -0.999816, -0.0186283, 1.01983, 0, 0, 0, 1
-0.999781, 0.00501418, -0.0203371, 0.290276, 0.0204275, 0.0186913, -0.999617, 0.850021, -0.00463213, -0.999813, -0.0187896, 1.01982, 0, 0, 0, 1
-0.999777, 0.00506396, -0.0205082, 0.290271, 0.0206002, 0.0188515, -0.99961, 0.850038, -0.00467538, -0.999809, -0.0189516, 1.0198, 0, 0, 0, 1
-0.999773, 0.00511395, -0.0206799, 0.290265, 0.0207737, 0.0190124, -0.999603, 0.850055, -0.00471875, -0.999806, -0.0191143, 1.01978, 0, 0, 0, 1
-0.999769, 0.00516414, -0.0208524, 0.290259, 0.0209479, 0.019174, -0.999597, 0.850072, -0.00476223, -0.999803, -0.0192777, 1.01976, 0, 0, 0, 1
-0.999765, 0.00521452, -0.0210257, 0.290254, 0.0211228, 0.0193363, -0.99959, 0.850089, -0.00480582, -0.999799, -0.0194419, 1.01975, 0, 0, 0, 1
-0.999761, 0.0052651, -0.0211997, 0.290248, 0.0212986, 0.0194993, -0.999583, 0.850106, -0.00484953, -0.999796, -0.0196068, 1.01973, 0, 0, 0, 1
-0.999757, 0.00531588, -0.0213744, 0.290242, 0.0214751, 0.019663, -0.999576, 0.850123, -0.00489334, -0.999793, -0.0197724, 1.01971, 0, 0, 0, 1
-0.999753, 0.00536685, -0.0215499, 0.290237, 0.0216524, 0.0198274, -0.999569, 0.85014, -0.00493726, -0.999789, -0.0199388, 1.01969, 0, 0, 0, 1
-0.999749, 0.00541802, -0.0217261, 0.290231, 0.0218304, 0.0199926, -0.999562, 0.850157, -0.00498129, -0.999785, -0.0201058, 1.01968, 0, 0, 0, 1
-0.999745, 0.00546939, -0.0219031, 0.290225, 0.0220092, 0.0201584, -0.999555, 0.850175, -0.00502542, -0.999782, -0.0202736, 1.01966, 0, 0, 0, 1
-0.999741, 0.00552095, -0.0220808, 0.290219, 0.0221888, 0.0203249, -0.999547, 0.850192, -0.00506966, -0.999778, -0.0204422, 1.01964, 0, 0, 0, 1
-0.999737, 0.00557271, -0.0222593, 0.290213, 0.0223691, 0.0204922, -0.99954, 0.85021, -0.00511401, -0.999774, -0.0206114, 1.01962, 0, 0, 0, 1
-0.999732, 0.00562467, -0.0224385, 0.290207, 0.0225502, 0.0206601, -0.999532, 0.850227, -0.00515845, -0.999771, -0.0207814, 1.0196, 0, 0, 0, 1
-0.999728, 0.00567682, -0.0226184, 0.290201, 0.0227321, 0.0208288, -0.999525, 0.850245, -0.005203, -0.999767, -0.0209521, 1.01959, 0, 0, 0, 1
-0.999724, 0.00572916, -0.0227991, 0.290195, 0.0229148, 0.0209981, -0.999517, 0.850263, -0.00524766, -0.999763, -0.0211236, 1.01957, 0, 0, 0, 1
-0.999719, 0.0057817, -0.0229806, 0.29019, 0.0230982, 0.0211682, -0.999509, 0.850281, -0.00529241, -0.999759, -0.0212958, 1.01955, 0, 0, 0, 1
-0.999715, 0.00583444, -0.0231628, 0.290184, 0.0232824, 0.0213389, -0.999501, 0.850299, -0.00533726, -0.999755, -0.0214687, 1.01953, 0, 0, 0, 1
-0.99971, 0.00588737, -0.0233457, 0.290177, 0.0234673, 0.0215104, -0.999493, 0.850317, -0.00538221, -0.999751, -0.0216423, 1.01951, 0, 0, 0, 1
-0.999705, 0.00594049, -0.0235294, 0.290171, 0.023653, 0.0216826, -0.999485, 0.850335, -0.00542725, -0.999747, -0.0218167, 1.01949, 0, 0, 0, 1
-0.999701, 0.00599381, -0.0237138, 0.290165, 0.0238395, 0.0218554, -0.999477, 0.850353, -0.00547239, -0.999743, -0.0219918, 1.01947, 0, 0, 0, 1
-0.999696, 0.00604732, -0.023899, 0.290159, 0.0240268, 0.022029, -0.999469, 0.850371, -0.00551763, -0.999739, -0.0221676, 1.01946, 0, 0, 0, 1
-0.999691, 0.00610102, -0.0240849, 0.290153, 0.0242148, 0.0222033, -0.99946, 0.850389, -0.00556296, -0.999735, -0.0223442, 1.01944, 0, 0, 0, 1
-0.999686, 0.00615492, -0.0242716, 0.290147, 0.0244036, 0.0223783, -0.999452, 0.850408, -0.00560839, -0.999731, -0.0225215, 1.01942, 0, 0, 0, 1
-0.999682, 0.006209, -0.024459, 0.290141, 0.0245932, 0.022554, -0.999443, 0.850426, -0.0056539, -0.999726, -0.0226995, 1.0194, 0, 0, 0, 1
-0.999677, 0.00626329, -0.0246471, 0.290134, 0.0247835, 0.0227303, -0.999434, 0.850444, -0.00569951, -0.999722, -0.0228782, 1.01938, 0, 0, 0, 1
-0.999672, 0.00631776, -0.024836, 0.290128, 0.0249747, 0.0229074, -0.999426, 0.850463, -0.0057452, -0.999718, -0.0230577, 1.01936, 0, 0, 0, 1
-0.999666, 0.00637242, -0.0250256, 0.290122, 0.0251665, 0.0230853, -0.999417, 0.850482, -0.00579098, -0.999713, -0.0232379, 1.01934, 0, 0, 0, 1
-0.999661, 0.00642728, -0.025216, 0.290116, 0.0253592, 0.0232638, -0.999408, 0.8505, -0.00583686, -0.999709, -0.0234189, 1.01932, 0, 0, 0, 1
-0.999656, 0.00648233, -0.0254071, 0.290109, 0.0255526, 0.023443, -0.999399, 0.850519, -0.00588281, -0.999704, -0.0236006, 1.0193, 0, 0, 0, 1
-0.999651, 0.00653757, -0.025599, 0.290103, 0.0257468, 0.0236229, -0.999389, 0.850538, -0.00592885, -0.9997, -0.023783, 1.01929, 0, 0, 0, 1
-0.999646, 0.006593, -0.0257916, 0.290097, 0.0259418, 0.0238035, -0.99938, 0.850557, -0.00597498, -0.999695, -0.0239661, 1.01927, 0, 0, 0, 1
-0.99964, 0.00664862, -0.025985, 0.29009, 0.0261375, 0.0239848, -0.999371, 0.850576, -0.00602119, -0.99969, -0.02415, 1.01925, 0, 0, 0, 1
-0.999635, 0.00670443, -0.0261791, 0.290084, 0.026334, 0.0241669, -0.999361, 0.850595, -0.00606748, -0.999685, -0.0243346, 1.01923, 0, 0, 0, 1
-0.999629, 0.00676043, -0.0263739, 0.290077, 0.0265313, 0.0243496, -0.999351, 0.850614, -0.00611385, -0.999681, -0.02452, 1.01921, 0, 0, 0, 1
-0.999624, 0.00681662, -0.0265695, 0.290071, 0.0267293, 0.0245331, -0.999342, 0.850634, -0.0061603, -0.999676, -0.024706, 1.01919, 0, 0, 0, 1
-0.999618, 0.006873, -0.0267659, 0.290064, 0.0269281, 0.0247172, -0.999332, 0.850653, -0.00620683, -0.999671, -0.0248929, 1.01917, 0, 0, 0, 1
-0.999612, 0.00692957, -0.026963, 0.290058, 0.0271277, 0.0249021, -0.999322, 0.850673, -0.00625344, -0.999666, -0.0250804, 1.01915, 0, 0, 0, 1
-0.999607, 0.00698633, -0.0271608, 0.290051, 0.0273281, 0.0250876, -0.999312, 0.850692, -0.00630012, -0.999661, -0.0252687, 1.01913, 0, 0, 0, 1
-0.999601, 0.00704328, -0.0273594, 0.290044, 0.0275292, 0.0252739, -0.999301, 0.850712, -0.00634688, -0.999656, -0.0254577, 1.01911, 0, 0, 0, 1
-0.999595, 0.00710041, -0.0275587, 0.290038, 0.0277311, 0.0254609, -0.999291, 0.850731, -0.00639371, -0.999651, -0.0256475, 1.01909, 0, 0, 0, 1
-0.999589, 0.00715773, -0.0277587, 0.290031, 0.0279338, 0.0256486, -0.999281, 0.850751, -0.00644061, -0.999645, -0.025838, 1.01907, 0, 0, 0, 1
-0.999583, 0.00721524, -0.0279595, 0.290024, 0.0281373, 0.0258369, -0.99927, 0.850771, -0.00648759, -0.99964, -0.0260292, 1.01905, 0, 0, 0, 1
-0.999577, 0.00727294, -0.0281611, 0.290018, 0.0283415, 0.026026, -0.999259, 0.850791, -0.00653464, -0.999635, -0.0262211, 1.01903, 0, 0, 0, 1
-0.999571, 0.00733083, -0.0283634, 0.290011, 0.0285465, 0.0262158, -0.999249, 0.850811, -0.00658175, -0.999629, -0.0264138, 1.01901, 0, 0, 0, 1
-0.999565, 0.0073889, -0.0285664, 0.290004, 0.0287523, 0.0264063, -0.999238, 0.850831, -0.00662893, -0.999624, -0.0266073, 1.01899, 0, 0, 0, 1
-0.999558, 0.00744716, -0.0287702, 0.289997, 0.0289588, 0.0265975, -0.999227, 0.850851, -0.00667618, -0.999618, -0.0268014, 1.01897, 0, 0, 0, 1
