-0.999999, -0.000797434, -0.000797196, 0.290901, 0.000796858, 0.000424669, -1, 0.848124, 0.000797772, -1, -0.000424033, 1.02183, 0, 0, 0, 1
-0.999999, -0.000797357, -0.000796624, 0.290901, 0.000796285, 0.000425096, -1, 0.848124, 0.000797695, -1, -0.000424461, 1.02183, 0, 0, 0, 1
-0.999999, -0.000797124, -0.000794907, 0.290901, 0.000794567, 0.000426379, -1, 0.848125, 0.000797463, -1, -0.000425745, 1.02183, 0, 0, 0, 1
-0.999999, -0.000796737, -0.000792045, 0.290901, 0.000791704, 0.000428516, -1, 0.848125, 0.000797076, -1, -0.000427885, 1.02183, 0, 0, 0, 1
-0.999999, -0.000796195, -0.000788039, 0.290901, 0.000787695, 0.000431508, -1, 0.848126, 0.000796535, -1, -0.00043088, 1.02183, 0, 0, 0, 1
-0.999999, -0.000795498, -0.000782888, 0.290901, 0.000782542, 0.000435354, -1, 0.848126, 0.000795839, -1, -0.000434732, 1.02183, 0, 0, 0, 1
-0.999999, -0.000794647, -0.000776592, 0.290901, 0.000776242, 0.000440056, -1, 0.848127, 0.000794988, -1, -0.000439439, 1.02183, 0, 0, 0, 1
-0.999999, -0.00079364, -0.000769152, 0.290901, 0.000768798, 0.000445613, -1, 0.848129, 0.000793983, -1, -0.000445002, 1.02183, 0, 0, 0, 1
-0.999999, -0.000792479, -0.000760567, 0.290901, 0.000760209, 0.000452024, -1, 0.84813, 0.000792822, -1, -0.000451421, 1.02183, 0, 0, 0, 1
-0.999999, -0.000791163, -0.000750837, 0.2909, 0.000750474, 0.00045929, -1, 0.848131, 0.000791507, -1, -0.000458696, 1.02183, 0, 0, 0, 1
-0.999999, -0.000789691, -0.000739963, 0.2909, 0.000739594, 0.000467411, -1, 0.848133, 0.000790037, -1, -0.000466827, 1.02183, 0, 0, 0, 1
-0.999999, -0.000788066, -0.000727943, 0.2909, 0.000727568, 0.000476387, -1, 0.848135, 0.000788412, -1, -0.000475813, 1.02183, 0, 0, 0, 1
-0.999999, -0.000786285, -0.00071478, 0.2909, 0.000714398, 0.000486218, -1, 0.848137, 0.000786632, -1, -0.000485656, 1.02182, 0, 0, 0, 1
-0.999999, -0.000784349, -0.000700471, 0.2909, 0.000700082, 0.000496903, -1, 0.848139, 0.000784697, -1, -0.000496354, 1.02182, 0, 0, 0, 1
-0.999999, -0.000782259, -0.000685018, 0.2909, 0.000684621, 0.000508444, -1, 0.848142, 0.000782607, -1, -0.000507908, 1.02182, 0, 0, 0, 1
-0.999999, -0.000780014, -0.000668421, 0.2909, 0.000668014, 0.000520839, -1, 0.848144, 0.000780362, -1, -0.000520318, 1.02182, 0, 0, 0, 1
-0.999999, -0.000777614, -0.000650678, 0.290899, 0.000650263, 0.000534089, -1, 0.848147, 0.000777961, -1, -0.000533583, 1.02182, 0, 0, 0, 1
-1, -0.00077506, -0.000631791, 0.290899, 0.000631366, 0.000548194, -1, 0.84815, 0.000775406, -1, -0.000547705, 1.02181, 0, 0, 0, 1
-1, -0.00077235, -0.000611759, 0.290899, 0.000611325, 0.000563154, -1, 0.848153, 0.000772695, -1, -0.000562682, 1.02181, 0, 0, 0, 1
-1, -0.000769486, -0.000590583, 0.290899, 0.000590138, 0.000578969, -1, 0.848156, 0.000769828, -1, -0.000578515, 1.02181, 0, 0, 0, 1
-1, -0.000766467, -0.000568262, 0.290898, 0.000567805, 0.000595639, -1, 0.84816, 0.000766806, -1, -0.000595203, 1.02181, 0, 0, 0, 1
-1, -0.000763294, -0.000544796, 0.290898, 0.000544328, 0.000613163, -1, 0.848163, 0.000763628, -1, -0.000612748, 1.0218, 0, 0, 0, 1
-1, -0.000759966, -0.000520186, 0.290898, 0.000519706, 0.000631543, -1, 0.848167, 0.000760294, -1, -0.000631147, 1.0218, 0, 0, 0, 1
-1, -0.000756483, -0.000494431, 0.290898, 0.000493938, 0.000650777, -1, 0.848171, 0.000756805, -1, -0.000650403, 1.0218, 0, 0, 0, 1
-1, -0.000752846, -0.000467531, 0.290897, 0.000467026, 0.000670866, -1, 0.848175, 0.000753159, -0.999999, -0.000670514, 1.02179, 0, 0, 0, 1
-1, -0.000749054, -0.000439486, 0.290897, 0.000438968, 0.00069181, -1, 0.848179, 0.000749357, -0.999999, -0.000691481, 1.02179, 0, 0, 0, 1
-1, -0.000745107, -0.000410297, 0.290897, 0.000409766, 0.000713609, -1, 0.848184, 0.0007454, -0.999999, -0.000713304, 1.02179, 0, 0, 0, 1
-1, -0.000741006, -0.000379964, 0.290896, 0.000379418, 0.000736263, -1, 0.848189, 0.000741285, -0.999999, -0.000735982, 1.02178, 0, 0, 0, 1
-1, -0.00073675, -0.000348485, 0.290896, 0.000347925, 0.000759772, -1, 0.848193, 0.000737015, -0.999999, -0.000759515, 1.02178, 0, 0, 0, 1
-1, -0.00073234, -0.000315862, 0.290895, 0.000315288, 0.000784135, -1, 0.848198, 0.000732587, -0.999999, -0.000783904, 1.02178, 0, 0, 0, 1
-1, -0.000727775, -0.000282094, 0.290895, 0.000281505, 0.000809354, -1, 0.848204, 0.000728003, -0.999999, -0.000809149, 1.02177, 0, 0, 0, 1
-1, -0.000723056, -0.000247182, 0.290895, 0.000246578, 0.000835427, -1, 0.848209, 0.000723262, -0.999999, -0.000835249, 1.02177, 0, 0, 0, 1
-1, -0.000718182, -0.000211125, 0.290894, 0.000210505, 0.000862356, -1, 0.848215, 0.000718364, -0.999999, -0.000862204, 1.02176, 0, 0, 0, 1
-1, -0.000713154, -0.000173923, 0.290894, 0.000173288, 0.000890139, -1, 0.84822, 0.000713308, -0.999999, -0.000890015, 1.02176, 0, 0, 0, 1
-1, -0.000707971, -0.000135576, 0.290893, 0.000134926, 0.000918777, -1, 0.848226, 0.000708095, -0.999999, -0.000918682, 1.02175, 0, 0, 0, 1
-1, -0.000702634, -9.60851e-05, 0.290893, 9.54188e-05, 0.000948271, -1, 0.848232, 0.000702725, -0.999999, -0.000948203, 1.02175, 0, 0, 0, 1
-1, -0.000697143, -5.54493e-05, 0.290892, 5.4767e-05, 0.000978619, -1, 0.848239, 0.000697197, -0.999999, -0.00097858, 1.02175, 0, 0, 0, 1
-1, -0.000691497, -1.36688e-05, 0.290892, 1.29705e-05, 0.00100982, -0.999999, 0.848245, 0.000691511, -0.999999, -0.00100981, 1.02174, 0, 0, 0, 1
-1, -0.000685698, 2.92564e-05, 0.290891, -2.99708e-05, 0.00104188, -0.999999, 0.848252, 0.000685667, -0.999999, -0.0010419, 1.02174, 0, 0, 0, 1
-1, -0.000679743, 7.33263e-05, 0.290891, -7.40568e-05, 0.00107479, -0.999999, 0.848259, 0.000679664, -0.999999, -0.00107484, 1.02173, 0, 0, 0, 1
-1, -0.000673635, 0.000118541, 0.29089, -0.000119287, 0.00110856, -0.999999, 0.848266, 0.000673503, -0.999999, -0.00110864, 1.02172, 0, 0, 0, 1
-1, -0.000667373, 0.0001649, 0.29089, -0.000165663, 0.00114318, -0.999999, 0.848273, 0.000667184, -0.999999, -0.00114329, 1.02172, 0, 0, 0, 1
-1, -0.000660956, 0.000212404, 0.290889, -0.000213183, 0.00117866, -0.999999, 0.84828, 0.000660705, -0.999999, -0.0011788, 1.02171, 0, 0, 0, 1
-1, -0.000654385, 0.000261052, 0.290889, -0.000261847, 0.00121499, -0.999999, 0.848288, 0.000654068, -0.999999, -0.00121517, 1.02171, 0, 0, 0, 1
-1, -0.00064766, 0.000310846, 0.290888, -0.000311656, 0.00125218, -0.999999, 0.848295, 0.000647271, -0.999999, -0.00125238, 1.0217, 0, 0, 0, 1
-1, -0.000640781, 0.000361783, 0.290888, -0.00036261, 0.00129022, -0.999999, 0.848303, 0.000640314, -0.999999, -0.00129046, 1.0217, 0, 0, 0, 1
-1, -0.000633749, 0.000413866, 0.290887, -0.000414708, 0.00132912, -0.999999, 0.848311, 0.000633198, -0.999999, -0.00132939, 1.02169, 0, 0, 0, 1
-1, -0.000626562, 0.000467093, 0.290886, -0.000467951, 0.00136888, -0.999999, 0.848319, 0.000625922, -0.999999, -0.00136917, 1.02168, 0, 0, 0, 1
-1, -0.000619221, 0.000521465, 0.290886, -0.000522337, 0.00140948, -0.999999, 0.848328, 0.000618485, -0.999999, -0.00140981, 1.02168, 0, 0, 0, 1
-1, -0.000611726, 0.000576982, 0.290885, -0.000577869, 0.00145095, -0.999999, 0.848336, 0.000610888, -0.999999, -0.0014513, 1.02167, 0, 0, 0, 1
-1, -0.000604078, 0.000633643, 0.290884, -0.000634544, 0.00149326, -0.999999, 0.848345, 0.000603131, -0.999999, -0.00149365, 1.02166, 0, 0, 0, 1
-1, -0.000596276, 0.000691449, 0.290884, -0.000692364, 0.00153644, -0.999999, 0.848354, 0.000595212, -0.999999, -0.00153685, 1.02166, 0, 0, 0, 1
-1, -0.000588319, 0.000750399, 0.290883, -0.000751328, 0.00158047, -0.999998, 0.848363, 0.000587133, -0.999999, -0.00158091, 1.02165, 0, 0, 0, 1
-1, -0.00058021, 0.000810495, 0.290882, -0.000811437, 0.00162535, -0.999998, 0.848372, 0.000578891, -0.999999, -0.00162582, 1.02164, 0, 0, 0, 1
-0.999999, -0.000571946, 0.000871734, 0.290882, -0.000872689, 0.00167109, -0.999998, 0.848382, 0.000570489, -0.999998, -0.00167158, 1.02163, 0, 0, 0, 1
-0.999999, -0.000563529, 0.000934119, 0.290881, -0.000935086, 0.00171768, -0.999998, 0.848391, 0.000561924, -0.999998, -0.00171821, 1.02163, 0, 0, 0, 1
-0.999999, -0.000554959, 0.000997648, 0.29088, -0.000998626, 0.00176513, -0.999998, 0.848401, 0.000553196, -0.999998, -0.00176568, 1.02162, 0, 0, 0, 1
-0.999999, -0.000546234, 0.00106232, 0.290879, -0.00106331, 0.00181343, -0.999998, 0.848411, 0.000544307, -0.999998, -0.00181401, 1.02161, 0, 0, 0, 1
-0.999999, -0.000537357, 0.00112814, 0.290879, -0.00112914, 0.00186259, -0.999998, 0.848421, 0.000535254, -0.999998, -0.00186319, 1.0216, 0, 0, 0, 1
-0.999999, -0.000528326, 0.0011951, 0.290878, -0.00119611, 0.0019126, -0.999997, 0.848432, 0.000526039, -0.999998, -0.00191323, 1.0216, 0, 0, 0, 1
-0.999999, -0.000519141, 0.00126321, 0.290877, -0.00126423, 0.00196347, -0.999997, 0.848442, 0.00051666, -0.999998, -0.00196413, 1.02159, 0, 0, 0, 1
-0.999999, -0.000509803, 0.00133246, 0.290876, -0.00133349, 0.00201519, -0.999997, 0.848453, 0.000507117, -0.999998, -0.00201587, 1.02158, 0, 0, 0, 1
-0.999999, -0.000500312, 0.00140286, 0.290875, -0.00140389, 0.00206777, -0.999997, 0.848464, 0.00049741, -0.999998, -0.00206847, 1.02157, 0, 0, 0, 1
-0.999999, -0.000490668, 0.0014744, 0.290875, -0.00147544, 0.00212121, -0.999997, 0.848475, 0.000487539, -0.999998, -0.00212193, 1.02156, 0, 0, 0, 1
-0.999999, -0.000480871, 0.00154709, 0.290874, -0.00154813, 0.0021755, -0.999996, 0.848486, 0.000477503, -0.999998, -0.00217624, 1.02155, 0, 0, 0, 1
-0.999999, -0.00047092, 0.00162092, 0.290873, -0.00162197, 0.00223064, -0.999996, 0.848498, 0.000467303, -0.999997, -0.0022314, 1.02154, 0, 0, 0, 1
-0.999998, -0.000460816, 0.0016959, 0.290872, -0.00169695, 0.00228664, -0.999996, 0.848509, 0.000456937, -0.999997, -0.00228742, 1.02154, 0, 0, 0, 1
-0.999998, -0.00045056, 0.00177202, 0.290871, -0.00177307, 0.00234349, -0.999996, 0.848521, 0.000446405, -0.999997, -0.00234429, 1.02153, 0, 0, 0, 1
-0.999998, -0.00044015, 0.00184928, 0.29087, -0.00185033, 0.0024012, -0.999995, 0.848533, 0.000435707, -0.999997, -0.00240201, 1.02152, 0, 0, 0, 1
-0.999998, -0.000429587, 0.00192769, 0.290869, -0.00192874, 0.00245977, -0.999995, 0.848545, 0.000424844, -0.999997, -0.00246059, 1.02151, 0, 0, 0, 1
-0.999998, -0.000418872, 0.00200725, 0.290868, -0.0020083, 0.00251919, -0.999995, 0.848557, 0.000413813, -0.999997, -0.00252003, 1.0215, 0, 0, 0, 1
-0.999998, -0.000408004, 0.00208795, 0.290867, -0.00208899, 0.00257946, -0.999994, 0.84857, 0.000402616, -0.999997, -0.00258031, 1.02149, 0, 0, 0, 1
-0.999998, -0.000396983, 0.00216979, 0.290866, -0.00217083, 0.0026406, -0.999994, 0.848582, 0.000391251, -0.999996, -0.00264145, 1.02148, 0, 0, 0, 1
-0.999997, -0.00038581, 0.00225278, 0.290865, -0.00225381, 0.00270258, -0.999994, 0.848595, 0.000379719, -0.999996, -0.00270344, 1.02147, 0, 0, 0, 1
-0.999997, -0.000374483, 0.00233691, 0.290864, -0.00233794, 0.00276542, -0.999993, 0.848608, 0.000368018, -0.999996, -0.00276629, 1.02146, 0, 0, 0, 1
-0.999997, -0.000363005, 0.00242219, 0.290863, -0.00242321, 0.00282912, -0.999993, 0.848621, 0.00035615, -0.999996, -0.00282999, 1.02145, 0, 0, 0, 1
-0.999997, -0.000351374, 0.00250861, 0.290862, -0.00250962, 0.00289367, -0.999993, 0.848635, 0.000344112, -0.999996, -0.00289454, 1.02144, 0, 0, 0, 1
-0.999997, -0.00033959, 0.00259618, 0.290861, -0.00259717, 0.00295908, -0.999992, 0.848648, 0.000331905, -0.999996, -0.00295995, 1.02143, 0, 0, 0, 1
-0.999996, -0.000327654, 0.00268489, 0.29086, -0.00268587, 0.00302534, -0.999992, 0.848662, 0.000319529, -0.999995, -0.00302621, 1.02142, 0, 0, 0, 1
-0.999996, -0.000315566, 0.00277475, 0.290859, -0.00277571, 0.00309246, -0.999991, 0.848676, 0.000306983, -0.999995, -0.00309332, 1.02141, 0, 0, 0, 1
-0.999996, -0.000303326, 0.00286575, 0.290858, -0.00286669, 0.00316043, -0.999991, 0.84869, 0.000294266, -0.999995, -0.00316129, 1.02139, 0, 0, 0, 1
-0.999996, -0.000290933, 0.00295789, 0.290857, -0.00295882, 0.00322926, -0.99999, 0.848704, 0.000281379, -0.999995, -0.0032301, 1.02138, 0, 0, 0, 1
-0.999995, -0.000278389, 0.00305118, 0.290856, -0.00305209, 0.00329894, -0.99999, 0.848718, 0.00026832, -0.999995, -0.00329977, 1.02137, 0, 0, 0, 1
-0.999995, -0.000265692, 0.00314562, 0.290855, -0.0031465, 0.00336948, -0.999989, 0.848733, 0.00025509, -0.999994, -0.0033703, 1.02136, 0, 0, 0, 1
-0.999995, -0.000252844, 0.0032412, 0.290854, -0.00324205, 0.00344087, -0.999989, 0.848748, 0.000241688, -0.999994, -0.00344167, 1.02135, 0, 0, 0, 1
-0.999994, -0.000239843, 0.00333792, 0.290853, -0.00333874, 0.00351312, -0.999988, 0.848763, 0.000228114, -0.999994, -0.0035139, 1.02134, 0, 0, 0, 1
-0.999994, -0.000226691, 0.00343579, 0.290851, -0.00343658, 0.00358623, -0.999988, 0.848778, 0.000214367, -0.999994, -0.00358699, 1.02133, 0, 0, 0, 1
-0.999994, -0.000213387, 0.0035348, 0.29085, -0.00353556, 0.00366019, -0.999987, 0.848793, 0.000200446, -0.999993, -0.00366092, 1.02131, 0, 0, 0, 1
-0.999993, -0.000199932, 0.00363496, 0.290849, -0.00363568, 0.003735, -0.999986, 0.848809, 0.000186352, -0.999993, -0.00373571, 1.0213, 0, 0, 0, 1
-0.999993, -0.000186324, 0.00373627, 0.290848, -0.00373695, 0.00381067, -0.999986, 0.848824, 0.000172084, -0.999993, -0.00381134, 1.02129, 0, 0, 0, 1
-0.999993, -0.000172566, 0.00383871, 0.290847, -0.00383935, 0.0038872, -0.999985, 0.84884, 0.000157641, -0.999992, -0.00388783, 1.02128, 0, 0, 0, 1
-0.999992, -0.000158656, 0.0039423, 0.290845, -0.0039429, 0.00396458, -0.999984, 0.848856, 0.000143024, -0.999992, -0.00396518, 1.02127, 0, 0, 0, 1
-0.999992, -0.000144594, 0.00404704, 0.290844, -0.00404759, 0.00404282, -0.999984, 0.848872, 0.000128231, -0.999992, -0.00404337, 1.02125, 0, 0, 0, 1
-0.999991, -0.000130382, 0.00415292, 0.290843, -0.00415342, 0.00412191, -0.999983, 0.848889, 0.000113262, -0.999991, -0.00412242, 1.02124, 0, 0, 0, 1
-0.999991, -0.000116018, 0.00425995, 0.290842, -0.0042604, 0.00420186, -0.999982, 0.848905, 9.81162e-05, -0.999991, -0.00420232, 1.02123, 0, 0, 0, 1
-0.99999, -0.000101503, 0.00436812, 0.29084, -0.00436851, 0.00428266, -0.999981, 0.848922, 8.27939e-05, -0.999991, -0.00428307, 1.02121, 0, 0, 0, 1
-0.99999, -8.68371e-05, 0.00447743, 0.290839, -0.00447777, 0.00436432, -0.99998, 0.848939, 6.72944e-05, -0.99999, -0.00436467, 1.0212, 0, 0, 0, 1
-0.999989, -7.20202e-05, 0.00458789, 0.290838, -0.00458817, 0.00444684, -0.99998, 0.848956, 5.16171e-05, -0.99999, -0.00444712, 1.02119, 0, 0, 0, 1
-0.999989, -5.70524e-05, 0.0046995, 0.290836, -0.00469971, 0.00453021, -0.999979, 0.848973, 3.57615e-05, -0.99999, -0.00453043, 1.02118, 0, 0, 0, 1
-0.999988, -4.19339e-05, 0.00481224, 0.290835, -0.00481239, 0.00461443, -0.999978, 0.848991, 1.97271e-05, -0.999989, -0.00461458, 1.02116, 0, 0, 0, 1
-0.999988, -2.66646e-05, 0.00492614, 0.290834, -0.00492621, 0.00469952, -0.999977, 0.849008, 3.51355e-06, -0.999989, -0.00469959, 1.02115, 0, 0, 0, 1
-0.999987, -1.12448e-05, 0.00504118, 0.290832, -0.00504117, 0.00478545, -0.999976, 0.849026, -1.28798e-05, -0.999989, -0.00478545, 1.02113, 0, 0, 0, 1
-0.999987, 4.32561e-06, 0.00515736, 0.290831, -0.00515728, 0.00487224, -0.999975, 0.849044, -2.94534e-05, -0.999988, -0.00487216, 1.02112, 0, 0, 0, 1
-0.999986, 2.00464e-05, 0.00527469, 0.29083, -0.00527452, 0.00495989, -0.999974, 0.849062, -4.62078e-05, -0.999988, -0.00495972, 1.02111, 0, 0, 0, 1
-0.999985, 3.59176e-05, 0.00539316, 0.290828, -0.00539291, 0.0050484, -0.999973, 0.84908, -6.31434e-05, -0.999987, -0.00504813, 1.02109, 0, 0, 0, 1
-0.999985, 5.1939e-05, 0.00551277, 0.290827, -0.00551243, 0.00513776, -0.999972, 0.849099, -8.02608e-05, -0.999987, -0.00513739, 1.02108, 0, 0, 0, 1
-0.999984, 6.81107e-05, 0.00563353, 0.290825, -0.0056331, 0.00522797, -0.99997, 0.849118, -9.75606e-05, -0.999986, -0.0052275, 1.02106, 0, 0, 0, 1
-0.999983, 8.44324e-05, 0.00575544, 0.290824, -0.00575491, 0.00531904, -0.999969, 0.849136, -0.000115043, -0.999986, -0.00531847, 1.02105, 0, 0, 0, 1
-0.999983, 0.000100904, 0.00587849, 0.290822, -0.00587786, 0.00541097, -0.999968, 0.849155, -0.000132709, -0.999985, -0.00541028, 1.02103, 0, 0, 0, 1
-0.999982, 0.000117526, 0.00600268, 0.290821, -0.00600194, 0.00550375, -0.999967, 0.849175, -0.000150559, -0.999985, -0.00550294, 1.02102, 0, 0, 0, 1
-0.999981, 0.000134297, 0.00612802, 0.290819, -0.00612717, 0.00559739, -0.999966, 0.849194, -0.000168593, -0.999984, -0.00559646, 1.021, 0, 0, 0, 1
-0.99998, 0.000151218, 0.0062545, 0.290818, -0.00625354, 0.00569188, -0.999964, 0.849214, -0.000186813, -0.999984, -0.00569082, 1.02099, 0, 0, 0, 1
-0.99998, 0.000168289, 0.00638213, 0.290816, -0.00638105, 0.00578723, -0.999963, 0.849233, -0.000205218, -0.999983, -0.00578604, 1.02097, 0, 0, 0, 1
-0.999979, 0.000185509, 0.0065109, 0.290815, -0.0065097, 0.00588343, -0.999962, 0.849253, -0.000223809, -0.999983, -0.0058821, 1.02096, 0, 0, 0, 1
-0.999978, 0.000202879, 0.00664082, 0.290813, -0.00663949, 0.00598049, -0.99996, 0.849273, -0.000242586, -0.999982, -0.00597902, 1.02094, 0, 0, 0, 1
-0.999977, 0.000220398, 0.00677188, 0.290812, -0.00677042, 0.00607841, -0.999959, 0.849294, -0.000261551, -0.999982, -0.00607678, 1.02093, 0, 0, 0, 1
-0.999976, 0.000238066, 0.00690409, 0.29081, -0.00690249, 0.00617718, -0.999957, 0.849314, -0.000280704, -0.999981, -0.00617539, 1.02091, 0, 0, 0, 1
-0.999975, 0.000255884, 0.00703744, 0.290809, -0.00703569, 0.00627681, -0.999956, 0.849335, -0.000300045, -0.99998, -0.00627485, 1.0209, 0, 0, 0, 1
-0.999974, 0.00027385, 0.00717193, 0.290807, -0.00717004, 0.00637729, -0.999954, 0.849356, -0.000319575, -0.99998, -0.00637517, 1.02088, 0, 0, 0, 1
-0.999973, 0.000291966, 0.00730757, 0.290805, -0.00730553, 0.00647863, -0.999952, 0.849376, -0.000339295, -0.999979, -0.00647633, 1.02086, 0, 0, 0, 1
-0.999972, 0.00031023, 0.00744436, 0.290804, -0.00744215, 0.00658083, -0.999951, 0.849398, -0.000359205, -0.999978, -0.00657834, 1.02085, 0, 0, 0, 1
-0.999971, 0.000328643, 0.00758228, 0.290802, -0.00757992, 0.00668388, -0.999949, 0.849419, -0.000379305, -0.999978, -0.0066812, 1.02083, 0, 0, 0, 1
-0.99997, 0.000347205, 0.00772136, 0.2908, -0.00771882, 0.00678779, -0.999947, 0.849441, -0.000399597, -0.999977, -0.0067849, 1.02081, 0, 0, 0, 1
-0.999969, 0.000365915, 0.00786157, 0.290799, -0.00785887, 0.00689255, -0.999945, 0.849462, -0.000420081, -0.999976, -0.00688946, 1.0208, 0, 0, 0, 1
-0.999968, 0.000384773, 0.00800294, 0.290797, -0.00800005, 0.00699817, -0.999944, 0.849484, -0.000440758, -0.999975, -0.00699487, 1.02078, 0, 0, 0, 1
-0.999967, 0.00040378, 0.00814544, 0.290795, -0.00814237, 0.00710464, -0.999942, 0.849506, -0.000461627, -0.999975, -0.00710112, 1.02076, 0, 0, 0, 1
-0.999966, 0.000422936, 0.00828909, 0.290794, -0.00828583, 0.00721197, -0.99994, 0.849528, -0.000482691, -0.999974, -0.00720822, 1.02075, 0, 0, 0, 1
-0.999964, 0.000442239, 0.00843389, 0.290792, -0.00843042, 0.00732016, -0.999938, 0.849551, -0.000503949, -0.999973, -0.00731617, 1.02073, 0, 0, 0, 1
-0.999963, 0.00046169, 0.00857983, 0.29079, -0.00857616, 0.0074292, -0.999936, 0.849573, -0.000525402, -0.999972, -0.00742497, 1.02071, 0, 0, 0, 1
-0.999962, 0.000481289, 0.00872691, 0.290788, -0.00872303, 0.0075391, -0.999934, 0.849596, -0.00054705, -0.999971, -0.00753462, 1.02069, 0, 0, 0, 1
-0.99996, 0.000501036, 0.00887514, 0.290786, -0.00887105, 0.00764986, -0.999931, 0.849619, -0.000568896, -0.999971, -0.00764511, 1.02068, 0, 0, 0, 1
-0.999959, 0.000520931, 0.00902451, 0.290785, -0.0090202, 0.00776147, -0.999929, 0.849642, -0.000590938, -0.99997, -0.00775645, 1.02066, 0, 0, 0, 1
-0.999958, 0.000540973, 0.00917503, 0.290783, -0.00917048, 0.00787393, -0.999927, 0.849666, -0.000613177, -0.999969, -0.00786864, 1.02064, 0, 0, 0, 1
-0.999956, 0.000561163, 0.00932669, 0.290781, -0.00932191, 0.00798726, -0.999925, 0.849689, -0.000635615, -0.999968, -0.00798168, 1.02062, 0, 0, 0, 1
-0.999955, 0.0005815, 0.00947949, 0.290779, -0.00947447, 0.00810144, -0.999922, 0.849713, -0.000658252, -0.999967, -0.00809556, 1.02061, 0, 0, 0, 1
-0.999953, 0.000601984, 0.00963344, 0.290777, -0.00962817, 0.00821647, -0.99992, 0.849736, -0.000681089, -0.999966, -0.00821029, 1.02059, 0, 0, 0, 1
-0.999952, 0.000622616, 0.00978854, 0.290775, -0.00978301, 0.00833236, -0.999917, 0.84976, -0.000704126, -0.999965, -0.00832587, 1.02057, 0, 0, 0, 1
-0.99995, 0.000643394, 0.00994478, 0.290774, -0.00993899, 0.00844911, -0.999915, 0.849785, -0.000727364, -0.999964, -0.00844229, 1.02055, 0, 0, 0, 1
-0.999949, 0.000664319, 0.0101022, 0.290772, -0.0100961, 0.00856671, -0.999912, 0.849809, -0.000750803, -0.999963, -0.00855956, 1.02053, 0, 0, 0, 1
-0.999947, 0.000685391, 0.0102607, 0.29077, -0.0102543, 0.00868517, -0.99991, 0.849834, -0.000774445, -0.999962, -0.00867768, 1.02051, 0, 0, 0, 1
-0.999945, 0.00070661, 0.0104204, 0.290768, -0.0104137, 0.00880449, -0.999907, 0.849858, -0.00079829, -0.999961, -0.00879665, 1.02049, 0, 0, 0, 1
-0.999944, 0.000727975, 0.0105812, 0.290766, -0.0105743, 0.00892466, -0.999904, 0.849883, -0.000822339, -0.99996, -0.00891646, 1.02047, 0, 0, 0, 1
-0.999942, 0.000749487, 0.0107431, 0.290764, -0.0107359, 0.00904568, -0.999901, 0.849908, -0.000846592, -0.999959, -0.00903711, 1.02046, 0, 0, 0, 1
-0.99994, 0.000771145, 0.0109062, 0.290762, -0.0108987, 0.00916757, -0.999899, 0.849934, -0.00087105, -0.999958, -0.00915862, 1.02044, 0, 0, 0, 1
-0.999938, 0.000792949, 0.0110705, 0.29076, -0.0110626, 0.00929031, -0.999896, 0.849959, -0.000895714, -0.999957, -0.00928096, 1.02042, 0, 0, 0, 1
-0.999937, 0.000814899, 0.0112359, 0.290758, -0.0112277, 0.0094139, -0.999893, 0.849985, -0.000920585, -0.999955, -0.00940416, 1.0204, 0, 0, 0, 1
-0.999935, 0.000836995, 0.0114024, 0.290756, -0.0113939, 0.00953836, -0.99989, 0.85001, -0.000945663, -0.999954, -0.0095282, 1.02038, 0, 0, 0, 1
-0.999933, 0.000859237, 0.0115701, 0.290754, -0.0115613, 0.00966367, -0.999886, 0.850036, -0.000970949, -0.999953, -0.00965308, 1.02036, 0, 0, 0, 1
-0.999931, 0.000881624, 0.0117389, 0.290752, -0.0117297, 0.00978983, -0.999883, 0.850063, -0.000996443, -0.999952, -0.00977881, 1.02034, 0, 0, 0, 1
-0.999929, 0.000904157, 0.0119089, 0.29075, -0.0118993, 0.00991685, -0.99988, 0.850089, -0.00102215, -0.99995, -0.00990539, 1.02032, 0, 0, 0, 1
-0.999927, 0.000926836, 0.01208, 0.290748, -0.0120701, 0.0100447, -0.999877, 0.850115, -0.00104806, -0.999949, -0.0100328, 1.0203, 0, 0, 0, 1
-0.999924, 0.00094966, 0.0122523, 0.290745, -0.012242, 0.0101735, -0.999873, 0.850142, -0.00107419, -0.999948, -0.0101611, 1.02028, 0, 0, 0, 1
-0.999922, 0.000972628, 0.0124257, 0.290743, -0.012415, 0.0103031, -0.99987, 0.850169, -0.00110052, -0.999946, -0.0102902, 1.02026, 0, 0, 0, 1
-0.99992, 0.000995742, 0.0126002, 0.290741, -0.0125891, 0.0104335, -0.999866, 0.850196, -0.00112707, -0.999945, -0.0104201, 1.02023, 0, 0, 0, 1
-0.999918, 0.001019, 0.0127759, 0.290739, -0.0127644, 0.0105648, -0.999863, 0.850223, -0.00115384, -0.999944, -0.0105509, 1.02021, 0, 0, 0, 1
-0.999916, 0.00104241, 0.0129527, 0.290737, -0.0129408, 0.010697, -0.999859, 0.850251, -0.00118081, -0.999942, -0.0106826, 1.02019, 0, 0, 0, 1
-0.999913, 0.00106595, 0.0131307, 0.290735, -0.0131184, 0.01083, -0.999855, 0.850278, -0.001208, -0.999941, -0.0108151, 1.02017, 0, 0, 0, 1
-0.999911, 0.00108965, 0.0133098, 0.290732, -0.0132971, 0.0109639, -0.999851, 0.850306, -0.00123541, -0.999939, -0.0109484, 1.02015, 0, 0, 0, 1
-0.999908, 0.00111348, 0.0134901, 0.29073, -0.0134769, 0.0110986, -0.999848, 0.850334, -0.00126303, -0.999938, -0.0110826, 1.02013, 0, 0, 0, 1
-0.999906, 0.00113747, 0.0136715, 0.290728, -0.0136579, 0.0112342, -0.999844, 0.850362, -0.00129088, -0.999936, -0.0112176, 1.02011, 0, 0, 0, 1
-0.999903, 0.00116159, 0.0138541, 0.290726, -0.01384, 0.0113706, -0.99984, 0.85039, -0.00131893, -0.999935, -0.0113534, 1.02009, 0, 0, 0, 1
-0.999901, 0.00118586, 0.0140378, 0.290723, -0.0140232, 0.0115079, -0.999835, 0.850419, -0.00134721, -0.999933, -0.0114901, 1.02006, 0, 0, 0, 1
-0.999898, 0.00121027, 0.0142226, 0.290721, -0.0142075, 0.0116461, -0.999831, 0.850448, -0.00137571, -0.999931, -0.0116277, 1.02004, 0, 0, 0, 1
-0.999895, 0.00123483, 0.0144086, 0.290719, -0.014393, 0.0117851, -0.999827, 0.850476, -0.00140442, -0.99993, -0.0117661, 1.02002, 0, 0, 0, 1
-0.999893, 0.00125953, 0.0145957, 0.290717, -0.0145797, 0.0119249, -0.999823, 0.850505, -0.00143336, -0.999928, -0.0119053, 1.02, 0, 0, 0, 1
-0.99989, 0.00128438, 0.014784, 0.290714, -0.0147674, 0.0120657, -0.999818, 0.850535, -0.00146252, -0.999926, -0.0120454, 1.01998, 0, 0, 0, 1
-0.999887, 0.00130936, 0.0149734, 0.290712, -0.0149563, 0.0122072, -0.999814, 0.850564, -0.0014919, -0.999925, -0.0121863, 1.01995, 0, 0, 0, 1
-0.999884, 0.00133449, 0.015164, 0.29071, -0.0151463, 0.0123497, -0.999809, 0.850594, -0.00152151, -0.999923, -0.012328, 1.01993, 0, 0, 0, 1
-0.999881, 0.00135977, 0.0153557, 0.290707, -0.0153375, 0.012493, -0.999804, 0.850623, -0.00155134, -0.999921, -0.0124706, 1.01991, 0, 0, 0, 1
-0.999878, 0.00138518, 0.0155485, 0.290705, -0.0155298, 0.0126371, -0.9998, 0.850653, -0.00158139, -0.999919, -0.0126141, 1.01989, 0, 0, 0, 1
-0.999875, 0.00141074, 0.0157425, 0.290702, -0.0157232, 0.0127821, -0.999795, 0.850683, -0.00161168, -0.999917, -0.0127584, 1.01986, 0, 0, 0, 1
-0.999872, 0.00143644, 0.0159376, 0.2907, -0.0159178, 0.012928, -0.99979, 0.850714, -0.00164218, -0.999915, -0.0129035, 1.01984, 0, 0, 0, 1
-0.999869, 0.00146229, 0.0161339, 0.290698, -0.0161134, 0.0130747, -0.999785, 0.850744, -0.00167292, -0.999913, -0.0130494, 1.01982, 0, 0, 0, 1
-0.999866, 0.00148827, 0.0163313, 0.290695, -0.0163103, 0.0132223, -0.99978, 0.850775, -0.00170388, -0.999911, -0.0131962, 1.01979, 0, 0, 0, 1
-0.999862, 0.0015144, 0.0165299, 0.290693, -0.0165082, 0.0133707, -0.999774, 0.850805, -0.00173508, -0.999909, -0.0133439, 1.01977, 0, 0, 0, 1
-0.999859, 0.00154067, 0.0167296, 0.29069, -0.0167073, 0.01352, -0.999769, 0.850836, -0.0017665, -0.999907, -0.0134924, 1.01975, 0, 0, 0, 1
-0.999855, 0.00156709, 0.0169305, 0.290688, -0.0169075, 0.0136702, -0.999764, 0.850868, -0.00179816, -0.999905, -0.0136417, 1.01972, 0, 0, 0, 1
-0.999852, 0.00159364, 0.0171325, 0.290685, -0.0171088, 0.0138212, -0.999758, 0.850899, -0.00183005, -0.999903, -0.0137919, 1.0197, 0, 0, 0, 1
-0.999848, 0.00162034, 0.0173356, 0.290683, -0.0173113, 0.013973, -0.999753, 0.85093, -0.00186217, -0.999901, -0.0139429, 1.01968, 0, 0, 0, 1
-0.999845, 0.00164717, 0.0175399, 0.29068, -0.0175149, 0.0141258, -0.999747, 0.850962, -0.00189452, -0.999899, -0.0140947, 1.01965, 0, 0, 0, 1
-0.999841, 0.00167415, 0.0177453, 0.290678, -0.0177196, 0.0142793, -0.999741, 0.850994, -0.00192711, -0.999897, -0.0142474, 1.01963, 0, 0, 0, 1
-0.999837, 0.00170127, 0.0179519, 0.290675, -0.0179255, 0.0144338, -0.999735, 0.851026, -0.00195993, -0.999894, -0.0144009, 1.0196, 0, 0, 0, 1
-0.999834, 0.00172853, 0.0181596, 0.290672, -0.0181325, 0.0145891, -0.999729, 0.851058, -0.00199299, -0.999892, -0.0145553, 1.01958, 0, 0, 0, 1
-0.99983, 0.00175593, 0.0183685, 0.29067, -0.0183406, 0.0147452, -0.999723, 0.851091, -0.00202629, -0.99989, -0.0147105, 1.01955, 0, 0, 0, 1
-0.999826, 0.00178347, 0.0185785, 0.290667, -0.0185499, 0.0149022, -0.999717, 0.851123, -0.00205983, -0.999887, -0.0148665, 1.01953, 0, 0, 0, 1
-0.999822, 0.00181116, 0.0187896, 0.290664, -0.0187602, 0.0150601, -0.999711, 0.851156, -0.0020936, -0.999885, -0.0150234, 1.0195, 0, 0, 0, 1
-0.999818, 0.00183898, 0.0190019, 0.290662, -0.0189718, 0.0152188, -0.999704, 0.851189, -0.00212762, -0.999882, -0.0151811, 1.01948, 0, 0, 0, 1
-0.999814, 0.00186694, 0.0192153, 0.290659, -0.0191844, 0.0153784, -0.999698, 0.851222, -0.00216188, -0.99988, -0.0153397, 1.01945, 0, 0, 0, 1
-0.999809, 0.00189504, 0.0194299, 0.290656, -0.0193982, 0.0155388, -0.999691, 0.851256, -0.00219638, -0.999877, -0.0154991, 1.01943, 0, 0, 0, 1
-0.999805, 0.00192329, 0.0196456, 0.290654, -0.0196131, 0.0157001, -0.999684, 0.851289, -0.00223112, -0.999875, -0.0156593, 1.0194, 0, 0, 0, 1
-0.999801, 0.00195167, 0.0198625, 0.290651, -0.0198291, 0.0158622, -0.999678, 0.851323, -0.0022661, -0.999872, -0.0158204, 1.01938, 0, 0, 0, 1
-0.999796, 0.00198019, 0.0200805, 0.290648, -0.0200462, 0.0160252, -0.999671, 0.851357, -0.00230133, -0.99987, -0.0159823, 1.01935, 0, 0, 0, 1
-0.999792, 0.00200885, 0.0202997, 0.290645, -0.0202645, 0.0161891, -0.999664, 0.851391, -0.00233681, -0.999867, -0.016145, 1.01933, 0, 0, 0, 1
-0.999787, 0.00203765, 0.0205199, 0.290643, -0.0204839, 0.0163538, -0.999656, 0.851425, -0.00237253, -0.999864, -0.0163086, 1.0193, 0, 0, 0, 1
-0.999783, 0.00206659, 0.0207414, 0.29064, -0.0207045, 0.0165194, -0.999649, 0.851459, -0.0024085, -0.999861, -0.016473, 1.01927, 0, 0, 0, 1
-0.999778, 0.00209567, 0.020964, 0.290637, -0.0209261, 0.0166858, -0.999642, 0.851494, -0.00244472, -0.999859, -0.0166382, 1.01925, 0, 0, 0, 1
-0.999773, 0.00212489, 0.0211877, 0.290634, -0.0211489, 0.0168531, -0.999634, 0.851529, -0.00248119, -0.999856, -0.0168043, 1.01922, 0, 0, 0, 1
-0.999768, 0.00215424, 0.0214125, 0.290631, -0.0213728, 0.0170212, -0.999627, 0.851564, -0.0025179, -0.999853, -0.0169712, 1.0192, 0, 0, 0, 1
-0.999763, 0.00218373, 0.0216385, 0.290629, -0.0215979, 0.0171902, -0.999619, 0.851599, -0.00255487, -0.99985, -0.017139, 1.01917, 0, 0, 0, 1
-0.999758, 0.00221337, 0.0218657, 0.290626, -0.021824, 0.0173601, -0.999611, 0.851634, -0.0025921, -0.999847, -0.0173076, 1.01914, 0, 0, 0, 1
-0.999753, 0.00224314, 0.022094, 0.290623, -0.0220513, 0.0175308, -0.999603, 0.85167, -0.00262957, -0.999844, -0.017477, 1.01912, 0, 0, 0, 1
-0.999748, 0.00227304, 0.0223234, 0.29062, -0.0222798, 0.0177024, -0.999595, 0.851705, -0.0026673, -0.999841, -0.0176473, 1.01909, 0, 0, 0, 1
-0.999743, 0.00230309, 0.022554, 0.290617, -0.0225093, 0.0178748, -0.999587, 0.851741, -0.00270529, -0.999838, -0.0178184, 1.01906, 0, 0, 0, 1
-0.999738, 0.00233327, 0.0227857, 0.290614, -0.02274, 0.0180481, -0.999578, 0.851777, -0.00274353, -0.999834, -0.0179903, 1.01903, 0, 0, 0, 1
-0.999732, 0.00236359, 0.0230186, 0.290611, -0.0229718, 0.0182222, -0.99957, 0.851813, -0.00278203, -0.999831, -0.018163, 1.01901, 0, 0, 0, 1
-0.999727, 0.00239405, 0.0232526, 0.290608, -0.0232047, 0.0183972, -0.999561, 0.85185, -0.00282078, -0.999828, -0.0183366, 1.01898, 0, 0, 0, 1
-0.999721, 0.00242464, 0.0234877, 0.290605, -0.0234387, 0.0185731, -0.999553, 0.851886, -0.0028598, -0.999825, -0.0185111, 1.01895, 0, 0, 0, 1
-0.999716, 0.00245537, 0.023724, 0.290602, -0.0236739, 0.0187498, -0.999544, 0.851923, -0.00289908, -0.999821, -0.0186863, 1.01892, 0, 0, 0, 1
-0.99971, 0.00248624, 0.0239615, 0.290599, -0.0239102, 0.0189274, -0.999535, 0.85196, -0.00293861, -0.999818, -0.0188624, 1.0189, 0, 0, 0, 1
-0.999704, 0.00251725, 0.0242, 0.290596, -0.0241476, 0.0191058, -0.999526, 0.851997, -0.00297841, -0.999814, -0.0190394, 1.01887, 0, 0, 0, 1
-0.999698, 0.00254839, 0.0244398, 0.290593, -0.0243862, 0.0192851, -0.999517, 0.852034, -0.00301848, -0.999811, -0.0192171, 1.01884, 0, 0, 0, 1
-0.999692, 0.00257966, 0.0246806, 0.29059, -0.0246258, 0.0194652, -0.999507, 0.852072, -0.00305881, -0.999807, -0.0193957, 1.01881, 0, 0, 0, 1
-0.999686, 0.00261108, 0.0249226, 0.290587, -0.0248666, 0.0196462, -0.999498, 0.85211, -0.0030994, -0.999804, -0.0195751, 1.01878, 0, 0, 0, 1
-0.99968, 0.00264263, 0.0251658, 0.290583, -0.0251085, 0.0198281, -0.999488, 0.852147, -0.00314026, -0.9998, -0.0197554, 1.01876, 0, 0, 0, 1
-0.999674, 0.00267431, 0.0254101, 0.29058, -0.0253516, 0.0200108, -0.999478, 0.852185, -0.00318139, -0.999796, -0.0199365, 1.01873, 0, 0, 0, 1
-0.999667, 0.00270613, 0.0256555, 0.290577, -0.0255957, 0.0201944, -0.999468, 0.852224, -0.00322279, -0.999792, -0.0201184, 1.0187, 0, 0, 0, 1
-0.999661, 0.00273808, 0.0259021, 0.290574, -0.025841, 0.0203788, -0.999458, 0.852262, -0.00326445, -0.999789, -0.0203011, 1.01867, 0, 0, 0, 1
-0.999654, 0.00277017, 0.0261498, 0.290571, -0.0260874, 0.0205641, -0.999448, 0.852301, -0.00330639, -0.999785, -0.0204847, 1.01864, 0, 0, 0, 1
-0.999648, 0.0028024, 0.0263986, 0.290568, -0.0263349, 0.0207503, -0.999438, 0.852339, -0.0033486, -0.999781, -0.0206691, 1.01861, 0, 0, 0, 1
-0.999641, 0.00283476, 0.0266486, 0.290564, -0.0265836, 0.0209373, -0.999427, 0.852378, -0.00339108, -0.999777, -0.0208544, 1.01858, 0, 0, 0, 1
-0.999634, 0.00286725, 0.0268998, 0.290561, -0.0268333, 0.0211251, -0.999417, 0.852417, -0.00343384, -0.999773, -0.0210404, 1.01855, 0, 0, 0, 1
-0.999627, 0.00289988, 0.0271521, 0.290558, -0.0270842, 0.0213138, -0.999406, 0.852457, -0.00347687, -0.999769, -0.0212273, 1.01852, 0, 0, 0, 1
-0.99962, 0.00293264, 0.0274055, 0.290555, -0.0273362, 0.0215034, -0.999395, 0.852496, -0.00352018, -0.999764, -0.0214151, 1.01849, 0, 0, 0, 1
-0.999613, 0.00296554, 0.0276601, 0.290551, -0.0275894, 0.0216938, -0.999384, 0.852536, -0.00356376, -0.99976, -0.0216036, 1.01846, 0, 0, 0, 1
-0.999606, 0.00299856, 0.0279158, 0.290548, -0.0278436, 0.0218851, -0.999373, 0.852576, -0.00360762, -0.999756, -0.021793, 1.01844, 0, 0, 0, 1
-0.999598, 0.00303173, 0.0281726, 0.290545, -0.028099, 0.0220773, -0.999361, 0.852616, -0.00365177, -0.999752, -0.0219832, 1.01841, 0, 0, 0, 1
-0.999591, 0.00306502, 0.0284306, 0.290541, -0.0283555, 0.0222703, -0.99935, 0.852656, -0.00369619, -0.999747, -0.0221743, 1.01838, 0, 0, 0, 1
-0.999584, 0.00309845, 0.0286897, 0.290538, -0.0286131, 0.0224642, -0.999338, 0.852696, -0.00374089, -0.999743, -0.0223661, 1.01835, 0, 0, 0, 1
-0.999576, 0.00313202, 0.02895, 0.290535, -0.0288718, 0.0226589, -0.999326, 0.852737, -0.00378588, -0.999738, -0.0225588, 1.01831, 0, 0, 0, 1
-0.999568, 0.00316571, 0.0292114, 0.290531, -0.0291316, 0.0228545, -0.999314, 0.852777, -0.00383115, -0.999734, -0.0227524, 1.01828, 0, 0, 0, 1
-0.99956, 0.00319954, 0.029474, 0.290528, -0.0293926, 0.0230509, -0.999302, 0.852818, -0.00387671, -0.999729, -0.0229467, 1.01825, 0, 0, 0, 1
-0.999553, 0.0032335, 0.0297377, 0.290524, -0.0296547, 0.0232482, -0.99929, 0.852859, -0.00392255, -0.999724, -0.0231419, 1.01822, 0, 0, 0, 1
-0.999544, 0.00326759, 0.0300025, 0.290521, -0.0299179, 0.0234463, -0.999277, 0.852901, -0.00396868, -0.99972, -0.0233379, 1.01819, 0, 0, 0, 1
-0.999536, 0.00330182, 0.0302685, 0.290517, -0.0301822, 0.0236453, -0.999265, 0.852942, -0.0040151, -0.999715, -0.0235347, 1.01816, 0, 0, 0, 1
-0.999528, 0.00333617, 0.0305356, 0.290514, -0.0304476, 0.0238452, -0.999252, 0.852984, -0.00406181, -0.99971, -0.0237324, 1.01813, 0, 0, 0, 1
-0.99952, 0.00337066, 0.0308039, 0.29051, -0.0307142, 0.0240459, -0.999239, 0.853026, -0.0041088, -0.999705, -0.0239309, 1.0181, 0, 0, 0, 1
-0.999511, 0.00340528, 0.0310733, 0.290507, -0.0309818, 0.0242475, -0.999226, 0.853068, -0.00415609, -0.9997, -0.0241302, 1.01807, 0, 0, 0, 1
-0.999503, 0.00344003, 0.0313439, 0.290503, -0.0312506, 0.02445, -0.999212, 0.85311, -0.00420368, -0.999695, -0.0243303, 1.01804, 0, 0, 0, 1
-0.999494, 0.00347491, 0.0316156, 0.2905, -0.0315205, 0.0246533, -0.999199, 0.853152, -0.00425155, -0.99969, -0.0245312, 1.01801, 0, 0, 0, 1
-0.999485, 0.00350992, 0.0318884, 0.290496, -0.0317915, 0.0248574, -0.999185, 0.853195, -0.00429973, -0.999685, -0.024733, 1.01797, 0, 0, 0, 1
-0.999476, 0.00354506, 0.0321624, 0.290492, -0.0320637, 0.0250624, -0.999172, 0.853237, -0.00434819, -0.99968, -0.0249356, 1.01794, 0, 0, 0, 1
-0.999467, 0.00358034, 0.0324375, 0.290489, -0.0323369, 0.0252683, -0.999158, 0.85328, -0.00439696, -0.999674, -0.0251391, 1.01791, 0, 0, 0, 1
-0.999458, 0.00361574, 0.0327137, 0.290485, -0.0326113, 0.025475, -0.999143, 0.853324, -0.00444603, -0.999669, -0.0253433, 1.01788, 0, 0, 0, 1
-0.999449, 0.00365127, 0.0329911, 0.290481, -0.0328867, 0.0256826, -0.999129, 0.853367, -0.00449539, -0.999663, -0.0255484, 1.01785, 0, 0, 0, 1
-0.99944, 0.00368694, 0.0332696, 0.290478, -0.0331633, 0.025891, -0.999115, 0.85341, -0.00454506, -0.999658, -0.0257543, 1.01781, 0, 0, 0, 1
-0.99943, 0.00372273, 0.0335493, 0.290474, -0.033441, 0.0261003, -0.9991, 0.853454, -0.00459503, -0.999652, -0.025961, 1.01778, 0, 0, 0, 1
-0.999421, 0.00375865, 0.0338301, 0.29047, -0.0337198, 0.0263105, -0.999085, 0.853498, -0.0046453, -0.999647, -0.0261685, 1.01775, 0, 0, 0, 1
-0.999411, 0.0037947, 0.0341121, 0.290467, -0.0339997, 0.0265215, -0.99907, 0.853542, -0.00469588, -0.999641, -0.0263769, 1.01772, 0, 0, 0, 1
-0.999401, 0.00383088, 0.0343952, 0.290463, -0.0342808, 0.0267334, -0.999055, 0.853586, -0.00474676, -0.999635, -0.0265861, 1.01768, 0, 0, 0, 1
-0.999391, 0.00386719, 0.0346794, 0.290459, -0.0345629, 0.0269461, -0.999039, 0.85363, -0.00479795, -0.999629, -0.0267961, 1.01765, 0, 0, 0, 1
-0.999381, 0.00390363, 0.0349648, 0.290455, -0.0348462, 0.0271597, -0.999024, 0.853675, -0.00484945, -0.999623, -0.0270069, 1.01762, 0, 0, 0, 1
-0.999371, 0.00394019, 0.0352513, 0.290451, -0.0351306, 0.0273742, -0.999008, 0.85372, -0.00490126, -0.999617, -0.0272185, 1.01758, 0, 0, 0, 1
-0.99936, 0.00397688, 0.035539, 0.290448, -0.0354161, 0.0275895, -0.998992, 0.853764, -0.00495338, -0.999611, -0.027431, 1.01755, 0, 0, 0, 1
-0.99935, 0.00401371, 0.0358278, 0.290444, -0.0357027, 0.0278056, -0.998976, 0.85381, -0.00500581, -0.999605, -0.0276443, 1.01752, 0, 0, 0, 1
-0.999339, 0.00405065, 0.0361177, 0.29044, -0.0359904, 0.0280227, -0.998959, 0.853855, -0.00505855, -0.999599, -0.0278584, 1.01748, 0, 0, 0, 1
-0.999329, 0.00408773, 0.0364088, 0.290436, -0.0362792, 0.0282405, -0.998943, 0.8539, -0.00511161, -0.999593, -0.0280733, 1.01745, 0, 0, 0, 1
-0.999318, 0.00412493, 0.036701, 0.290432, -0.0365691, 0.0284593, -0.998926, 0.853946, -0.00516499, -0.999586, -0.028289, 1.01742, 0, 0, 0, 1
-0.999307, 0.00416226, 0.0369943, 0.290428, -0.0368602, 0.0286789, -0.998909, 0.853992, -0.00521868, -0.99958, -0.0285056, 1.01738, 0, 0, 0, 1
-0.999296, 0.00419972, 0.0372888, 0.290424, -0.0371523, 0.0288993, -0.998892, 0.854038, -0.00527269, -0.999574, -0.0287229, 1.01735, 0, 0, 0, 1
-0.999284, 0.0042373, 0.0375845, 0.29042, -0.0374456, 0.0291206, -0.998874, 0.854084, -0.00532702, -0.999567, -0.0289411, 1.01731, 0, 0, 0, 1
-0.999273, 0.00427501, 0.0378812, 0.290416, -0.0377399, 0.0293428, -0.998857, 0.85413, -0.00538167, -0.99956, -0.0291601, 1.01728, 0, 0, 0, 1
-0.999262, 0.00431285, 0.0381792, 0.290412, -0.0380354, 0.0295658, -0.998839, 0.854177, -0.00543664, -0.999554, -0.02938, 1.01725, 0, 0, 0, 1
-0.99925, 0.00435081, 0.0384782, 0.290408, -0.038332, 0.0297897, -0.998821, 0.854224, -0.00549194, -0.999547, -0.0296006, 1.01721, 0, 0, 0, 1
-0.999238, 0.0043889, 0.0387784, 0.290404, -0.0386297, 0.0300145, -0.998803, 0.854271, -0.00554756, -0.99954, -0.029822, 1.01718, 0, 0, 0, 1
-0.999226, 0.00442711, 0.0390797, 0.2904, -0.0389285, 0.0302401, -0.998784, 0.854318, -0.0056035, -0.999533, -0.0300443, 1.01714, 0, 0, 0, 1
-0.999214, 0.00446545, 0.0393822, 0.290396, -0.0392284, 0.0304665, -0.998766, 0.854365, -0.00565978, -0.999526, -0.0302674, 1.01711, 0, 0, 0, 1
-0.999202, 0.00450391, 0.0396858, 0.290392, -0.0395294, 0.0306938, -0.998747, 0.854412, -0.00571638, -0.999519, -0.0304913, 1.01707, 0, 0, 0, 1
-0.99919, 0.0045425, 0.0399906, 0.290388, -0.0398315, 0.030922, -0.998728, 0.85446, -0.00577331, -0.999511, -0.030716, 1.01704, 0, 0, 0, 1
-0.999177, 0.00458122, 0.0402964, 0.290384, -0.0401347, 0.031151, -0.998709, 0.854508, -0.00583057, -0.999504, -0.0309415, 1.017, 0, 0, 0, 1
-0.999165, 0.00462005, 0.0406035, 0.290379, -0.040439, 0.0313809, -0.998689, 0.854556, -0.00588817, -0.999497, -0.0311679, 1.01697, 0, 0, 0, 1
-0.999152, 0.00465901, 0.0409116, 0.290375, -0.0407445, 0.0316117, -0.998669, 0.854604, -0.0059461, -0.999489, -0.031395, 1.01693, 0, 0, 0, 1
-0.999139, 0.0046981, 0.0412209, 0.290371, -0.041051, 0.0318433, -0.998649, 0.854653, -0.00600436, -0.999482, -0.031623, 1.0169, 0, 0, 0, 1
-0.999126, 0.00473731, 0.0415314, 0.290367, -0.0413586, 0.0320757, -0.998629, 0.854701, -0.00606296, -0.999474, -0.0318518, 1.01686, 0, 0, 0, 1
-0.999113, 0.00477664, 0.041843, 0.290363, -0.0416674, 0.0323091, -0.998609, 0.85475, -0.0061219, -0.999467, -0.0320814, 1.01683, 0, 0, 0, 1
-0.999099, 0.00481609, 0.0421557, 0.290358, -0.0419772, 0.0325432, -0.998588, 0.854799, -0.00618118, -0.999459, -0.0323118, 1.01679, 0, 0, 0, 1
-0.999086, 0.00485567, 0.0424695, 0.290354, -0.0422882, 0.0327783, -0.998568, 0.854848, -0.00624079, -0.999451, -0.032543, 1.01675, 0, 0, 0, 1
-0.999072, 0.00489537, 0.0427845, 0.29035, -0.0426002, 0.0330142, -0.998547, 0.854897, -0.00630075, -0.999443, -0.032775, 1.01672, 0, 0, 0, 1
