-0.999999, -0.000797434, -0.000797196, 0.290901, 0.000796858, 0.000424669, -1, 0.848124, 0.000797772, -1, -0.000424033, 1.02183, 0, 0, 0, 1
-0.999999, -0.000797507, -0.000797578, 0.290901, 0.000797239, 0.000425378, -1, 0.848124, 0.000797846, -1, -0.000424742, 1.02183, 0, 0, 0, 1
-0.999999, -0.000797726, -0.000798722, 0.290901, 0.000798381, 0.000427507, -1, 0.848125, 0.000798067, -1, -0.00042687, 1.02183, 0, 0, 0, 1
-0.999999, -0.000798091, -0.00080063, 0.290901, 0.000800286, 0.000431055, -1, 0.848125, 0.000798436, -1, -0.000430416, 1.02183, 0, 0, 0, 1
-0.999999, -0.000798602, -0.000803301, 0.2909, 0.000802953, 0.000436021, -1, 0.848126, 0.000798952, -1, -0.00043538, 1.02183, 0, 0, 0, 1
-0.999999, -0.000799259, -0.000806735, 0.2909, 0.000806381, 0.000442407, -1, 0.848127, 0.000799616, -1, -0.000441763, 1.02183, 0, 0, 0, 1
-0.999999, -0.000800062, -0.000810932, 0.290899, 0.000810572, 0.000450212, -1, 0.848128, 0.000800427, -1, -0.000449563, 1.02184, 0, 0, 0, 1
-0.999999, -0.000801011, -0.000815892, 0.290899, 0.000815524, 0.000459436, -1, 0.84813, 0.000801386, -1, -0.000458783, 1.02184, 0, 0, 0, 1
-0.999999, -0.000802106, -0.000821615, 0.290898, 0.000821238, 0.000470079, -1, 0.848131, 0.000802492, -1, -0.00046942, 1.02184, 0, 0, 0, 1
-0.999999, -0.000803347, -0.000828101, 0.290897, 0.000827714, 0.000482142, -1, 0.848133, 0.000803746, -1, -0.000481476, 1.02184, 0, 0, 0, 1
-0.999999, -0.000804734, -0.000835351, 0.290896, 0.000834952, 0.000495623, -1, 0.848135, 0.000805148, -1, -0.000494951, 1.02184, 0, 0, 0, 1
-0.999999, -0.000806268, -0.000843363, 0.290895, 0.000842952, 0.000510523, -1, 0.848137, 0.000806698, -1, -0.000509843, 1.02184, 0, 0, 0, 1
-0.999999, -0.000807947, -0.000852139, 0.290894, 0.000851713, 0.000526842, -0.999999, 0.84814, 0.000808396, -1, -0.000526154, 1.02184, 0, 0, 0, 1
-0.999999, -0.000809773, -0.000861678, 0.290892, 0.000861237, 0.000544581, -0.999999, 0.848143, 0.000810241, -1, -0.000543883, 1.02184, 0, 0, 0, 1
-0.999999, -0.000811744, -0.000871979, 0.290891, 0.000871522, 0.000563738, -0.999999, 0.848145, 0.000812235, -1, -0.000563031, 1.02184, 0, 0, 0, 1
-0.999999, -0.000813862, -0.000883044, 0.29089, 0.000882569, 0.000584315, -0.999999, 0.848149, 0.000814378, -0.999999, -0.000583596, 1.02184, 0, 0, 0, 1
-0.999999, -0.000816126, -0.000894872, 0.290888, 0.000894378, 0.000606311, -0.999999, 0.848152, 0.000816668, -0.999999, -0.00060558, 1.02184, 0, 0, 0, 1
-0.999999, -0.000818536, -0.000907463, 0.290886, 0.000906948, 0.000629725, -0.999999, 0.848155, 0.000819107, -0.999999, -0.000628982, 1.02184, 0, 0, 0, 1
-0.999999, -0.000821093, -0.000920817, 0.290885, 0.00092028, 0.000654559, -0.999999, 0.848159, 0.000821695, -0.999999, -0.000653803, 1.02184, 0, 0, 0, 1
-0.999999, -0.000823796, -0.000934935, 0.290883, 0.000934374, 0.000680812, -0.999999, 0.848163, 0.000824432, -0.999999, -0.000680042, 1.02184, 0, 0, 0, 1
-0.999999, -0.000826645, -0.000949815, 0.290881, 0.00094923, 0.000708484, -0.999999, 0.848168, 0.000827317, -0.999999, -0.000707698, 1.02184, 0, 0, 0, 1
-0.999999, -0.00082964, -0.000965459, 0.290879, 0.000964847, 0.000737575, -0.999999, 0.848172, 0.000830352, -0.999999, -0.000736773, 1.02184, 0, 0, 0, 1
-0.999999, -0.000832782, -0.000981865, 0.290876, 0.000981226, 0.000768084, -0.999999, 0.848177, 0.000833536, -0.999999, -0.000767267, 1.02184, 0, 0, 0, 1
-0.999999, -0.000836071, -0.000999035, 0.290874, 0.000998366, 0.000800013, -0.999999, 0.848181, 0.000836869, -0.999999, -0.000799178, 1.02184, 0, 0, 0, 1
-0.999999, -0.000839506, -0.00101697, 0.290872, 0.00101627, 0.000833361, -0.999999, 0.848187, 0.000840352, -0.999999, -0.000832507, 1.02184, 0, 0, 0, 1
-0.999999, -0.000843087, -0.00103566, 0.290869, 0.00103493, 0.000868128, -0.999999, 0.848192, 0.000843985, -0.999999, -0.000867255, 1.02184, 0, 0, 0, 1
-0.999999, -0.000846815, -0.00105512, 0.290867, 0.00105436, 0.000904314, -0.999999, 0.848197, 0.000847769, -0.999999, -0.000903421, 1.02184, 0, 0, 0, 1
-0.999999, -0.00085069, -0.00107534, 0.290864, 0.00107454, 0.000941919, -0.999999, 0.848203, 0.000851702, -0.999999, -0.000941004, 1.02185, 0, 0, 0, 1
-0.999999, -0.000854711, -0.00109633, 0.290861, 0.00109549, 0.000980943, -0.999999, 0.848209, 0.000855786, -0.999999, -0.000980006, 1.02185, 0, 0, 0, 1
-0.999999, -0.000858879, -0.00111808, 0.290858, 0.0011172, 0.00102139, -0.999999, 0.848215, 0.00086002, -0.999999, -0.00102043, 1.02185, 0, 0, 0, 1
-0.999999, -0.000863194, -0.00114059, 0.290855, 0.00113967, 0.00106325, -0.999999, 0.848222, 0.000864406, -0.999999, -0.00106226, 1.02185, 0, 0, 0, 1
-0.999999, -0.000867656, -0.00116386, 0.290852, 0.0011629, 0.00110653, -0.999999, 0.848228, 0.000868943, -0.999999, -0.00110552, 1.02185, 0, 0, 0, 1
-0.999999, -0.000872265, -0.0011879, 0.290849, 0.0011869, 0.00115123, -0.999999, 0.848235, 0.000873631, -0.999999, -0.00115019, 1.02185, 0, 0, 0, 1
-0.999999, -0.000877021, -0.0012127, 0.290846, 0.00121165, 0.00119735, -0.999999, 0.848242, 0.000878471, -0.999999, -0.00119628, 1.02185, 0, 0, 0, 1
-0.999999, -0.000881923, -0.00123826, 0.290842, 0.00123717, 0.00124489, -0.999998, 0.848249, 0.000883463, -0.999999, -0.00124379, 1.02185, 0, 0, 0, 1
-0.999999, -0.000886973, -0.00126459, 0.290839, 0.00126344, 0.00129384, -0.999998, 0.848257, 0.000888608, -0.999999, -0.00129272, 1.02185, 0, 0, 0, 1
-0.999999, -0.00089217, -0.00129168, 0.290835, 0.00129048, 0.00134422, -0.999998, 0.848264, 0.000893905, -0.999999, -0.00134307, 1.02185, 0, 0, 0, 1
-0.999999, -0.000897515, -0.00131953, 0.290831, 0.00131828, 0.00139601, -0.999998, 0.848272, 0.000899355, -0.999999, -0.00139483, 1.02186, 0, 0, 0, 1
-0.999999, -0.000903006, -0.00134815, 0.290827, 0.00134684, 0.00144923, -0.999998, 0.848281, 0.000904958, -0.999999, -0.00144801, 1.02186, 0, 0, 0, 1
-0.999999, -0.000908645, -0.00137753, 0.290824, 0.00137616, 0.00150386, -0.999998, 0.848289, 0.000910715, -0.999998, -0.00150261, 1.02186, 0, 0, 0, 1
-0.999999, -0.000914432, -0.00140767, 0.290819, 0.00140624, 0.00155991, -0.999998, 0.848297, 0.000916625, -0.999998, -0.00155862, 1.02186, 0, 0, 0, 1
-0.999999, -0.000920366, -0.00143858, 0.290815, 0.00143709, 0.00161738, -0.999998, 0.848306, 0.00092269, -0.999998, -0.00161606, 1.02186, 0, 0, 0, 1
-0.999998, -0.000926447, -0.00147025, 0.290811, 0.00146869, 0.00167627, -0.999998, 0.848315, 0.000928909, -0.999998, -0.00167491, 1.02186, 0, 0, 0, 1
-0.999998, -0.000932676, -0.00150268, 0.290807, 0.00150106, 0.00173658, -0.999997, 0.848324, 0.000935283, -0.999998, -0.00173518, 1.02186, 0, 0, 0, 1
-0.999998, -0.000939053, -0.00153587, 0.290802, 0.00153418, 0.00179831, -0.999997, 0.848334, 0.000941813, -0.999998, -0.00179686, 1.02186, 0, 0, 0, 1
-0.999998, -0.000945578, -0.00156983, 0.290798, 0.00156807, 0.00186145, -0.999997, 0.848343, 0.000948498, -0.999998, -0.00185997, 1.02187, 0, 0, 0, 1
-0.999998, -0.000952251, -0.00160455, 0.290793, 0.00160271, 0.00192602, -0.999997, 0.848353, 0.000955339, -0.999998, -0.00192449, 1.02187, 0, 0, 0, 1
-0.999998, -0.000959072, -0.00164003, 0.290788, 0.00163812, 0.001992, -0.999997, 0.848363, 0.000962336, -0.999998, -0.00199043, 1.02187, 0, 0, 0, 1
-0.999998, -0.000966041, -0.00167628, 0.290784, 0.00167429, 0.0020594, -0.999996, 0.848374, 0.00096949, -0.999997, -0.00205778, 1.02187, 0, 0, 0, 1
-0.999998, -0.000973159, -0.00171329, 0.290779, 0.00171122, 0.00212823, -0.999996, 0.848384, 0.000976801, -0.999997, -0.00212656, 1.02187, 0, 0, 0, 1
-0.999998, -0.000980424, -0.00175106, 0.290774, 0.00174891, 0.00219847, -0.999996, 0.848395, 0.00098427, -0.999997, -0.00219675, 1.02187, 0, 0, 0, 1
-0.999998, -0.000987838, -0.0017896, 0.290768, 0.00178735, 0.00227013, -0.999996, 0.848406, 0.000991897, -0.999997, -0.00226835, 1.02187, 0, 0, 0, 1
-0.999998, -0.000995401, -0.0018289, 0.290763, 0.00182656, 0.0023432, -0.999996, 0.848417, 0.000999682, -0.999997, -0.00234138, 1.02188, 0, 0, 0, 1
-0.999998, -0.00100311, -0.00186896, 0.290758, 0.00186653, 0.0024177, -0.999995, 0.848428, 0.00100763, -0.999997, -0.00241582, 1.02188, 0, 0, 0, 1
-0.999998, -0.00101097, -0.00190979, 0.290752, 0.00190726, 0.00249362, -0.999995, 0.84844, 0.00101573, -0.999996, -0.00249168, 1.02188, 0, 0, 0, 1
-0.999998, -0.00101898, -0.00195138, 0.290747, 0.00194875, 0.00257095, -0.999995, 0.848452, 0.00102399, -0.999996, -0.00256896, 1.02188, 0, 0, 0, 1
-0.999997, -0.00102714, -0.00199373, 0.290741, 0.001991, 0.0026497, -0.999995, 0.848464, 0.00103241, -0.999996, -0.00264765, 1.02188, 0, 0, 0, 1
-0.999997, -0.00103544, -0.00203684, 0.290735, 0.00203401, 0.00272987, -0.999994, 0.848476, 0.001041, -0.999996, -0.00272776, 1.02188, 0, 0, 0, 1
-0.999997, -0.0010439, -0.00208072, 0.29073, 0.00207778, 0.00281146, -0.999994, 0.848488, 0.00104974, -0.999996, -0.00280929, 1.02189, 0, 0, 0, 1
-0.999997, -0.0010525, -0.00212536, 0.290724, 0.00212231, 0.00289447, -0.999994, 0.848501, 0.00105865, -0.999995, -0.00289223, 1.02189, 0, 0, 0, 1
-0.999997, -0.00106126, -0.00217077, 0.290717, 0.0021676, 0.0029789, -0.999993, 0.848514, 0.00106772, -0.999995, -0.00297659, 1.02189, 0, 0, 0, 1
-0.999997, -0.00107016, -0.00221693, 0.290711, 0.00221364, 0.00306475, -0.999993, 0.848527, 0.00107695, -0.999995, -0.00306237, 1.02189, 0, 0, 0, 1
-0.999997, -0.00107922, -0.00226386, 0.290705, 0.00226045, 0.00315201, -0.999992, 0.84854, 0.00108634, -0.999994, -0.00314956, 1.02189, 0, 0, 0, 1
-0.999997, -0.00108842, -0.00231156, 0.290699, 0.00230802, 0.0032407, -0.999992, 0.848554, 0.0010959, -0.999994, -0.00323818, 1.0219, 0, 0, 0, 1
-0.999997, -0.00109777, -0.00236001, 0.290692, 0.00235634, 0.0033308, -0.999992, 0.848568, 0.00110562, -0.999994, -0.0033282, 1.0219, 0, 0, 0, 1
-0.999996, -0.00110728, -0.00240923, 0.290686, 0.00240543, 0.00342232, -0.999991, 0.848582, 0.00111551, -0.999994, -0.00341965, 1.0219, 0, 0, 0, 1
-0.999996, -0.00111693, -0.00245921, 0.290679, 0.00245527, 0.00351526, -0.999991, 0.848596, 0.00112556, -0.999993, -0.00351251, 1.0219, 0, 0, 0, 1
-0.999996, -0.00112673, -0.00250996, 0.290672, 0.00250588, 0.00360962, -0.99999, 0.84861, 0.00113578, -0.999993, -0.00360678, 1.0219, 0, 0, 0, 1
-0.999996, -0.00113669, -0.00256147, 0.290665, 0.00255724, 0.0037054, -0.99999, 0.848625, 0.00114616, -0.999992, -0.00370248, 1.02191, 0, 0, 0, 1
-0.999996, -0.00114679, -0.00261374, 0.290658, 0.00260936, 0.00380259, -0.999989, 0.84864, 0.00115672, -0.999992, -0.00379958, 1.02191, 0, 0, 0, 1
-0.999996, -0.00115704, -0.00266678, 0.290651, 0.00266224, 0.00390121, -0.999989, 0.848655, 0.00116743, -0.999992, -0.00389811, 1.02191, 0, 0, 0, 1
-0.999996, -0.00116745, -0.00272057, 0.290644, 0.00271588, 0.00400124, -0.999988, 0.84867, 0.00117832, -0.999991, -0.00399805, 1.02191, 0, 0, 0, 1
-0.999995, -0.00117801, -0.00277514, 0.290637, 0.00277028, 0.00410269, -0.999988, 0.848686, 0.00118938, -0.999991, -0.00409941, 1.02191, 0, 0, 0, 1
-0.999995, -0.00118871, -0.00283046, 0.290629, 0.00282544, 0.00420556, -0.999987, 0.848701, 0.0012006, -0.99999, -0.00420218, 1.02192, 0, 0, 0, 1
-0.999995, -0.00119957, -0.00288655, 0.290622, 0.00288135, 0.00430985, -0.999987, 0.848717, 0.001212, -0.99999, -0.00430637, 1.02192, 0, 0, 0, 1
-0.999995, -0.00121058, -0.0029434, 0.290614, 0.00293803, 0.00441556, -0.999986, 0.848733, 0.00122356, -0.99999, -0.00441198, 1.02192, 0, 0, 0, 1
-0.999995, -0.00122174, -0.00300101, 0.290606, 0.00299546, 0.00452268, -0.999985, 0.84875, 0.0012353, -0.999989, -0.004519, 1.02192, 0, 0, 0, 1
-0.999995, -0.00123305, -0.00305939, 0.290599, 0.00305365, 0.00463122, -0.999985, 0.848766, 0.0012472, -0.999989, -0.00462743, 1.02193, 0, 0, 0, 1
-0.999994, -0.00124452, -0.00311853, 0.290591, 0.00311259, 0.00474119, -0.999984, 0.848783, 0.00125928, -0.999988, -0.00473729, 1.02193, 0, 0, 0, 1
-0.999994, -0.00125613, -0.00317843, 0.290583, 0.0031723, 0.00485257, -0.999983, 0.8488, 0.00127154, -0.999987, -0.00484855, 1.02193, 0, 0, 0, 1
-0.999994, -0.0012679, -0.0032391, 0.290574, 0.00323276, 0.00496536, -0.999982, 0.848817, 0.00128396, -0.999987, -0.00496124, 1.02193, 0, 0, 0, 1
-0.999994, -0.00127982, -0.00330053, 0.290566, 0.00329398, 0.00507958, -0.999982, 0.848835, 0.00129657, -0.999986, -0.00507533, 1.02194, 0, 0, 0, 1
-0.999994, -0.0012919, -0.00336272, 0.290558, 0.00335596, 0.00519522, -0.999981, 0.848852, 0.00130934, -0.999986, -0.00519085, 1.02194, 0, 0, 0, 1
-0.999993, -0.00130412, -0.00342567, 0.290549, 0.0034187, 0.00531227, -0.99998, 0.84887, 0.00132229, -0.999985, -0.00530778, 1.02194, 0, 0, 0, 1
-0.999993, -0.0013165, -0.00348939, 0.290541, 0.00348219, 0.00543074, -0.999979, 0.848888, 0.00133542, -0.999984, -0.00542612, 1.02194, 0, 0, 0, 1
-0.999993, -0.00132903, -0.00355387, 0.290532, 0.00354644, 0.00555063, -0.999978, 0.848907, 0.00134873, -0.999984, -0.00554588, 1.02195, 0, 0, 0, 1
-0.999993, -0.00134171, -0.00361912, 0.290524, 0.00361145, 0.00567194, -0.999977, 0.848925, 0.00136221, -0.999983, -0.00566705, 1.02195, 0, 0, 0, 1
-0.999992, -0.00135455, -0.00368512, 0.290515, 0.00367722, 0.00579467, -0.999976, 0.848944, 0.00137587, -0.999982, -0.00578964, 1.02195, 0, 0, 0, 1
-0.999992, -0.00136754, -0.0037519, 0.290506, 0.00374374, 0.00591881, -0.999975, 0.848963, 0.00138971, -0.999982, -0.00591365, 1.02196, 0, 0, 0, 1
-0.999992, -0.00138068, -0.00381943, 0.290497, 0.00381102, 0.00604438, -0.999974, 0.848982, 0.00140374, -0.999981, -0.00603906, 1.02196, 0, 0, 0, 1
-0.999991, -0.00139398, -0.00388773, 0.290488, 0.00387905, 0.00617136, -0.999973, 0.849002, 0.00141794, -0.99998, -0.0061659, 1.02196, 0, 0, 0, 1
-0.999991, -0.00140743, -0.00395679, 0.290478, 0.00394785, 0.00629976, -0.999972, 0.849021, 0.00143232, -0.999979, -0.00629414, 1.02196, 0, 0, 0, 1
-0.999991, -0.00142104, -0.00402661, 0.290469, 0.00401739, 0.00642957, -0.999971, 0.849041, 0.00144689, -0.999978, -0.00642381, 1.02197, 0, 0, 0, 1
-0.999991, -0.0014348, -0.0040972, 0.290459, 0.0040877, 0.00656081, -0.99997, 0.849061, 0.00146164, -0.999977, -0.00655488, 1.02197, 0, 0, 0, 1
-0.99999, -0.00144871, -0.00416854, 0.29045, 0.00415876, 0.00669346, -0.999969, 0.849081, 0.00147657, -0.999977, -0.00668737, 1.02197, 0, 0, 0, 1
-0.99999, -0.00146278, -0.00424066, 0.29044, 0.00423058, 0.00682754, -0.999968, 0.849102, 0.00149169, -0.999976, -0.00682128, 1.02198, 0, 0, 0, 1
-0.99999, -0.001477, -0.00431353, 0.29043, 0.00430315, 0.00696302, -0.999966, 0.849123, 0.00150699, -0.999975, -0.0069566, 1.02198, 0, 0, 0, 1
-0.999989, -0.00149138, -0.00438717, 0.290421, 0.00437648, 0.00709993, -0.999965, 0.849143, 0.00152248, -0.999974, -0.00709333, 1.02198, 0, 0, 0, 1
-0.999989, -0.00150591, -0.00446157, 0.290411, 0.00445056, 0.00723826, -0.999964, 0.849165, 0.00153815, -0.999973, -0.00723148, 1.02199, 0, 0, 0, 1
-0.999989, -0.0015206, -0.00453674, 0.2904, 0.0045254, 0.007378, -0.999963, 0.849186, 0.00155402, -0.999972, -0.00737104, 1.02199, 0, 0, 0, 1
-0.999988, -0.00153545, -0.00461267, 0.29039, 0.004601, 0.00751916, -0.999961, 0.849208, 0.00157007, -0.999971, -0.00751201, 1.02199, 0, 0, 0, 1
-0.999988, -0.00155045, -0.00468936, 0.29038, 0.00467735, 0.00766174, -0.99996, 0.849229, 0.00158631, -0.999969, -0.0076544, 1.022, 0, 0, 0, 1
-0.999987, -0.0015656, -0.00476681, 0.29037, 0.00475445, 0.00780574, -0.999958, 0.849251, 0.00160274, -0.999968, -0.0077982, 1.022, 0, 0, 0, 1
-0.999987, -0.00158091, -0.00484503, 0.290359, 0.00483231, 0.00795115, -0.999957, 0.849274, 0.00161937, -0.999967, -0.00794341, 1.022, 0, 0, 0, 1
-0.999987, -0.00159638, -0.00492401, 0.290349, 0.00491093, 0.00809799, -0.999955, 0.849296, 0.00163618, -0.999966, -0.00809004, 1.02201, 0, 0, 0, 1
-0.999986, -0.001612, -0.00500375, 0.290338, 0.0049903, 0.00824624, -0.999954, 0.849319, 0.00165319, -0.999965, -0.00823808, 1.02201, 0, 0, 0, 1
-0.999986, -0.00162779, -0.00508426, 0.290327, 0.00507042, 0.00839591, -0.999952, 0.849342, 0.00167039, -0.999963, -0.00838753, 1.02201, 0, 0, 0, 1
-0.999985, -0.00164372, -0.00516553, 0.290316, 0.0051513, 0.00854699, -0.99995, 0.849365, 0.00168779, -0.999962, -0.0085384, 1.02202, 0, 0, 0, 1
-0.999985, -0.00165982, -0.00524756, 0.290305, 0.00523293, 0.00869949, -0.999948, 0.849388, 0.00170538, -0.999961, -0.00869068, 1.02202, 0, 0, 0, 1
-0.999984, -0.00167607, -0.00533036, 0.290294, 0.00531532, 0.00885342, -0.999947, 0.849412, 0.00172317, -0.999959, -0.00884437, 1.02202, 0, 0, 0, 1
-0.999984, -0.00169248, -0.00541392, 0.290283, 0.00539846, 0.00900875, -0.999945, 0.849435, 0.00174116, -0.999958, -0.00899947, 1.02203, 0, 0, 0, 1
-0.999983, -0.00170905, -0.00549824, 0.290271, 0.00548235, 0.00916551, -0.999943, 0.849459, 0.00175934, -0.999957, -0.00915599, 1.02203, 0, 0, 0, 1
-0.999983, -0.00172577, -0.00558333, 0.29026, 0.005567, 0.00932369, -0.999941, 0.849483, 0.00177773, -0.999955, -0.00931392, 1.02203, 0, 0, 0, 1
-0.999982, -0.00174266, -0.00566918, 0.290248, 0.0056524, 0.00948328, -0.999939, 0.849508, 0.00179631, -0.999954, -0.00947326, 1.02204, 0, 0, 0, 1
-0.999982, -0.0017597, -0.00575579, 0.290237, 0.00573856, 0.00964429, -0.999937, 0.849533, 0.0018151, -0.999952, -0.00963401, 1.02204, 0, 0, 0, 1
-0.999981, -0.0017769, -0.00584316, 0.290225, 0.00582547, 0.00980671, -0.999935, 0.849557, 0.00183408, -0.99995, -0.00979618, 1.02205, 0, 0, 0, 1
-0.999981, -0.00179426, -0.0059313, 0.290213, 0.00591313, 0.00997056, -0.999933, 0.849582, 0.00185327, -0.999949, -0.00995975, 1.02205, 0, 0, 0, 1
-0.99998, -0.00181177, -0.0060202, 0.290201, 0.00600154, 0.0101358, -0.999931, 0.849608, 0.00187267, -0.999947, -0.0101247, 1.02205, 0, 0, 0, 1
-0.99998, -0.00182945, -0.00610987, 0.290189, 0.00609071, 0.0103025, -0.999928, 0.849633, 0.00189227, -0.999945, -0.0102911, 1.02206, 0, 0, 0, 1
-0.999979, -0.00184729, -0.00620029, 0.290177, 0.00618062, 0.0104706, -0.999926, 0.849659, 0.00191207, -0.999943, -0.010459, 1.02206, 0, 0, 0, 1
-0.999978, -0.00186529, -0.00629149, 0.290165, 0.00627129, 0.0106401, -0.999924, 0.849685, 0.00193208, -0.999942, -0.0106282, 1.02206, 0, 0, 0, 1
-0.999978, -0.00188344, -0.00638344, 0.290152, 0.00636272, 0.010811, -0.999921, 0.849711, 0.0019523, -0.99994, -0.0107988, 1.02207, 0, 0, 0, 1
-0.999977, -0.00190176, -0.00647616, 0.29014, 0.00645489, 0.0109834, -0.999919, 0.849737, 0.00197273, -0.999938, -0.0109709, 1.02207, 0, 0, 0, 1
-0.999977, -0.00192023, -0.00656964, 0.290127, 0.00654782, 0.0111571, -0.999916, 0.849764, 0.00199337, -0.999936, -0.0111443, 1.02208, 0, 0, 0, 1
-0.999976, -0.00193887, -0.00666388, 0.290115, 0.00664149, 0.0113323, -0.999914, 0.849791, 0.00201422, -0.999934, -0.0113192, 1.02208, 0, 0, 0, 1
-0.999975, -0.00195767, -0.00675889, 0.290102, 0.00673592, 0.0115089, -0.999911, 0.849818, 0.00203528, -0.999932, -0.0114955, 1.02209, 0, 0, 0, 1
-0.999975, -0.00197663, -0.00685466, 0.290089, 0.0068311, 0.0116869, -0.999908, 0.849845, 0.00205656, -0.99993, -0.0116731, 1.02209, 0, 0, 0, 1
-0.999974, -0.00199575, -0.00695119, 0.290076, 0.00692703, 0.0118664, -0.999906, 0.849873, 0.00207805, -0.999928, -0.0118522, 1.02209, 0, 0, 0, 1
-0.999973, -0.00201503, -0.00704849, 0.290063, 0.00702371, 0.0120472, -0.999903, 0.8499, 0.00209975, -0.999925, -0.0120327, 1.0221, 0, 0, 0, 1
-0.999972, -0.00203448, -0.00714655, 0.29005, 0.00712115, 0.0122295, -0.9999, 0.849928, 0.00212167, -0.999923, -0.0122147, 1.0221, 0, 0, 0, 1
-0.999972, -0.00205408, -0.00724537, 0.290036, 0.00721933, 0.0124132, -0.999897, 0.849956, 0.00214381, -0.999921, -0.012398, 1.02211, 0, 0, 0, 1
-0.999971, -0.00207385, -0.00734495, 0.290023, 0.00731826, 0.0125983, -0.999894, 0.849985, 0.00216617, -0.999918, -0.0125827, 1.02211, 0, 0, 0, 1
-0.99997, -0.00209379, -0.0074453, 0.290009, 0.00741794, 0.0127848, -0.999891, 0.850013, 0.00218874, -0.999916, -0.0127689, 1.02212, 0, 0, 0, 1
-0.999969, -0.00211388, -0.00754642, 0.289996, 0.00751838, 0.0129727, -0.999888, 0.850042, 0.00221154, -0.999914, -0.0129564, 1.02212, 0, 0, 0, 1
-0.999968, -0.00213414, -0.00764829, 0.289982, 0.00761956, 0.0131621, -0.999884, 0.850071, 0.00223456, -0.999911, -0.0131454, 1.02213, 0, 0, 0, 1
-0.999968, -0.00215456, -0.00775093, 0.289968, 0.00772149, 0.0133528, -0.999881, 0.8501, 0.0022578, -0.999909, -0.0133358, 1.02213, 0, 0, 0, 1
-0.999967, -0.00217514, -0.00785433, 0.289954, 0.00782417, 0.013545, -0.999878, 0.85013, 0.00228126, -0.999906, -0.0135276, 1.02213, 0, 0, 0, 1
-0.999966, -0.00219589, -0.0079585, 0.28994, 0.0079276, 0.0137386, -0.999874, 0.850159, 0.00230495, -0.999903, -0.0137207, 1.02214, 0, 0, 0, 1
-0.999965, -0.0022168, -0.00806342, 0.289926, 0.00803177, 0.0139336, -0.999871, 0.850189, 0.00232887, -0.9999, -0.0139153, 1.02214, 0, 0, 0, 1
-0.999964, -0.00223788, -0.00816912, 0.289912, 0.0081367, 0.0141301, -0.999867, 0.850219, 0.00235301, -0.999898, -0.0141114, 1.02215, 0, 0, 0, 1
-0.999963, -0.00225912, -0.00827557, 0.289898, 0.00824238, 0.0143279, -0.999863, 0.85025, 0.00237738, -0.999895, -0.0143088, 1.02215, 0, 0, 0, 1
-0.999962, -0.00228053, -0.00838279, 0.289883, 0.0083488, 0.0145272, -0.99986, 0.85028, 0.00240199, -0.999892, -0.0145076, 1.02216, 0, 0, 0, 1
-0.999961, -0.0023021, -0.00849077, 0.289869, 0.00845597, 0.0147279, -0.999856, 0.850311, 0.00242682, -0.999889, -0.0147078, 1.02216, 0, 0, 0, 1
-0.99996, -0.00232384, -0.00859951, 0.289854, 0.00856389, 0.01493, -0.999852, 0.850342, 0.00245188, -0.999886, -0.0149095, 1.02217, 0, 0, 0, 1
-0.999959, -0.00234574, -0.00870902, 0.289839, 0.00867255, 0.0151335, -0.999848, 0.850373, 0.00247718, -0.999883, -0.0151125, 1.02217, 0, 0, 0, 1
-0.999958, -0.00236781, -0.00881929, 0.289824, 0.00878196, 0.0153384, -0.999844, 0.850404, 0.00250271, -0.99988, -0.015317, 1.02218, 0, 0, 0, 1
-0.999957, -0.00239005, -0.00893033, 0.289809, 0.00889212, 0.0155448, -0.99984, 0.850436, 0.00252848, -0.999876, -0.0155228, 1.02218, 0, 0, 0, 1
-0.999956, -0.00241245, -0.00904213, 0.289794, 0.00900303, 0.0157525, -0.999835, 0.850468, 0.00255449, -0.999873, -0.0157301, 1.02219, 0, 0, 0, 1
-0.999955, -0.00243502, -0.00915469, 0.289779, 0.00911468, 0.0159617, -0.999831, 0.8505, 0.00258073, -0.99987, -0.0159388, 1.02219, 0, 0, 0, 1
-0.999954, -0.00245775, -0.00926801, 0.289764, 0.00922708, 0.0161723, -0.999827, 0.850532, 0.00260721, -0.999866, -0.0161489, 1.0222, 0, 0, 0, 1
-0.999953, -0.00248066, -0.0093821, 0.289748, 0.00934023, 0.0163843, -0.999822, 0.850565, 0.00263393, -0.999863, -0.0163604, 1.0222, 0, 0, 0, 1
-0.999952, -0.00250373, -0.00949695, 0.289733, 0.00945412, 0.0165977, -0.999818, 0.850597, 0.0026609, -0.999859, -0.0165733, 1.02221, 0, 0, 0, 1
-0.999951, -0.00252697, -0.00961256, 0.289717, 0.00956875, 0.0168126, -0.999813, 0.85063, 0.00268811, -0.999855, -0.0167876, 1.02222, 0, 0, 0, 1
-0.999949, -0.00255037, -0.00972894, 0.289701, 0.00968413, 0.0170288, -0.999808, 0.850664, 0.00271556, -0.999852, -0.0170033, 1.02222, 0, 0, 0, 1
-0.999948, -0.00257395, -0.00984608, 0.289686, 0.00980026, 0.0172465, -0.999803, 0.850697, 0.00274326, -0.999848, -0.0172204, 1.02223, 0, 0, 0, 1
-0.999947, -0.0025977, -0.00996398, 0.28967, 0.00991713, 0.0174656, -0.999798, 0.850731, 0.0027712, -0.999844, -0.0174389, 1.02223, 0, 0, 0, 1
-0.999946, -0.00262161, -0.0100827, 0.289654, 0.0100347, 0.0176861, -0.999793, 0.850764, 0.00279939, -0.99984, -0.0176588, 1.02224, 0, 0, 0, 1
-0.999944, -0.0026457, -0.0102021, 0.289637, 0.0101531, 0.017908, -0.999788, 0.850798, 0.00282783, -0.999836, -0.0178802, 1.02224, 0, 0, 0, 1
-0.999943, -0.00266995, -0.0103223, 0.289621, 0.0102722, 0.0181313, -0.999783, 0.850833, 0.00285653, -0.999832, -0.0181029, 1.02225, 0, 0, 0, 1
-0.999942, -0.00269437, -0.0104432, 0.289605, 0.0103921, 0.0183561, -0.999778, 0.850867, 0.00288547, -0.999828, -0.018327, 1.02225, 0, 0, 0, 1
-0.99994, -0.00271897, -0.010565, 0.289588, 0.0105126, 0.0185823, -0.999772, 0.850902, 0.00291467, -0.999824, -0.0185526, 1.02226, 0, 0, 0, 1
-0.999939, -0.00274373, -0.0106874, 0.289572, 0.010634, 0.0188098, -0.999767, 0.850937, 0.00294412, -0.999819, -0.0187795, 1.02227, 0, 0, 0, 1
-0.999938, -0.00276867, -0.0108107, 0.289555, 0.0107561, 0.0190388, -0.999761, 0.850972, 0.00297383, -0.999815, -0.0190079, 1.02227, 0, 0, 0, 1
-0.999936, -0.00279378, -0.0109347, 0.289538, 0.0108789, 0.0192692, -0.999755, 0.851007, 0.0030038, -0.99981, -0.0192376, 1.02228, 0, 0, 0, 1
-0.999935, -0.00281906, -0.0110595, 0.289521, 0.0110024, 0.0195011, -0.999749, 0.851043, 0.00303402, -0.999806, -0.0194688, 1.02228, 0, 0, 0, 1
-0.999933, -0.00284451, -0.011185, 0.289504, 0.0111267, 0.0197343, -0.999743, 0.851079, 0.00306451, -0.999801, -0.0197013, 1.02229, 0, 0, 0, 1
-0.999932, -0.00287013, -0.0113113, 0.289487, 0.0112518, 0.019969, -0.999737, 0.851115, 0.00309526, -0.999796, -0.0199353, 1.0223, 0, 0, 0, 1
-0.99993, -0.00289593, -0.0114384, 0.28947, 0.0113776, 0.020205, -0.999731, 0.851151, 0.00312627, -0.999792, -0.0201707, 1.0223, 0, 0, 0, 1
-0.999929, -0.0029219, -0.0115662, 0.289453, 0.0115041, 0.0204425, -0.999725, 0.851187, 0.00315754, -0.999787, -0.0204075, 1.02231, 0, 0, 0, 1
-0.999927, -0.00294804, -0.0116948, 0.289435, 0.0116314, 0.0206814, -0.999718, 0.851224, 0.00318908, -0.999782, -0.0206456, 1.02231, 0, 0, 0, 1
-0.999926, -0.00297436, -0.0118241, 0.289418, 0.0117594, 0.0209217, -0.999712, 0.851261, 0.00322089, -0.999777, -0.0208852, 1.02232, 0, 0, 0, 1
-0.999924, -0.00300085, -0.0119543, 0.2894, 0.0118881, 0.0211635, -0.999705, 0.851298, 0.00325296, -0.999772, -0.0211262, 1.02233, 0, 0, 0, 1
-0.999922, -0.00302752, -0.0120851, 0.289383, 0.0120176, 0.0214066, -0.999699, 0.851335, 0.00328531, -0.999766, -0.0213686, 1.02233, 0, 0, 0, 1
-0.999921, -0.00305435, -0.0122168, 0.289365, 0.0121479, 0.0216512, -0.999692, 0.851373, 0.00331792, -0.999761, -0.0216123, 1.02234, 0, 0, 0, 1
-0.999919, -0.00308137, -0.0123492, 0.289347, 0.0122788, 0.0218971, -0.999685, 0.851411, 0.00335081, -0.999755, -0.0218575, 1.02235, 0, 0, 0, 1
-0.999917, -0.00310856, -0.0124824, 0.289329, 0.0124105, 0.0221445, -0.999678, 0.851449, 0.00338397, -0.99975, -0.0221041, 1.02235, 0, 0, 0, 1
-0.999915, -0.00313592, -0.0126163, 0.289311, 0.012543, 0.0223933, -0.999671, 0.851487, 0.00341741, -0.999744, -0.0223521, 1.02236, 0, 0, 0, 1
-0.999914, -0.00316347, -0.012751, 0.289292, 0.0126762, 0.0226435, -0.999663, 0.851525, 0.00345113, -0.999739, -0.0226015, 1.02237, 0, 0, 0, 1
-0.999912, -0.00319118, -0.0128865, 0.289274, 0.0128101, 0.0228952, -0.999656, 0.851564, 0.00348512, -0.999733, -0.0228523, 1.02237, 0, 0, 0, 1
-0.99991, -0.00321908, -0.0130227, 0.289255, 0.0129448, 0.0231482, -0.999648, 0.851603, 0.0035194, -0.999727, -0.0231045, 1.02238, 0, 0, 0, 1
-0.999908, -0.00324715, -0.0131597, 0.289237, 0.0130802, 0.0234027, -0.999641, 0.851642, 0.00355395, -0.999721, -0.023358, 1.02239, 0, 0, 0, 1
-0.999906, -0.0032754, -0.0132974, 0.289218, 0.0132163, 0.0236585, -0.999633, 0.851681, 0.00358879, -0.999715, -0.023613, 1.02239, 0, 0, 0, 1
-0.999904, -0.00330382, -0.013436, 0.289199, 0.0133532, 0.0239158, -0.999625, 0.851721, 0.00362392, -0.999709, -0.0238694, 1.0224, 0, 0, 0, 1
-0.999902, -0.00333243, -0.0135752, 0.28918, 0.0134908, 0.0241745, -0.999617, 0.851761, 0.00365933, -0.999702, -0.0241272, 1.02241, 0, 0, 0, 1
-0.9999, -0.00336121, -0.0137153, 0.289161, 0.0136291, 0.0244346, -0.999609, 0.851801, 0.00369502, -0.999696, -0.0243864, 1.02241, 0, 0, 0, 1
-0.999898, -0.00339017, -0.0138561, 0.289142, 0.0137682, 0.0246961, -0.9996, 0.851841, 0.00373101, -0.999689, -0.024647, 1.02242, 0, 0, 0, 1
-0.999896, -0.00341931, -0.0139977, 0.289123, 0.013908, 0.0249591, -0.999592, 0.851881, 0.00376729, -0.999683, -0.0249089, 1.02243, 0, 0, 0, 1
-0.999894, -0.00344863, -0.01414, 0.289104, 0.0140486, 0.0252234, -0.999583, 0.851922, 0.00380385, -0.999676, -0.0251723, 1.02243, 0, 0, 0, 1
-0.999892, -0.00347813, -0.0142831, 0.289084, 0.0141899, 0.0254892, -0.999574, 0.851963, 0.00384072, -0.999669, -0.0254371, 1.02244, 0, 0, 0, 1
-0.99989, -0.00350781, -0.014427, 0.289065, 0.0143319, 0.0257564, -0.999566, 0.852004, 0.00387787, -0.999662, -0.0257033, 1.02245, 0, 0, 0, 1
-0.999888, -0.00353767, -0.0145716, 0.289045, 0.0144747, 0.026025, -0.999556, 0.852045, 0.00391533, -0.999655, -0.0259708, 1.02246, 0, 0, 0, 1
-0.999885, -0.00356771, -0.014717, 0.289025, 0.0146182, 0.026295, -0.999547, 0.852087, 0.00395308, -0.999648, -0.0262398, 1.02246, 0, 0, 0, 1
-0.999883, -0.00359794, -0.0148631, 0.289005, 0.0147624, 0.0265664, -0.999538, 0.852128, 0.00399113, -0.999641, -0.0265102, 1.02247, 0, 0, 0, 1
-0.999881, -0.00362834, -0.01501, 0.288985, 0.0149074, 0.0268392, -0.999529, 0.85217, 0.00402949, -0.999633, -0.0267819, 1.02248, 0, 0, 0, 1
-0.999878, -0.00365893, -0.0151577, 0.288965, 0.0150531, 0.0271134, -0.999519, 0.852212, 0.00406815, -0.999626, -0.0270551, 1.02249, 0, 0, 0, 1
-0.999876, -0.0036897, -0.0153062, 0.288945, 0.0151995, 0.0273891, -0.999509, 0.852255, 0.00410711, -0.999618, -0.0273296, 1.02249, 0, 0, 0, 1
-0.999874, -0.00372065, -0.0154554, 0.288925, 0.0153466, 0.0276662, -0.999499, 0.852298, 0.00414638, -0.99961, -0.0276056, 1.0225, 0, 0, 0, 1
-0.999871, -0.00375178, -0.0156054, 0.288904, 0.0154945, 0.0279446, -0.999489, 0.85234, 0.00418595, -0.999602, -0.0278829, 1.02251, 0, 0, 0, 1
-0.999869, -0.0037831, -0.0157561, 0.288884, 0.0156432, 0.0282245, -0.999479, 0.852383, 0.00422584, -0.999594, -0.0281616, 1.02252, 0, 0, 0, 1
-0.999866, -0.0038146, -0.0159076, 0.288863, 0.0157925, 0.0285058, -0.999469, 0.852427, 0.00426604, -0.999586, -0.0284418, 1.02252, 0, 0, 0, 1
-0.999864, -0.00384629, -0.0160598, 0.288842, 0.0159426, 0.0287885, -0.999458, 0.85247, 0.00430655, -0.999578, -0.0287233, 1.02253, 0, 0, 0, 1
-0.999861, -0.00387816, -0.0162129, 0.288822, 0.0160934, 0.0290727, -0.999448, 0.852514, 0.00434737, -0.99957, -0.0290062, 1.02254, 0, 0, 0, 1
-0.999858, -0.00391022, -0.0163667, 0.288801, 0.016245, 0.0293582, -0.999437, 0.852558, 0.00438851, -0.999561, -0.0292905, 1.02255, 0, 0, 0, 1
-0.999856, -0.00394246, -0.0165212, 0.28878, 0.0163972, 0.0296452, -0.999426, 0.852602, 0.00442997, -0.999553, -0.0295762, 1.02256, 0, 0, 0, 1
-0.999853, -0.00397489, -0.0166765, 0.288758, 0.0165502, 0.0299335, -0.999415, 0.852646, 0.00447175, -0.999544, -0.0298633, 1.02256, 0, 0, 0, 1
-0.99985, -0.0040075, -0.0168326, 0.288737, 0.016704, 0.0302233, -0.999404, 0.852691, 0.00451385, -0.999535, -0.0301518, 1.02257, 0, 0, 0, 1
-0.999848, -0.0040403, -0.0169895, 0.288716, 0.0168584, 0.0305145, -0.999392, 0.852736, 0.00455627, -0.999526, -0.0304417, 1.02258, 0, 0, 0, 1
-0.999845, -0.00407329, -0.0171471, 0.288694, 0.0170136, 0.0308071, -0.999381, 0.852781, 0.00459902, -0.999517, -0.030733, 1.02259, 0, 0, 0, 1
-0.999842, -0.00410646, -0.0173055, 0.288673, 0.0171695, 0.0311011, -0.999369, 0.852826, 0.00464209, -0.999508, -0.0310256, 1.0226, 0, 0, 0, 1
-0.999839, -0.00413983, -0.0174646, 0.288651, 0.0173262, 0.0313965, -0.999357, 0.852872, 0.00468549, -0.999498, -0.0313197, 1.02261, 0, 0, 0, 1
-0.999836, -0.00417338, -0.0176245, 0.288629, 0.0174835, 0.0316933, -0.999345, 0.852918, 0.00472922, -0.999489, -0.0316151, 1.02261, 0, 0, 0, 1
-0.999833, -0.00420712, -0.0177852, 0.288607, 0.0176416, 0.0319915, -0.999332, 0.852963, 0.00477328, -0.999479, -0.031912, 1.02262, 0, 0, 0, 1
-0.99983, -0.00424104, -0.0179466, 0.288585, 0.0178005, 0.0322912, -0.99932, 0.85301, 0.00481768, -0.99947, -0.0322102, 1.02263, 0, 0, 0, 1
-0.999827, -0.00427516, -0.0181088, 0.288563, 0.01796, 0.0325923, -0.999307, 0.853056, 0.00486241, -0.99946, -0.0325098, 1.02264, 0, 0, 0, 1
-0.999824, -0.00430947, -0.0182717, 0.288541, 0.0181203, 0.0328947, -0.999295, 0.853103, 0.00490747, -0.99945, -0.0328108, 1.02265, 0, 0, 0, 1
-0.999821, -0.00434397, -0.0184355, 0.288518, 0.0182813, 0.0331986, -0.999282, 0.853149, 0.00495288, -0.999439, -0.0331132, 1.02266, 0, 0, 0, 1
-0.999817, -0.00437866, -0.0186, 0.288496, 0.018443, 0.0335039, -0.999268, 0.853197, 0.00499862, -0.999429, -0.033417, 1.02267, 0, 0, 0, 1
-0.999814, -0.00441354, -0.0187652, 0.288473, 0.0186055, 0.0338106, -0.999255, 0.853244, 0.00504471, -0.999419, -0.0337222, 1.02268, 0, 0, 0, 1
-0.999811, -0.00444861, -0.0189312, 0.28845, 0.0187686, 0.0341187, -0.999242, 0.853291, 0.00509114, -0.999408, -0.0340288, 1.02268, 0, 0, 0, 1
-0.999808, -0.00448387, -0.019098, 0.288428, 0.0189325, 0.0344282, -0.999228, 0.853339, 0.00513792, -0.999397, -0.0343367, 1.02269, 0, 0, 0, 1
-0.999804, -0.00451933, -0.0192655, 0.288405, 0.0190971, 0.0347391, -0.999214, 0.853387, 0.00518504, -0.999386, -0.034646, 1.0227, 0, 0, 0, 1
-0.999801, -0.00455498, -0.0194339, 0.288382, 0.0192625, 0.0350515, -0.9992, 0.853435, 0.00523252, -0.999375, -0.0349568, 1.02271, 0, 0, 0, 1
-0.999797, -0.00459082, -0.0196029, 0.288359, 0.0194285, 0.0353652, -0.999186, 0.853484, 0.00528034, -0.999364, -0.0352689, 1.02272, 0, 0, 0, 1
-0.999794, -0.00462685, -0.0197728, 0.288335, 0.0195953, 0.0356804, -0.999171, 0.853532, 0.00532852, -0.999353, -0.0355824, 1.02273, 0, 0, 0, 1
-0.99979, -0.00466308, -0.0199434, 0.288312, 0.0197628, 0.035997, -0.999156, 0.853581, 0.00537705, -0.999341, -0.0358973, 1.02274, 0, 0, 0, 1
-0.999787, -0.00469951, -0.0201147, 0.288289, 0.019931, 0.0363149, -0.999142, 0.85363, 0.00542594, -0.999329, -0.0362135, 1.02275, 0, 0, 0, 1
-0.999783, -0.00473613, -0.0202869, 0.288265, 0.0201, 0.0366343, -0.999127, 0.853679, 0.00547518, -0.999318, -0.0365312, 1.02276, 0, 0, 0, 1
-0.999779, -0.00477294, -0.0204597, 0.288241, 0.0202697, 0.0369551, -0.999111, 0.853729, 0.00552479, -0.999306, -0.0368502, 1.02277, 0, 0, 0, 1
-0.999776, -0.00480995, -0.0206334, 0.288217, 0.02044, 0.0372773, -0.999096, 0.853778, 0.00557476, -0.999293, -0.0371706, 1.02278, 0, 0, 0, 1
-0.999772, -0.00484716, -0.0208078, 0.288194, 0.0206111, 0.0376009, -0.99908, 0.853828, 0.00562509, -0.999281, -0.0374924, 1.02279, 0, 0, 0, 1
-0.999768, -0.00488456, -0.020983, 0.28817, 0.020783, 0.0379259, -0.999064, 0.853879, 0.00567579, -0.999269, -0.0378156, 1.0228, 0, 0, 0, 1
-0.999764, -0.00492216, -0.021159, 0.288145, 0.0209555, 0.0382524, -0.999048, 0.853929, 0.00572686, -0.999256, -0.0381402, 1.02281, 0, 0, 0, 1
-0.99976, -0.00495996, -0.0213357, 0.288121, 0.0211287, 0.0385802, -0.999032, 0.85398, 0.00577829, -0.999243, -0.0384661, 1.02282, 0, 0, 0, 1
-0.999756, -0.00499795, -0.0215132, 0.288097, 0.0213027, 0.0389094, -0.999016, 0.85403, 0.0058301, -0.99923, -0.0387935, 1.02283, 0, 0, 0, 1
-0.999752, -0.00503615, -0.0216914, 0.288072, 0.0214774, 0.0392401, -0.998999, 0.854081, 0.00588228, -0.999217, -0.0391222, 1.02284, 0, 0, 0, 1
-0.999748, -0.00507454, -0.0218704, 0.288048, 0.0216528, 0.0395722, -0.998982, 0.854133, 0.00593483, -0.999204, -0.0394523, 1.02285, 0, 0, 0, 1
-0.999744, -0.00511313, -0.0220502, 0.288023, 0.0218289, 0.0399056, -0.998965, 0.854184, 0.00598777, -0.99919, -0.0397838, 1.02286, 0, 0, 0, 1
-0.99974, -0.00515193, -0.0222307, 0.287998, 0.0220057, 0.0402405, -0.998948, 0.854236, 0.00604108, -0.999177, -0.0401166, 1.02287, 0, 0, 0, 1
-0.999735, -0.00519092, -0.022412, 0.287973, 0.0221833, 0.0405768, -0.99893, 0.854288, 0.00609477, -0.999163, -0.0404509, 1.02288, 0, 0, 0, 1
-0.999731, -0.00523011, -0.0225941, 0.287948, 0.0223615, 0.0409145, -0.998912, 0.85434, 0.00614885, -0.999149, -0.0407865, 1.02289, 0, 0, 0, 1
-0.999727, -0.00526951, -0.0227769, 0.287923, 0.0225405, 0.0412535, -0.998894, 0.854392, 0.00620331, -0.999135, -0.0411235, 1.0229, 0, 0, 0, 1
-0.999722, -0.0053091, -0.0229605, 0.287898, 0.0227202, 0.041594, -0.998876, 0.854445, 0.00625816, -0.99912, -0.0414619, 1.02291, 0, 0, 0, 1
-0.999718, -0.0053489, -0.0231449, 0.287873, 0.0229006, 0.041936, -0.998858, 0.854498, 0.00631339, -0.999106, -0.0418016, 1.02292, 0, 0, 0, 1
-0.999713, -0.0053889, -0.02333, 0.287847, 0.0230817, 0.0422793, -0.998839, 0.854551, 0.00636902, -0.999091, -0.0421428, 1.02293, 0, 0, 0, 1
-0.999709, -0.0054291, -0.0235159, 0.287822, 0.0232635, 0.042624, -0.99882, 0.854604, 0.00642504, -0.999076, -0.0424853, 1.02294, 0, 0, 0, 1
-0.999704, -0.00546951, -0.0237025, 0.287796, 0.023446, 0.0429701, -0.998801, 0.854658, 0.00648146, -0.999061, -0.0428292, 1.02295, 0, 0, 0, 1
-0.999699, -0.00551012, -0.02389, 0.28777, 0.0236293, 0.0433176, -0.998782, 0.854711, 0.00653827, -0.999046, -0.0431744, 1.02296, 0, 0, 0, 1
-0.999695, -0.00555094, -0.0240782, 0.287744, 0.0238132, 0.0436666, -0.998762, 0.854765, 0.00659548, -0.999031, -0.0435211, 1.02297, 0, 0, 0, 1
-0.99969, -0.00559196, -0.0242671, 0.287718, 0.0239979, 0.0440169, -0.998743, 0.85482, 0.00665309, -0.999015, -0.0438691, 1.02298, 0, 0, 0, 1
-0.999685, -0.00563319, -0.0244568, 0.287692, 0.0241833, 0.0443687, -0.998722, 0.854874, 0.00671111, -0.998999, -0.0442185, 1.02299, 0, 0, 0, 1
-0.99968, -0.00567462, -0.0246473, 0.287666, 0.0243693, 0.0447218, -0.998702, 0.854929, 0.00676953, -0.998983, -0.0445692, 1.02301, 0, 0, 0, 1
-0.999675, -0.00571626, -0.0248385, 0.28764, 0.0245561, 0.0450764, -0.998682, 0.854983, 0.00682835, -0.998967, -0.0449214, 1.02302, 0, 0, 0, 1
-0.99967, -0.0057581, -0.0250306, 0.287613, 0.0247436, 0.0454323, -0.998661, 0.855039, 0.00688759, -0.998951, -0.0452749, 1.02303, 0, 0, 0, 1
-0.999665, -0.00580015, -0.0252233, 0.287587, 0.0249318, 0.0457897, -0.99864, 0.855094, 0.00694723, -0.998934, -0.0456298, 1.02304, 0, 0, 0, 1
-0.99966, -0.00584241, -0.0254169, 0.28756, 0.0251207, 0.0461485, -0.998619, 0.855149, 0.00700729, -0.998918, -0.045986, 1.02305, 0, 0, 0, 1
-0.999655, -0.00588488, -0.0256112, 0.287533, 0.0253103, 0.0465087, -0.998597, 0.855205, 0.00706777, -0.998901, -0.0463436, 1.02306, 0, 0, 0, 1
-0.999649, -0.00592756, -0.0258062, 0.287506, 0.0255006, 0.0468702, -0.998575, 0.855261, 0.00712866, -0.998883, -0.0467026, 1.02307, 0, 0, 0, 1
-0.999644, -0.00597045, -0.0260021, 0.287479, 0.0256916, 0.0472332, -0.998553, 0.855317, 0.00718997, -0.998866, -0.047063, 1.02309, 0, 0, 0, 1
-0.999639, -0.00601354, -0.0261987, 0.287452, 0.0258833, 0.0475976, -0.998531, 0.855374, 0.00725171, -0.998848, -0.0474248, 1.0231, 0, 0, 0, 1
-0.999633, -0.00605685, -0.026396, 0.287425, 0.0260757, 0.0479634, -0.998509, 0.85543, 0.00731386, -0.998831, -0.0477879, 1.02311, 0, 0, 0, 1
-0.999628, -0.00610037, -0.0265942, 0.287397, 0.0262689, 0.0483306, -0.998486, 0.855487, 0.00737644, -0.998813, -0.0481524, 1.02312, 0, 0, 0, 1
-0.999622, -0.0061441, -0.0267931, 0.28737, 0.0264627, 0.0486992, -0.998463, 0.855544, 0.00743945, -0.998795, -0.0485182, 1.02313, 0, 0, 0, 1
-0.999616, -0.00618804, -0.0269927, 0.287342, 0.0266572, 0.0490692, -0.99844, 0.855601, 0.00750289, -0.998776, -0.0488854, 1.02315, 0, 0, 0, 1
-0.999611, -0.00623219, -0.0271932, 0.287315, 0.0268524, 0.0494406, -0.998416, 0.855659, 0.00756676, -0.998758, -0.049254, 1.02316, 0, 0, 0, 1
-0.999605, -0.00627656, -0.0273943, 0.287287, 0.0270483, 0.0498134, -0.998392, 0.855717, 0.00763107, -0.998739, -0.049624, 1.02317, 0, 0, 0, 1
-0.999599, -0.00632113, -0.0275963, 0.287259, 0.027245, 0.0501876, -0.998368, 0.855775, 0.00769581, -0.99872, -0.0499953, 1.02318, 0, 0, 0, 1
-0.999593, -0.00636593, -0.027799, 0.287231, 0.0274423, 0.0505632, -0.998344, 0.855833, 0.00776099, -0.998701, -0.050368, 1.02319, 0, 0, 0, 1
-0.999587, -0.00641093, -0.0280025, 0.287203, 0.0276403, 0.0509402, -0.998319, 0.855891, 0.00782661, -0.998681, -0.050742, 1.02321, 0, 0, 0, 1
-0.999581, -0.00645616, -0.0282068, 0.287175, 0.027839, 0.0513186, -0.998294, 0.85595, 0.00789268, -0.998661, -0.0511174, 1.02322, 0, 0, 0, 1
-0.999575, -0.00650159, -0.0284118, 0.287146, 0.0280384, 0.0516985, -0.998269, 0.856009, 0.00795919, -0.998642, -0.0514942, 1.02323, 0, 0, 0, 1
-0.999569, -0.00654725, -0.0286176, 0.287118, 0.0282385, 0.0520797, -0.998244, 0.856068, 0.00802614, -0.998621, -0.0518724, 1.02324, 0, 0, 0, 1
-0.999563, -0.00659312, -0.0288241, 0.287089, 0.0284393, 0.0524623, -0.998218, 0.856127, 0.00809355, -0.998601, -0.0522519, 1.02326, 0, 0, 0, 1
-0.999556, -0.0066392, -0.0290314, 0.28706, 0.0286408, 0.0528463, -0.998192, 0.856187, 0.0081614, -0.998581, -0.0526327, 1.02327, 0, 0, 0, 1
-0.99955, -0.00668551, -0.0292395, 0.287031, 0.028843, 0.0532317, -0.998166, 0.856246, 0.00822971, -0.99856, -0.053015, 1.02328, 0, 0, 0, 1
-0.999544, -0.00673203, -0.0294484, 0.287003, 0.0290459, 0.0536186, -0.998139, 0.856306, 0.00829848, -0.998539, -0.0533986, 1.0233, 0, 0, 0, 1
-0.999537, -0.00677877, -0.029658, 0.286973, 0.0292494, 0.0540068, -0.998112, 0.856367, 0.0083677, -0.998518, -0.0537835, 1.02331, 0, 0, 0, 1
