-0.999999, -0.000797434, -0.000797196, 0.290901, 0.000796858, 0.000424669, -1, 0.848124, 0.000797772, -1, -0.000424033, 1.02183, 0, 0, 0, 1
-0.999999, -0.000797366, -0.000797598, 0.290901, 0.000797259, 0.000425242, -1, 0.848124, 0.000797705, -1, -0.000424606, 1.02183, 0, 0, 0, 1
-0.999999, -0.000797163, -0.000798804, 0.290901, 0.000798464, 0.000426961, -1, 0.848125, 0.000797504, -1, -0.000426324, 1.02183, 0, 0, 0, 1
-0.999999, -0.000796825, -0.000800815, 0.290901, 0.000800472, 0.000429827, -1, 0.848125, 0.000797169, -1, -0.000429188, 1.02183, 0, 0, 0, 1
-0.999999, -0.000796351, -0.000803629, 0.290901, 0.000803284, 0.000433838, -1, 0.848126, 0.000796699, -1, -0.000433198, 1.02183, 0, 0, 0, 1
-0.999999, -0.000795741, -0.000807248, 0.290901, 0.000806899, 0.000438996, -1, 0.848126, 0.000796095, -1, -0.000438354, 1.02183, 0, 0, 0, 1
-0.999999, -0.000794996, -0.00081167, 0.290901, 0.000811317, 0.0004453, -1, 0.848127, 0.000795357, -1, -0.000444655, 1.02183, 0, 0, 0, 1
-0.999999, -0.000794116, -0.000816897, 0.290901, 0.000816538, 0.00045275, -1, 0.848128, 0.000794485, -1, -0.000452101, 1.02183, 0, 0, 0, 1
-0.999999, -0.0007931, -0.000822928, 0.290901, 0.000822563, 0.000461346, -1, 0.84813, 0.000793479, -1, -0.000460694, 1.02183, 0, 0, 0, 1
-0.999999, -0.000791949, -0.000829763, 0.2909, 0.00082939, 0.000471089, -1, 0.848131, 0.000792339, -1, -0.000470432, 1.02183, 0, 0, 0, 1
-0.999999, -0.000790662, -0.000837403, 0.2909, 0.000837022, 0.000481977, -1, 0.848133, 0.000791065, -1, -0.000481315, 1.02183, 0, 0, 0, 1
-0.999999, -0.00078924, -0.000845846, 0.2909, 0.000845456, 0.000494012, -1, 0.848135, 0.000789657, -1, -0.000493345, 1.02183, 0, 0, 0, 1
-0.999999, -0.000787683, -0.000855094, 0.2909, 0.000854694, 0.000507193, -1, 0.848137, 0.000788116, -1, -0.00050652, 1.02183, 0, 0, 0, 1
-0.999999, -0.00078599, -0.000865145, 0.2909, 0.000864735, 0.00052152, -0.999999, 0.848139, 0.000786441, -1, -0.00052084, 1.02183, 0, 0, 0, 1
-0.999999, -0.000784162, -0.000876001, 0.290899, 0.00087558, 0.000536994, -0.999999, 0.848141, 0.000784632, -1, -0.000536307, 1.02183, 0, 0, 0, 1
-0.999999, -0.000782198, -0.000887661, 0.290899, 0.000887228, 0.000553613, -0.999999, 0.848144, 0.000782689, -1, -0.000552919, 1.02183, 0, 0, 0, 1
-0.999999, -0.000780099, -0.000900125, 0.290899, 0.000899679, 0.000571379, -0.999999, 0.848146, 0.000780613, -1, -0.000570677, 1.02183, 0, 0, 0, 1
-0.999999, -0.000777865, -0.000913393, 0.290899, 0.000912934, 0.000590291, -0.999999, 0.848149, 0.000778404, -1, -0.00058958, 1.02183, 0, 0, 0, 1
-0.999999, -0.000775496, -0.000927465, 0.290898, 0.000926992, 0.000610349, -0.999999, 0.848152, 0.000776061, -1, -0.00060963, 1.02183, 0, 0, 0, 1
-0.999999, -0.000772991, -0.000942342, 0.290898, 0.000941854, 0.000631553, -0.999999, 0.848156, 0.000773586, -1, -0.000630825, 1.02183, 0, 0, 0, 1
-0.999999, -0.000770351, -0.000958022, 0.290898, 0.000957519, 0.000653904, -0.999999, 0.848159, 0.000770977, -0.999999, -0.000653165, 1.02182, 0, 0, 0, 1
-0.999999, -0.000767576, -0.000974507, 0.290898, 0.000973987, 0.0006774, -0.999999, 0.848163, 0.000768235, -0.999999, -0.000676652, 1.02182, 0, 0, 0, 1
-0.999999, -0.000764665, -0.000991796, 0.290897, 0.000991259, 0.000702043, -0.999999, 0.848166, 0.000765361, -0.999999, -0.000701285, 1.02182, 0, 0, 0, 1
-0.999999, -0.00076162, -0.00100989, 0.290897, 0.00100933, 0.000727832, -0.999999, 0.84817, 0.000762354, -0.999999, -0.000727063, 1.02182, 0, 0, 0, 1
-0.999999, -0.000758439, -0.00102879, 0.290896, 0.00102821, 0.000754767, -0.999999, 0.848174, 0.000759215, -0.999999, -0.000753987, 1.02182, 0, 0, 0, 1
-0.999999, -0.000755123, -0.00104849, 0.290896, 0.0010479, 0.000782849, -0.999999, 0.848179, 0.000755943, -0.999999, -0.000782057, 1.02182, 0, 0, 0, 1
-0.999999, -0.000751672, -0.00106899, 0.290896, 0.00106838, 0.000812077, -0.999999, 0.848183, 0.00075254, -0.999999, -0.000811273, 1.02182, 0, 0, 0, 1
-0.999999, -0.000748086, -0.0010903, 0.290895, 0.00108967, 0.00084245, -0.999999, 0.848188, 0.000749004, -0.999999, -0.000841635, 1.02182, 0, 0, 0, 1
-0.999999, -0.000744365, -0.00111242, 0.290895, 0.00111176, 0.000873971, -0.999999, 0.848192, 0.000745336, -0.999999, -0.000873142, 1.02181, 0, 0, 0, 1
-0.999999, -0.000740509, -0.00113533, 0.290894, 0.00113466, 0.000906637, -0.999999, 0.848197, 0.000741537, -0.999999, -0.000905796, 1.02181, 0, 0, 0, 1
-0.999999, -0.000736518, -0.00115906, 0.290894, 0.00115836, 0.000940449, -0.999999, 0.848202, 0.000737607, -0.999999, -0.000939595, 1.02181, 0, 0, 0, 1
-0.999999, -0.000732391, -0.00118358, 0.290893, 0.00118287, 0.000975408, -0.999999, 0.848208, 0.000733545, -0.999999, -0.000974541, 1.02181, 0, 0, 0, 1
-0.999999, -0.00072813, -0.00120891, 0.290893, 0.00120817, 0.00101151, -0.999999, 0.848213, 0.000729352, -0.999999, -0.00101063, 1.02181, 0, 0, 0, 1
-0.999999, -0.000723734, -0.00123505, 0.290892, 0.00123429, 0.00104876, -0.999999, 0.848219, 0.000725029, -0.999999, -0.00104787, 1.02181, 0, 0, 0, 1
-0.999999, -0.000719204, -0.00126198, 0.290892, 0.0012612, 0.00108716, -0.999999, 0.848225, 0.000720575, -0.999999, -0.00108625, 1.02181, 0, 0, 0, 1
-0.999999, -0.000714538, -0.00128973, 0.290891, 0.00128892, 0.00112671, -0.999999, 0.848231, 0.00071599, -0.999999, -0.00112578, 1.0218, 0, 0, 0, 1
-0.999999, -0.000709738, -0.00131827, 0.290891, 0.00131744, 0.0011674, -0.999998, 0.848237, 0.000711275, -0.999999, -0.00116646, 1.0218, 0, 0, 0, 1
-0.999999, -0.000704802, -0.00134762, 0.29089, 0.00134677, 0.00120923, -0.999998, 0.848243, 0.000706431, -0.999999, -0.00120828, 1.0218, 0, 0, 0, 1
-0.999999, -0.000699733, -0.00137778, 0.29089, 0.0013769, 0.00125221, -0.999998, 0.84825, 0.000701457, -0.999999, -0.00125125, 1.0218, 0, 0, 0, 1
-0.999999, -0.000694528, -0.00140874, 0.290889, 0.00140784, 0.00129634, -0.999998, 0.848256, 0.000696353, -0.999999, -0.00129536, 1.0218, 0, 0, 0, 1
-0.999999, -0.000689189, -0.0014405, 0.290888, 0.00143958, 0.00134162, -0.999998, 0.848263, 0.00069112, -0.999999, -0.00134062, 1.02179, 0, 0, 0, 1
-0.999999, -0.000683715, -0.00147307, 0.290888, 0.00147212, 0.00138804, -0.999998, 0.84827, 0.000685758, -0.999999, -0.00138703, 1.02179, 0, 0, 0, 1
-0.999999, -0.000678107, -0.00150644, 0.290887, 0.00150546, 0.00143561, -0.999998, 0.848278, 0.000680268, -0.999999, -0.00143458, 1.02179, 0, 0, 0, 1
-0.999999, -0.000672364, -0.00154062, 0.290886, 0.00153962, 0.00148432, -0.999998, 0.848285, 0.000674649, -0.999999, -0.00148328, 1.02179, 0, 0, 0, 1
-0.999999, -0.000666487, -0.00157559, 0.290886, 0.00157457, 0.00153418, -0.999998, 0.848293, 0.000668903, -0.999999, -0.00153313, 1.02179, 0, 0, 0, 1
-0.999998, -0.000660475, -0.00161138, 0.290885, 0.00161033, 0.00158519, -0.999997, 0.8483, 0.000663028, -0.999999, -0.00158412, 1.02178, 0, 0, 0, 1
-0.999998, -0.000654329, -0.00164797, 0.290884, 0.00164689, 0.00163734, -0.999997, 0.848308, 0.000657026, -0.999998, -0.00163626, 1.02178, 0, 0, 0, 1
-0.999998, -0.000648049, -0.00168536, 0.290884, 0.00168426, 0.00169064, -0.999997, 0.848316, 0.000650897, -0.999998, -0.00168954, 1.02178, 0, 0, 0, 1
-0.999998, -0.000641635, -0.00172355, 0.290883, 0.00172243, 0.00174508, -0.999997, 0.848325, 0.000644641, -0.999998, -0.00174398, 1.02178, 0, 0, 0, 1
-0.999998, -0.000635086, -0.00176256, 0.290882, 0.00176141, 0.00180068, -0.999997, 0.848333, 0.000638258, -0.999998, -0.00179955, 1.02177, 0, 0, 0, 1
-0.999998, -0.000628403, -0.00180236, 0.290881, 0.00180119, 0.00185741, -0.999997, 0.848342, 0.000631749, -0.999998, -0.00185628, 1.02177, 0, 0, 0, 1
-0.999998, -0.000621586, -0.00184297, 0.29088, 0.00184177, 0.0019153, -0.999996, 0.84835, 0.000625114, -0.999998, -0.00191415, 1.02177, 0, 0, 0, 1
-0.999998, -0.000614635, -0.00188438, 0.29088, 0.00188316, 0.00197433, -0.999996, 0.848359, 0.000618354, -0.999998, -0.00197317, 1.02177, 0, 0, 0, 1
-0.999998, -0.000607551, -0.0019266, 0.290879, 0.00192536, 0.00203451, -0.999996, 0.848368, 0.000611468, -0.999998, -0.00203333, 1.02176, 0, 0, 0, 1
-0.999998, -0.000600332, -0.00196962, 0.290878, 0.00196836, 0.00209583, -0.999996, 0.848378, 0.000604457, -0.999998, -0.00209464, 1.02176, 0, 0, 0, 1
-0.999998, -0.000592979, -0.00201344, 0.290877, 0.00201216, 0.0021583, -0.999996, 0.848387, 0.000597322, -0.999997, -0.0021571, 1.02176, 0, 0, 0, 1
-0.999998, -0.000585493, -0.00205807, 0.290876, 0.00205677, 0.00222191, -0.999995, 0.848397, 0.000590063, -0.999997, -0.0022207, 1.02176, 0, 0, 0, 1
-0.999998, -0.000577872, -0.00210351, 0.290875, 0.00210218, 0.00228668, -0.999995, 0.848407, 0.00058268, -0.999997, -0.00228546, 1.02175, 0, 0, 0, 1
-0.999998, -0.000570118, -0.00214974, 0.290874, 0.0021484, 0.00235258, -0.999995, 0.848417, 0.000575173, -0.999997, -0.00235135, 1.02175, 0, 0, 0, 1
-0.999997, -0.000562231, -0.00219679, 0.290873, 0.00219542, 0.00241964, -0.999995, 0.848427, 0.000567543, -0.999997, -0.0024184, 1.02175, 0, 0, 0, 1
-0.999997, -0.00055421, -0.00224463, 0.290872, 0.00224325, 0.00248784, -0.999994, 0.848437, 0.000559791, -0.999997, -0.00248659, 1.02174, 0, 0, 0, 1
-0.999997, -0.000546055, -0.00229328, 0.290871, 0.00229188, 0.00255719, -0.999994, 0.848448, 0.000551916, -0.999997, -0.00255593, 1.02174, 0, 0, 0, 1
-0.999997, -0.000537767, -0.00234273, 0.29087, 0.00234131, 0.00262768, -0.999994, 0.848458, 0.00054392, -0.999996, -0.00262642, 1.02174, 0, 0, 0, 1
-0.999997, -0.000529346, -0.00239299, 0.29087, 0.00239156, 0.00269932, -0.999993, 0.848469, 0.000535802, -0.999996, -0.00269805, 1.02173, 0, 0, 0, 1
-0.999997, -0.000520791, -0.00244406, 0.290868, 0.0024426, 0.00277211, -0.999993, 0.84848, 0.000527563, -0.999996, -0.00277083, 1.02173, 0, 0, 0, 1
-0.999997, -0.000512104, -0.00249592, 0.290867, 0.00249445, 0.00284604, -0.999993, 0.848492, 0.000519203, -0.999996, -0.00284476, 1.02173, 0, 0, 0, 1
-0.999997, -0.000503283, -0.00254859, 0.290866, 0.00254711, 0.00292112, -0.999992, 0.848503, 0.000510724, -0.999996, -0.00291983, 1.02172, 0, 0, 0, 1
-0.999996, -0.000494329, -0.00260207, 0.290865, 0.00260057, 0.00299735, -0.999992, 0.848515, 0.000502124, -0.999995, -0.00299605, 1.02172, 0, 0, 0, 1
-0.999996, -0.000485242, -0.00265635, 0.290864, 0.00265484, 0.00307472, -0.999992, 0.848526, 0.000493405, -0.999995, -0.00307342, 1.02172, 0, 0, 0, 1
-0.999996, -0.000476022, -0.00271143, 0.290863, 0.00270991, 0.00315324, -0.999991, 0.848538, 0.000484567, -0.999995, -0.00315194, 1.02171, 0, 0, 0, 1
-0.999996, -0.000466669, -0.00276731, 0.290862, 0.00276579, 0.00323291, -0.999991, 0.84855, 0.000475611, -0.999995, -0.0032316, 1.02171, 0, 0, 0, 1
-0.999996, -0.000457183, -0.00282401, 0.290861, 0.00282248, 0.00331372, -0.999991, 0.848563, 0.000466537, -0.999994, -0.00331242, 1.02171, 0, 0, 0, 1
-0.999996, -0.000447565, -0.0028815, 0.29086, 0.00287997, 0.00339568, -0.99999, 0.848575, 0.000457345, -0.999994, -0.00339438, 1.0217, 0, 0, 0, 1
-0.999996, -0.000437814, -0.0029398, 0.290859, 0.00293826, 0.00347878, -0.99999, 0.848588, 0.000448036, -0.999994, -0.00347748, 1.0217, 0, 0, 0, 1
-0.999995, -0.00042793, -0.0029989, 0.290857, 0.00299736, 0.00356304, -0.999989, 0.848601, 0.000438611, -0.999994, -0.00356174, 1.0217, 0, 0, 0, 1
-0.999995, -0.000417914, -0.00305881, 0.290856, 0.00305727, 0.00364843, -0.999989, 0.848614, 0.00042907, -0.999993, -0.00364714, 1.02169, 0, 0, 0, 1
-0.999995, -0.000407766, -0.00311952, 0.290855, 0.00311798, 0.00373498, -0.999988, 0.848627, 0.000419413, -0.999993, -0.00373369, 1.02169, 0, 0, 0, 1
-0.999995, -0.000397486, -0.00318104, 0.290854, 0.0031795, 0.00382267, -0.999988, 0.84864, 0.000409641, -0.999993, -0.00382139, 1.02168, 0, 0, 0, 1
-0.999995, -0.000387073, -0.00324336, 0.290853, 0.00324182, 0.00391151, -0.999987, 0.848653, 0.000399754, -0.999992, -0.00391023, 1.02168, 0, 0, 0, 1
-0.999994, -0.000376528, -0.00330648, 0.290851, 0.00330495, 0.00400149, -0.999987, 0.848667, 0.000389754, -0.999992, -0.00400022, 1.02168, 0, 0, 0, 1
-0.999994, -0.000365851, -0.00337041, 0.29085, 0.00336889, 0.00409262, -0.999986, 0.848681, 0.00037964, -0.999992, -0.00409136, 1.02167, 0, 0, 0, 1
-0.999994, -0.000355042, -0.00343514, 0.290849, 0.00343363, 0.0041849, -0.999985, 0.848695, 0.000369412, -0.999991, -0.00418365, 1.02167, 0, 0, 0, 1
-0.999994, -0.000344101, -0.00350068, 0.290847, 0.00349918, 0.00427832, -0.999985, 0.848709, 0.000359073, -0.999991, -0.00427709, 1.02167, 0, 0, 0, 1
-0.999994, -0.000333028, -0.00356702, 0.290846, 0.00356553, 0.00437289, -0.999984, 0.848724, 0.000348621, -0.99999, -0.00437168, 1.02166, 0, 0, 0, 1
-0.999993, -0.000321824, -0.00363417, 0.290845, 0.00363269, 0.00446861, -0.999983, 0.848738, 0.000338059, -0.99999, -0.00446741, 1.02166, 0, 0, 0, 1
-0.999993, -0.000310488, -0.00370211, 0.290843, 0.00370066, 0.00456547, -0.999983, 0.848753, 0.000327385, -0.99999, -0.00456429, 1.02165, 0, 0, 0, 1
-0.999993, -0.000299021, -0.00377087, 0.290842, 0.00376943, 0.00466348, -0.999982, 0.848768, 0.000316601, -0.999989, -0.00466232, 1.02165, 0, 0, 0, 1
-0.999993, -0.000287422, -0.00384042, 0.290841, 0.00383901, 0.00476264, -0.999981, 0.848783, 0.000305707, -0.999989, -0.0047615, 1.02164, 0, 0, 0, 1
-0.999992, -0.000275692, -0.00391079, 0.290839, 0.0039094, 0.00486294, -0.999981, 0.848798, 0.000294705, -0.999988, -0.00486183, 1.02164, 0, 0, 0, 1
-0.999992, -0.000263831, -0.00398195, 0.290838, 0.00398059, 0.00496439, -0.99998, 0.848814, 0.000283593, -0.999988, -0.0049633, 1.02164, 0, 0, 0, 1
-0.999992, -0.000251838, -0.00405392, 0.290836, 0.00405259, 0.00506699, -0.999979, 0.848829, 0.000272374, -0.999987, -0.00506592, 1.02163, 0, 0, 0, 1
-0.999991, -0.000239715, -0.00412669, 0.290835, 0.0041254, 0.00517073, -0.999978, 0.848845, 0.000261047, -0.999987, -0.0051697, 1.02163, 0, 0, 0, 1
-0.999991, -0.00022746, -0.00420027, 0.290834, 0.00419901, 0.00527562, -0.999977, 0.848861, 0.000249614, -0.999986, -0.00527462, 1.02162, 0, 0, 0, 1
-0.999991, -0.000215075, -0.00427465, 0.290832, 0.00427343, 0.00538166, -0.999976, 0.848877, 0.000238075, -0.999985, -0.00538069, 1.02162, 0, 0, 0, 1
-0.999991, -0.000202559, -0.00434984, 0.290831, 0.00434866, 0.00548884, -0.999975, 0.848893, 0.00022643, -0.999985, -0.00548791, 1.02161, 0, 0, 0, 1
-0.99999, -0.000189912, -0.00442583, 0.290829, 0.0044247, 0.00559717, -0.999975, 0.84891, 0.00021468, -0.999984, -0.00559627, 1.02161, 0, 0, 0, 1
-0.99999, -0.000177135, -0.00450262, 0.290827, 0.00450154, 0.00570664, -0.999974, 0.848926, 0.000202825, -0.999984, -0.00570579, 1.0216, 0, 0, 0, 1
-0.999989, -0.000164228, -0.00458022, 0.290826, 0.00457919, 0.00581727, -0.999973, 0.848943, 0.000190868, -0.999983, -0.00581645, 1.0216, 0, 0, 0, 1
-0.999989, -0.00015119, -0.00465862, 0.290824, 0.00465764, 0.00592904, -0.999972, 0.84896, 0.000178807, -0.999982, -0.00592827, 1.02159, 0, 0, 0, 1
-0.999989, -0.000138022, -0.00473783, 0.290823, 0.00473691, 0.00604195, -0.999971, 0.848977, 0.000166643, -0.999982, -0.00604123, 1.02159, 0, 0, 0, 1
-0.999988, -0.000124724, -0.00481784, 0.290821, 0.00481698, 0.00615602, -0.999969, 0.848995, 0.000154378, -0.999981, -0.00615534, 1.02158, 0, 0, 0, 1
-0.999988, -0.000111295, -0.00489865, 0.29082, 0.00489786, 0.00627123, -0.999968, 0.849012, 0.000142012, -0.99998, -0.0062706, 1.02158, 0, 0, 0, 1
-0.999988, -9.77373e-05, -0.00498027, 0.290818, 0.00497955, 0.00638758, -0.999967, 0.84903, 0.000129546, -0.99998, -0.00638702, 1.02157, 0, 0, 0, 1
-0.999987, -8.40495e-05, -0.0050627, 0.290816, 0.00506204, 0.00650508, -0.999966, 0.849048, 0.00011698, -0.999979, -0.00650458, 1.02157, 0, 0, 0, 1
-0.999987, -7.0232e-05, -0.00514592, 0.290815, 0.00514535, 0.00662373, -0.999965, 0.849066, 0.000104315, -0.999978, -0.00662329, 1.02156, 0, 0, 0, 1
-0.999986, -5.6285e-05, -0.00522995, 0.290813, 0.00522946, 0.00674353, -0.999964, 0.849084, 9.15513e-05, -0.999977, -0.00674314, 1.02156, 0, 0, 0, 1
-0.999986, -4.22085e-05, -0.00531479, 0.290811, 0.00531438, 0.00686447, -0.999962, 0.849103, 7.86902e-05, -0.999976, -0.00686415, 1.02155, 0, 0, 0, 1
-0.999985, -2.80027e-05, -0.00540043, 0.290809, 0.0054001, 0.00698656, -0.999961, 0.849121, 6.57321e-05, -0.999976, -0.00698631, 1.02155, 0, 0, 0, 1
-0.999985, -1.36678e-05, -0.00548687, 0.290808, 0.00548664, 0.0071098, -0.99996, 0.84914, 5.26778e-05, -0.999975, -0.00710962, 1.02154, 0, 0, 0, 1
-0.999984, 7.96284e-07, -0.00557412, 0.290806, 0.00557398, 0.00723418, -0.999958, 0.849159, 3.9528e-05, -0.999974, -0.00723408, 1.02154, 0, 0, 0, 1
-0.999984, 1.53893e-05, -0.00566217, 0.290804, 0.00566213, 0.00735971, -0.999957, 0.849178, 2.62833e-05, -0.999973, -0.00735968, 1.02153, 0, 0, 0, 1
-0.999983, 3.01112e-05, -0.00575103, 0.290802, 0.00575109, 0.00748639, -0.999955, 0.849197, 1.29446e-05, -0.999972, -0.00748644, 1.02153, 0, 0, 0, 1
-0.999983, 4.49617e-05, -0.00584069, 0.290801, 0.00584086, 0.00761422, -0.999954, 0.849217, -4.87418e-07, -0.999971, -0.00761435, 1.02152, 0, 0, 0, 1
-0.999982, 5.99409e-05, -0.00593115, 0.290799, 0.00593144, 0.00774319, -0.999952, 0.849236, -1.40121e-05, -0.99997, -0.00774341, 1.02152, 0, 0, 0, 1
-0.999982, 7.50486e-05, -0.00602242, 0.290797, 0.00602282, 0.0078733, -0.999951, 0.849256, -2.76286e-05, -0.999969, -0.00787361, 1.02151, 0, 0, 0, 1
-0.999981, 9.02846e-05, -0.00611449, 0.290795, 0.00611502, 0.00800457, -0.999949, 0.849276, -4.13362e-05, -0.999968, -0.00800497, 1.0215, 0, 0, 0, 1
-0.999981, 0.000105649, -0.00620737, 0.290793, 0.00620802, 0.00813698, -0.999948, 0.849296, -5.51341e-05, -0.999967, -0.00813748, 1.0215, 0, 0, 0, 1
-0.99998, 0.000121141, -0.00630105, 0.290791, 0.00630184, 0.00827054, -0.999946, 0.849317, -6.90216e-05, -0.999966, -0.00827114, 1.02149, 0, 0, 0, 1
-0.99998, 0.000136762, -0.00639553, 0.290789, 0.00639646, 0.00840524, -0.999944, 0.849337, -8.29979e-05, -0.999965, -0.00840595, 1.02149, 0, 0, 0, 1
-0.999979, 0.00015251, -0.00649082, 0.290788, 0.00649189, 0.00854109, -0.999942, 0.849358, -9.70622e-05, -0.999964, -0.0085419, 1.02148, 0, 0, 0, 1
-0.999978, 0.000168386, -0.00658692, 0.290786, 0.00658813, 0.00867809, -0.999941, 0.849379, -0.000111214, -0.999962, -0.00867901, 1.02148, 0, 0, 0, 1
-0.999978, 0.000184389, -0.00668381, 0.290784, 0.00668518, 0.00881624, -0.999939, 0.8494, -0.000125452, -0.999961, -0.00881727, 1.02147, 0, 0, 0, 1
-0.999977, 0.00020052, -0.00678151, 0.290782, 0.00678304, 0.00895553, -0.999937, 0.849421, -0.000139775, -0.99996, -0.00895669, 1.02146, 0, 0, 0, 1
-0.999976, 0.000216778, -0.00688002, 0.29078, 0.00688171, 0.00909597, -0.999935, 0.849442, -0.000154184, -0.999959, -0.00909725, 1.02146, 0, 0, 0, 1
-0.999976, 0.000233164, -0.00697933, 0.290778, 0.00698118, 0.00923756, -0.999933, 0.849464, -0.000168676, -0.999957, -0.00923896, 1.02145, 0, 0, 0, 1
-0.999975, 0.000249676, -0.00707944, 0.290776, 0.00708147, 0.00938029, -0.999931, 0.849486, -0.000183252, -0.999956, -0.00938182, 1.02145, 0, 0, 0, 1
-0.999974, 0.000266316, -0.00718036, 0.290774, 0.00718257, 0.00952417, -0.999929, 0.849508, -0.00019791, -0.999955, -0.00952584, 1.02144, 0, 0, 0, 1
-0.999973, 0.000283082, -0.00728208, 0.290771, 0.00728448, 0.0096692, -0.999927, 0.84953, -0.000212649, -0.999953, -0.009671, 1.02143, 0, 0, 0, 1
-0.999973, 0.000299975, -0.00738461, 0.290769, 0.0073872, 0.00981537, -0.999925, 0.849552, -0.000227469, -0.999952, -0.00981732, 1.02143, 0, 0, 0, 1
-0.999972, 0.000316994, -0.00748794, 0.290767, 0.00749072, 0.00996269, -0.999922, 0.849574, -0.000242369, -0.99995, -0.00996479, 1.02142, 0, 0, 0, 1
-0.999971, 0.00033414, -0.00759207, 0.290765, 0.00759506, 0.0101112, -0.99992, 0.849597, -0.000257348, -0.999949, -0.0101134, 1.02141, 0, 0, 0, 1
-0.99997, 0.000351412, -0.00769701, 0.290763, 0.00770021, 0.0102608, -0.999918, 0.84962, -0.000272406, -0.999947, -0.0102632, 1.02141, 0, 0, 0, 1
-0.999969, 0.00036881, -0.00780275, 0.290761, 0.00780617, 0.0104115, -0.999915, 0.849643, -0.00028754, -0.999946, -0.0104141, 1.0214, 0, 0, 0, 1
-0.999969, 0.000386334, -0.0079093, 0.290759, 0.00791294, 0.0105634, -0.999913, 0.849666, -0.000302751, -0.999944, -0.0105662, 1.0214, 0, 0, 0, 1
-0.999968, 0.000403983, -0.00801665, 0.290757, 0.00802052, 0.0107165, -0.99991, 0.849689, -0.000318037, -0.999942, -0.0107194, 1.02139, 0, 0, 0, 1
-0.999967, 0.000421759, -0.0081248, 0.290754, 0.00812891, 0.0108707, -0.999908, 0.849713, -0.000333398, -0.999941, -0.0108738, 1.02138, 0, 0, 0, 1
-0.999966, 0.00043966, -0.00823376, 0.290752, 0.00823811, 0.0110261, -0.999905, 0.849737, -0.000348832, -0.999939, -0.0110293, 1.02138, 0, 0, 0, 1
-0.999965, 0.000457686, -0.00834352, 0.29075, 0.00834812, 0.0111825, -0.999903, 0.849761, -0.000364339, -0.999937, -0.011186, 1.02137, 0, 0, 0, 1
-0.999964, 0.000475837, -0.00845409, 0.290748, 0.00845894, 0.0113402, -0.9999, 0.849785, -0.000379919, -0.999936, -0.0113438, 1.02136, 0, 0, 0, 1
-0.999963, 0.000494114, -0.00856546, 0.290745, 0.00857058, 0.011499, -0.999897, 0.849809, -0.000395569, -0.999934, -0.0115028, 1.02136, 0, 0, 0, 1
-0.999962, 0.000512515, -0.00867764, 0.290743, 0.00868302, 0.0116589, -0.999894, 0.849833, -0.000411289, -0.999932, -0.0116629, 1.02135, 0, 0, 0, 1
-0.999961, 0.000531041, -0.00879062, 0.290741, 0.00879628, 0.01182, -0.999891, 0.849858, -0.000427079, -0.99993, -0.0118242, 1.02134, 0, 0, 0, 1
-0.99996, 0.000549692, -0.0089044, 0.290738, 0.00891035, 0.0119822, -0.999889, 0.849883, -0.000442936, -0.999928, -0.0119867, 1.02134, 0, 0, 0, 1
-0.999959, 0.000568467, -0.00901899, 0.290736, 0.00902523, 0.0121456, -0.999886, 0.849907, -0.000458861, -0.999926, -0.0121503, 1.02133, 0, 0, 0, 1
-0.999958, 0.000587367, -0.00913438, 0.290734, 0.00914092, 0.0123101, -0.999882, 0.849933, -0.000474852, -0.999924, -0.012315, 1.02132, 0, 0, 0, 1
-0.999957, 0.00060639, -0.00925057, 0.290731, 0.00925742, 0.0124758, -0.999879, 0.849958, -0.000490909, -0.999922, -0.0124809, 1.02132, 0, 0, 0, 1
-0.999956, 0.000625538, -0.00936757, 0.290729, 0.00937473, 0.0126426, -0.999876, 0.849983, -0.00050703, -0.99992, -0.0126479, 1.02131, 0, 0, 0, 1
-0.999955, 0.000644809, -0.00948538, 0.290727, 0.00949286, 0.0128106, -0.999873, 0.850009, -0.000523214, -0.999918, -0.0128161, 1.0213, 0, 0, 0, 1
-0.999954, 0.000664204, -0.00960399, 0.290724, 0.0096118, 0.0129797, -0.99987, 0.850035, -0.000539461, -0.999916, -0.0129855, 1.02129, 0, 0, 0, 1
-0.999952, 0.000683723, -0.0097234, 0.290722, 0.00973155, 0.01315, -0.999866, 0.850061, -0.000555769, -0.999913, -0.013156, 1.02129, 0, 0, 0, 1
-0.999951, 0.000703365, -0.00984361, 0.290719, 0.00985211, 0.0133214, -0.999863, 0.850087, -0.000572137, -0.999911, -0.0133277, 1.02128, 0, 0, 0, 1
-0.99995, 0.00072313, -0.00996463, 0.290717, 0.00997349, 0.0134939, -0.999859, 0.850113, -0.000588566, -0.999909, -0.0135005, 1.02127, 0, 0, 0, 1
-0.999949, 0.000743017, -0.0100865, 0.290714, 0.0100957, 0.0136676, -0.999856, 0.85014, -0.000605052, -0.999906, -0.0136744, 1.02127, 0, 0, 0, 1
-0.999948, 0.000763028, -0.0102091, 0.290712, 0.0102187, 0.0138425, -0.999852, 0.850167, -0.000621596, -0.999904, -0.0138496, 1.02126, 0, 0, 0, 1
-0.999946, 0.000783162, -0.0103325, 0.290709, 0.0103425, 0.0140185, -0.999848, 0.850193, -0.000638197, -0.999901, -0.0140258, 1.02125, 0, 0, 0, 1
-0.999945, 0.000803418, -0.0104568, 0.290707, 0.0104671, 0.0141956, -0.999844, 0.850221, -0.000654853, -0.999899, -0.0142033, 1.02124, 0, 0, 0, 1
-0.999944, 0.000823796, -0.0105818, 0.290704, 0.0105925, 0.0143739, -0.999841, 0.850248, -0.000671563, -0.999896, -0.0143818, 1.02124, 0, 0, 0, 1
-0.999942, 0.000844297, -0.0107076, 0.290702, 0.0107188, 0.0145534, -0.999837, 0.850275, -0.000688326, -0.999894, -0.0145616, 1.02123, 0, 0, 0, 1
-0.999941, 0.000864919, -0.0108343, 0.290699, 0.0108459, 0.0147339, -0.999833, 0.850303, -0.000705142, -0.999891, -0.0147425, 1.02122, 0, 0, 0, 1
-0.99994, 0.000885663, -0.0109617, 0.290696, 0.0109737, 0.0149157, -0.999829, 0.850331, -0.00072201, -0.999888, -0.0149245, 1.02121, 0, 0, 0, 1
-0.999938, 0.000906529, -0.01109, 0.290694, 0.0111024, 0.0150986, -0.999824, 0.850359, -0.000738927, -0.999886, -0.0151077, 1.02121, 0, 0, 0, 1
-0.999937, 0.000927517, -0.0112191, 0.290691, 0.0112319, 0.0152826, -0.99982, 0.850387, -0.000755894, -0.999883, -0.015292, 1.0212, 0, 0, 0, 1
-0.999935, 0.000948625, -0.0113489, 0.290688, 0.0113622, 0.0154678, -0.999816, 0.850415, -0.000772908, -0.99988, -0.0154775, 1.02119, 0, 0, 0, 1
-0.999934, 0.000969855, -0.0114796, 0.290686, 0.0114934, 0.0156541, -0.999811, 0.850444, -0.00078997, -0.999877, -0.0156642, 1.02118, 0, 0, 0, 1
-0.999932, 0.000991206, -0.0116111, 0.290683, 0.0116253, 0.0158415, -0.999807, 0.850472, -0.000807077, -0.999874, -0.015852, 1.02118, 0, 0, 0, 1
-0.999931, 0.00101268, -0.0117433, 0.29068, 0.0117581, 0.0160302, -0.999802, 0.850501, -0.000824229, -0.999871, -0.016041, 1.02117, 0, 0, 0, 1
-0.999929, 0.00103427, -0.0118764, 0.290677, 0.0118916, 0.0162199, -0.999798, 0.85053, -0.000841425, -0.999868, -0.0162311, 1.02116, 0, 0, 0, 1
-0.999927, 0.00105598, -0.0120103, 0.290675, 0.012026, 0.0164108, -0.999793, 0.850559, -0.000858664, -0.999865, -0.0164223, 1.02115, 0, 0, 0, 1
-0.999926, 0.00107781, -0.012145, 0.290672, 0.0121612, 0.0166029, -0.999788, 0.850589, -0.000875944, -0.999862, -0.0166148, 1.02115, 0, 0, 0, 1
-0.999924, 0.00109977, -0.0122805, 0.290669, 0.0122972, 0.0167961, -0.999783, 0.850618, -0.000893265, -0.999858, -0.0168083, 1.02114, 0, 0, 0, 1
-0.999922, 0.00112184, -0.0124168, 0.290666, 0.0124341, 0.0169904, -0.999778, 0.850648, -0.000910624, -0.999855, -0.0170031, 1.02113, 0, 0, 0, 1
-0.999921, 0.00114403, -0.0125539, 0.290663, 0.0125717, 0.0171859, -0.999773, 0.850678, -0.000928022, -0.999852, -0.017199, 1.02112, 0, 0, 0, 1
-0.999919, 0.00116634, -0.0126918, 0.290661, 0.0127102, 0.0173826, -0.999768, 0.850708, -0.000945457, -0.999848, -0.017396, 1.02111, 0, 0, 0, 1
-0.999917, 0.00118878, -0.0128305, 0.290658, 0.0128494, 0.0175804, -0.999763, 0.850738, -0.000962928, -0.999845, -0.0175942, 1.02111, 0, 0, 0, 1
-0.999915, 0.00121133, -0.01297, 0.290655, 0.0129895, 0.0177793, -0.999758, 0.850769, -0.000980433, -0.999841, -0.0177935, 1.0211, 0, 0, 0, 1
-0.999913, 0.00123399, -0.0131104, 0.290652, 0.0131304, 0.0179794, -0.999752, 0.850799, -0.000997972, -0.999838, -0.017994, 1.02109, 0, 0, 0, 1
-0.999911, 0.00125678, -0.0132515, 0.290649, 0.0132721, 0.0181806, -0.999747, 0.85083, -0.00101554, -0.999834, -0.0181957, 1.02108, 0, 0, 0, 1
-0.999909, 0.00127969, -0.0133934, 0.290646, 0.0134147, 0.018383, -0.999741, 0.850861, -0.00103315, -0.99983, -0.0183985, 1.02107, 0, 0, 0, 1
-0.999908, 0.00130271, -0.0135361, 0.290643, 0.013558, 0.0185865, -0.999735, 0.850892, -0.00105078, -0.999826, -0.0186025, 1.02107, 0, 0, 0, 1
-0.999906, 0.00132586, -0.0136797, 0.29064, 0.0137022, 0.0187912, -0.99973, 0.850924, -0.00106844, -0.999823, -0.0188076, 1.02106, 0, 0, 0, 1
-0.999904, 0.00134912, -0.013824, 0.290637, 0.0138472, 0.018997, -0.999724, 0.850955, -0.00108613, -0.999819, -0.0190139, 1.02105, 0, 0, 0, 1
-0.999901, 0.0013725, -0.0139692, 0.290634, 0.0139929, 0.019204, -0.999718, 0.850987, -0.00110384, -0.999815, -0.0192213, 1.02104, 0, 0, 0, 1
-0.999899, 0.00139599, -0.0141151, 0.290631, 0.0141396, 0.0194121, -0.999712, 0.851019, -0.00112158, -0.999811, -0.0194299, 1.02103, 0, 0, 0, 1
-0.999897, 0.0014196, -0.0142619, 0.290628, 0.014287, 0.0196214, -0.999705, 0.851051, -0.00113935, -0.999806, -0.0196397, 1.02102, 0, 0, 0, 1
-0.999895, 0.00144334, -0.0144094, 0.290625, 0.0144352, 0.0198318, -0.999699, 0.851083, -0.00115714, -0.999802, -0.0198506, 1.02102, 0, 0, 0, 1
-0.999893, 0.00146718, -0.0145578, 0.290622, 0.0145843, 0.0200434, -0.999693, 0.851116, -0.00117495, -0.999798, -0.0200626, 1.02101, 0, 0, 0, 1
-0.999891, 0.00149115, -0.0147069, 0.290619, 0.0147341, 0.0202561, -0.999686, 0.851148, -0.00119277, -0.999794, -0.0202758, 1.021, 0, 0, 0, 1
-0.999888, 0.00151523, -0.0148569, 0.290615, 0.0148848, 0.0204699, -0.99968, 0.851181, -0.00121062, -0.999789, -0.0204902, 1.02099, 0, 0, 0, 1
-0.999886, 0.00153943, -0.0150077, 0.290612, 0.0150363, 0.0206849, -0.999673, 0.851214, -0.00122849, -0.999785, -0.0207057, 1.02098, 0, 0, 0, 1
-0.999884, 0.00156374, -0.0151592, 0.290609, 0.0151886, 0.0209011, -0.999666, 0.851247, -0.00124637, -0.99978, -0.0209224, 1.02097, 0, 0, 0, 1
-0.999882, 0.00158817, -0.0153116, 0.290606, 0.0153418, 0.0211184, -0.999659, 0.85128, -0.00126427, -0.999776, -0.0211402, 1.02096, 0, 0, 0, 1
-0.999879, 0.00161271, -0.0154648, 0.290603, 0.0154957, 0.0213368, -0.999652, 0.851314, -0.00128218, -0.999771, -0.0213592, 1.02096, 0, 0, 0, 1
-0.999877, 0.00163737, -0.0156188, 0.290599, 0.0156505, 0.0215564, -0.999645, 0.851348, -0.00130011, -0.999766, -0.0215794, 1.02095, 0, 0, 0, 1
-0.999874, 0.00166215, -0.0157736, 0.290596, 0.0158061, 0.0217771, -0.999638, 0.851382, -0.00131804, -0.999761, -0.0218007, 1.02094, 0, 0, 0, 1
-0.999872, 0.00168704, -0.0159292, 0.290593, 0.0159625, 0.021999, -0.999631, 0.851416, -0.00133599, -0.999757, -0.0220231, 1.02093, 0, 0, 0, 1
-0.999869, 0.00171205, -0.0160856, 0.29059, 0.0161197, 0.022222, -0.999623, 0.85145, -0.00135395, -0.999752, -0.0222467, 1.02092, 0, 0, 0, 1
-0.999867, 0.00173717, -0.0162428, 0.290586, 0.0162777, 0.0224462, -0.999616, 0.851484, -0.00137191, -0.999747, -0.0224715, 1.02091, 0, 0, 0, 1
-0.999864, 0.0017624, -0.0164008, 0.290583, 0.0164366, 0.0226715, -0.999608, 0.851519, -0.00138988, -0.999741, -0.0226974, 1.0209, 0, 0, 0, 1
-0.999861, 0.00178775, -0.0165596, 0.29058, 0.0165962, 0.022898, -0.9996, 0.851554, -0.00140785, -0.999736, -0.0229245, 1.02089, 0, 0, 0, 1
-0.999859, 0.00181321, -0.0167192, 0.290576, 0.0167567, 0.0231256, -0.999592, 0.851588, -0.00142583, -0.999731, -0.0231527, 1.02088, 0, 0, 0, 1
-0.999856, 0.00183879, -0.0168797, 0.290573, 0.016918, 0.0233544, -0.999584, 0.851624, -0.00144381, -0.999726, -0.0233821, 1.02088, 0, 0, 0, 1
-0.999853, 0.00186448, -0.0170409, 0.290569, 0.0170801, 0.0235843, -0.999576, 0.851659, -0.00146179, -0.99972, -0.0236127, 1.02087, 0, 0, 0, 1
-0.99985, 0.00189029, -0.0172029, 0.290566, 0.0172431, 0.0238154, -0.999568, 0.851694, -0.00147978, -0.999715, -0.0238444, 1.02086, 0, 0, 0, 1
-0.999847, 0.0019162, -0.0173658, 0.290563, 0.0174068, 0.0240476, -0.999559, 0.85173, -0.00149776, -0.999709, -0.0240773, 1.02085, 0, 0, 0, 1
-0.999844, 0.00194223, -0.0175294, 0.290559, 0.0175714, 0.0242809, -0.999551, 0.851766, -0.00151573, -0.999703, -0.0243113, 1.02084, 0, 0, 0, 1
-0.999842, 0.00196838, -0.0176938, 0.290556, 0.0177368, 0.0245154, -0.999542, 0.851802, -0.0015337, -0.999698, -0.0245465, 1.02083, 0, 0, 0, 1
-0.999839, 0.00199463, -0.0178591, 0.290552, 0.017903, 0.0247511, -0.999533, 0.851838, -0.00155167, -0.999692, -0.0247828, 1.02082, 0, 0, 0, 1
-0.999835, 0.002021, -0.0180251, 0.290549, 0.01807, 0.0249879, -0.999524, 0.851875, -0.00156963, -0.999686, -0.0250203, 1.02081, 0, 0, 0, 1
-0.999832, 0.00204748, -0.018192, 0.290545, 0.0182379, 0.0252258, -0.999515, 0.851911, -0.00158758, -0.99968, -0.0252589, 1.0208, 0, 0, 0, 1
-0.999829, 0.00207407, -0.0183596, 0.290541, 0.0184065, 0.0254649, -0.999506, 0.851948, -0.00160552, -0.999674, -0.0254987, 1.02079, 0, 0, 0, 1
-0.999826, 0.00210078, -0.0185281, 0.290538, 0.018576, 0.0257051, -0.999497, 0.851985, -0.00162345, -0.999667, -0.0257397, 1.02078, 0, 0, 0, 1
-0.999823, 0.00212759, -0.0186974, 0.290534, 0.0187463, 0.0259465, -0.999488, 0.852022, -0.00164137, -0.999661, -0.0259818, 1.02077, 0, 0, 0, 1
-0.99982, 0.00215452, -0.0188674, 0.290531, 0.0189174, 0.026189, -0.999478, 0.852059, -0.00165927, -0.999655, -0.0262251, 1.02077, 0, 0, 0, 1
-0.999816, 0.00218155, -0.0190383, 0.290527, 0.0190894, 0.0264327, -0.999468, 0.852097, -0.00167716, -0.999648, -0.0264695, 1.02076, 0, 0, 0, 1
-0.999813, 0.0022087, -0.01921, 0.290523, 0.0192621, 0.0266775, -0.999458, 0.852134, -0.00169503, -0.999642, -0.0267151, 1.02075, 0, 0, 0, 1
-0.99981, 0.00223596, -0.0193825, 0.29052, 0.0194357, 0.0269235, -0.999449, 0.852172, -0.00171288, -0.999635, -0.0269618, 1.02074, 0, 0, 0, 1
-0.999806, 0.00226333, -0.0195558, 0.290516, 0.0196101, 0.0271706, -0.999438, 0.85221, -0.00173071, -0.999628, -0.0272097, 1.02073, 0, 0, 0, 1
-0.999803, 0.0022908, -0.0197299, 0.290512, 0.0197853, 0.0274189, -0.999428, 0.852249, -0.00174852, -0.999621, -0.0274588, 1.02072, 0, 0, 0, 1
-0.999799, 0.00231839, -0.0199048, 0.290508, 0.0199613, 0.0276683, -0.999418, 0.852287, -0.00176631, -0.999614, -0.027709, 1.02071, 0, 0, 0, 1
-0.999796, 0.00234609, -0.0200805, 0.290505, 0.0201382, 0.0279189, -0.999407, 0.852325, -0.00178407, -0.999607, -0.0279604, 1.0207, 0, 0, 0, 1
-0.999792, 0.00237389, -0.020257, 0.290501, 0.0203158, 0.0281706, -0.999397, 0.852364, -0.00180181, -0.9996, -0.0282129, 1.02069, 0, 0, 0, 1
-0.999788, 0.00240181, -0.0204343, 0.290497, 0.0204943, 0.0284234, -0.999386, 0.852403, -0.00181952, -0.999593, -0.0284666, 1.02068, 0, 0, 0, 1
-0.999785, 0.00242983, -0.0206124, 0.290493, 0.0206736, 0.0286774, -0.999375, 0.852442, -0.00183721, -0.999586, -0.0287215, 1.02067, 0, 0, 0, 1
-0.999781, 0.00245797, -0.0207913, 0.290489, 0.0208538, 0.0289326, -0.999364, 0.852482, -0.00185486, -0.999578, -0.0289775, 1.02066, 0, 0, 0, 1
-0.999777, 0.00248621, -0.020971, 0.290486, 0.0210347, 0.0291889, -0.999353, 0.852521, -0.00187248, -0.999571, -0.0292346, 1.02065, 0, 0, 0, 1
-0.999773, 0.00251456, -0.0211515, 0.290482, 0.0212165, 0.0294463, -0.999341, 0.852561, -0.00189007, -0.999563, -0.029493, 1.02064, 0, 0, 0, 1
-0.999769, 0.00254301, -0.0213329, 0.290478, 0.0213991, 0.0297049, -0.99933, 0.852601, -0.00190762, -0.999555, -0.0297524, 1.02063, 0, 0, 0, 1
-0.999765, 0.00257158, -0.021515, 0.290474, 0.0215825, 0.0299646, -0.999318, 0.852641, -0.00192514, -0.999548, -0.0300131, 1.02062, 0, 0, 0, 1
-0.999761, 0.00260025, -0.0216979, 0.29047, 0.0217667, 0.0302255, -0.999306, 0.852681, -0.00194262, -0.99954, -0.0302749, 1.02061, 0, 0, 0, 1
-0.999757, 0.00262903, -0.0218817, 0.290466, 0.0219517, 0.0304875, -0.999294, 0.852721, -0.00196006, -0.999532, -0.0305378, 1.0206, 0, 0, 0, 1
-0.999753, 0.00265792, -0.0220662, 0.290462, 0.0221376, 0.0307507, -0.999282, 0.852762, -0.00197745, -0.999524, -0.0308019, 1.02059, 0, 0, 0, 1
-0.999749, 0.00268691, -0.0222516, 0.290458, 0.0223243, 0.031015, -0.99927, 0.852803, -0.00199481, -0.999515, -0.0310672, 1.02058, 0, 0, 0, 1
-0.999745, 0.00271601, -0.0224377, 0.290454, 0.0225118, 0.0312805, -0.999257, 0.852843, -0.00201213, -0.999507, -0.0313336, 1.02057, 0, 0, 0, 1
-0.99974, 0.00274521, -0.0226247, 0.29045, 0.0227001, 0.0315471, -0.999244, 0.852885, -0.00202939, -0.999498, -0.0316012, 1.02056, 0, 0, 0, 1
-0.999736, 0.00277452, -0.0228125, 0.290446, 0.0228892, 0.0318148, -0.999232, 0.852926, -0.00204661, -0.99949, -0.0318699, 1.02055, 0, 0, 0, 1
-0.999732, 0.00280394, -0.023001, 0.290442, 0.0230792, 0.0320837, -0.999219, 0.852967, -0.00206379, -0.999481, -0.0321398, 1.02054, 0, 0, 0, 1
-0.999727, 0.00283346, -0.0231904, 0.290438, 0.02327, 0.0323538, -0.999206, 0.853009, -0.00208091, -0.999472, -0.0324109, 1.02053, 0, 0, 0, 1
-0.999723, 0.00286308, -0.0233806, 0.290433, 0.0234616, 0.032625, -0.999192, 0.853051, -0.00209798, -0.999464, -0.0326831, 1.02052, 0, 0, 0, 1
-0.999718, 0.00289282, -0.0235715, 0.290429, 0.023654, 0.0328973, -0.999179, 0.853093, -0.002115, -0.999455, -0.0329565, 1.02051, 0, 0, 0, 1
-0.999713, 0.00292265, -0.0237633, 0.290425, 0.0238473, 0.0331708, -0.999165, 0.853135, -0.00213196, -0.999445, -0.033231, 1.0205, 0, 0, 0, 1
-0.999709, 0.00295259, -0.0239559, 0.290421, 0.0240413, 0.0334455, -0.999151, 0.853178, -0.00214887, -0.999436, -0.0335067, 1.02049, 0, 0, 0, 1
-0.999704, 0.00298263, -0.0241493, 0.290417, 0.0242362, 0.0337213, -0.999137, 0.85322, -0.00216572, -0.999427, -0.0337836, 1.02048, 0, 0, 0, 1
-0.999699, 0.00301278, -0.0243435, 0.290413, 0.0244319, 0.0339982, -0.999123, 0.853263, -0.00218251, -0.999417, -0.0340616, 1.02047, 0, 0, 0, 1
-0.999694, 0.00304303, -0.0245385, 0.290408, 0.0246285, 0.0342763, -0.999109, 0.853306, -0.00219923, -0.999408, -0.0343407, 1.02046, 0, 0, 0, 1
-0.999689, 0.00307339, -0.0247343, 0.290404, 0.0248258, 0.0345555, -0.999094, 0.853349, -0.0022159, -0.999398, -0.0346211, 1.02045, 0, 0, 0, 1
-0.999684, 0.00310385, -0.0249309, 0.2904, 0.025024, 0.0348359, -0.99908, 0.853392, -0.0022325, -0.999388, -0.0349025, 1.02044, 0, 0, 0, 1
-0.999679, 0.0031344, -0.0251283, 0.290395, 0.025223, 0.0351174, -0.999065, 0.853436, -0.00224903, -0.999378, -0.0351852, 1.02043, 0, 0, 0, 1
-0.999674, 0.00316507, -0.0253265, 0.290391, 0.0254228, 0.0354, -0.99905, 0.85348, -0.0022655, -0.999368, -0.035469, 1.02042, 0, 0, 0, 1
-0.999669, 0.00319583, -0.0255256, 0.290387, 0.0256234, 0.0356838, -0.999035, 0.853523, -0.0022819, -0.999358, -0.0357539, 1.02041, 0, 0, 0, 1
-0.999664, 0.0032267, -0.0257254, 0.290382, 0.0258249, 0.0359688, -0.999019, 0.853567, -0.00229822, -0.999348, -0.03604, 1.0204, 0, 0, 0, 1
-0.999659, 0.00325767, -0.025926, 0.290378, 0.0260272, 0.0362549, -0.999004, 0.853612, -0.00231448, -0.999337, -0.0363273, 1.02039, 0, 0, 0, 1
-0.999653, 0.00328874, -0.0261274, 0.290373, 0.0262303, 0.0365421, -0.998988, 0.853656, -0.00233065, -0.999327, -0.0366157, 1.02038, 0, 0, 0, 1
-0.999648, 0.00331991, -0.0263297, 0.290369, 0.0264342, 0.0368305, -0.998972, 0.853701, -0.00234676, -0.999316, -0.0369053, 1.02037, 0, 0, 0, 1
-0.999642, 0.00335118, -0.0265327, 0.290365, 0.0266389, 0.0371201, -0.998956, 0.853746, -0.00236278, -0.999305, -0.0371961, 1.02036, 0, 0, 0, 1
-0.999637, 0.00338255, -0.0267366, 0.29036, 0.0268445, 0.0374108, -0.998939, 0.853791, -0.00237872, -0.999294, -0.037488, 1.02035, 0, 0, 0, 1
-0.999631, 0.00341402, -0.0269412, 0.290356, 0.0270509, 0.0377026, -0.998923, 0.853836, -0.00239459, -0.999283, -0.037781, 1.02034, 0, 0, 0, 1
-0.999626, 0.00344559, -0.0271467, 0.290351, 0.0272581, 0.0379956, -0.998906, 0.853881, -0.00241037, -0.999272, -0.0380753, 1.02033, 0, 0, 0, 1
-0.99962, 0.00347726, -0.0273529, 0.290346, 0.0274661, 0.0382897, -0.998889, 0.853927, -0.00242606, -0.999261, -0.0383706, 1.02032, 0, 0, 0, 1
-0.999614, 0.00350903, -0.02756, 0.290342, 0.027675, 0.038585, -0.998872, 0.853972, -0.00244167, -0.999249, -0.0386672, 1.0203, 0, 0, 0, 1
-0.999608, 0.0035409, -0.0277679, 0.290337, 0.0278847, 0.0388814, -0.998855, 0.854018, -0.0024572, -0.999238, -0.0389649, 1.02029, 0, 0, 0, 1
-0.999602, 0.00357287, -0.0279765, 0.290333, 0.0280952, 0.0391789, -0.998837, 0.854064, -0.00247263, -0.999226, -0.0392637, 1.02028, 0, 0, 0, 1
-0.999596, 0.00360494, -0.028186, 0.290328, 0.0283065, 0.0394776, -0.998819, 0.854111, -0.00248797, -0.999214, -0.0395637, 1.02027, 0, 0, 0, 1
-0.99959, 0.00363711, -0.0283963, 0.290323, 0.0285186, 0.0397775, -0.998802, 0.854157, -0.00250321, -0.999202, -0.0398649, 1.02026, 0, 0, 0, 1
-0.999584, 0.00366937, -0.0286074, 0.290319, 0.0287316, 0.0400785, -0.998783, 0.854204, -0.00251836, -0.99919, -0.0401673, 1.02025, 0, 0, 0, 1
-0.999578, 0.00370173, -0.0288192, 0.290314, 0.0289454, 0.0403806, -0.998765, 0.85425, -0.00253342, -0.999178, -0.0404707, 1.02024, 0, 0, 0, 1
-0.999572, 0.00373419, -0.0290319, 0.290309, 0.02916, 0.0406839, -0.998746, 0.854297, -0.00254837, -0.999165, -0.0407754, 1.02023, 0, 0, 0, 1
-0.999565, 0.00376674, -0.0292454, 0.290304, 0.0293754, 0.0409884, -0.998728, 0.854345, -0.00256323, -0.999153, -0.0410812, 1.02022, 0, 0, 0, 1
-0.999559, 0.0037994, -0.0294597, 0.2903, 0.0295916, 0.0412939, -0.998709, 0.854392, -0.00257798, -0.99914, -0.0413882, 1.02021, 0, 0, 0, 1
-0.999552, 0.00383215, -0.0296748, 0.290295, 0.0298087, 0.0416007, -0.99869, 0.85444, -0.00259263, -0.999127, -0.0416963, 1.0202, 0, 0, 0, 1
-0.999546, 0.00386499, -0.0298907, 0.29029, 0.0300266, 0.0419085, -0.99867, 0.854487, -0.00260717, -0.999114, -0.0420056, 1.02019, 0, 0, 0, 1
-0.999539, 0.00389793, -0.0301075, 0.290285, 0.0302453, 0.0422176, -0.998651, 0.854535, -0.00262161, -0.999101, -0.042316, 1.02018, 0, 0, 0, 1
-0.999532, 0.00393097, -0.030325, 0.29028, 0.0304649, 0.0425277, -0.998631, 0.854583, -0.00263593, -0.999088, -0.0426276, 1.02017, 0, 0, 0, 1
-0.999526, 0.0039641, -0.0305433, 0.290275, 0.0306852, 0.042839, -0.998611, 0.854632, -0.00265015, -0.999074, -0.0429403, 1.02015, 0, 0, 0, 1
-0.999519, 0.00399733, -0.0307624, 0.290271, 0.0309064, 0.0431515, -0.99859, 0.85468, -0.00266425, -0.999061, -0.0432543, 1.02014, 0, 0, 0, 1
