-0.999999, -0.000797434, -0.000797196, 0.290901, 0.000796858, 0.000424669, -1, 0.848124, 0.000797772, -1, -0.000424033, 1.02183, 0, 0, 0, 1
-0.999999, -0.000797199, -0.000796548, 0.290901, 0.00079621, 0.000425103, -1, 0.848124, 0.000797537, -1, -0.000424468, 1.02183, 0, 0, 0, 1
-0.999999, -0.000796492, -0.000794605, 0.290901, 0.000794265, 0.000426404, -1, 0.848125, 0.00079683, -1, -0.000425772, 1.02183, 0, 0, 0, 1
-0.999999, -0.000795314, -0.000791366, 0.290901, 0.000791025, 0.000428574, -1, 0.848125, 0.000795653, -1, -0.000427945, 1.02183, 0, 0, 0, 1
-0.999999, -0.000793665, -0.000786831, 0.290901, 0.000786489, 0.000431611, -1, 0.848126, 0.000794004, -1, -0.000430987, 1.02183, 0, 0, 0, 1
-0.999999, -0.000791545, -0.000781001, 0.290901, 0.000780656, 0.000435516, -1, 0.848126, 0.000791884, -1, -0.000434898, 1.02183, 0, 0, 0, 1
-0.999999, -0.000788953, -0.000773875, 0.290901, 0.000773527, 0.000440289, -1, 0.848127, 0.000789294, -1, -0.000439679, 1.02183, 0, 0, 0, 1
-0.999999, -0.000785891, -0.000765453, 0.290902, 0.000765103, 0.00044593, -1, 0.848129, 0.000786232, -1, -0.000445329, 1.02183, 0, 0, 0, 1
-0.999999, -0.000782357, -0.000755736, 0.290902, 0.000755382, 0.000452439, -1, 0.84813, 0.000782699, -1, -0.000451848, 1.02183, 0, 0, 0, 1
-0.999999, -0.000778352, -0.000744723, 0.290902, 0.000744365, 0.000459815, -1, 0.848131, 0.000778694, -1, -0.000459236, 1.02183, 0, 0, 0, 1
-0.999999, -0.000773876, -0.000732414, 0.290902, 0.000732052, 0.00046806, -1, 0.848133, 0.000774219, -1, -0.000467493, 1.02183, 0, 0, 0, 1
-0.999999, -0.000768929, -0.00071881, 0.290902, 0.000718443, 0.000477172, -1, 0.848135, 0.000769272, -1, -0.000476619, 1.02183, 0, 0, 0, 1
-0.999999, -0.000763511, -0.00070391, 0.290903, 0.000703538, 0.000487152, -1, 0.848137, 0.000763854, -1, -0.000486614, 1.02183, 0, 0, 0, 1
-0.999999, -0.000757622, -0.000687715, 0.290903, 0.000687337, 0.000497999, -1, 0.848139, 0.000757964, -1, -0.000497478, 1.02182, 0, 0, 0, 1
-0.999999, -0.000751262, -0.000670223, 0.290903, 0.000669841, 0.000509715, -1, 0.848141, 0.000751603, -1, -0.000509212, 1.02182, 0, 0, 0, 1
-1, -0.00074443, -0.000651437, 0.290903, 0.000651048, 0.000522299, -1, 0.848144, 0.00074477, -1, -0.000521814, 1.02182, 0, 0, 0, 1
-1, -0.000737128, -0.000631354, 0.290904, 0.00063096, 0.00053575, -1, 0.848147, 0.000737466, -1, -0.000535285, 1.02182, 0, 0, 0, 1
-1, -0.000729355, -0.000609976, 0.290904, 0.000609575, 0.00055007, -1, 0.84815, 0.00072969, -1, -0.000549625, 1.02182, 0, 0, 0, 1
-1, -0.000721111, -0.000587303, 0.290905, 0.000586895, 0.000565257, -1, 0.848153, 0.000721443, -1, -0.000564834, 1.02181, 0, 0, 0, 1
-1, -0.000712396, -0.000563333, 0.290905, 0.000562919, 0.000581312, -1, 0.848156, 0.000712723, -1, -0.000580911, 1.02181, 0, 0, 0, 1
-1, -0.00070321, -0.000538068, 0.290905, 0.000537648, 0.000598236, -1, 0.848159, 0.000703531, -1, -0.000597857, 1.02181, 0, 0, 0, 1
-1, -0.000693553, -0.000511508, 0.290906, 0.000511081, 0.000616027, -1, 0.848163, 0.000693868, -1, -0.000615672, 1.02181, 0, 0, 0, 1
-1, -0.000683425, -0.000483652, 0.290906, 0.000483218, 0.000634686, -1, 0.848167, 0.000683732, -1, -0.000634356, 1.0218, 0, 0, 0, 1
-1, -0.000672827, -0.0004545, 0.290907, 0.00045406, 0.000654213, -1, 0.848171, 0.000673124, -1, -0.000653908, 1.0218, 0, 0, 0, 1
-1, -0.000661758, -0.000424052, 0.290907, 0.000423606, 0.000674609, -1, 0.848175, 0.000662043, -1, -0.000674328, 1.0218, 0, 0, 0, 1
-1, -0.000650218, -0.000392309, 0.290908, 0.000391857, 0.000695872, -1, 0.848179, 0.00065049, -1, -0.000695617, 1.02179, 0, 0, 0, 1
-1, -0.000638207, -0.00035927, 0.290908, 0.000358812, 0.000718003, -1, 0.848183, 0.000638465, -1, -0.000717774, 1.02179, 0, 0, 0, 1
-1, -0.000625726, -0.000324936, 0.290909, 0.000324472, 0.000741003, -1, 0.848188, 0.000625966, -1, -0.0007408, 1.02179, 0, 0, 0, 1
-1, -0.000612774, -0.000289306, 0.29091, 0.000288837, 0.000764871, -1, 0.848193, 0.000612995, -1, -0.000764693, 1.02178, 0, 0, 0, 1
-1, -0.000599351, -0.00025238, 0.29091, 0.000251907, 0.000789606, -1, 0.848198, 0.00059955, -1, -0.000789455, 1.02178, 0, 0, 0, 1
-1, -0.000585458, -0.000214159, 0.290911, 0.000213681, 0.00081521, -1, 0.848203, 0.000585632, -0.999999, -0.000815085, 1.02178, 0, 0, 0, 1
-1, -0.000571095, -0.000174642, 0.290911, 0.000174161, 0.000841682, -1, 0.848208, 0.000571241, -0.999999, -0.000841583, 1.02177, 0, 0, 0, 1
-1, -0.000556261, -0.000133829, 0.290912, 0.000133346, 0.000869022, -1, 0.848214, 0.000556377, -0.999999, -0.000868948, 1.02177, 0, 0, 0, 1
-1, -0.000540956, -9.17208e-05, 0.290913, 9.12354e-05, 0.000897231, -1, 0.84822, 0.000541038, -0.999999, -0.000897181, 1.02176, 0, 0, 0, 1
-1, -0.000525182, -4.83169e-05, 0.290914, 4.78304e-05, 0.000926308, -1, 0.848225, 0.000525226, -0.999999, -0.000926282, 1.02176, 0, 0, 0, 1
-1, -0.000508937, -3.61737e-06, 0.290914, 3.13069e-06, 0.000956253, -1, 0.848231, 0.00050894, -0.999999, -0.000956251, 1.02175, 0, 0, 0, 1
-1, -0.000492222, 4.23778e-05, 0.290915, -4.28637e-05, 0.000987066, -1, 0.848238, 0.000492179, -0.999999, -0.000987087, 1.02175, 0, 0, 0, 1
-1, -0.000475036, 8.96686e-05, 0.290916, -9.01525e-05, 0.00101875, -0.999999, 0.848244, 0.000474945, -0.999999, -0.00101879, 1.02174, 0, 0, 0, 1
-1, -0.000457381, 0.000138255, 0.290917, -0.000138736, 0.0010513, -0.999999, 0.848251, 0.000457235, -0.999999, -0.00105136, 1.02174, 0, 0, 0, 1
-1, -0.000439255, 0.000188137, 0.290917, -0.000188614, 0.00108472, -0.999999, 0.848257, 0.000439051, -0.999999, -0.0010848, 1.02173, 0, 0, 0, 1
-1, -0.00042066, 0.000239315, 0.290918, -0.000239786, 0.001119, -0.999999, 0.848264, 0.000420392, -0.999999, -0.0011191, 1.02173, 0, 0, 0, 1
-1, -0.000401594, 0.000291788, 0.290919, -0.000292252, 0.00115416, -0.999999, 0.848271, 0.000401257, -0.999999, -0.00115428, 1.02172, 0, 0, 0, 1
-1, -0.000382059, 0.000345557, 0.29092, -0.000346012, 0.00119018, -0.999999, 0.848279, 0.000381647, -0.999999, -0.00119031, 1.02172, 0, 0, 0, 1
-1, -0.000362054, 0.000400622, 0.290921, -0.000401066, 0.00122708, -0.999999, 0.848286, 0.000361562, -0.999999, -0.00122722, 1.02171, 0, 0, 0, 1
-1, -0.000341579, 0.000456982, 0.290922, -0.000457414, 0.00126484, -0.999999, 0.848294, 0.000341, -0.999999, -0.00126499, 1.02171, 0, 0, 0, 1
-1, -0.000320634, 0.000514638, 0.290923, -0.000515056, 0.00130347, -0.999999, 0.848302, 0.000319963, -0.999999, -0.00130363, 1.0217, 0, 0, 0, 1
-1, -0.00029922, 0.00057359, 0.290924, -0.000573991, 0.00134296, -0.999999, 0.84831, 0.000298449, -0.999999, -0.00134314, 1.02169, 0, 0, 0, 1
-1, -0.000277336, 0.000633837, 0.290925, -0.00063422, 0.00138333, -0.999999, 0.848318, 0.000276459, -0.999999, -0.00138351, 1.02169, 0, 0, 0, 1
-1, -0.000254983, 0.00069538, 0.290926, -0.000695742, 0.00142457, -0.999999, 0.848326, 0.000253992, -0.999999, -0.00142474, 1.02168, 0, 0, 0, 1
-1, -0.00023216, 0.000758218, 0.290927, -0.000758558, 0.00146667, -0.999999, 0.848335, 0.000231048, -0.999999, -0.00146685, 1.02168, 0, 0, 0, 1
-1, -0.000208868, 0.000822352, 0.290928, -0.000822667, 0.00150964, -0.999999, 0.848343, 0.000207626, -0.999999, -0.00150982, 1.02167, 0, 0, 0, 1
-1, -0.000185107, 0.000887782, 0.290929, -0.000888069, 0.00155349, -0.999998, 0.848352, 0.000183728, -0.999999, -0.00155365, 1.02166, 0, 0, 0, 1
-1, -0.000160877, 0.000954507, 0.29093, -0.000954763, 0.0015982, -0.999998, 0.848361, 0.000159351, -0.999999, -0.00159835, 1.02166, 0, 0, 0, 1
-0.999999, -0.000136177, 0.00102253, 0.290931, -0.00102275, 0.00164378, -0.999998, 0.84837, 0.000134496, -0.999999, -0.00164392, 1.02165, 0, 0, 0, 1
-0.999999, -0.000111009, 0.00109185, 0.290933, -0.00109203, 0.00169023, -0.999998, 0.84838, 0.000109163, -0.999999, -0.00169035, 1.02164, 0, 0, 0, 1
-0.999999, -8.53712e-05, 0.00116246, 0.290934, -0.0011626, 0.00173754, -0.999998, 0.848389, 8.33512e-05, -0.999998, -0.00173764, 1.02164, 0, 0, 0, 1
-0.999999, -5.9265e-05, 0.00123437, 0.290935, -0.00123447, 0.00178573, -0.999998, 0.848399, 5.70606e-05, -0.999998, -0.0017858, 1.02163, 0, 0, 0, 1
-0.999999, -3.269e-05, 0.00130757, 0.290936, -0.00130763, 0.00183479, -0.999997, 0.848409, 3.02908e-05, -0.999998, -0.00183483, 1.02162, 0, 0, 0, 1
-0.999999, -5.64628e-06, 0.00138207, 0.290937, -0.00138208, 0.00188471, -0.999997, 0.848419, 3.04147e-06, -0.999998, -0.00188472, 1.02161, 0, 0, 0, 1
-0.999999, 2.1866e-05, 0.00145786, 0.290939, -0.00145782, 0.00193551, -0.999997, 0.848429, -2.46876e-05, -0.999998, -0.00193547, 1.0216, 0, 0, 0, 1
-0.999999, 4.98468e-05, 0.00153495, 0.29094, -0.00153485, 0.00198717, -0.999997, 0.84844, -5.28968e-05, -0.999998, -0.00198709, 1.0216, 0, 0, 0, 1
-0.999999, 7.82959e-05, 0.00161334, 0.290941, -0.00161318, 0.0020397, -0.999997, 0.84845, -8.15864e-05, -0.999998, -0.00203958, 1.02159, 0, 0, 0, 1
-0.999999, 0.000107213, 0.00169302, 0.290942, -0.00169279, 0.00209311, -0.999996, 0.848461, -0.000110757, -0.999998, -0.00209292, 1.02158, 0, 0, 0, 1
-0.999998, 0.000136599, 0.001774, 0.290944, -0.0017737, 0.00214738, -0.999996, 0.848472, -0.000140408, -0.999998, -0.00214713, 1.02157, 0, 0, 0, 1
-0.999998, 0.000166453, 0.00185627, 0.290945, -0.0018559, 0.00220252, -0.999996, 0.848483, -0.000170541, -0.999998, -0.00220221, 1.02156, 0, 0, 0, 1
-0.999998, 0.000196775, 0.00193984, 0.290947, -0.00193939, 0.00225853, -0.999996, 0.848494, -0.000201155, -0.999997, -0.00225814, 1.02156, 0, 0, 0, 1
-0.999998, 0.000227564, 0.0020247, 0.290948, -0.00202417, 0.00231541, -0.999995, 0.848506, -0.000232251, -0.999997, -0.00231495, 1.02155, 0, 0, 0, 1
-0.999998, 0.000258822, 0.00211086, 0.290949, -0.00211024, 0.00237316, -0.999995, 0.848518, -0.00026383, -0.999997, -0.00237261, 1.02154, 0, 0, 0, 1
-0.999998, 0.000290547, 0.00219832, 0.290951, -0.00219761, 0.00243178, -0.999995, 0.848529, -0.000295892, -0.999997, -0.00243114, 1.02153, 0, 0, 0, 1
-0.999997, 0.00032274, 0.00228707, 0.290952, -0.00228626, 0.00249127, -0.999994, 0.848541, -0.000328436, -0.999997, -0.00249053, 1.02152, 0, 0, 0, 1
-0.999997, 0.000355401, 0.00237712, 0.290954, -0.0023762, 0.00255163, -0.999994, 0.848554, -0.000361464, -0.999997, -0.00255078, 1.02151, 0, 0, 0, 1
-0.999997, 0.000388528, 0.00246846, 0.290955, -0.00246743, 0.00261286, -0.999994, 0.848566, -0.000394976, -0.999997, -0.00261189, 1.0215, 0, 0, 0, 1
-0.999997, 0.000422123, 0.0025611, 0.290957, -0.00255996, 0.00267496, -0.999993, 0.848578, -0.000428971, -0.999996, -0.00267387, 1.02149, 0, 0, 0, 1
-0.999996, 0.000456186, 0.00265503, 0.290958, -0.00265377, 0.00273793, -0.999993, 0.848591, -0.000463452, -0.999996, -0.0027367, 1.02148, 0, 0, 0, 1
-0.999996, 0.000490715, 0.00275026, 0.29096, -0.00274887, 0.00280176, -0.999992, 0.848604, -0.000498417, -0.999996, -0.0028004, 1.02147, 0, 0, 0, 1
-0.999996, 0.000525711, 0.00284678, 0.290962, -0.00284526, 0.00286647, -0.999992, 0.848617, -0.000533867, -0.999996, -0.00286497, 1.02146, 0, 0, 0, 1
-0.999996, 0.000561174, 0.0029446, 0.290963, -0.00294295, 0.00293205, -0.999991, 0.84863, -0.000569803, -0.999996, -0.00293039, 1.02145, 0, 0, 0, 1
-0.999995, 0.000597104, 0.00304372, 0.290965, -0.00304192, 0.0029985, -0.999991, 0.848644, -0.000606225, -0.999995, -0.00299667, 1.02144, 0, 0, 0, 1
-0.999995, 0.000633501, 0.00314413, 0.290966, -0.00314217, 0.00306582, -0.99999, 0.848657, -0.000643134, -0.999995, -0.00306381, 1.02143, 0, 0, 0, 1
-0.999995, 0.000670364, 0.00324584, 0.290968, -0.00324372, 0.00313401, -0.99999, 0.848671, -0.000680529, -0.999995, -0.00313182, 1.02142, 0, 0, 0, 1
-0.999994, 0.000707693, 0.00334884, 0.29097, -0.00334656, 0.00320307, -0.999989, 0.848685, -0.000718412, -0.999995, -0.00320068, 1.02141, 0, 0, 0, 1
-0.999994, 0.000745489, 0.00345314, 0.290972, -0.00345068, 0.003273, -0.999989, 0.848699, -0.000756782, -0.999994, -0.00327041, 1.0214, 0, 0, 0, 1
-0.999993, 0.00078375, 0.00355873, 0.290973, -0.00355609, 0.0033438, -0.999988, 0.848714, -0.000795641, -0.999994, -0.00334099, 1.02139, 0, 0, 0, 1
-0.999993, 0.000822478, 0.00366562, 0.290975, -0.00366279, 0.00341547, -0.999987, 0.848728, -0.000834987, -0.999994, -0.00341244, 1.02138, 0, 0, 0, 1
-0.999993, 0.000861672, 0.0037738, 0.290977, -0.00377078, 0.00348802, -0.999987, 0.848743, -0.000874823, -0.999994, -0.00348474, 1.02137, 0, 0, 0, 1
-0.999992, 0.000901331, 0.00388329, 0.290979, -0.00388005, 0.00356143, -0.999986, 0.848758, -0.000915148, -0.999993, -0.0035579, 1.02136, 0, 0, 0, 1
-0.999992, 0.000941456, 0.00399406, 0.29098, -0.00399061, 0.00363571, -0.999985, 0.848773, -0.000955963, -0.999993, -0.00363193, 1.02135, 0, 0, 0, 1
-0.999991, 0.000982046, 0.00410613, 0.290982, -0.00410246, 0.00371087, -0.999985, 0.848788, -0.000997268, -0.999993, -0.00370681, 1.02134, 0, 0, 0, 1
-0.999991, 0.0010231, 0.0042195, 0.290984, -0.0042156, 0.00378689, -0.999984, 0.848803, -0.00103906, -0.999992, -0.00378254, 1.02132, 0, 0, 0, 1
-0.99999, 0.00106462, 0.00433416, 0.290986, -0.00433002, 0.00386379, -0.999983, 0.848819, -0.00108135, -0.999992, -0.00385914, 1.02131, 0, 0, 0, 1
-0.999989, 0.00110661, 0.00445012, 0.290988, -0.00444573, 0.00394156, -0.999982, 0.848834, -0.00112413, -0.999992, -0.0039366, 1.0213, 0, 0, 0, 1
-0.999989, 0.00114906, 0.00456737, 0.29099, -0.00456272, 0.0040202, -0.999982, 0.84885, -0.0011674, -0.999991, -0.00401491, 1.02129, 0, 0, 0, 1
-0.999988, 0.00119198, 0.00468592, 0.290992, -0.004681, 0.00409971, -0.999981, 0.848866, -0.00121116, -0.999991, -0.00409408, 1.02128, 0, 0, 0, 1
-0.999988, 0.00123536, 0.00480577, 0.290994, -0.00480056, 0.00418009, -0.99998, 0.848882, -0.00125542, -0.999991, -0.00417411, 1.02127, 0, 0, 0, 1
-0.999987, 0.0012792, 0.00492691, 0.290996, -0.00492142, 0.00426134, -0.999979, 0.848899, -0.00130017, -0.99999, -0.00425499, 1.02125, 0, 0, 0, 1
-0.999986, 0.00132351, 0.00504934, 0.290998, -0.00504355, 0.00434346, -0.999978, 0.848915, -0.00134541, -0.99999, -0.00433673, 1.02124, 0, 0, 0, 1
-0.999986, 0.00136828, 0.00517307, 0.291, -0.00516697, 0.00442646, -0.999977, 0.848932, -0.00139115, -0.999989, -0.00441933, 1.02123, 0, 0, 0, 1
-0.999985, 0.00141352, 0.0052981, 0.291002, -0.00529168, 0.00451033, -0.999976, 0.848949, -0.00143738, -0.999989, -0.00450278, 1.02122, 0, 0, 0, 1
-0.999984, 0.00145922, 0.00542442, 0.291004, -0.00541767, 0.00459507, -0.999975, 0.848966, -0.00148411, -0.999988, -0.00458709, 1.0212, 0, 0, 0, 1
-0.999983, 0.00150539, 0.00555204, 0.291006, -0.00554494, 0.00468068, -0.999974, 0.848984, -0.00153133, -0.999988, -0.00467225, 1.02119, 0, 0, 0, 1
-0.999983, 0.00155202, 0.00568095, 0.291008, -0.0056735, 0.00476716, -0.999973, 0.849001, -0.00157906, -0.999987, -0.00475827, 1.02118, 0, 0, 0, 1
-0.999982, 0.00159911, 0.00581116, 0.29101, -0.00580334, 0.00485451, -0.999971, 0.849019, -0.00162727, -0.999987, -0.00484514, 1.02116, 0, 0, 0, 1
-0.999981, 0.00164666, 0.00594266, 0.291012, -0.00593446, 0.00494274, -0.99997, 0.849037, -0.00167599, -0.999986, -0.00493287, 1.02115, 0, 0, 0, 1
-0.99998, 0.00169468, 0.00607546, 0.291014, -0.00606687, 0.00503184, -0.999969, 0.849055, -0.0017252, -0.999986, -0.00502146, 1.02114, 0, 0, 0, 1
-0.999979, 0.00174316, 0.00620956, 0.291017, -0.00620056, 0.00512181, -0.999968, 0.849073, -0.00177491, -0.999985, -0.00511089, 1.02112, 0, 0, 0, 1
-0.999978, 0.00179211, 0.00634495, 0.291019, -0.00633553, 0.00521265, -0.999966, 0.849091, -0.00182512, -0.999985, -0.00520118, 1.02111, 0, 0, 0, 1
-0.999977, 0.00184152, 0.00648163, 0.291021, -0.00647179, 0.00530437, -0.999965, 0.84911, -0.00187583, -0.999984, -0.00529233, 1.0211, 0, 0, 0, 1
-0.999976, 0.00189139, 0.00661962, 0.291023, -0.00660932, 0.00539695, -0.999964, 0.849128, -0.00192704, -0.999984, -0.00538432, 1.02108, 0, 0, 0, 1
-0.999975, 0.00194172, 0.00675889, 0.291026, -0.00674814, 0.00549041, -0.999962, 0.849147, -0.00197875, -0.999983, -0.00547717, 1.02107, 0, 0, 0, 1
-0.999974, 0.00199251, 0.00689946, 0.291028, -0.00688824, 0.00558474, -0.999961, 0.849166, -0.00203097, -0.999982, -0.00557088, 1.02105, 0, 0, 0, 1
-0.999973, 0.00204377, 0.00704133, 0.29103, -0.00702962, 0.00567995, -0.999959, 0.849186, -0.00208368, -0.999982, -0.00566543, 1.02104, 0, 0, 0, 1
-0.999972, 0.00209549, 0.00718449, 0.291032, -0.00717229, 0.00577603, -0.999958, 0.849205, -0.0021369, -0.999981, -0.00576084, 1.02103, 0, 0, 0, 1
-0.999971, 0.00214767, 0.00732895, 0.291035, -0.00731623, 0.00587298, -0.999956, 0.849225, -0.00219061, -0.99998, -0.00585709, 1.02101, 0, 0, 0, 1
-0.99997, 0.00220031, 0.0074747, 0.291037, -0.00746145, 0.0059708, -0.999954, 0.849244, -0.00224484, -0.99998, -0.0059542, 1.021, 0, 0, 0, 1
-0.999968, 0.00225341, 0.00762175, 0.29104, -0.00760795, 0.0060695, -0.999953, 0.849264, -0.00229956, -0.999979, -0.00605216, 1.02098, 0, 0, 0, 1
-0.999967, 0.00230697, 0.0077701, 0.291042, -0.00775574, 0.00616907, -0.999951, 0.849284, -0.00235479, -0.999978, -0.00615097, 1.02097, 0, 0, 0, 1
-0.999966, 0.002361, 0.00791974, 0.291044, -0.0079048, 0.00626951, -0.999949, 0.849305, -0.00241053, -0.999978, -0.00625063, 1.02095, 0, 0, 0, 1
-0.999965, 0.00241548, 0.00807067, 0.291047, -0.00805514, 0.00637083, -0.999947, 0.849325, -0.00246677, -0.999977, -0.00635114, 1.02094, 0, 0, 0, 1
-0.999963, 0.00247043, 0.0082229, 0.291049, -0.00820676, 0.00647302, -0.999945, 0.849346, -0.00252352, -0.999976, -0.0064525, 1.02092, 0, 0, 0, 1
-0.999962, 0.00252584, 0.00837642, 0.291052, -0.00835966, 0.00657608, -0.999943, 0.849367, -0.00258078, -0.999975, -0.00655471, 1.0209, 0, 0, 0, 1
-0.99996, 0.0025817, 0.00853124, 0.291054, -0.00851384, 0.00668002, -0.999941, 0.849388, -0.00263854, -0.999974, -0.00665777, 1.02089, 0, 0, 0, 1
-0.999959, 0.00263803, 0.00868736, 0.291057, -0.00866929, 0.00678483, -0.999939, 0.849409, -0.00269681, -0.999974, -0.00676168, 1.02087, 0, 0, 0, 1
-0.999957, 0.00269482, 0.00884477, 0.291059, -0.00882602, 0.00689051, -0.999937, 0.84943, -0.00275559, -0.999973, -0.00686643, 1.02086, 0, 0, 0, 1
-0.999956, 0.00275206, 0.00900348, 0.291062, -0.00898403, 0.00699707, -0.999935, 0.849452, -0.00281488, -0.999972, -0.00697203, 1.02084, 0, 0, 0, 1
-0.999954, 0.00280977, 0.00916348, 0.291064, -0.00914332, 0.0071045, -0.999933, 0.849474, -0.00287468, -0.999971, -0.00707848, 1.02083, 0, 0, 0, 1
-0.999952, 0.00286793, 0.00932477, 0.291067, -0.00930388, 0.0072128, -0.999931, 0.849495, -0.00293499, -0.99997, -0.00718578, 1.02081, 0, 0, 0, 1
-0.999951, 0.00292656, 0.00948736, 0.29107, -0.00946572, 0.00732198, -0.999928, 0.849518, -0.00299582, -0.999969, -0.00729392, 1.02079, 0, 0, 0, 1
-0.999949, 0.00298564, 0.00965125, 0.291072, -0.00962884, 0.00743204, -0.999926, 0.84954, -0.00305715, -0.999968, -0.00740291, 1.02078, 0, 0, 0, 1
-0.999947, 0.00304518, 0.00981643, 0.291075, -0.00979323, 0.00754297, -0.999924, 0.849562, -0.003119, -0.999967, -0.00751275, 1.02076, 0, 0, 0, 1
-0.999945, 0.00310519, 0.00998291, 0.291077, -0.0099589, 0.00765477, -0.999921, 0.849585, -0.00318136, -0.999966, -0.00762343, 1.02074, 0, 0, 0, 1
-0.999943, 0.00316564, 0.0101507, 0.29108, -0.0101258, 0.00776745, -0.999919, 0.849608, -0.00324423, -0.999965, -0.00773495, 1.02073, 0, 0, 0, 1
-0.999942, 0.00322656, 0.0103197, 0.291083, -0.0102941, 0.007881, -0.999916, 0.849631, -0.00330762, -0.999964, -0.00784732, 1.02071, 0, 0, 0, 1
-0.99994, 0.00328794, 0.0104901, 0.291086, -0.0104635, 0.00799542, -0.999913, 0.849654, -0.00337152, -0.999963, -0.00796054, 1.02069, 0, 0, 0, 1
-0.999938, 0.00334977, 0.0106618, 0.291088, -0.0106343, 0.00811073, -0.999911, 0.849677, -0.00343594, -0.999961, -0.0080746, 1.02068, 0, 0, 0, 1
-0.999935, 0.00341206, 0.0108347, 0.291091, -0.0108063, 0.0082269, -0.999908, 0.849701, -0.00350088, -0.99996, -0.0081895, 1.02066, 0, 0, 0, 1
-0.999933, 0.00347481, 0.011009, 0.291094, -0.0109797, 0.00834395, -0.999905, 0.849724, -0.00356633, -0.999959, -0.00830524, 1.02064, 0, 0, 0, 1
-0.999931, 0.00353801, 0.0111845, 0.291097, -0.0111542, 0.00846188, -0.999902, 0.849748, -0.00363231, -0.999958, -0.00842183, 1.02062, 0, 0, 0, 1
-0.999929, 0.00360167, 0.0113613, 0.291099, -0.0113301, 0.00858068, -0.999899, 0.849772, -0.0036988, -0.999957, -0.00853926, 1.0206, 0, 0, 0, 1
-0.999927, 0.00366579, 0.0115395, 0.291102, -0.0115072, 0.00870036, -0.999896, 0.849796, -0.00376581, -0.999955, -0.00865754, 1.02059, 0, 0, 0, 1
-0.999924, 0.00373037, 0.0117189, 0.291105, -0.0116856, 0.00882091, -0.999893, 0.849821, -0.00383334, -0.999954, -0.00877665, 1.02057, 0, 0, 0, 1
-0.999922, 0.0037954, 0.0118996, 0.291108, -0.0118653, 0.00894234, -0.99989, 0.849845, -0.00390139, -0.999953, -0.00889661, 1.02055, 0, 0, 0, 1
-0.99992, 0.00386088, 0.0120816, 0.291111, -0.0120462, 0.00906464, -0.999886, 0.84987, -0.00396996, -0.999951, -0.0090174, 1.02053, 0, 0, 0, 1
-0.999917, 0.00392683, 0.012265, 0.291114, -0.0122285, 0.00918782, -0.999883, 0.849895, -0.00403905, -0.99995, -0.00913904, 1.02051, 0, 0, 0, 1
-0.999915, 0.00399322, 0.0124496, 0.291117, -0.0124119, 0.00931188, -0.99988, 0.84992, -0.00410867, -0.999949, -0.00926152, 1.0205, 0, 0, 0, 1
-0.999912, 0.00406008, 0.0126355, 0.29112, -0.0125967, 0.00943681, -0.999876, 0.849945, -0.00417881, -0.999947, -0.00938483, 1.02048, 0, 0, 0, 1
-0.999909, 0.00412739, 0.0128227, 0.291123, -0.0127827, 0.00956261, -0.999873, 0.849971, -0.00424948, -0.999946, -0.00950899, 1.02046, 0, 0, 0, 1
-0.999907, 0.00419515, 0.0130111, 0.291126, -0.01297, 0.0096893, -0.999869, 0.849996, -0.00432067, -0.999944, -0.00963398, 1.02044, 0, 0, 0, 1
-0.999904, 0.00426337, 0.0132009, 0.291129, -0.0131586, 0.00981686, -0.999865, 0.850022, -0.00439239, -0.999943, -0.00975981, 1.02042, 0, 0, 0, 1
-0.999901, 0.00433204, 0.013392, 0.291132, -0.0133484, 0.00994529, -0.999861, 0.850048, -0.00446463, -0.999941, -0.00988648, 1.0204, 0, 0, 0, 1
-0.999898, 0.00440117, 0.0135844, 0.291135, -0.0135395, 0.0100746, -0.999858, 0.850074, -0.0045374, -0.99994, -0.010014, 1.02038, 0, 0, 0, 1
-0.999895, 0.00447075, 0.0137781, 0.291138, -0.0137319, 0.0102048, -0.999854, 0.850101, -0.0046107, -0.999938, -0.0101423, 1.02036, 0, 0, 0, 1
-0.999892, 0.00454079, 0.013973, 0.291141, -0.0139255, 0.0103359, -0.99985, 0.850127, -0.00468453, -0.999936, -0.0102715, 1.02034, 0, 0, 0, 1
-0.999889, 0.00461127, 0.0141693, 0.291144, -0.0141204, 0.0104678, -0.999846, 0.850154, -0.00475888, -0.999935, -0.0104015, 1.02032, 0, 0, 0, 1
-0.999886, 0.00468222, 0.0143668, 0.291147, -0.0143166, 0.0106006, -0.999841, 0.850181, -0.00483377, -0.999933, -0.0105324, 1.0203, 0, 0, 0, 1
-0.999883, 0.00475361, 0.0145657, 0.29115, -0.014514, 0.0107343, -0.999837, 0.850208, -0.00490919, -0.999931, -0.0106641, 1.02028, 0, 0, 0, 1
-0.999879, 0.00482546, 0.0147658, 0.291153, -0.0147127, 0.0108689, -0.999833, 0.850235, -0.00498514, -0.999929, -0.0107966, 1.02026, 0, 0, 0, 1
-0.999876, 0.00489776, 0.0149673, 0.291156, -0.0149126, 0.0110043, -0.999828, 0.850263, -0.00506162, -0.999927, -0.0109299, 1.02024, 0, 0, 0, 1
-0.999873, 0.00497051, 0.01517, 0.29116, -0.0151139, 0.0111407, -0.999824, 0.85029, -0.00513864, -0.999926, -0.0110641, 1.02022, 0, 0, 0, 1
-0.999869, 0.00504372, 0.015374, 0.291163, -0.0153164, 0.0112779, -0.999819, 0.850318, -0.00521619, -0.999924, -0.0111992, 1.0202, 0, 0, 0, 1
-0.999866, 0.00511737, 0.0155793, 0.291166, -0.0155201, 0.011416, -0.999814, 0.850346, -0.00529428, -0.999922, -0.011335, 1.02018, 0, 0, 0, 1
-0.999862, 0.00519148, 0.015786, 0.291169, -0.0157251, 0.0115549, -0.99981, 0.850374, -0.0053729, -0.99992, -0.0114717, 1.02016, 0, 0, 0, 1
-0.999858, 0.00526604, 0.0159939, 0.291172, -0.0159314, 0.0116948, -0.999805, 0.850402, -0.00545206, -0.999918, -0.0116092, 1.02014, 0, 0, 0, 1
-0.999854, 0.00534105, 0.0162031, 0.291176, -0.016139, 0.0118355, -0.9998, 0.850431, -0.00553175, -0.999916, -0.0117476, 1.02012, 0, 0, 0, 1
-0.999851, 0.00541652, 0.0164136, 0.291179, -0.0163478, 0.0119771, -0.999795, 0.85046, -0.00561199, -0.999914, -0.0118867, 1.0201, 0, 0, 0, 1
-0.999847, 0.00549243, 0.0166253, 0.291182, -0.0165578, 0.0121196, -0.999789, 0.850488, -0.00569276, -0.999911, -0.0120268, 1.02008, 0, 0, 0, 1
-0.999843, 0.00556879, 0.0168384, 0.291186, -0.0167691, 0.0122629, -0.999784, 0.850518, -0.00577408, -0.999909, -0.0121676, 1.02006, 0, 0, 0, 1
-0.999839, 0.0056456, 0.0170528, 0.291189, -0.0169817, 0.0124071, -0.999779, 0.850547, -0.00585593, -0.999907, -0.0123093, 1.02004, 0, 0, 0, 1
-0.999835, 0.00572287, 0.0172685, 0.291192, -0.0171956, 0.0125523, -0.999773, 0.850576, -0.00593833, -0.999905, -0.0124518, 1.02001, 0, 0, 0, 1
-0.99983, 0.00580058, 0.0174855, 0.291196, -0.0174107, 0.0126982, -0.999768, 0.850606, -0.00602127, -0.999903, -0.0125951, 1.01999, 0, 0, 0, 1
-0.999826, 0.00587874, 0.0177037, 0.291199, -0.0176271, 0.0128451, -0.999762, 0.850635, -0.00610475, -0.9999, -0.0127393, 1.01997, 0, 0, 0, 1
-0.999822, 0.00595735, 0.0179233, 0.291202, -0.0178447, 0.0129929, -0.999756, 0.850665, -0.00618877, -0.999898, -0.0128842, 1.01995, 0, 0, 0, 1
-0.999817, 0.00603641, 0.0181441, 0.291206, -0.0180636, 0.0131415, -0.99975, 0.850695, -0.00627335, -0.999895, -0.01303, 1.01993, 0, 0, 0, 1
-0.999813, 0.00611592, 0.0183663, 0.291209, -0.0182837, 0.013291, -0.999744, 0.850726, -0.00635846, -0.999893, -0.0131767, 1.01991, 0, 0, 0, 1
-0.999808, 0.00619588, 0.0185897, 0.291213, -0.0185051, 0.0134414, -0.999738, 0.850756, -0.00644413, -0.99989, -0.0133241, 1.01988, 0, 0, 0, 1
-0.999803, 0.00627628, 0.0188144, 0.291216, -0.0187278, 0.0135926, -0.999732, 0.850787, -0.00653034, -0.999888, -0.0134724, 1.01986, 0, 0, 0, 1
-0.999799, 0.00635713, 0.0190405, 0.29122, -0.0189517, 0.0137448, -0.999726, 0.850818, -0.0066171, -0.999885, -0.0136215, 1.01984, 0, 0, 0, 1
-0.999794, 0.00643843, 0.0192678, 0.291223, -0.0191768, 0.0138978, -0.99972, 0.850849, -0.00670441, -0.999883, -0.0137715, 1.01982, 0, 0, 0, 1
-0.999789, 0.00652018, 0.0194964, 0.291227, -0.0194033, 0.0140517, -0.999713, 0.85088, -0.00679227, -0.99988, -0.0139222, 1.01979, 0, 0, 0, 1
-0.999784, 0.00660237, 0.0197263, 0.29123, -0.019631, 0.0142065, -0.999706, 0.850911, -0.00688068, -0.999877, -0.0140738, 1.01977, 0, 0, 0, 1
-0.999778, 0.00668501, 0.0199575, 0.291234, -0.0198599, 0.0143622, -0.9997, 0.850943, -0.00696964, -0.999875, -0.0142262, 1.01975, 0, 0, 0, 1
-0.999773, 0.0067681, 0.02019, 0.291237, -0.0200901, 0.0145187, -0.999693, 0.850975, -0.00705915, -0.999872, -0.0143794, 1.01972, 0, 0, 0, 1
-0.999768, 0.00685163, 0.0204238, 0.291241, -0.0203215, 0.0146761, -0.999686, 0.851006, -0.00714922, -0.999869, -0.0145335, 1.0197, 0, 0, 0, 1
-0.999763, 0.00693561, 0.0206589, 0.291245, -0.0205542, 0.0148344, -0.999679, 0.851039, -0.00723985, -0.999866, -0.0146883, 1.01968, 0, 0, 0, 1
-0.999757, 0.00702004, 0.0208952, 0.291248, -0.0207882, 0.0149936, -0.999671, 0.851071, -0.00733103, -0.999863, -0.014844, 1.01965, 0, 0, 0, 1
-0.999751, 0.00710491, 0.0211329, 0.291252, -0.0210234, 0.0151537, -0.999664, 0.851103, -0.00742276, -0.99986, -0.0150005, 1.01963, 0, 0, 0, 1
-0.999746, 0.00719022, 0.0213719, 0.291255, -0.0212598, 0.0153146, -0.999657, 0.851136, -0.00751506, -0.999857, -0.0151579, 1.01961, 0, 0, 0, 1
-0.99974, 0.00727598, 0.0216121, 0.291259, -0.0214975, 0.0154765, -0.999649, 0.851169, -0.00760791, -0.999854, -0.015316, 1.01958, 0, 0, 0, 1
-0.999734, 0.00736219, 0.0218536, 0.291263, -0.0217365, 0.0156392, -0.999641, 0.851202, -0.00770132, -0.999851, -0.015475, 1.01956, 0, 0, 0, 1
-0.999728, 0.00744883, 0.0220965, 0.291266, -0.0219767, 0.0158028, -0.999634, 0.851235, -0.00779529, -0.999847, -0.0156348, 1.01954, 0, 0, 0, 1
-0.999722, 0.00753592, 0.0223406, 0.29127, -0.0222181, 0.0159672, -0.999626, 0.851268, -0.00788982, -0.999844, -0.0157954, 1.01951, 0, 0, 0, 1
-0.999716, 0.00762346, 0.022586, 0.291274, -0.0224608, 0.0161326, -0.999618, 0.851302, -0.00798492, -0.999841, -0.0159568, 1.01949, 0, 0, 0, 1
-0.99971, 0.00771144, 0.0228328, 0.291278, -0.0227048, 0.0162988, -0.999609, 0.851335, -0.00808057, -0.999837, -0.016119, 1.01946, 0, 0, 0, 1
-0.999703, 0.00779986, 0.0230808, 0.291281, -0.0229499, 0.0164659, -0.999601, 0.851369, -0.00817679, -0.999834, -0.016282, 1.01944, 0, 0, 0, 1
-0.999697, 0.00788872, 0.0233301, 0.291285, -0.0231964, 0.0166339, -0.999593, 0.851403, -0.00827358, -0.999831, -0.0164459, 1.01941, 0, 0, 0, 1
-0.99969, 0.00797803, 0.0235807, 0.291289, -0.0234441, 0.0168028, -0.999584, 0.851438, -0.00837093, -0.999827, -0.0166106, 1.01939, 0, 0, 0, 1
-0.999683, 0.00806778, 0.0238326, 0.291293, -0.023693, 0.0169726, -0.999575, 0.851472, -0.00846885, -0.999823, -0.0167761, 1.01936, 0, 0, 0, 1
-0.999677, 0.00815797, 0.0240857, 0.291296, -0.0239432, 0.0171432, -0.999566, 0.851507, -0.00856734, -0.99982, -0.0169424, 1.01934, 0, 0, 0, 1
-0.99967, 0.0082486, 0.0243402, 0.2913, -0.0241946, 0.0173148, -0.999557, 0.851541, -0.00866639, -0.999816, -0.0171095, 1.01931, 0, 0, 0, 1
-0.999663, 0.00833967, 0.024596, 0.291304, -0.0244473, 0.0174872, -0.999548, 0.851576, -0.00876602, -0.999812, -0.0172774, 1.01929, 0, 0, 0, 1
-0.999656, 0.00843119, 0.024853, 0.291308, -0.0247012, 0.0176605, -0.999539, 0.851612, -0.00886621, -0.999808, -0.0174461, 1.01926, 0, 0, 0, 1
-0.999648, 0.00852314, 0.0251114, 0.291312, -0.0249564, 0.0178346, -0.999529, 0.851647, -0.00896698, -0.999805, -0.0176157, 1.01924, 0, 0, 0, 1
-0.999641, 0.00861553, 0.025371, 0.291316, -0.0252128, 0.0180097, -0.99952, 0.851682, -0.00906832, -0.999801, -0.017786, 1.01921, 0, 0, 0, 1
-0.999634, 0.00870837, 0.025632, 0.29132, -0.0254704, 0.0181856, -0.99951, 0.851718, -0.00917023, -0.999797, -0.0179572, 1.01919, 0, 0, 0, 1
-0.999626, 0.00880164, 0.0258942, 0.291324, -0.0257293, 0.0183625, -0.9995, 0.851754, -0.00927272, -0.999793, -0.0181291, 1.01916, 0, 0, 0, 1
-0.999618, 0.00889535, 0.0261577, 0.291328, -0.0259894, 0.0185402, -0.99949, 0.85179, -0.00937579, -0.999789, -0.0183019, 1.01914, 0, 0, 0, 1
-0.99961, 0.0089895, 0.0264225, 0.291331, -0.0262508, 0.0187188, -0.99948, 0.851826, -0.00947943, -0.999784, -0.0184755, 1.01911, 0, 0, 0, 1
-0.999603, 0.00908409, 0.0266886, 0.291335, -0.0265134, 0.0188982, -0.99947, 0.851863, -0.00958365, -0.99978, -0.0186499, 1.01908, 0, 0, 0, 1
-0.999594, 0.00917912, 0.026956, 0.291339, -0.0267772, 0.0190786, -0.999459, 0.851899, -0.00968844, -0.999776, -0.0188251, 1.01906, 0, 0, 0, 1
-0.999586, 0.00927459, 0.0272247, 0.291343, -0.0270423, 0.0192599, -0.999449, 0.851936, -0.00979382, -0.999771, -0.0190011, 1.01903, 0, 0, 0, 1
-0.999578, 0.00937049, 0.0274947, 0.291347, -0.0273086, 0.019442, -0.999438, 0.851973, -0.00989978, -0.999767, -0.0191779, 1.019, 0, 0, 0, 1
-0.99957, 0.00946683, 0.027766, 0.291351, -0.0275762, 0.019625, -0.999427, 0.85201, -0.0100063, -0.999763, -0.0193555, 1.01898, 0, 0, 0, 1
-0.999561, 0.00956361, 0.0280385, 0.291355, -0.0278449, 0.0198089, -0.999416, 0.852048, -0.0101134, -0.999758, -0.0195339, 1.01895, 0, 0, 0, 1
-0.999552, 0.00966083, 0.0283124, 0.291359, -0.028115, 0.0199937, -0.999405, 0.852085, -0.0102211, -0.999753, -0.0197131, 1.01892, 0, 0, 0, 1
-0.999544, 0.00975848, 0.0285875, 0.291364, -0.0283862, 0.0201793, -0.999393, 0.852123, -0.0103294, -0.999749, -0.0198931, 1.0189, 0, 0, 0, 1
-0.999535, 0.00985657, 0.028864, 0.291368, -0.0286587, 0.0203659, -0.999382, 0.852161, -0.0104383, -0.999744, -0.0200739, 1.01887, 0, 0, 0, 1
-0.999526, 0.00995509, 0.0291417, 0.291372, -0.0289325, 0.0205533, -0.99937, 0.852199, -0.0105478, -0.999739, -0.0202556, 1.01884, 0, 0, 0, 1
-0.999517, 0.010054, 0.0294207, 0.291376, -0.0292074, 0.0207417, -0.999358, 0.852237, -0.0106578, -0.999734, -0.020438, 1.01882, 0, 0, 0, 1
-0.999507, 0.0101534, 0.029701, 0.29138, -0.0294836, 0.0209309, -0.999346, 0.852275, -0.0107685, -0.999729, -0.0206212, 1.01879, 0, 0, 0, 1
-0.999498, 0.0102533, 0.0299826, 0.291384, -0.0297611, 0.021121, -0.999334, 0.852314, -0.0108797, -0.999724, -0.0208052, 1.01876, 0, 0, 0, 1
-0.999488, 0.0103535, 0.0302655, 0.291388, -0.0300397, 0.0213119, -0.999321, 0.852353, -0.0109915, -0.999719, -0.02099, 1.01873, 0, 0, 0, 1
-0.999479, 0.0104542, 0.0305497, 0.291392, -0.0303196, 0.0215038, -0.999309, 0.852392, -0.0111039, -0.999714, -0.0211756, 1.0187, 0, 0, 0, 1
-0.999469, 0.0105554, 0.0308352, 0.291397, -0.0306007, 0.0216966, -0.999296, 0.852431, -0.0112169, -0.999709, -0.021362, 1.01868, 0, 0, 0, 1
-0.999459, 0.0106569, 0.031122, 0.291401, -0.0308831, 0.0218902, -0.999283, 0.85247, -0.0113305, -0.999704, -0.0215492, 1.01865, 0, 0, 0, 1
-0.999449, 0.0107589, 0.03141, 0.291405, -0.0311667, 0.0220847, -0.99927, 0.85251, -0.0114447, -0.999698, -0.0217372, 1.01862, 0, 0, 0, 1
-0.999438, 0.0108613, 0.0316994, 0.291409, -0.0314515, 0.0222801, -0.999257, 0.852549, -0.0115595, -0.999693, -0.021926, 1.01859, 0, 0, 0, 1
-0.999428, 0.0109642, 0.03199, 0.291413, -0.0317375, 0.0224764, -0.999243, 0.852589, -0.0116749, -0.999687, -0.0221156, 1.01856, 0, 0, 0, 1
-0.999418, 0.0110675, 0.0322819, 0.291418, -0.0320248, 0.0226736, -0.99923, 0.852629, -0.0117909, -0.999682, -0.022306, 1.01854, 0, 0, 0, 1
-0.999407, 0.0111712, 0.0325751, 0.291422, -0.0323133, 0.0228717, -0.999216, 0.85267, -0.0119075, -0.999676, -0.0224971, 1.01851, 0, 0, 0, 1
-0.999396, 0.0112754, 0.0328696, 0.291426, -0.032603, 0.0230706, -0.999202, 0.85271, -0.0120247, -0.99967, -0.0226891, 1.01848, 0, 0, 0, 1
-0.999385, 0.01138, 0.0331654, 0.29143, -0.0328939, 0.0232705, -0.999188, 0.852751, -0.0121425, -0.999664, -0.0228818, 1.01845, 0, 0, 0, 1
-0.999374, 0.011485, 0.0334625, 0.291435, -0.0331861, 0.0234712, -0.999174, 0.852791, -0.0122609, -0.999659, -0.0230754, 1.01842, 0, 0, 0, 1
-0.999363, 0.0115904, 0.0337609, 0.291439, -0.0334795, 0.0236728, -0.999159, 0.852832, -0.0123799, -0.999653, -0.0232697, 1.01839, 0, 0, 0, 1
-0.999351, 0.0116963, 0.0340606, 0.291443, -0.0337741, 0.0238753, -0.999144, 0.852874, -0.0124995, -0.999647, -0.0234648, 1.01836, 0, 0, 0, 1
-0.99934, 0.0118026, 0.0343615, 0.291448, -0.0340699, 0.0240787, -0.999129, 0.852915, -0.0126197, -0.99964, -0.0236607, 1.01833, 0, 0, 0, 1
-0.999328, 0.0119093, 0.0346638, 0.291452, -0.034367, 0.024283, -0.999114, 0.852956, -0.0127405, -0.999634, -0.0238574, 1.0183, 0, 0, 0, 1
-0.999316, 0.0120165, 0.0349673, 0.291456, -0.0346652, 0.0244882, -0.999099, 0.852998, -0.012862, -0.999628, -0.0240549, 1.01827, 0, 0, 0, 1
-0.999304, 0.0121241, 0.0352721, 0.291461, -0.0349647, 0.0246942, -0.999083, 0.85304, -0.012984, -0.999622, -0.0242531, 1.01824, 0, 0, 0, 1
-0.999292, 0.0122321, 0.0355782, 0.291465, -0.0352654, 0.0249012, -0.999068, 0.853082, -0.0131067, -0.999615, -0.0244522, 1.01821, 0, 0, 0, 1
-0.99928, 0.0123406, 0.0358856, 0.291469, -0.0355674, 0.025109, -0.999052, 0.853124, -0.0132299, -0.999609, -0.024652, 1.01818, 0, 0, 0, 1
-0.999267, 0.0124494, 0.0361943, 0.291474, -0.0358705, 0.0253177, -0.999036, 0.853167, -0.0133538, -0.999602, -0.0248526, 1.01815, 0, 0, 0, 1
-0.999255, 0.0125587, 0.0365043, 0.291478, -0.0361749, 0.0255273, -0.999019, 0.853209, -0.0134783, -0.999595, -0.025054, 1.01812, 0, 0, 0, 1
-0.999242, 0.0126685, 0.0368156, 0.291483, -0.0364805, 0.0257378, -0.999003, 0.853252, -0.0136034, -0.999588, -0.0252562, 1.01809, 0, 0, 0, 1
-0.999229, 0.0127786, 0.0371281, 0.291487, -0.0367873, 0.0259492, -0.998986, 0.853295, -0.0137291, -0.999582, -0.0254591, 1.01806, 0, 0, 0, 1
-0.999216, 0.0128892, 0.037442, 0.291491, -0.0370953, 0.0261615, -0.998969, 0.853338, -0.0138555, -0.999575, -0.0256629, 1.01803, 0, 0, 0, 1
-0.999202, 0.0130002, 0.0377571, 0.291496, -0.0374045, 0.0263747, -0.998952, 0.853382, -0.0139824, -0.999568, -0.0258674, 1.018, 0, 0, 0, 1
-0.999189, 0.0131116, 0.0380735, 0.2915, -0.0377149, 0.0265887, -0.998935, 0.853425, -0.01411, -0.99956, -0.0260727, 1.01797, 0, 0, 0, 1
-0.999175, 0.0132235, 0.0383912, 0.291505, -0.0380266, 0.0268037, -0.998917, 0.853469, -0.0142382, -0.999553, -0.0262787, 1.01794, 0, 0, 0, 1
-0.999161, 0.0133358, 0.0387102, 0.291509, -0.0383395, 0.0270195, -0.998899, 0.853513, -0.014367, -0.999546, -0.0264856, 1.01791, 0, 0, 0, 1
-0.999148, 0.0134485, 0.0390305, 0.291514, -0.0386535, 0.0272362, -0.998881, 0.853557, -0.0144965, -0.999539, -0.0266932, 1.01788, 0, 0, 0, 1
-0.999133, 0.0135616, 0.0393521, 0.291518, -0.0389688, 0.0274539, -0.998863, 0.853601, -0.0146265, -0.999531, -0.0269016, 1.01785, 0, 0, 0, 1
-0.999119, 0.0136751, 0.039675, 0.291523, -0.0392853, 0.0276724, -0.998845, 0.853646, -0.0147572, -0.999524, -0.0271108, 1.01782, 0, 0, 0, 1
-0.999105, 0.0137891, 0.0399991, 0.291527, -0.039603, 0.0278918, -0.998826, 0.85369, -0.0148886, -0.999516, -0.0273207, 1.01779, 0, 0, 0, 1
-0.99909, 0.0139035, 0.0403245, 0.291532, -0.0399219, 0.0281121, -0.998807, 0.853735, -0.0150205, -0.999508, -0.0275314, 1.01776, 0, 0, 0, 1
-0.999075, 0.0140183, 0.0406513, 0.291536, -0.040242, 0.0283332, -0.998788, 0.85378, -0.0151531, -0.9995, -0.0277429, 1.01772, 0, 0, 0, 1
-0.99906, 0.0141336, 0.0409793, 0.291541, -0.0405634, 0.0285553, -0.998769, 0.853825, -0.0152863, -0.999492, -0.0279552, 1.01769, 0, 0, 0, 1
-0.999045, 0.0142492, 0.0413086, 0.291546, -0.0408859, 0.0287783, -0.998749, 0.853871, -0.0154202, -0.999484, -0.0281682, 1.01766, 0, 0, 0, 1
-0.999029, 0.0143653, 0.0416392, 0.29155, -0.0412096, 0.0290021, -0.99873, 0.853916, -0.0155547, -0.999476, -0.028382, 1.01763, 0, 0, 0, 1
-0.999014, 0.0144818, 0.041971, 0.291555, -0.0415346, 0.0292269, -0.99871, 0.853962, -0.0156898, -0.999468, -0.0285965, 1.0176, 0, 0, 0, 1
-0.998998, 0.0145987, 0.0423042, 0.291559, -0.0418607, 0.0294525, -0.998689, 0.854008, -0.0158255, -0.99946, -0.0288119, 1.01756, 0, 0, 0, 1
-0.998982, 0.014716, 0.0426386, 0.291564, -0.042188, 0.029679, -0.998669, 0.854054, -0.0159619, -0.999451, -0.029028, 1.01753, 0, 0, 0, 1
-0.998966, 0.0148338, 0.0429743, 0.291569, -0.0425166, 0.0299064, -0.998648, 0.8541, -0.016099, -0.999443, -0.0292448, 1.0175, 0, 0, 0, 1
-0.99895, 0.014952, 0.0433114, 0.291573, -0.0428463, 0.0301347, -0.998627, 0.854147, -0.0162366, -0.999434, -0.0294625, 1.01747, 0, 0, 0, 1
-0.998933, 0.0150706, 0.0436497, 0.291578, -0.0431773, 0.0303639, -0.998606, 0.854194, -0.0163749, -0.999425, -0.0296808, 1.01744, 0, 0, 0, 1
-0.998917, 0.0151896, 0.0439892, 0.291583, -0.0435094, 0.030594, -0.998584, 0.85424, -0.0165139, -0.999416, -0.0299, 1.0174, 0, 0, 0, 1
-0.9989, 0.015309, 0.0443301, 0.291587, -0.0438428, 0.030825, -0.998563, 0.854288, -0.0166535, -0.999408, -0.0301199, 1.01737, 0, 0, 0, 1
-0.998883, 0.0154289, 0.0446723, 0.291592, -0.0441773, 0.0310569, -0.998541, 0.854335, -0.0167937, -0.999399, -0.0303406, 1.01734, 0, 0, 0, 1
-0.998865, 0.0155491, 0.0450157, 0.291597, -0.044513, 0.0312897, -0.998519, 0.854382, -0.0169346, -0.999389, -0.030562, 1.0173, 0, 0, 0, 1
-0.998848, 0.0156698, 0.0453604, 0.291601, -0.0448499, 0.0315233, -0.998496, 0.85443, -0.0170761, -0.99938, -0.0307842, 1.01727, 0, 0, 0, 1
-0.99883, 0.0157909, 0.0457065, 0.291606, -0.0451881, 0.0317579, -0.998474, 0.854478, -0.0172183, -0.999371, -0.0310072, 1.01724, 0, 0, 0, 1
-0.998812, 0.0159124, 0.0460538, 0.291611, -0.0455274, 0.0319933, -0.998451, 0.854526, -0.0173612, -0.999361, -0.0312309, 1.0172, 0, 0, 0, 1
-0.998794, 0.0160343, 0.0464023, 0.291615, -0.0458679, 0.0322297, -0.998427, 0.854574, -0.0175046, -0.999352, -0.0314554, 1.01717, 0, 0, 0, 1
-0.998776, 0.0161567, 0.0467522, 0.29162, -0.0462096, 0.0324669, -0.998404, 0.854622, -0.0176488, -0.999342, -0.0316806, 1.01714, 0, 0, 0, 1
-0.998757, 0.0162794, 0.0471034, 0.291625, -0.0465525, 0.0327051, -0.99838, 0.854671, -0.0177936, -0.999332, -0.0319066, 1.0171, 0, 0, 0, 1
-0.998739, 0.0164026, 0.0474558, 0.29163, -0.0468966, 0.0329441, -0.998356, 0.854719, -0.017939, -0.999323, -0.0321333, 1.01707, 0, 0, 0, 1
-0.99872, 0.0165261, 0.0478095, 0.291634, -0.0472418, 0.033184, -0.998332, 0.854768, -0.0180851, -0.999313, -0.0323608, 1.01704, 0, 0, 0, 1
-0.998701, 0.0166501, 0.0481645, 0.291639, -0.0475883, 0.0334248, -0.998308, 0.854817, -0.0182318, -0.999303, -0.032589, 1.017, 0, 0, 0, 1
-0.998681, 0.0167745, 0.0485208, 0.291644, -0.0479359, 0.0336665, -0.998283, 0.854866, -0.0183793, -0.999292, -0.032818, 1.01697, 0, 0, 0, 1
-0.998662, 0.0168994, 0.0488784, 0.291649, -0.0482848, 0.0339091, -0.998258, 0.854916, -0.0185273, -0.999282, -0.0330478, 1.01693, 0, 0, 0, 1
-0.998642, 0.0170246, 0.0492372, 0.291653, -0.0486348, 0.0341526, -0.998233, 0.854966, -0.0186761, -0.999272, -0.0332783, 1.0169, 0, 0, 0, 1
-0.998622, 0.0171502, 0.0495973, 0.291658, -0.048986, 0.034397, -0.998207, 0.855015, -0.0188255, -0.999261, -0.0335095, 1.01687, 0, 0, 0, 1
