-0.999999, -0.000797434, -0.000797196, 0.290901, 0.000796858, 0.000424669, -1, 0.848124, 0.000797772, -1, -0.000424033, 1.02183, 0, 0, 0, 1
-0.999999, -0.00079735, -0.000796847, 0.290901, 0.000796508, 0.000425253, -1, 0.848124, 0.000797688, -1, -0.000424618, 1.02183, 0, 0, 0, 1
-0.999999, -0.000797096, -0.000795801, 0.290901, 0.000795461, 0.000427005, -1, 0.848124, 0.000797436, -1, -0.000426371, 1.02183, 0, 0, 0, 1
-0.999999, -0.000796674, -0.000794057, 0.290901, 0.000793715, 0.000429925, -1, 0.848125, 0.000797015, -1, -0.000429293, 1.02183, 0, 0, 0, 1
-0.999999, -0.000796082, -0.000791616, 0.290901, 0.000791271, 0.000434014, -1, 0.848125, 0.000796425, -1, -0.000433384, 1.02183, 0, 0, 0, 1
-0.999999, -0.000795321, -0.000788478, 0.290901, 0.000788129, 0.000439271, -1, 0.848126, 0.000795667, -1, -0.000438644, 1.02183, 0, 0, 0, 1
-0.999999, -0.000794392, -0.000784642, 0.290901, 0.000784288, 0.000445695, -1, 0.848127, 0.000794741, -1, -0.000445072, 1.02183, 0, 0, 0, 1
-0.999999, -0.000793293, -0.000780108, 0.290901, 0.000779749, 0.000453288, -1, 0.848128, 0.000793646, -1, -0.00045267, 1.02183, 0, 0, 0, 1
-0.999999, -0.000792025, -0.000774877, 0.290902, 0.000774511, 0.00046205, -1, 0.848129, 0.000792383, -1, -0.000461436, 1.02183, 0, 0, 0, 1
-0.999999, -0.000790588, -0.000768949, 0.290902, 0.000768576, 0.000471979, -1, 0.84813, 0.000790951, -1, -0.000471371, 1.02183, 0, 0, 0, 1
-0.999999, -0.000788982, -0.000762323, 0.290902, 0.000761942, 0.000483076, -1, 0.848131, 0.00078935, -1, -0.000482475, 1.02183, 0, 0, 0, 1
-0.999999, -0.000787208, -0.000755, 0.290902, 0.00075461, 0.000495342, -1, 0.848133, 0.000787581, -1, -0.000494747, 1.02183, 0, 0, 0, 1
-0.999999, -0.000785264, -0.000746979, 0.290902, 0.000746579, 0.000508775, -1, 0.848135, 0.000785643, -1, -0.000508189, 1.02183, 0, 0, 0, 1
-0.999999, -0.000783151, -0.00073826, 0.290902, 0.000737851, 0.000523377, -1, 0.848136, 0.000783537, -1, -0.000522799, 1.02183, 0, 0, 0, 1
-0.999999, -0.000780869, -0.000728845, 0.290903, 0.000728424, 0.000539147, -1, 0.848138, 0.000781262, -1, -0.000538578, 1.02183, 0, 0, 0, 1
-0.999999, -0.000778418, -0.000718731, 0.290903, 0.000718299, 0.000556085, -1, 0.84814, 0.000778818, -1, -0.000555526, 1.02183, 0, 0, 0, 1
-0.999999, -0.000775799, -0.000707921, 0.290903, 0.000707475, 0.000574192, -1, 0.848143, 0.000776205, -1, -0.000573643, 1.02183, 0, 0, 0, 1
-0.999999, -0.00077301, -0.000696413, 0.290903, 0.000695954, 0.000593466, -1, 0.848145, 0.000773423, -1, -0.000592928, 1.02183, 0, 0, 0, 1
-0.999999, -0.000770052, -0.000684207, 0.290904, 0.000683734, 0.000613909, -1, 0.848148, 0.000770472, -1, -0.000613382, 1.02183, 0, 0, 0, 1
-0.999999, -0.000766925, -0.000671304, 0.290904, 0.000670817, 0.00063552, -1, 0.84815, 0.000767352, -1, -0.000635005, 1.02183, 0, 0, 0, 1
-0.999999, -0.00076363, -0.000657704, 0.290904, 0.000657201, 0.000658299, -1, 0.848153, 0.000764062, -0.999999, -0.000657796, 1.02183, 0, 0, 0, 1
-1, -0.000760165, -0.000643406, 0.290905, 0.000642887, 0.000682246, -1, 0.848156, 0.000760604, -0.999999, -0.000681757, 1.02182, 0, 0, 0, 1
-1, -0.000756532, -0.00062841, 0.290905, 0.000627875, 0.000707361, -1, 0.848159, 0.000756976, -0.999999, -0.000706886, 1.02182, 0, 0, 0, 1
-1, -0.000752729, -0.000612717, 0.290906, 0.000612165, 0.000733644, -1, 0.848162, 0.000753178, -0.999999, -0.000733183, 1.02182, 0, 0, 0, 1
-1, -0.000748758, -0.000596327, 0.290906, 0.000595757, 0.000761096, -1, 0.848166, 0.000749211, -0.999999, -0.00076065, 1.02182, 0, 0, 0, 1
-1, -0.000744618, -0.000579239, 0.290906, 0.000578651, 0.000789716, -1, 0.848169, 0.000745075, -0.999999, -0.000789285, 1.02182, 0, 0, 0, 1
-1, -0.000740309, -0.000561454, 0.290907, 0.000560847, 0.000819504, -1, 0.848173, 0.000740768, -0.999999, -0.000819088, 1.02182, 0, 0, 0, 1
-1, -0.000735831, -0.000542971, 0.290907, 0.000542345, 0.00085046, -0.999999, 0.848177, 0.000736292, -0.999999, -0.00085006, 1.02182, 0, 0, 0, 1
-1, -0.000731184, -0.000523791, 0.290908, 0.000523145, 0.000882584, -0.999999, 0.848181, 0.000731646, -0.999999, -0.000882201, 1.02182, 0, 0, 0, 1
-1, -0.000726368, -0.000503913, 0.290908, 0.000503248, 0.000915877, -0.999999, 0.848185, 0.000726829, -0.999999, -0.000915511, 1.02182, 0, 0, 0, 1
-1, -0.000721384, -0.000483338, 0.290909, 0.000482652, 0.000950337, -0.999999, 0.848189, 0.000721843, -0.999999, -0.000949989, 1.02181, 0, 0, 0, 1
-1, -0.000716231, -0.000462065, 0.290909, 0.000461359, 0.000985966, -0.999999, 0.848194, 0.000716686, -0.999999, -0.000985635, 1.02181, 0, 0, 0, 1
-1, -0.000710909, -0.000440095, 0.29091, 0.000439368, 0.00102276, -0.999999, 0.848198, 0.000711358, -0.999999, -0.00102245, 1.02181, 0, 0, 0, 1
-1, -0.000705418, -0.000417427, 0.29091, 0.000416679, 0.00106073, -0.999999, 0.848203, 0.00070586, -0.999999, -0.00106043, 1.02181, 0, 0, 0, 1
-1, -0.000699758, -0.000394062, 0.290911, 0.000393293, 0.00109986, -0.999999, 0.848208, 0.000700191, -0.999999, -0.00109959, 1.02181, 0, 0, 0, 1
-1, -0.00069393, -0.00037, 0.290911, 0.000369209, 0.00114016, -0.999999, 0.848213, 0.000694351, -0.999999, -0.00113991, 1.02181, 0, 0, 0, 1
-1, -0.000687933, -0.00034524, 0.290912, 0.000344427, 0.00118163, -0.999999, 0.848218, 0.00068834, -0.999999, -0.0011814, 1.02181, 0, 0, 0, 1
-1, -0.000681767, -0.000319783, 0.290913, 0.000318948, 0.00122427, -0.999999, 0.848223, 0.000682158, -0.999999, -0.00122405, 1.0218, 0, 0, 0, 1
-1, -0.000675433, -0.000293628, 0.290913, 0.000292771, 0.00126808, -0.999999, 0.848228, 0.000675804, -0.999999, -0.00126788, 1.0218, 0, 0, 0, 1
-1, -0.00066893, -0.000266775, 0.290914, 0.000265897, 0.00131305, -0.999999, 0.848234, 0.000669279, -0.999999, -0.00131287, 1.0218, 0, 0, 0, 1
-1, -0.000662258, -0.000239226, 0.290915, 0.000238325, 0.00135919, -0.999999, 0.84824, 0.000662582, -0.999999, -0.00135904, 1.0218, 0, 0, 0, 1
-1, -0.000655417, -0.000210978, 0.290915, 0.000210056, 0.0014065, -0.999999, 0.848246, 0.000655714, -0.999999, -0.00140637, 1.0218, 0, 0, 0, 1
-1, -0.000648409, -0.000182034, 0.290916, 0.00018109, 0.00145498, -0.999999, 0.848252, 0.000648673, -0.999999, -0.00145487, 1.0218, 0, 0, 0, 1
-1, -0.000641231, -0.000152391, 0.290917, 0.000151426, 0.00150463, -0.999999, 0.848258, 0.00064146, -0.999999, -0.00150453, 1.02179, 0, 0, 0, 1
-1, -0.000633885, -0.000122052, 0.290918, 0.000121066, 0.00155545, -0.999999, 0.848264, 0.000634074, -0.999999, -0.00155537, 1.02179, 0, 0, 0, 1
-1, -0.00062637, -9.10146e-05, 0.290918, 9.00076e-05, 0.00160743, -0.999999, 0.84827, 0.000626516, -0.999999, -0.00160737, 1.02179, 0, 0, 0, 1
-1, -0.000618687, -5.928e-05, 0.290919, 5.82525e-05, 0.00166058, -0.999999, 0.848277, 0.000618785, -0.999998, -0.00166054, 1.02179, 0, 0, 0, 1
-1, -0.000610836, -2.68479e-05, 0.29092, 2.58003e-05, 0.0017149, -0.999999, 0.848284, 0.000610881, -0.999998, -0.00171489, 1.02179, 0, 0, 0, 1
-1, -0.000602816, 6.28165e-06, 0.290921, -7.34886e-06, 0.00177039, -0.999998, 0.848291, 0.000602803, -0.999998, -0.00177039, 1.02178, 0, 0, 0, 1
-1, -0.000594627, 4.01086e-05, 0.290922, -4.1195e-05, 0.00182705, -0.999998, 0.848298, 0.000594553, -0.999998, -0.00182707, 1.02178, 0, 0, 0, 1
-1, -0.00058627, 7.46331e-05, 0.290922, -7.5738e-05, 0.00188487, -0.999998, 0.848305, 0.000586128, -0.999998, -0.00188491, 1.02178, 0, 0, 0, 1
-1, -0.000577745, 0.000109855, 0.290923, -0.000110978, 0.00194386, -0.999998, 0.848312, 0.00057753, -0.999998, -0.00194393, 1.02178, 0, 0, 0, 1
-1, -0.000569051, 0.000145774, 0.290924, -0.000146915, 0.00200402, -0.999998, 0.84832, 0.000568758, -0.999998, -0.00200411, 1.02177, 0, 0, 0, 1
-1, -0.000560189, 0.000182391, 0.290925, -0.000183548, 0.00206535, -0.999998, 0.848327, 0.000559811, -0.999998, -0.00206546, 1.02177, 0, 0, 0, 1
-1, -0.000551159, 0.000219706, 0.290926, -0.000220878, 0.00212785, -0.999998, 0.848335, 0.00055069, -0.999998, -0.00212797, 1.02177, 0, 0, 0, 1
-1, -0.00054196, 0.000257717, 0.290927, -0.000258905, 0.00219152, -0.999998, 0.848343, 0.000541394, -0.999997, -0.00219166, 1.02177, 0, 0, 0, 1
-1, -0.000532593, 0.000296427, 0.290928, -0.000297628, 0.00225635, -0.999997, 0.848351, 0.000531923, -0.999997, -0.00225651, 1.02177, 0, 0, 0, 1
-1, -0.000523058, 0.000335833, 0.290929, -0.000337047, 0.00232235, -0.999997, 0.848359, 0.000522277, -0.999997, -0.00232253, 1.02176, 0, 0, 0, 1
-1, -0.000513355, 0.000375938, 0.29093, -0.000377163, 0.00238952, -0.999997, 0.848367, 0.000512455, -0.999997, -0.00238972, 1.02176, 0, 0, 0, 1
-1, -0.000503483, 0.000416739, 0.290931, -0.000417976, 0.00245786, -0.999997, 0.848376, 0.000502458, -0.999997, -0.00245807, 1.02176, 0, 0, 0, 1
-1, -0.000493444, 0.000458238, 0.290932, -0.000459484, 0.00252737, -0.999997, 0.848384, 0.000492284, -0.999997, -0.0025276, 1.02176, 0, 0, 0, 1
-1, -0.000483236, 0.000500435, 0.290933, -0.000501689, 0.00259805, -0.999996, 0.848393, 0.000481934, -0.999997, -0.00259829, 1.02175, 0, 0, 0, 1
-1, -0.000472861, 0.000543329, 0.290934, -0.00054459, 0.00266989, -0.999996, 0.848402, 0.000471408, -0.999996, -0.00267015, 1.02175, 0, 0, 0, 1
-1, -0.000462317, 0.000586921, 0.290935, -0.000588186, 0.0027429, -0.999996, 0.848411, 0.000460705, -0.999996, -0.00274317, 1.02175, 0, 0, 0, 1
-1, -0.000451605, 0.000631209, 0.290936, -0.000632479, 0.00281708, -0.999996, 0.84842, 0.000449825, -0.999996, -0.00281737, 1.02174, 0, 0, 0, 1
-1, -0.000440725, 0.000676196, 0.290937, -0.000677468, 0.00289243, -0.999996, 0.848429, 0.000438767, -0.999996, -0.00289273, 1.02174, 0, 0, 0, 1
-1, -0.000429678, 0.00072188, 0.290938, -0.000723152, 0.00296895, -0.999995, 0.848439, 0.000427532, -0.999996, -0.00296926, 1.02174, 0, 0, 0, 1
-1, -0.000418462, 0.000768261, 0.290939, -0.000769533, 0.00304663, -0.999995, 0.848449, 0.000416119, -0.999995, -0.00304695, 1.02174, 0, 0, 0, 1
-1, -0.000407079, 0.00081534, 0.29094, -0.000816608, 0.00312549, -0.999995, 0.848458, 0.000404528, -0.999995, -0.00312582, 1.02173, 0, 0, 0, 1
-1, -0.000395527, 0.000863116, 0.290942, -0.00086438, 0.00320551, -0.999994, 0.848468, 0.000392758, -0.999995, -0.00320585, 1.02173, 0, 0, 0, 1
-1, -0.000383808, 0.00091159, 0.290943, -0.000912847, 0.0032867, -0.999994, 0.848478, 0.00038081, -0.999995, -0.00328705, 1.02173, 0, 0, 0, 1
-0.999999, -0.000371921, 0.000960761, 0.290944, -0.000962009, 0.00336906, -0.999994, 0.848488, 0.000368682, -0.999994, -0.00336941, 1.02172, 0, 0, 0, 1
-0.999999, -0.000359867, 0.00101063, 0.290945, -0.00101187, 0.00345258, -0.999994, 0.848499, 0.000356375, -0.999994, -0.00345295, 1.02172, 0, 0, 0, 1
-0.999999, -0.000347645, 0.0010612, 0.290947, -0.00106242, 0.00353728, -0.999993, 0.848509, 0.000343888, -0.999994, -0.00353764, 1.02172, 0, 0, 0, 1
-0.999999, -0.000335255, 0.00111246, 0.290948, -0.00111367, 0.00362314, -0.999993, 0.84852, 0.000331222, -0.999993, -0.00362351, 1.02171, 0, 0, 0, 1
-0.999999, -0.000322697, 0.00116442, 0.290949, -0.00116561, 0.00371017, -0.999992, 0.848531, 0.000318374, -0.999993, -0.00371055, 1.02171, 0, 0, 0, 1
-0.999999, -0.000309972, 0.00121708, 0.29095, -0.00121825, 0.00379837, -0.999992, 0.848542, 0.000305347, -0.999993, -0.00379875, 1.02171, 0, 0, 0, 1
-0.999999, -0.000297079, 0.00127044, 0.290952, -0.00127158, 0.00388774, -0.999992, 0.848553, 0.000292138, -0.999992, -0.00388812, 1.0217, 0, 0, 0, 1
-0.999999, -0.000284019, 0.00132449, 0.290953, -0.00132561, 0.00397828, -0.999991, 0.848564, 0.000278748, -0.999992, -0.00397865, 1.0217, 0, 0, 0, 1
-0.999999, -0.000270792, 0.00137924, 0.290954, -0.00138033, 0.00406998, -0.999991, 0.848575, 0.000265176, -0.999992, -0.00407035, 1.0217, 0, 0, 0, 1
-0.999999, -0.000257397, 0.00143469, 0.290956, -0.00143575, 0.00416286, -0.99999, 0.848587, 0.000251422, -0.999991, -0.00416322, 1.02169, 0, 0, 0, 1
-0.999999, -0.000243834, 0.00149083, 0.290957, -0.00149186, 0.0042569, -0.99999, 0.848598, 0.000237486, -0.999991, -0.00425726, 1.02169, 0, 0, 0, 1
-0.999999, -0.000230105, 0.00154768, 0.290958, -0.00154866, 0.00435211, -0.999989, 0.84861, 0.000223367, -0.999991, -0.00435246, 1.02169, 0, 0, 0, 1
-0.999999, -0.000216208, 0.00160522, 0.29096, -0.00160616, 0.00444849, -0.999989, 0.848622, 0.000209065, -0.99999, -0.00444883, 1.02168, 0, 0, 0, 1
-0.999999, -0.000202144, 0.00166346, 0.290961, -0.00166436, 0.00454603, -0.999988, 0.848634, 0.000194579, -0.99999, -0.00454636, 1.02168, 0, 0, 0, 1
-0.999998, -0.000187912, 0.00172239, 0.290963, -0.00172325, 0.00464475, -0.999988, 0.848647, 0.00017991, -0.999989, -0.00464506, 1.02168, 0, 0, 0, 1
-0.999998, -0.000173514, 0.00178203, 0.290964, -0.00178283, 0.00474463, -0.999987, 0.848659, 0.000165056, -0.999989, -0.00474493, 1.02167, 0, 0, 0, 1
-0.999998, -0.000158948, 0.00184236, 0.290966, -0.0018431, 0.00484568, -0.999987, 0.848671, 0.000150018, -0.999988, -0.00484597, 1.02167, 0, 0, 0, 1
-0.999998, -0.000144215, 0.00190338, 0.290967, -0.00190407, 0.0049479, -0.999986, 0.848684, 0.000134795, -0.999988, -0.00494817, 1.02166, 0, 0, 0, 1
-0.999998, -0.000129315, 0.00196511, 0.290969, -0.00196574, 0.00505129, -0.999985, 0.848697, 0.000119387, -0.999987, -0.00505153, 1.02166, 0, 0, 0, 1
-0.999998, -0.000114249, 0.00202753, 0.29097, -0.00202809, 0.00515585, -0.999985, 0.84871, 0.000103793, -0.999987, -0.00515607, 1.02166, 0, 0, 0, 1
-0.999998, -9.90151e-05, 0.00209065, 0.290972, -0.00209114, 0.00526157, -0.999984, 0.848723, 8.80134e-05, -0.999986, -0.00526177, 1.02165, 0, 0, 0, 1
-0.999998, -8.36146e-05, 0.00215447, 0.290973, -0.00215489, 0.00536847, -0.999983, 0.848736, 7.2047e-05, -0.999986, -0.00536863, 1.02165, 0, 0, 0, 1
-0.999998, -6.80472e-05, 0.00221899, 0.290975, -0.00221933, 0.00547653, -0.999983, 0.84875, 5.58937e-05, -0.999985, -0.00547667, 1.02165, 0, 0, 0, 1
-0.999997, -5.23131e-05, 0.0022842, 0.290976, -0.00228446, 0.00558576, -0.999982, 0.848763, 3.95531e-05, -0.999984, -0.00558586, 1.02164, 0, 0, 0, 1
-0.999997, -3.64122e-05, 0.00235011, 0.290978, -0.00235028, 0.00569616, -0.999981, 0.848777, 2.30249e-05, -0.999984, -0.00569623, 1.02164, 0, 0, 0, 1
-0.999997, -2.03446e-05, 0.00241672, 0.29098, -0.00241679, 0.00580772, -0.99998, 0.848791, 6.30861e-06, -0.999983, -0.00580776, 1.02163, 0, 0, 0, 1
-0.999997, -4.11044e-06, 0.00248402, 0.290981, -0.002484, 0.00592046, -0.999979, 0.848805, -1.05962e-05, -0.999982, -0.00592045, 1.02163, 0, 0, 0, 1
-0.999997, 1.22903e-05, 0.00255202, 0.290983, -0.0025519, 0.00603436, -0.999979, 0.848819, -2.76899e-05, -0.999982, -0.00603431, 1.02162, 0, 0, 0, 1
-0.999997, 2.88576e-05, 0.00262072, 0.290985, -0.0026205, 0.00614944, -0.999978, 0.848833, -4.4973e-05, -0.999981, -0.00614934, 1.02162, 0, 0, 0, 1
-0.999996, 4.55914e-05, 0.00269012, 0.290986, -0.00268978, 0.00626568, -0.999977, 0.848848, -6.24458e-05, -0.99998, -0.00626553, 1.02162, 0, 0, 0, 1
-0.999996, 6.24917e-05, 0.00276022, 0.290988, -0.00275976, 0.00638309, -0.999976, 0.848862, -8.01089e-05, -0.99998, -0.00638289, 1.02161, 0, 0, 0, 1
-0.999996, 7.95583e-05, 0.00283101, 0.29099, -0.00283043, 0.00650166, -0.999975, 0.848877, -9.79625e-05, -0.999979, -0.00650141, 1.02161, 0, 0, 0, 1
-0.999996, 9.67912e-05, 0.0029025, 0.290991, -0.00290179, 0.00662141, -0.999974, 0.848892, -0.000116007, -0.999978, -0.0066211, 1.0216, 0, 0, 0, 1
-0.999996, 0.00011419, 0.00297469, 0.290993, -0.00297385, 0.00674232, -0.999973, 0.848907, -0.000134244, -0.999977, -0.00674195, 1.0216, 0, 0, 0, 1
-0.999995, 0.000131756, 0.00304757, 0.290995, -0.00304659, 0.00686441, -0.999972, 0.848922, -0.000152672, -0.999976, -0.00686397, 1.02159, 0, 0, 0, 1
-0.999995, 0.000149487, 0.00312115, 0.290997, -0.00312003, 0.00698766, -0.999971, 0.848937, -0.000171293, -0.999976, -0.00698716, 1.02159, 0, 0, 0, 1
-0.999995, 0.000167385, 0.00319543, 0.290999, -0.00319416, 0.00711208, -0.99997, 0.848953, -0.000190106, -0.999975, -0.00711151, 1.02159, 0, 0, 0, 1
-0.999995, 0.000185449, 0.00327041, 0.291, -0.00326898, 0.00723767, -0.999968, 0.848968, -0.000209113, -0.999974, -0.00723702, 1.02158, 0, 0, 0, 1
-0.999994, 0.000203679, 0.00334608, 0.291002, -0.00334449, 0.00736442, -0.999967, 0.848984, -0.000228314, -0.999973, -0.0073637, 1.02158, 0, 0, 0, 1
-0.999994, 0.000222074, 0.00342246, 0.291004, -0.0034207, 0.00749235, -0.999966, 0.849, -0.000247709, -0.999972, -0.00749154, 1.02157, 0, 0, 0, 1
-0.999994, 0.000240636, 0.00349952, 0.291006, -0.00349759, 0.00762144, -0.999965, 0.849016, -0.000267299, -0.999971, -0.00762055, 1.02157, 0, 0, 0, 1
-0.999994, 0.000259363, 0.00357729, 0.291008, -0.00357517, 0.0077517, -0.999964, 0.849032, -0.000287084, -0.99997, -0.00775073, 1.02156, 0, 0, 0, 1
-0.999993, 0.000278256, 0.00365576, 0.29101, -0.00365345, 0.00788313, -0.999962, 0.849048, -0.000307065, -0.999969, -0.00788206, 1.02156, 0, 0, 0, 1
-0.999993, 0.000297315, 0.00373492, 0.291012, -0.00373241, 0.00801573, -0.999961, 0.849065, -0.000327242, -0.999968, -0.00801457, 1.02155, 0, 0, 0, 1
-0.999993, 0.00031654, 0.00381478, 0.291014, -0.00381207, 0.0081495, -0.99996, 0.849081, -0.000347615, -0.999967, -0.00814823, 1.02155, 0, 0, 0, 1
-0.999992, 0.00033593, 0.00389533, 0.291016, -0.00389242, 0.00828443, -0.999958, 0.849098, -0.000368186, -0.999966, -0.00828306, 1.02154, 0, 0, 0, 1
-0.999992, 0.000355485, 0.00397659, 0.291018, -0.00397345, 0.00842054, -0.999957, 0.849115, -0.000388955, -0.999964, -0.00841906, 1.02154, 0, 0, 0, 1
-0.999992, 0.000375206, 0.00405854, 0.29102, -0.00405518, 0.00855781, -0.999955, 0.849132, -0.000409922, -0.999963, -0.00855622, 1.02153, 0, 0, 0, 1
-0.999991, 0.000395093, 0.00414119, 0.291022, -0.00413759, 0.00869625, -0.999954, 0.849149, -0.000431087, -0.999962, -0.00869454, 1.02153, 0, 0, 0, 1
-0.999991, 0.000415145, 0.00422453, 0.291024, -0.0042207, 0.00883586, -0.999952, 0.849167, -0.000452452, -0.999961, -0.00883403, 1.02152, 0, 0, 0, 1
-0.999991, 0.000435362, 0.00430857, 0.291026, -0.00430449, 0.00897664, -0.99995, 0.849184, -0.000474017, -0.99996, -0.00897468, 1.02152, 0, 0, 0, 1
-0.99999, 0.000455744, 0.00439332, 0.291028, -0.00438898, 0.00911859, -0.999949, 0.849202, -0.000495782, -0.999958, -0.0091165, 1.02151, 0, 0, 0, 1
-0.99999, 0.000476292, 0.00447875, 0.29103, -0.00447415, 0.0092617, -0.999947, 0.84922, -0.000517747, -0.999957, -0.00925948, 1.02151, 0, 0, 0, 1
-0.999989, 0.000497004, 0.00456489, 0.291032, -0.00456001, 0.00940598, -0.999945, 0.849238, -0.000539914, -0.999956, -0.00940362, 1.0215, 0, 0, 0, 1
-0.999989, 0.000517882, 0.00465172, 0.291034, -0.00464656, 0.00955144, -0.999944, 0.849256, -0.000562283, -0.999954, -0.00954893, 1.0215, 0, 0, 0, 1
-0.999989, 0.000538924, 0.00473925, 0.291036, -0.0047338, 0.00969806, -0.999942, 0.849274, -0.000584855, -0.999953, -0.00969539, 1.02149, 0, 0, 0, 1
-0.999988, 0.000560132, 0.00482748, 0.291038, -0.00482173, 0.00984585, -0.99994, 0.849292, -0.000607629, -0.999951, -0.00984303, 1.02149, 0, 0, 0, 1
-0.999988, 0.000581504, 0.00491641, 0.29104, -0.00491035, 0.0099948, -0.999938, 0.849311, -0.000630607, -0.99995, -0.00999182, 1.02148, 0, 0, 0, 1
-0.999987, 0.000603041, 0.00500603, 0.291043, -0.00499965, 0.0101449, -0.999936, 0.84933, -0.000653789, -0.999948, -0.0101418, 1.02148, 0, 0, 0, 1
-0.999987, 0.000624743, 0.00509635, 0.291045, -0.00508965, 0.0102962, -0.999934, 0.849348, -0.000677175, -0.999947, -0.0102929, 1.02147, 0, 0, 0, 1
-0.999986, 0.000646609, 0.00518737, 0.291047, -0.00518033, 0.0104487, -0.999932, 0.849367, -0.000700767, -0.999945, -0.0104452, 1.02146, 0, 0, 0, 1
-0.999986, 0.00066864, 0.00527908, 0.291049, -0.0052717, 0.0106023, -0.99993, 0.849387, -0.000724564, -0.999944, -0.0105986, 1.02146, 0, 0, 0, 1
-0.999985, 0.000690836, 0.00537149, 0.291051, -0.00536375, 0.0107571, -0.999928, 0.849406, -0.000748568, -0.999942, -0.0107533, 1.02145, 0, 0, 0, 1
-0.999985, 0.000713196, 0.0054646, 0.291054, -0.00545649, 0.0109131, -0.999926, 0.849425, -0.000772778, -0.99994, -0.010909, 1.02145, 0, 0, 0, 1
-0.999984, 0.00073572, 0.00555841, 0.291056, -0.00554992, 0.0110702, -0.999923, 0.849445, -0.000797196, -0.999938, -0.011066, 1.02144, 0, 0, 0, 1
-0.999984, 0.000758408, 0.00565291, 0.291058, -0.00564404, 0.0112285, -0.999921, 0.849464, -0.000821822, -0.999937, -0.0112241, 1.02144, 0, 0, 0, 1
-0.999983, 0.000781261, 0.00574811, 0.291061, -0.00573885, 0.011388, -0.999919, 0.849484, -0.000846657, -0.999935, -0.0113833, 1.02143, 0, 0, 0, 1
-0.999983, 0.000804278, 0.00584401, 0.291063, -0.00583434, 0.0115486, -0.999916, 0.849504, -0.000871701, -0.999933, -0.0115437, 1.02143, 0, 0, 0, 1
-0.999982, 0.000827459, 0.00594061, 0.291065, -0.00593051, 0.0117105, -0.999914, 0.849525, -0.000896955, -0.999931, -0.0117053, 1.02142, 0, 0, 0, 1
-0.999981, 0.000850804, 0.0060379, 0.291068, -0.00602738, 0.0118734, -0.999911, 0.849545, -0.000922419, -0.999929, -0.0118681, 1.02141, 0, 0, 0, 1
-0.999981, 0.000874313, 0.00613589, 0.29107, -0.00612493, 0.0120376, -0.999909, 0.849565, -0.000948094, -0.999927, -0.012032, 1.02141, 0, 0, 0, 1
-0.99998, 0.000897985, 0.00623458, 0.291072, -0.00622316, 0.0122029, -0.999906, 0.849586, -0.000973981, -0.999925, -0.0121971, 1.0214, 0, 0, 0, 1
-0.99998, 0.000921822, 0.00633397, 0.291075, -0.00632208, 0.0123694, -0.999904, 0.849607, -0.00100008, -0.999923, -0.0123633, 1.0214, 0, 0, 0, 1
-0.999979, 0.000945822, 0.00643405, 0.291077, -0.00642169, 0.012537, -0.999901, 0.849628, -0.00102639, -0.999921, -0.0125307, 1.02139, 0, 0, 0, 1
-0.999978, 0.000969986, 0.00653483, 0.29108, -0.00652198, 0.0127059, -0.999898, 0.849649, -0.00105292, -0.999919, -0.0126992, 1.02138, 0, 0, 0, 1
-0.999977, 0.000994313, 0.00663631, 0.291082, -0.00662296, 0.0128758, -0.999895, 0.84967, -0.00107966, -0.999917, -0.012869, 1.02138, 0, 0, 0, 1
-0.999977, 0.0010188, 0.00673848, 0.291084, -0.00672462, 0.013047, -0.999892, 0.849691, -0.00110661, -0.999914, -0.0130398, 1.02137, 0, 0, 0, 1
-0.999976, 0.00104346, 0.00684135, 0.291087, -0.00682697, 0.0132193, -0.999889, 0.849713, -0.00113378, -0.999912, -0.0132119, 1.02137, 0, 0, 0, 1
-0.999975, 0.00106828, 0.00694492, 0.291089, -0.00693, 0.0133928, -0.999886, 0.849734, -0.00116117, -0.99991, -0.0133851, 1.02136, 0, 0, 0, 1
-0.999975, 0.00109326, 0.00704919, 0.291092, -0.00703371, 0.0135675, -0.999883, 0.849756, -0.00118877, -0.999907, -0.0135594, 1.02135, 0, 0, 0, 1
-0.999974, 0.0011184, 0.00715416, 0.291095, -0.00713811, 0.0137433, -0.99988, 0.849778, -0.00121659, -0.999905, -0.013735, 1.02135, 0, 0, 0, 1
-0.999973, 0.00114371, 0.00725982, 0.291097, -0.0072432, 0.0139203, -0.999877, 0.8498, -0.00124463, -0.999902, -0.0139117, 1.02134, 0, 0, 0, 1
-0.999972, 0.00116918, 0.00736617, 0.2911, -0.00734896, 0.0140985, -0.999874, 0.849822, -0.00127288, -0.9999, -0.0140895, 1.02134, 0, 0, 0, 1
-0.999971, 0.00119481, 0.00747323, 0.291102, -0.00745542, 0.0142778, -0.99987, 0.849845, -0.00130136, -0.999897, -0.0142685, 1.02133, 0, 0, 0, 1
-0.999971, 0.00122061, 0.00758098, 0.291105, -0.00756255, 0.0144583, -0.999867, 0.849867, -0.00133005, -0.999895, -0.0144487, 1.02132, 0, 0, 0, 1
-0.99997, 0.00124657, 0.00768943, 0.291107, -0.00767037, 0.01464, -0.999863, 0.84989, -0.00135897, -0.999892, -0.01463, 1.02132, 0, 0, 0, 1
-0.999969, 0.00127269, 0.00779858, 0.29111, -0.00777887, 0.0148228, -0.99986, 0.849913, -0.00138811, -0.999889, -0.0148125, 1.02131, 0, 0, 0, 1
-0.999968, 0.00129897, 0.00790843, 0.291113, -0.00788805, 0.0150069, -0.999856, 0.849936, -0.00141746, -0.999887, -0.0149961, 1.0213, 0, 0, 0, 1
-0.999967, 0.00132542, 0.00801897, 0.291115, -0.00799792, 0.015192, -0.999853, 0.849959, -0.00144705, -0.999884, -0.0151809, 1.0213, 0, 0, 0, 1
-0.999966, 0.00135203, 0.00813021, 0.291118, -0.00810846, 0.0153784, -0.999849, 0.849982, -0.00147685, -0.999881, -0.0153669, 1.02129, 0, 0, 0, 1
-0.999965, 0.0013788, 0.00824215, 0.291121, -0.00821969, 0.0155659, -0.999845, 0.850005, -0.00150688, -0.999878, -0.015554, 1.02128, 0, 0, 0, 1
-0.999964, 0.00140573, 0.00835478, 0.291123, -0.0083316, 0.0157546, -0.999841, 0.850029, -0.00153713, -0.999875, -0.0157423, 1.02128, 0, 0, 0, 1
-0.999963, 0.00143283, 0.00846811, 0.291126, -0.0084442, 0.0159444, -0.999837, 0.850053, -0.00156761, -0.999872, -0.0159318, 1.02127, 0, 0, 0, 1
-0.999962, 0.00146008, 0.00858214, 0.291129, -0.00855747, 0.0161355, -0.999833, 0.850077, -0.00159832, -0.999869, -0.0161224, 1.02126, 0, 0, 0, 1
-0.999961, 0.0014875, 0.00869686, 0.291132, -0.00867143, 0.0163276, -0.999829, 0.850101, -0.00162925, -0.999866, -0.0163141, 1.02126, 0, 0, 0, 1
-0.99996, 0.00151509, 0.00881229, 0.291135, -0.00878606, 0.016521, -0.999825, 0.850125, -0.00166041, -0.999862, -0.016507, 1.02125, 0, 0, 0, 1
-0.999959, 0.00154283, 0.00892841, 0.291137, -0.00890138, 0.0167155, -0.999821, 0.850149, -0.0016918, -0.999859, -0.0167011, 1.02124, 0, 0, 0, 1
-0.999958, 0.00157073, 0.00904522, 0.29114, -0.00901738, 0.0169112, -0.999816, 0.850174, -0.00172341, -0.999856, -0.0168964, 1.02124, 0, 0, 0, 1
-0.999957, 0.0015988, 0.00916274, 0.291143, -0.00913406, 0.0171081, -0.999812, 0.850198, -0.00175526, -0.999852, -0.0170927, 1.02123, 0, 0, 0, 1
-0.999956, 0.00162703, 0.00928095, 0.291146, -0.00925142, 0.0173061, -0.999807, 0.850223, -0.00178733, -0.999849, -0.0172903, 1.02122, 0, 0, 0, 1
-0.999954, 0.00165542, 0.00939986, 0.291149, -0.00936945, 0.0175053, -0.999803, 0.850248, -0.00181964, -0.999845, -0.017489, 1.02122, 0, 0, 0, 1
-0.999953, 0.00168397, 0.00951946, 0.291152, -0.00948817, 0.0177057, -0.999798, 0.850273, -0.00185218, -0.999842, -0.0176889, 1.02121, 0, 0, 0, 1
-0.999952, 0.00171268, 0.00963977, 0.291154, -0.00960757, 0.0179072, -0.999793, 0.850298, -0.00188495, -0.999838, -0.0178899, 1.0212, 0, 0, 0, 1
-0.999951, 0.00174156, 0.00976077, 0.291157, -0.00972764, 0.0181099, -0.999789, 0.850323, -0.00191796, -0.999834, -0.0180921, 1.0212, 0, 0, 0, 1
-0.99995, 0.00177059, 0.00988247, 0.29116, -0.0098484, 0.0183138, -0.999784, 0.850349, -0.0019512, -0.999831, -0.0182954, 1.02119, 0, 0, 0, 1
-0.999948, 0.00179979, 0.0100049, 0.291163, -0.00996983, 0.0185188, -0.999779, 0.850375, -0.00198467, -0.999827, -0.0184999, 1.02118, 0, 0, 0, 1
-0.999947, 0.00182915, 0.010128, 0.291166, -0.0100919, 0.0187251, -0.999774, 0.8504, -0.00201838, -0.999823, -0.0187056, 1.02118, 0, 0, 0, 1
-0.999946, 0.00185867, 0.0102517, 0.291169, -0.0102147, 0.0189324, -0.999769, 0.850426, -0.00205233, -0.999819, -0.0189124, 1.02117, 0, 0, 0, 1
-0.999944, 0.00188834, 0.0103762, 0.291172, -0.0103382, 0.019141, -0.999763, 0.850452, -0.00208651, -0.999815, -0.0191204, 1.02116, 0, 0, 0, 1
-0.999943, 0.00191818, 0.0105014, 0.291175, -0.0104623, 0.0193507, -0.999758, 0.850479, -0.00212093, -0.999811, -0.0193295, 1.02115, 0, 0, 0, 1
-0.999942, 0.00194818, 0.0106273, 0.291178, -0.0105872, 0.0195616, -0.999753, 0.850505, -0.00215559, -0.999807, -0.0195398, 1.02115, 0, 0, 0, 1
-0.99994, 0.00197834, 0.0107539, 0.291181, -0.0107127, 0.0197736, -0.999747, 0.850532, -0.00219049, -0.999803, -0.0197513, 1.02114, 0, 0, 0, 1
-0.999939, 0.00200867, 0.0108811, 0.291184, -0.0108388, 0.0199868, -0.999741, 0.850558, -0.00222563, -0.999798, -0.0199639, 1.02113, 0, 0, 0, 1
-0.999937, 0.00203915, 0.0110091, 0.291187, -0.0109657, 0.0202012, -0.999736, 0.850585, -0.00226101, -0.999794, -0.0201776, 1.02113, 0, 0, 0, 1
-0.999936, 0.00206979, 0.0111378, 0.29119, -0.0110932, 0.0204168, -0.99973, 0.850612, -0.00229663, -0.999789, -0.0203925, 1.02112, 0, 0, 0, 1
-0.999934, 0.00210059, 0.0112671, 0.291193, -0.0112214, 0.0206335, -0.999724, 0.850639, -0.00233249, -0.999785, -0.0206086, 1.02111, 0, 0, 0, 1
-0.999933, 0.00213155, 0.0113972, 0.291197, -0.0113503, 0.0208514, -0.999718, 0.850667, -0.0023686, -0.99978, -0.0208258, 1.0211, 0, 0, 0, 1
-0.999931, 0.00216267, 0.011528, 0.2912, -0.0114799, 0.0210705, -0.999712, 0.850694, -0.00240495, -0.999776, -0.0210442, 1.0211, 0, 0, 0, 1
-0.99993, 0.00219395, 0.0116594, 0.291203, -0.0116101, 0.0212907, -0.999706, 0.850722, -0.00244155, -0.999771, -0.0212637, 1.02109, 0, 0, 0, 1
-0.999928, 0.0022254, 0.0117916, 0.291206, -0.011741, 0.0215121, -0.9997, 0.85075, -0.00247839, -0.999766, -0.0214844, 1.02108, 0, 0, 0, 1
-0.999926, 0.002257, 0.0119244, 0.291209, -0.0118726, 0.0217347, -0.999693, 0.850777, -0.00251548, -0.999761, -0.0217063, 1.02107, 0, 0, 0, 1
-0.999925, 0.00228876, 0.012058, 0.291212, -0.0120048, 0.0219584, -0.999687, 0.850806, -0.00255281, -0.999756, -0.0219293, 1.02107, 0, 0, 0, 1
-0.999923, 0.00232068, 0.0121922, 0.291216, -0.0121378, 0.0221833, -0.99968, 0.850834, -0.0025904, -0.999751, -0.0221534, 1.02106, 0, 0, 0, 1
-0.999921, 0.00235275, 0.0123272, 0.291219, -0.0122714, 0.0224094, -0.999674, 0.850862, -0.00262823, -0.999746, -0.0223787, 1.02105, 0, 0, 0, 1
-0.999919, 0.00238499, 0.0124628, 0.291222, -0.0124057, 0.0226366, -0.999667, 0.850891, -0.00266631, -0.999741, -0.0226052, 1.02104, 0, 0, 0, 1
-0.999918, 0.00241739, 0.0125991, 0.291225, -0.0125406, 0.022865, -0.99966, 0.850919, -0.00270465, -0.999736, -0.0228328, 1.02104, 0, 0, 0, 1
-0.999916, 0.00244995, 0.0127362, 0.291229, -0.0126762, 0.0230946, -0.999653, 0.850948, -0.00274323, -0.99973, -0.0230616, 1.02103, 0, 0, 0, 1
-0.999914, 0.00248266, 0.0128739, 0.291232, -0.0128125, 0.0233253, -0.999646, 0.850977, -0.00278207, -0.999725, -0.0232915, 1.02102, 0, 0, 0, 1
-0.999912, 0.00251554, 0.0130123, 0.291235, -0.0129495, 0.0235572, -0.999639, 0.851006, -0.00282116, -0.999719, -0.0235226, 1.02101, 0, 0, 0, 1
-0.99991, 0.00254857, 0.0131514, 0.291239, -0.0130871, 0.0237903, -0.999631, 0.851035, -0.0028605, -0.999714, -0.0237548, 1.02101, 0, 0, 0, 1
-0.999908, 0.00258176, 0.0132913, 0.291242, -0.0132254, 0.0240245, -0.999624, 0.851065, -0.0029001, -0.999708, -0.0239882, 1.021, 0, 0, 0, 1
-0.999906, 0.00261511, 0.0134318, 0.291245, -0.0133644, 0.0242599, -0.999616, 0.851094, -0.00293996, -0.999702, -0.0242227, 1.02099, 0, 0, 0, 1
-0.999904, 0.00264862, 0.013573, 0.291249, -0.0135041, 0.0244965, -0.999609, 0.851124, -0.00298007, -0.999696, -0.0244584, 1.02098, 0, 0, 0, 1
-0.999902, 0.00268228, 0.0137149, 0.291252, -0.0136444, 0.0247343, -0.999601, 0.851154, -0.00302044, -0.99969, -0.0246953, 1.02097, 0, 0, 0, 1
-0.9999, 0.00271611, 0.0138575, 0.291255, -0.0137854, 0.0249732, -0.999593, 0.851184, -0.00306107, -0.999684, -0.0249333, 1.02097, 0, 0, 0, 1
-0.999898, 0.00275009, 0.0140008, 0.291259, -0.0139271, 0.0252133, -0.999585, 0.851214, -0.00310196, -0.999678, -0.0251724, 1.02096, 0, 0, 0, 1
-0.999896, 0.00278423, 0.0141448, 0.291262, -0.0140694, 0.0254545, -0.999577, 0.851245, -0.0031431, -0.999672, -0.0254127, 1.02095, 0, 0, 0, 1
-0.999894, 0.00281853, 0.0142895, 0.291266, -0.0142124, 0.0256969, -0.999569, 0.851275, -0.00318451, -0.999666, -0.0256542, 1.02094, 0, 0, 0, 1
-0.999892, 0.00285299, 0.0144349, 0.291269, -0.0143561, 0.0259405, -0.99956, 0.851306, -0.00322618, -0.999659, -0.0258968, 1.02094, 0, 0, 0, 1
-0.99989, 0.0028876, 0.014581, 0.291273, -0.0145004, 0.0261853, -0.999552, 0.851337, -0.00326811, -0.999653, -0.0261405, 1.02093, 0, 0, 0, 1
-0.999887, 0.00292237, 0.0147278, 0.291276, -0.0146455, 0.0264312, -0.999543, 0.851367, -0.00331031, -0.999646, -0.0263854, 1.02092, 0, 0, 0, 1
-0.999885, 0.0029573, 0.0148753, 0.29128, -0.0147911, 0.0266783, -0.999535, 0.851399, -0.00335277, -0.99964, -0.0266315, 1.02091, 0, 0, 0, 1
-0.999883, 0.00299239, 0.0150234, 0.291283, -0.0149375, 0.0269266, -0.999526, 0.85143, -0.0033955, -0.999633, -0.0268787, 1.0209, 0, 0, 0, 1
-0.99988, 0.00302763, 0.0151723, 0.291287, -0.0150845, 0.027176, -0.999517, 0.851461, -0.00343849, -0.999626, -0.0271271, 1.0209, 0, 0, 0, 1
-0.999878, 0.00306303, 0.0153219, 0.29129, -0.0152322, 0.0274266, -0.999508, 0.851493, -0.00348175, -0.999619, -0.0273766, 1.02089, 0, 0, 0, 1
-0.999875, 0.00309859, 0.0154722, 0.291294, -0.0153806, 0.0276783, -0.999499, 0.851524, -0.00352528, -0.999612, -0.0276272, 1.02088, 0, 0, 0, 1
-0.999873, 0.0031343, 0.0156231, 0.291297, -0.0155296, 0.0279313, -0.999489, 0.851556, -0.00356907, -0.999605, -0.027879, 1.02087, 0, 0, 0, 1
-0.999871, 0.00317017, 0.0157748, 0.291301, -0.0156793, 0.0281854, -0.99948, 0.851588, -0.00361314, -0.999598, -0.028132, 1.02086, 0, 0, 0, 1
-0.999868, 0.0032062, 0.0159272, 0.291305, -0.0158296, 0.0284406, -0.99947, 0.85162, -0.00365748, -0.99959, -0.0283861, 1.02085, 0, 0, 0, 1
-0.999865, 0.00324238, 0.0160802, 0.291308, -0.0159806, 0.0286971, -0.99946, 0.851653, -0.00370209, -0.999583, -0.0286414, 1.02085, 0, 0, 0, 1
-0.999863, 0.00327873, 0.016234, 0.291312, -0.0161323, 0.0289547, -0.999451, 0.851685, -0.00374697, -0.999575, -0.0288978, 1.02084, 0, 0, 0, 1
-0.99986, 0.00331522, 0.0163884, 0.291316, -0.0162847, 0.0292134, -0.999441, 0.851718, -0.00379213, -0.999568, -0.0291553, 1.02083, 0, 0, 0, 1
-0.999858, 0.00335187, 0.0165436, 0.291319, -0.0164377, 0.0294734, -0.99943, 0.851751, -0.00383756, -0.99956, -0.0294141, 1.02082, 0, 0, 0, 1
-0.999855, 0.00338868, 0.0166994, 0.291323, -0.0165914, 0.0297345, -0.99942, 0.851784, -0.00388327, -0.999552, -0.0296739, 1.02081, 0, 0, 0, 1
-0.999852, 0.00342565, 0.0168559, 0.291327, -0.0167457, 0.0299967, -0.99941, 0.851817, -0.00392925, -0.999544, -0.0299349, 1.02081, 0, 0, 0, 1
-0.999849, 0.00346277, 0.0170132, 0.29133, -0.0169007, 0.0302602, -0.999399, 0.85185, -0.00397551, -0.999536, -0.0301971, 1.0208, 0, 0, 0, 1
-0.999846, 0.00350005, 0.0171711, 0.291334, -0.0170564, 0.0305248, -0.999388, 0.851883, -0.00402205, -0.999528, -0.0304604, 1.02079, 0, 0, 0, 1
-0.999844, 0.00353748, 0.0173297, 0.291338, -0.0172127, 0.0307905, -0.999378, 0.851917, -0.00406887, -0.99952, -0.0307248, 1.02078, 0, 0, 0, 1
-0.999841, 0.00357507, 0.0174891, 0.291342, -0.0173697, 0.0310575, -0.999367, 0.85195, -0.00411597, -0.999511, -0.0309904, 1.02077, 0, 0, 0, 1
-0.999838, 0.00361281, 0.0176491, 0.291346, -0.0175274, 0.0313256, -0.999356, 0.851984, -0.00416335, -0.999503, -0.0312572, 1.02076, 0, 0, 0, 1
-0.999835, 0.00365071, 0.0178098, 0.291349, -0.0176857, 0.0315948, -0.999344, 0.852018, -0.00421101, -0.999494, -0.0315251, 1.02075, 0, 0, 0, 1
-0.999832, 0.00368876, 0.0179712, 0.291353, -0.0178447, 0.0318653, -0.999333, 0.852052, -0.00425896, -0.999485, -0.0317941, 1.02075, 0, 0, 0, 1
-0.999829, 0.00372697, 0.0181333, 0.291357, -0.0180043, 0.0321369, -0.999321, 0.852087, -0.00430719, -0.999477, -0.0320643, 1.02074, 0, 0, 0, 1
-0.999826, 0.00376533, 0.0182961, 0.291361, -0.0181646, 0.0324097, -0.99931, 0.852121, -0.0043557, -0.999468, -0.0323356, 1.02073, 0, 0, 0, 1
-0.999822, 0.00380385, 0.0184596, 0.291365, -0.0183256, 0.0326836, -0.999298, 0.852156, -0.00440451, -0.999459, -0.0326081, 1.02072, 0, 0, 0, 1
-0.999819, 0.00384252, 0.0186238, 0.291369, -0.0184872, 0.0329587, -0.999286, 0.852191, -0.0044536, -0.999449, -0.0328817, 1.02071, 0, 0, 0, 1
-0.999816, 0.00388135, 0.0187887, 0.291372, -0.0186495, 0.033235, -0.999274, 0.852225, -0.00450297, -0.99944, -0.0331565, 1.0207, 0, 0, 0, 1
-0.999813, 0.00392033, 0.0189543, 0.291376, -0.0188125, 0.0335124, -0.999261, 0.852261, -0.00455264, -0.999431, -0.0334324, 1.0207, 0, 0, 0, 1
-0.999809, 0.00395947, 0.0191206, 0.29138, -0.0189761, 0.033791, -0.999249, 0.852296, -0.0046026, -0.999421, -0.0337094, 1.02069, 0, 0, 0, 1
-0.999806, 0.00399876, 0.0192876, 0.291384, -0.0191403, 0.0340708, -0.999236, 0.852331, -0.00465285, -0.999411, -0.0339876, 1.02068, 0, 0, 0, 1
-0.999803, 0.0040382, 0.0194553, 0.291388, -0.0193053, 0.0343517, -0.999223, 0.852367, -0.00470339, -0.999402, -0.034267, 1.02067, 0, 0, 0, 1
-0.999799, 0.0040778, 0.0196237, 0.291392, -0.0194708, 0.0346338, -0.99921, 0.852402, -0.00475422, -0.999392, -0.0345475, 1.02066, 0, 0, 0, 1
-0.999796, 0.00411755, 0.0197927, 0.291396, -0.0196371, 0.0349171, -0.999197, 0.852438, -0.00480535, -0.999382, -0.0348291, 1.02065, 0, 0, 0, 1
-0.999792, 0.00415745, 0.0199625, 0.2914, -0.019804, 0.0352016, -0.999184, 0.852474, -0.00485677, -0.999372, -0.0351119, 1.02064, 0, 0, 0, 1
-0.999788, 0.00419751, 0.020133, 0.291404, -0.0199715, 0.0354872, -0.999171, 0.85251, -0.00490849, -0.999361, -0.0353958, 1.02063, 0, 0, 0, 1
-0.999785, 0.00423773, 0.0203041, 0.291408, -0.0201397, 0.0357739, -0.999157, 0.852547, -0.00496051, -0.999351, -0.0356809, 1.02063, 0, 0, 0, 1
-0.999781, 0.00427809, 0.020476, 0.291412, -0.0203086, 0.0360619, -0.999143, 0.852583, -0.00501283, -0.99934, -0.0359671, 1.02062, 0, 0, 0, 1
-0.999777, 0.00431861, 0.0206485, 0.291416, -0.0204781, 0.036351, -0.999129, 0.85262, -0.00506544, -0.99933, -0.0362545, 1.02061, 0, 0, 0, 1
-0.999774, 0.00435928, 0.0208218, 0.29142, -0.0206483, 0.0366412, -0.999115, 0.852656, -0.00511836, -0.999319, -0.0365429, 1.0206, 0, 0, 0, 1
-0.99977, 0.0044001, 0.0209957, 0.291424, -0.0208191, 0.0369327, -0.999101, 0.852693, -0.00517158, -0.999308, -0.0368326, 1.02059, 0, 0, 0, 1
-0.999766, 0.00444108, 0.0211704, 0.291429, -0.0209906, 0.0372253, -0.999086, 0.85273, -0.0052251, -0.999297, -0.0371234, 1.02058, 0, 0, 0, 1
-0.999762, 0.00448221, 0.0213457, 0.291433, -0.0211628, 0.0375191, -0.999072, 0.852768, -0.00527892, -0.999286, -0.0374153, 1.02057, 0, 0, 0, 1
-0.999758, 0.00452349, 0.0215217, 0.291437, -0.0213356, 0.037814, -0.999057, 0.852805, -0.00533305, -0.999275, -0.0377083, 1.02056, 0, 0, 0, 1
-0.999754, 0.00456493, 0.0216985, 0.291441, -0.021509, 0.0381101, -0.999042, 0.852843, -0.00538749, -0.999263, -0.0380025, 1.02056, 0, 0, 0, 1
-0.99975, 0.00460651, 0.0218759, 0.291445, -0.0216831, 0.0384074, -0.999027, 0.85288, -0.00544223, -0.999252, -0.0382979, 1.02055, 0, 0, 0, 1
-0.999746, 0.00464825, 0.022054, 0.291449, -0.0218579, 0.0387058, -0.999012, 0.852918, -0.00549728, -0.99924, -0.0385944, 1.02054, 0, 0, 0, 1
-0.999742, 0.00469014, 0.0222328, 0.291454, -0.0220333, 0.0390054, -0.998996, 0.852956, -0.00555264, -0.999228, -0.038892, 1.02053, 0, 0, 0, 1
-0.999738, 0.00473219, 0.0224123, 0.291458, -0.0222093, 0.0393062, -0.99898, 0.852994, -0.0056083, -0.999216, -0.0391908, 1.02052, 0, 0, 0, 1
-0.999733, 0.00477438, 0.0225926, 0.291462, -0.022386, 0.0396081, -0.998964, 0.853033, -0.00566428, -0.999204, -0.0394907, 1.02051, 0, 0, 0, 1
-0.999729, 0.00481672, 0.0227735, 0.291466, -0.0225634, 0.0399112, -0.998948, 0.853071, -0.00572058, -0.999192, -0.0397917, 1.0205, 0, 0, 0, 1
-0.999725, 0.00485922, 0.0229551, 0.29147, -0.0227414, 0.0402155, -0.998932, 0.85311, -0.00577718, -0.999179, -0.0400939, 1.02049, 0, 0, 0, 1
-0.99972, 0.00490187, 0.0231373, 0.291475, -0.02292, 0.0405209, -0.998916, 0.853149, -0.0058341, -0.999167, -0.0403972, 1.02048, 0, 0, 0, 1
-0.999716, 0.00494467, 0.0233203, 0.291479, -0.0230993, 0.0408275, -0.998899, 0.853187, -0.00589134, -0.999154, -0.0407017, 1.02047, 0, 0, 0, 1
-0.999711, 0.00498762, 0.023504, 0.291483, -0.0232793, 0.0411353, -0.998882, 0.853227, -0.00594889, -0.999141, -0.0410073, 1.02047, 0, 0, 0, 1
-0.999707, 0.00503072, 0.0236884, 0.291488, -0.0234599, 0.0414442, -0.998865, 0.853266, -0.00600676, -0.999128, -0.041314, 1.02046, 0, 0, 0, 1
-0.999702, 0.00507397, 0.0238735, 0.291492, -0.0236412, 0.0417543, -0.998848, 0.853305, -0.00606495, -0.999115, -0.0416219, 1.02045, 0, 0, 0, 1
-0.999697, 0.00511738, 0.0240592, 0.291496, -0.0238231, 0.0420655, -0.998831, 0.853345, -0.00612346, -0.999102, -0.0419309, 1.02044, 0, 0, 0, 1
-0.999693, 0.00516093, 0.0242457, 0.291501, -0.0240056, 0.042378, -0.998813, 0.853385, -0.00618229, -0.999088, -0.0422411, 1.02043, 0, 0, 0, 1
-0.999688, 0.00520463, 0.0244329, 0.291505, -0.0241888, 0.0426916, -0.998795, 0.853424, -0.00624144, -0.999075, -0.0425523, 1.02042, 0, 0, 0, 1
-0.999683, 0.00524848, 0.0246207, 0.291509, -0.0243726, 0.0430063, -0.998777, 0.853464, -0.00630092, -0.999061, -0.0428648, 1.02041, 0, 0, 0, 1
-0.999678, 0.00529249, 0.0248093, 0.291514, -0.0245571, 0.0433222, -0.998759, 0.853505, -0.00636072, -0.999047, -0.0431783, 1.0204, 0, 0, 0, 1
-0.999673, 0.00533664, 0.0249985, 0.291518, -0.0247423, 0.0436393, -0.998741, 0.853545, -0.00642084, -0.999033, -0.043493, 1.02039, 0, 0, 0, 1
-0.999668, 0.00538094, 0.0251885, 0.291523, -0.024928, 0.0439576, -0.998722, 0.853585, -0.00648129, -0.999019, -0.0438089, 1.02038, 0, 0, 0, 1
-0.999663, 0.0054254, 0.0253791, 0.291527, -0.0251145, 0.044277, -0.998704, 0.853626, -0.00654207, -0.999005, -0.0441258, 1.02038, 0, 0, 0, 1
-0.999658, 0.00547, 0.0255705, 0.291532, -0.0253015, 0.0445976, -0.998685, 0.853667, -0.00660318, -0.99899, -0.0444439, 1.02037, 0, 0, 0, 1
-0.999653, 0.00551475, 0.0257625, 0.291536, -0.0254892, 0.0449193, -0.998665, 0.853708, -0.00666462, -0.998975, -0.0447632, 1.02036, 0, 0, 0, 1
