-0.999999, -0.000797434, -0.000797196, 0.290901, 0.000796858, 0.000424669, -1, 0.848124, 0.000797772, -1, -0.000424033, 1.02183, 0, 0, 0, 1
-0.999999, -0.000797365, -0.000796597, 0.290901, 0.000796258, 0.000424847, -1, 0.848124, 0.000797703, -1, -0.000424212, 1.02183, 0, 0, 0, 1
-0.999999, -0.000797157, -0.000794798, 0.290901, 0.000794459, 0.000425383, -1, 0.848124, 0.000797495, -1, -0.000424749, 1.02183, 0, 0, 0, 1
-0.999999, -0.00079681, -0.000791801, 0.290901, 0.000791461, 0.000426275, -1, 0.848124, 0.000797147, -1, -0.000425644, 1.02183, 0, 0, 0, 1
-0.999999, -0.000796325, -0.000787605, 0.290901, 0.000787264, 0.000427524, -1, 0.848124, 0.000796661, -1, -0.000426897, 1.02183, 0, 0, 0, 1
-0.999999, -0.0007957, -0.00078221, 0.290901, 0.000781868, 0.00042913, -1, 0.848124, 0.000796036, -1, -0.000428508, 1.02183, 0, 0, 0, 1
-0.999999, -0.000794938, -0.000775616, 0.290901, 0.000775273, 0.000431093, -1, 0.848124, 0.000795272, -1, -0.000430477, 1.02183, 0, 0, 0, 1
-0.999999, -0.000794036, -0.000767823, 0.2909, 0.000767479, 0.000433413, -1, 0.848125, 0.000794369, -1, -0.000432804, 1.02183, 0, 0, 0, 1
-0.999999, -0.000792996, -0.000758831, 0.2909, 0.000758485, 0.00043609, -1, 0.848125, 0.000793326, -1, -0.000435488, 1.02183, 0, 0, 0, 1
-0.999999, -0.000791817, -0.00074864, 0.2909, 0.000748292, 0.000439124, -1, 0.848125, 0.000792145, -1, -0.000438531, 1.02183, 0, 0, 0, 1
-0.999999, -0.000790499, -0.00073725, 0.2909, 0.0007369, 0.000442515, -1, 0.848125, 0.000790825, -1, -0.000441932, 1.02183, 0, 0, 0, 1
-0.999999, -0.000789043, -0.000724661, 0.290899, 0.000724309, 0.000446262, -1, 0.848125, 0.000789366, -1, -0.000445691, 1.02183, 0, 0, 0, 1
-0.999999, -0.000787448, -0.000710874, 0.290899, 0.000710519, 0.000450367, -1, 0.848125, 0.000787768, -1, -0.000449807, 1.02183, 0, 0, 0, 1
-0.999999, -0.000785714, -0.000695887, 0.290899, 0.00069553, 0.000454829, -1, 0.848125, 0.000786031, -1, -0.000454282, 1.02183, 0, 0, 0, 1
-0.999999, -0.000783842, -0.000679702, 0.290898, 0.000679342, 0.000459647, -1, 0.848126, 0.000784154, -1, -0.000459114, 1.02183, 0, 0, 0, 1
-0.999999, -0.000781831, -0.000662318, 0.290898, 0.000661954, 0.000464822, -1, 0.848126, 0.000782139, -1, -0.000464305, 1.02183, 0, 0, 0, 1
-0.999999, -0.000779681, -0.000643734, 0.290898, 0.000643368, 0.000470355, -1, 0.848126, 0.000779984, -1, -0.000469853, 1.02183, 0, 0, 0, 1
-1, -0.000777393, -0.000623952, 0.290897, 0.000623582, 0.000476244, -1, 0.848126, 0.00077769, -1, -0.000475759, 1.02183, 0, 0, 0, 1
-1, -0.000774966, -0.000602971, 0.290897, 0.000602597, 0.00048249, -1, 0.848127, 0.000775257, -1, -0.000482023, 1.02183, 0, 0, 0, 1
-1, -0.000772401, -0.000580791, 0.290896, 0.000580414, 0.000489093, -1, 0.848127, 0.000772685, -1, -0.000488645, 1.02183, 0, 0, 0, 1
-1, -0.000769697, -0.000557412, 0.290896, 0.000557031, 0.000496053, -1, 0.848127, 0.000769973, -1, -0.000495625, 1.02183, 0, 0, 0, 1
-1, -0.000766854, -0.000532834, 0.290895, 0.000532449, 0.000503371, -1, 0.848127, 0.000767122, -1, -0.000502962, 1.02183, 0, 0, 0, 1
-1, -0.000763872, -0.000507058, 0.290894, 0.000506667, 0.000511045, -1, 0.848128, 0.000764131, -1, -0.000510657, 1.02183, 0, 0, 0, 1
-1, -0.000760752, -0.000480082, 0.290894, 0.000479687, 0.000519076, -1, 0.848128, 0.000761001, -1, -0.00051871, 1.02183, 0, 0, 0, 1
-1, -0.000757494, -0.000451907, 0.290893, 0.000451508, 0.000527463, -1, 0.848128, 0.000757732, -1, -0.000527121, 1.02183, 0, 0, 0, 1
-1, -0.000754097, -0.000422534, 0.290893, 0.00042213, 0.000536208, -1, 0.848129, 0.000754323, -1, -0.00053589, 1.02183, 0, 0, 0, 1
-1, -0.000750561, -0.000391961, 0.290892, 0.000391552, 0.00054531, -1, 0.848129, 0.000750775, -1, -0.000545016, 1.02183, 0, 0, 0, 1
-1, -0.000746887, -0.00036019, 0.290891, 0.000359776, 0.000554769, -1, 0.84813, 0.000747086, -1, -0.0005545, 1.02183, 0, 0, 0, 1
-1, -0.000743074, -0.00032722, 0.29089, 0.0003268, 0.000564585, -1, 0.84813, 0.000743258, -1, -0.000564342, 1.02183, 0, 0, 0, 1
-1, -0.000739122, -0.000293051, 0.29089, 0.000292626, 0.000574758, -1, 0.84813, 0.000739291, -1, -0.000574541, 1.02183, 0, 0, 0, 1
-1, -0.000735033, -0.000257683, 0.290889, 0.000257252, 0.000585287, -1, 0.848131, 0.000735183, -1, -0.000585098, 1.02183, 0, 0, 0, 1
-1, -0.000730804, -0.000221116, 0.290888, 0.00022068, 0.000596174, -1, 0.848131, 0.000730936, -1, -0.000596013, 1.02182, 0, 0, 0, 1
-1, -0.000726437, -0.00018335, 0.290887, 0.000182908, 0.000607418, -1, 0.848132, 0.000726548, -1, -0.000607285, 1.02182, 0, 0, 0, 1
-1, -0.000721932, -0.000144385, 0.290886, 0.000143938, 0.000619019, -1, 0.848132, 0.000722021, -1, -0.000618915, 1.02182, 0, 0, 0, 1
-1, -0.000717288, -0.000104221, 0.290885, 0.000103768, 0.000630977, -1, 0.848133, 0.000717354, -1, -0.000630902, 1.02182, 0, 0, 0, 1
-1, -0.000712506, -6.28582e-05, 0.290884, 6.23998e-05, 0.000643291, -1, 0.848133, 0.000712546, -1, -0.000643247, 1.02182, 0, 0, 0, 1
-1, -0.000707585, -2.02965e-05, 0.290884, 1.98324e-05, 0.000655963, -1, 0.848134, 0.000707598, -1, -0.000655949, 1.02182, 0, 0, 0, 1
-1, -0.000702526, 2.3464e-05, 0.290883, -2.3934e-05, 0.000668992, -1, 0.848134, 0.00070251, -1, -0.000669009, 1.02182, 0, 0, 0, 1
-1, -0.000697328, 6.84235e-05, 0.290882, -6.88993e-05, 0.000682378, -1, 0.848135, 0.000697281, -1, -0.000682426, 1.02182, 0, 0, 0, 1
-1, -0.000691992, 0.000114582, 0.29088, -0.000115064, 0.000696121, -1, 0.848135, 0.000691912, -1, -0.0006962, 1.02182, 0, 0, 0, 1
-1, -0.000686518, 0.000161939, 0.290879, -0.000162427, 0.000710221, -1, 0.848136, 0.000686403, -1, -0.000710332, 1.02182, 0, 0, 0, 1
-1, -0.000680905, 0.000210495, 0.290878, -0.000210989, 0.000724678, -1, 0.848136, 0.000680752, -1, -0.000724821, 1.02182, 0, 0, 0, 1
-1, -0.000675154, 0.000260251, 0.290877, -0.00026075, 0.000739492, -1, 0.848137, 0.000674961, -0.999999, -0.000739668, 1.02182, 0, 0, 0, 1
-1, -0.000669265, 0.000311205, 0.290876, -0.00031171, 0.000754663, -1, 0.848138, 0.00066903, -0.999999, -0.000754871, 1.02182, 0, 0, 0, 1
-1, -0.000663237, 0.000363358, 0.290875, -0.000363868, 0.000770191, -1, 0.848138, 0.000662957, -0.999999, -0.000770432, 1.02181, 0, 0, 0, 1
-1, -0.000657071, 0.000416709, 0.290874, -0.000417226, 0.000786076, -1, 0.848139, 0.000656743, -0.999999, -0.00078635, 1.02181, 0, 0, 0, 1
-1, -0.000650767, 0.00047126, 0.290872, -0.000471782, 0.000802319, -1, 0.84814, 0.000650388, -0.999999, -0.000802626, 1.02181, 0, 0, 0, 1
-1, -0.000644324, 0.00052701, 0.290871, -0.000527538, 0.000818918, -1, 0.84814, 0.000643892, -0.999999, -0.000819258, 1.02181, 0, 0, 0, 1
-1, -0.000637743, 0.000583959, 0.29087, -0.000584492, 0.000835875, -0.999999, 0.848141, 0.000637255, -0.999999, -0.000836247, 1.02181, 0, 0, 0, 1
-1, -0.000631024, 0.000642106, 0.290869, -0.000642645, 0.000853188, -0.999999, 0.848142, 0.000630476, -0.999999, -0.000853594, 1.02181, 0, 0, 0, 1
-1, -0.000624167, 0.000701453, 0.290867, -0.000701996, 0.000870859, -0.999999, 0.848142, 0.000623556, -0.999999, -0.000871297, 1.02181, 0, 0, 0, 1
-1, -0.000617172, 0.000761998, 0.290866, -0.000762547, 0.000888887, -0.999999, 0.848143, 0.000616494, -0.999999, -0.000889357, 1.02181, 0, 0, 0, 1
-0.999999, -0.000610039, 0.000823742, 0.290865, -0.000824296, 0.000907272, -0.999999, 0.848144, 0.000609291, -0.999999, -0.000907775, 1.02181, 0, 0, 0, 1
-0.999999, -0.000602767, 0.000886686, 0.290863, -0.000887244, 0.000926014, -0.999999, 0.848145, 0.000601945, -0.999999, -0.000926549, 1.0218, 0, 0, 0, 1
-0.999999, -0.000595357, 0.000950828, 0.290862, -0.00095139, 0.000945114, -0.999999, 0.848145, 0.000594458, -0.999999, -0.000945679, 1.0218, 0, 0, 0, 1
-0.999999, -0.000587809, 0.00101617, 0.29086, -0.00101674, 0.00096457, -0.999999, 0.848146, 0.000586829, -0.999999, -0.000965167, 1.0218, 0, 0, 0, 1
-0.999999, -0.000580124, 0.00108271, 0.290859, -0.00108328, 0.000984384, -0.999999, 0.848147, 0.000579057, -0.999999, -0.000985011, 1.0218, 0, 0, 0, 1
-0.999999, -0.0005723, 0.00115045, 0.290857, -0.00115102, 0.00100455, -0.999999, 0.848148, 0.000571143, -0.999999, -0.00100521, 1.0218, 0, 0, 0, 1
-0.999999, -0.000564338, 0.00121939, 0.290856, -0.00121996, 0.00102508, -0.999999, 0.848149, 0.000563087, -0.999999, -0.00102577, 1.0218, 0, 0, 0, 1
-0.999999, -0.000556238, 0.00128952, 0.290854, -0.0012901, 0.00104597, -0.999999, 0.84815, 0.000554888, -0.999999, -0.00104668, 1.0218, 0, 0, 0, 1
-0.999999, -0.000548, 0.00136086, 0.290852, -0.00136144, 0.00106721, -0.999999, 0.84815, 0.000546547, -0.999999, -0.00106796, 1.0218, 0, 0, 0, 1
-0.999999, -0.000539624, 0.00143339, 0.290851, -0.00143398, 0.00108881, -0.999998, 0.848151, 0.000538063, -0.999999, -0.00108958, 1.0218, 0, 0, 0, 1
-0.999999, -0.000531111, 0.00150713, 0.290849, -0.00150772, 0.00111077, -0.999998, 0.848152, 0.000529436, -0.999999, -0.00111157, 1.02179, 0, 0, 0, 1
-0.999999, -0.000522459, 0.00158206, 0.290847, -0.00158265, 0.00113308, -0.999998, 0.848153, 0.000520666, -0.999999, -0.00113391, 1.02179, 0, 0, 0, 1
-0.999998, -0.00051367, 0.00165819, 0.290846, -0.00165878, 0.00115575, -0.999998, 0.848154, 0.000511752, -0.999999, -0.0011566, 1.02179, 0, 0, 0, 1
-0.999998, -0.000504743, 0.00173552, 0.290844, -0.00173611, 0.00117878, -0.999998, 0.848155, 0.000502696, -0.999999, -0.00117966, 1.02179, 0, 0, 0, 1
-0.999998, -0.000495678, 0.00181405, 0.290842, -0.00181464, 0.00120217, -0.999998, 0.848156, 0.000493496, -0.999999, -0.00120306, 1.02179, 0, 0, 0, 1
-0.999998, -0.000486475, 0.00189378, 0.29084, -0.00189437, 0.00122591, -0.999997, 0.848157, 0.000484152, -0.999999, -0.00122683, 1.02179, 0, 0, 0, 1
-0.999998, -0.000477134, 0.0019747, 0.290839, -0.0019753, 0.00125001, -0.999997, 0.848158, 0.000474664, -0.999999, -0.00125095, 1.02179, 0, 0, 0, 1
-0.999998, -0.000467656, 0.00205683, 0.290837, -0.00205742, 0.00127447, -0.999997, 0.848159, 0.000465033, -0.999999, -0.00127543, 1.02178, 0, 0, 0, 1
-0.999998, -0.00045804, 0.00214015, 0.290835, -0.00214075, 0.00129928, -0.999997, 0.84816, 0.000455258, -0.999999, -0.00130026, 1.02178, 0, 0, 0, 1
-0.999997, -0.000448286, 0.00222468, 0.290833, -0.00222527, 0.00132446, -0.999997, 0.848161, 0.000445338, -0.999999, -0.00132545, 1.02178, 0, 0, 0, 1
-0.999997, -0.000438395, 0.0023104, 0.290831, -0.00231099, 0.00134998, -0.999996, 0.848162, 0.000435274, -0.999999, -0.00135099, 1.02178, 0, 0, 0, 1
-0.999997, -0.000428366, 0.00239732, 0.290829, -0.00239791, 0.00137587, -0.999996, 0.848163, 0.000425066, -0.999999, -0.0013769, 1.02178, 0, 0, 0, 1
-0.999997, -0.0004182, 0.00248544, 0.290827, -0.00248603, 0.00140212, -0.999996, 0.848164, 0.000414713, -0.999999, -0.00140315, 1.02178, 0, 0, 0, 1
-0.999997, -0.000407896, 0.00257476, 0.290825, -0.00257534, 0.00142872, -0.999996, 0.848165, 0.000404215, -0.999999, -0.00142976, 1.02178, 0, 0, 0, 1
-0.999996, -0.000397454, 0.00266528, 0.290823, -0.00266586, 0.00145568, -0.999995, 0.848166, 0.000393573, -0.999999, -0.00145673, 1.02177, 0, 0, 0, 1
-0.999996, -0.000386875, 0.002757, 0.290821, -0.00275757, 0.00148299, -0.999995, 0.848167, 0.000382785, -0.999999, -0.00148405, 1.02177, 0, 0, 0, 1
-0.999996, -0.000376159, 0.00284991, 0.290819, -0.00285048, 0.00151067, -0.999995, 0.848169, 0.000371852, -0.999999, -0.00151173, 1.02177, 0, 0, 0, 1
-0.999996, -0.000365305, 0.00294403, 0.290817, -0.00294459, 0.0015387, -0.999994, 0.84817, 0.000360773, -0.999999, -0.00153977, 1.02177, 0, 0, 0, 1
-0.999995, -0.000354314, 0.00303934, 0.290815, -0.00303989, 0.00156709, -0.999994, 0.848171, 0.000349549, -0.999999, -0.00156816, 1.02177, 0, 0, 0, 1
-0.999995, -0.000343186, 0.00313585, 0.290812, -0.0031364, 0.00159583, -0.999994, 0.848172, 0.000338179, -0.999999, -0.0015969, 1.02177, 0, 0, 0, 1
-0.999995, -0.00033192, 0.00323356, 0.29081, -0.0032341, 0.00162494, -0.999993, 0.848173, 0.000326663, -0.999999, -0.001626, 1.02176, 0, 0, 0, 1
-0.999994, -0.000320517, 0.00333247, 0.290808, -0.003333, 0.0016544, -0.999993, 0.848174, 0.000315001, -0.999999, -0.00165546, 1.02176, 0, 0, 0, 1
-0.999994, -0.000308977, 0.00343258, 0.290806, -0.0034331, 0.00168422, -0.999993, 0.848176, 0.000303193, -0.999999, -0.00168527, 1.02176, 0, 0, 0, 1
-0.999994, -0.000297299, 0.00353389, 0.290803, -0.0035344, 0.00171439, -0.999992, 0.848177, 0.000291238, -0.999998, -0.00171543, 1.02176, 0, 0, 0, 1
-0.999993, -0.000285484, 0.0036364, 0.290801, -0.00363689, 0.00174493, -0.999992, 0.848178, 0.000279137, -0.999998, -0.00174595, 1.02176, 0, 0, 0, 1
-0.999993, -0.000273533, 0.0037401, 0.290799, -0.00374058, 0.00177582, -0.999991, 0.848179, 0.000266889, -0.999998, -0.00177683, 1.02175, 0, 0, 0, 1
-0.999993, -0.000261444, 0.00384501, 0.290796, -0.00384548, 0.00180707, -0.999991, 0.848181, 0.000254493, -0.999998, -0.00180806, 1.02175, 0, 0, 0, 1
-0.999992, -0.000249218, 0.00395111, 0.290794, -0.00395156, 0.00183867, -0.999991, 0.848182, 0.000241951, -0.999998, -0.00183964, 1.02175, 0, 0, 0, 1
-0.999992, -0.000236855, 0.00405842, 0.290792, -0.00405885, 0.00187064, -0.99999, 0.848183, 0.000229261, -0.999998, -0.00187158, 1.02175, 0, 0, 0, 1
-0.999991, -0.000224355, 0.00416692, 0.290789, -0.00416734, 0.00190296, -0.99999, 0.848185, 0.000216423, -0.999998, -0.00190388, 1.02175, 0, 0, 0, 1
-0.999991, -0.000211718, 0.00427662, 0.290787, -0.00427702, 0.00193564, -0.999989, 0.848186, 0.000203438, -0.999998, -0.00193653, 1.02175, 0, 0, 0, 1
-0.99999, -0.000198944, 0.00438752, 0.290784, -0.0043879, 0.00196867, -0.999988, 0.848187, 0.000190305, -0.999998, -0.00196953, 1.02174, 0, 0, 0, 1
-0.99999, -0.000186034, 0.00449961, 0.290782, -0.00449998, 0.00200207, -0.999988, 0.848189, 0.000177023, -0.999998, -0.00200289, 1.02174, 0, 0, 0, 1
-0.999989, -0.000172986, 0.00461291, 0.290779, -0.00461325, 0.00203582, -0.999987, 0.84819, 0.000163593, -0.999998, -0.0020366, 1.02174, 0, 0, 0, 1
-0.999989, -0.000159802, 0.00472741, 0.290776, -0.00472773, 0.00206993, -0.999987, 0.848191, 0.000150015, -0.999998, -0.00207066, 1.02174, 0, 0, 0, 1
-0.999988, -0.000146481, 0.0048431, 0.290774, -0.0048434, 0.0021044, -0.999986, 0.848193, 0.000136287, -0.999998, -0.00210508, 1.02174, 0, 0, 0, 1
-0.999988, -0.000133024, 0.00495999, 0.290771, -0.00496027, 0.00213922, -0.999985, 0.848194, 0.000122411, -0.999998, -0.00213986, 1.02173, 0, 0, 0, 1
-0.999987, -0.000119429, 0.00507809, 0.290769, -0.00507833, 0.00217441, -0.999985, 0.848196, 0.000108386, -0.999998, -0.00217498, 1.02173, 0, 0, 0, 1
-0.999986, -0.000105698, 0.00519738, 0.290766, -0.0051976, 0.00220995, -0.999984, 0.848197, 9.42108e-05, -0.999998, -0.00221047, 1.02173, 0, 0, 0, 1
-0.999986, -9.18309e-05, 0.00531787, 0.290763, -0.00531806, 0.00224584, -0.999983, 0.848199, 7.98863e-05, -0.999997, -0.0022463, 1.02173, 0, 0, 0, 1
-0.999985, -7.78269e-05, 0.00543955, 0.29076, -0.00543972, 0.0022821, -0.999983, 0.8482, 6.5412e-05, -0.999997, -0.00228249, 1.02173, 0, 0, 0, 1
-0.999985, -6.36865e-05, 0.00556244, 0.290758, -0.00556257, 0.00231871, -0.999982, 0.848202, 5.07876e-05, -0.999997, -0.00231903, 1.02172, 0, 0, 0, 1
-0.999984, -4.94095e-05, 0.00568653, 0.290755, -0.00568663, 0.00235568, -0.999981, 0.848203, 3.60129e-05, -0.999997, -0.00235593, 1.02172, 0, 0, 0, 1
-0.999983, -3.49962e-05, 0.00581181, 0.290752, -0.00581188, 0.00239301, -0.99998, 0.848205, 2.10878e-05, -0.999997, -0.00239318, 1.02172, 0, 0, 0, 1
-0.999982, -2.04465e-05, 0.0059383, 0.290749, -0.00593833, 0.0024307, -0.999979, 0.848206, 6.01188e-06, -0.999997, -0.00243078, 1.02172, 0, 0, 0, 1
-0.999982, -5.76054e-06, 0.00606598, 0.290746, -0.00606597, 0.00246875, -0.999979, 0.848208, -9.21495e-06, -0.999997, -0.00246874, 1.02171, 0, 0, 0, 1
-0.999981, 9.06171e-06, 0.00619486, 0.290743, -0.00619482, 0.00250715, -0.999978, 0.848209, -2.45929e-05, -0.999997, -0.00250704, 1.02171, 0, 0, 0, 1
-0.99998, 2.40202e-05, 0.00632494, 0.29074, -0.00632486, 0.00254591, -0.999977, 0.848211, -4.01223e-05, -0.999997, -0.00254571, 1.02171, 0, 0, 0, 1
-0.999979, 3.91148e-05, 0.00645622, 0.290737, -0.0064561, 0.00258503, -0.999976, 0.848213, -5.58034e-05, -0.999997, -0.00258472, 1.02171, 0, 0, 0, 1
-0.999978, 5.43456e-05, 0.0065887, 0.290734, -0.00658853, 0.0026245, -0.999975, 0.848214, -7.16363e-05, -0.999997, -0.00262409, 1.02171, 0, 0, 0, 1
-0.999977, 6.97124e-05, 0.00672237, 0.290731, -0.00672216, 0.00266434, -0.999974, 0.848216, -8.76213e-05, -0.999996, -0.00266381, 1.0217, 0, 0, 0, 1
-0.999976, 8.52153e-05, 0.00685725, 0.290728, -0.00685699, 0.00270453, -0.999973, 0.848217, -0.000103759, -0.999996, -0.00270388, 1.0217, 0, 0, 0, 1
-0.999976, 0.000100854, 0.00699332, 0.290725, -0.00699302, 0.00274508, -0.999972, 0.848219, -0.000120048, -0.999996, -0.00274431, 1.0217, 0, 0, 0, 1
-0.999975, 0.000116629, 0.00713059, 0.290722, -0.00713024, 0.00278599, -0.999971, 0.848221, -0.000136491, -0.999996, -0.00278509, 1.0217, 0, 0, 0, 1
-0.999974, 0.00013254, 0.00726907, 0.290719, -0.00726866, 0.00282726, -0.99997, 0.848222, -0.000153087, -0.999996, -0.00282622, 1.02169, 0, 0, 0, 1
-0.999973, 0.000148586, 0.00740874, 0.290716, -0.00740828, 0.00286888, -0.999968, 0.848224, -0.000169836, -0.999996, -0.0028677, 1.02169, 0, 0, 0, 1
-0.999971, 0.000164768, 0.00754961, 0.290713, -0.00754909, 0.00291086, -0.999967, 0.848226, -0.000186739, -0.999996, -0.00290954, 1.02169, 0, 0, 0, 1
-0.99997, 0.000181086, 0.00769167, 0.29071, -0.0076911, 0.0029532, -0.999966, 0.848228, -0.000203795, -0.999996, -0.00295172, 1.02169, 0, 0, 0, 1
-0.999969, 0.00019754, 0.00783494, 0.290706, -0.00783431, 0.0029959, -0.999965, 0.848229, -0.000221006, -0.999995, -0.00299426, 1.02168, 0, 0, 0, 1
-0.999968, 0.000214129, 0.0079794, 0.290703, -0.00797872, 0.00303896, -0.999964, 0.848231, -0.000238371, -0.999995, -0.00303715, 1.02168, 0, 0, 0, 1
-0.999967, 0.000230854, 0.00812507, 0.2907, -0.00812432, 0.00308237, -0.999962, 0.848233, -0.00025589, -0.999995, -0.0030804, 1.02168, 0, 0, 0, 1
-0.999966, 0.000247715, 0.00827193, 0.290696, -0.00827112, 0.00312615, -0.999961, 0.848235, -0.000273564, -0.999995, -0.00312399, 1.02168, 0, 0, 0, 1
-0.999965, 0.000264711, 0.00841999, 0.290693, -0.00841911, 0.00317028, -0.99996, 0.848237, -0.000291394, -0.999995, -0.00316794, 1.02167, 0, 0, 0, 1
-0.999963, 0.000281842, 0.00856925, 0.29069, -0.0085683, 0.00321477, -0.999958, 0.848238, -0.000309378, -0.999995, -0.00321223, 1.02167, 0, 0, 0, 1
-0.999962, 0.000299109, 0.00871971, 0.290686, -0.00871869, 0.00325961, -0.999957, 0.84824, -0.000327519, -0.999995, -0.00325688, 1.02167, 0, 0, 0, 1
-0.999961, 0.000316511, 0.00887137, 0.290683, -0.00887027, 0.00330482, -0.999955, 0.848242, -0.000345815, -0.999994, -0.00330188, 1.02167, 0, 0, 0, 1
-0.999959, 0.000334048, 0.00902422, 0.290679, -0.00902305, 0.00335038, -0.999954, 0.848244, -0.000364267, -0.999994, -0.00334723, 1.02166, 0, 0, 0, 1
-0.999958, 0.00035172, 0.00917828, 0.290676, -0.00917703, 0.0033963, -0.999952, 0.848246, -0.000382876, -0.999994, -0.00339293, 1.02166, 0, 0, 0, 1
-0.999956, 0.000369528, 0.00933353, 0.290672, -0.0093322, 0.00344258, -0.999951, 0.848248, -0.000401641, -0.999994, -0.00343899, 1.02166, 0, 0, 0, 1
-0.999955, 0.000387471, 0.00948998, 0.290669, -0.00948857, 0.00348922, -0.999949, 0.84825, -0.000420564, -0.999994, -0.00348539, 1.02165, 0, 0, 0, 1
-0.999953, 0.000405549, 0.00964763, 0.290665, -0.00964614, 0.00353622, -0.999947, 0.848252, -0.000439643, -0.999994, -0.00353214, 1.02165, 0, 0, 0, 1
-0.999952, 0.000423761, 0.00980648, 0.290662, -0.0098049, 0.00358358, -0.999946, 0.848254, -0.000458881, -0.999993, -0.00357925, 1.02165, 0, 0, 0, 1
-0.99995, 0.000442109, 0.00996653, 0.290658, -0.00996486, 0.00363129, -0.999944, 0.848255, -0.000478276, -0.999993, -0.0036267, 1.02165, 0, 0, 0, 1
-0.999949, 0.000460592, 0.0101278, 0.290655, -0.010126, 0.00367936, -0.999942, 0.848257, -0.000497829, -0.999993, -0.00367451, 1.02164, 0, 0, 0, 1
-0.999947, 0.000479209, 0.0102902, 0.290651, -0.0102884, 0.00372779, -0.99994, 0.848259, -0.00051754, -0.999993, -0.00372266, 1.02164, 0, 0, 0, 1
-0.999945, 0.000497961, 0.0104539, 0.290647, -0.0104519, 0.00377658, -0.999938, 0.848261, -0.00053741, -0.999993, -0.00377117, 1.02164, 0, 0, 0, 1
-0.999943, 0.000516848, 0.0106187, 0.290643, -0.0106167, 0.00382573, -0.999936, 0.848263, -0.000557439, -0.999993, -0.00382002, 1.02164, 0, 0, 0, 1
-0.999942, 0.00053587, 0.0107847, 0.29064, -0.0107826, 0.00387523, -0.999934, 0.848265, -0.000577628, -0.999992, -0.00386923, 1.02163, 0, 0, 0, 1
-0.99994, 0.000555026, 0.010952, 0.290636, -0.0109497, 0.0039251, -0.999932, 0.848268, -0.000597976, -0.999992, -0.00391878, 1.02163, 0, 0, 0, 1
-0.999938, 0.000574316, 0.0111204, 0.290632, -0.0111181, 0.00397532, -0.99993, 0.84827, -0.000618483, -0.999992, -0.00396869, 1.02163, 0, 0, 0, 1
-0.999936, 0.000593741, 0.0112901, 0.290628, -0.0112876, 0.0040259, -0.999928, 0.848272, -0.000639151, -0.999992, -0.00401894, 1.02162, 0, 0, 0, 1
-0.999934, 0.000613301, 0.0114609, 0.290624, -0.0114583, 0.00407684, -0.999926, 0.848274, -0.00065998, -0.999992, -0.00406955, 1.02162, 0, 0, 0, 1
-0.999932, 0.000632995, 0.0116329, 0.290621, -0.0116302, 0.00412814, -0.999924, 0.848276, -0.000680969, -0.999991, -0.0041205, 1.02162, 0, 0, 0, 1
-0.99993, 0.000652823, 0.0118062, 0.290617, -0.0118033, 0.0041798, -0.999922, 0.848278, -0.000702119, -0.999991, -0.0041718, 1.02161, 0, 0, 0, 1
-0.999928, 0.000672785, 0.0119806, 0.290613, -0.0119776, 0.00423181, -0.999919, 0.84828, -0.00072343, -0.999991, -0.00422345, 1.02161, 0, 0, 0, 1
-0.999926, 0.000692881, 0.0121562, 0.290609, -0.0121531, 0.00428419, -0.999917, 0.848282, -0.000744903, -0.999991, -0.00427545, 1.02161, 0, 0, 0, 1
-0.999924, 0.000713112, 0.012333, 0.290605, -0.0123298, 0.00433692, -0.999915, 0.848284, -0.000766538, -0.99999, -0.0043278, 1.02161, 0, 0, 0, 1
-0.999921, 0.000733477, 0.0125111, 0.290601, -0.0125077, 0.00439001, -0.999912, 0.848287, -0.000788336, -0.99999, -0.00438049, 1.0216, 0, 0, 0, 1
-0.999919, 0.000753975, 0.0126903, 0.290597, -0.0126868, 0.00444346, -0.99991, 0.848289, -0.000810296, -0.99999, -0.00443354, 1.0216, 0, 0, 0, 1
-0.999917, 0.000774608, 0.0128707, 0.290593, -0.0128671, 0.00449727, -0.999907, 0.848291, -0.000832419, -0.99999, -0.00448693, 1.0216, 0, 0, 0, 1
-0.999914, 0.000795374, 0.0130523, 0.290588, -0.0130486, 0.00455144, -0.999905, 0.848293, -0.000854705, -0.999989, -0.00454067, 1.02159, 0, 0, 0, 1
-0.999912, 0.000816274, 0.0132351, 0.290584, -0.0132313, 0.00460597, -0.999902, 0.848296, -0.000877154, -0.999989, -0.00459476, 1.02159, 0, 0, 0, 1
-0.99991, 0.000837308, 0.0134192, 0.29058, -0.0134151, 0.00466085, -0.999899, 0.848298, -0.000899768, -0.999989, -0.0046492, 1.02159, 0, 0, 0, 1
-0.999907, 0.000858475, 0.0136044, 0.290576, -0.0136002, 0.0047161, -0.999896, 0.8483, -0.000922546, -0.999989, -0.00470398, 1.02158, 0, 0, 0, 1
-0.999905, 0.000879776, 0.0137908, 0.290572, -0.0137864, 0.0047717, -0.999894, 0.848302, -0.000945488, -0.999988, -0.00475912, 1.02158, 0, 0, 0, 1
-0.999902, 0.000901211, 0.0139784, 0.290567, -0.0139739, 0.00482766, -0.999891, 0.848305, -0.000968595, -0.999988, -0.00481459, 1.02158, 0, 0, 0, 1
-0.999899, 0.000922779, 0.0141672, 0.290563, -0.0141625, 0.00488398, -0.999888, 0.848307, -0.000991867, -0.999988, -0.00487042, 1.02157, 0, 0, 0, 1
-0.999896, 0.00094448, 0.0143572, 0.290559, -0.0143524, 0.00494066, -0.999885, 0.848309, -0.00101531, -0.999987, -0.0049266, 1.02157, 0, 0, 0, 1
-0.999894, 0.000966315, 0.0145484, 0.290555, -0.0145434, 0.0049977, -0.999882, 0.848312, -0.00103891, -0.999987, -0.00498312, 1.02157, 0, 0, 0, 1
-0.999891, 0.000988282, 0.0147408, 0.29055, -0.0147357, 0.0050551, -0.999879, 0.848314, -0.00106268, -0.999987, -0.00503999, 1.02156, 0, 0, 0, 1
-0.999888, 0.00101038, 0.0149344, 0.290546, -0.0149291, 0.00511286, -0.999875, 0.848316, -0.00108662, -0.999986, -0.0050972, 1.02156, 0, 0, 0, 1
-0.999885, 0.00103262, 0.0151292, 0.290541, -0.0151237, 0.00517097, -0.999872, 0.848319, -0.00111072, -0.999986, -0.00515476, 1.02156, 0, 0, 0, 1
-0.999882, 0.00105498, 0.0153252, 0.290537, -0.0153195, 0.00522945, -0.999869, 0.848321, -0.00113499, -0.999986, -0.00521267, 1.02155, 0, 0, 0, 1
-0.999879, 0.00107749, 0.0155224, 0.290533, -0.0155165, 0.00528828, -0.999866, 0.848324, -0.00115943, -0.999985, -0.00527092, 1.02155, 0, 0, 0, 1
-0.999876, 0.00110012, 0.0157208, 0.290528, -0.0157147, 0.00534748, -0.999862, 0.848326, -0.00118403, -0.999985, -0.00532952, 1.02155, 0, 0, 0, 1
-0.999873, 0.00112288, 0.0159204, 0.290524, -0.0159141, 0.00540703, -0.999859, 0.848329, -0.00120881, -0.999985, -0.00538847, 1.02154, 0, 0, 0, 1
-0.999869, 0.00114578, 0.0161212, 0.290519, -0.0161147, 0.00546694, -0.999855, 0.848331, -0.00123375, -0.999984, -0.00544776, 1.02154, 0, 0, 0, 1
-0.999866, 0.00116881, 0.0163232, 0.290514, -0.0163165, 0.00552721, -0.999852, 0.848333, -0.00125886, -0.999984, -0.0055074, 1.02154, 0, 0, 0, 1
-0.999863, 0.00119198, 0.0165264, 0.29051, -0.0165195, 0.00558784, -0.999848, 0.848336, -0.00128414, -0.999984, -0.00556738, 1.02153, 0, 0, 0, 1
-0.999859, 0.00121527, 0.0167308, 0.290505, -0.0167237, 0.00564883, -0.999844, 0.848338, -0.00130959, -0.999983, -0.00562771, 1.02153, 0, 0, 0, 1
-0.999856, 0.0012387, 0.0169364, 0.2905, -0.016929, 0.00571018, -0.99984, 0.848341, -0.00133522, -0.999983, -0.00568839, 1.02153, 0, 0, 0, 1
-0.999852, 0.00126226, 0.0171431, 0.290496, -0.0171356, 0.00577189, -0.999837, 0.848344, -0.00136101, -0.999983, -0.0057494, 1.02152, 0, 0, 0, 1
-0.999849, 0.00128596, 0.0173511, 0.290491, -0.0173433, 0.00583395, -0.999833, 0.848346, -0.00138697, -0.999982, -0.00581077, 1.02152, 0, 0, 0, 1
-0.999845, 0.00130978, 0.0175603, 0.290486, -0.0175523, 0.00589638, -0.999829, 0.848349, -0.0014131, -0.999982, -0.00587248, 1.02152, 0, 0, 0, 1
-0.999841, 0.00133374, 0.0177707, 0.290482, -0.0177624, 0.00595917, -0.999824, 0.848351, -0.00143941, -0.999981, -0.00593453, 1.02151, 0, 0, 0, 1
-0.999837, 0.00135783, 0.0179822, 0.290477, -0.0179738, 0.00602231, -0.99982, 0.848354, -0.00146588, -0.999981, -0.00599693, 1.02151, 0, 0, 0, 1
-0.999834, 0.00138205, 0.018195, 0.290472, -0.0181863, 0.00608582, -0.999816, 0.848357, -0.00149253, -0.999981, -0.00605967, 1.0215, 0, 0, 0, 1
-0.99983, 0.00140641, 0.018409, 0.290467, -0.0184, 0.00614968, -0.999812, 0.848359, -0.00151935, -0.99998, -0.00612276, 1.0215, 0, 0, 0, 1
-0.999826, 0.00143089, 0.0186242, 0.290462, -0.0186149, 0.00621391, -0.999807, 0.848362, -0.00154635, -0.99998, -0.00618619, 1.0215, 0, 0, 0, 1
-0.999821, 0.00145551, 0.0188405, 0.290457, -0.018831, 0.00627849, -0.999803, 0.848364, -0.00157352, -0.999979, -0.00624996, 1.02149, 0, 0, 0, 1
-0.999817, 0.00148026, 0.0190581, 0.290452, -0.0190483, 0.00634343, -0.999798, 0.848367, -0.00160086, -0.999979, -0.00631408, 1.02149, 0, 0, 0, 1
-0.999813, 0.00150514, 0.0192768, 0.290447, -0.0192668, 0.00640873, -0.999794, 0.84837, -0.00162837, -0.999978, -0.00637854, 1.02149, 0, 0, 0, 1
-0.999809, 0.00153016, 0.0194968, 0.290442, -0.0194865, 0.0064744, -0.999789, 0.848373, -0.00165606, -0.999978, -0.00644334, 1.02148, 0, 0, 0, 1
-0.999804, 0.0015553, 0.019718, 0.290437, -0.0197074, 0.00654042, -0.999784, 0.848375, -0.00168393, -0.999977, -0.00650849, 1.02148, 0, 0, 0, 1
-0.9998, 0.00158057, 0.0199403, 0.290432, -0.0199295, 0.0066068, -0.99978, 0.848378, -0.00171197, -0.999977, -0.00657398, 1.02147, 0, 0, 0, 1
-0.999795, 0.00160598, 0.0201639, 0.290427, -0.0201527, 0.00667354, -0.999775, 0.848381, -0.00174018, -0.999976, -0.00663981, 1.02147, 0, 0, 0, 1
-0.999791, 0.00163152, 0.0203886, 0.290422, -0.0203772, 0.00674064, -0.99977, 0.848384, -0.00176858, -0.999976, -0.00670599, 1.02147, 0, 0, 0, 1
-0.999786, 0.00165719, 0.0206146, 0.290417, -0.0206028, 0.0068081, -0.999765, 0.848386, -0.00179714, -0.999975, -0.0067725, 1.02146, 0, 0, 0, 1
-0.999781, 0.00168299, 0.0208417, 0.290412, -0.0208297, 0.00687592, -0.999759, 0.848389, -0.00182589, -0.999975, -0.00683936, 1.02146, 0, 0, 0, 1
-0.999777, 0.00170892, 0.02107, 0.290407, -0.0210577, 0.0069441, -0.999754, 0.848392, -0.00185481, -0.999974, -0.00690657, 1.02145, 0, 0, 0, 1
-0.999772, 0.00173498, 0.0212996, 0.290402, -0.0212869, 0.00701264, -0.999749, 0.848395, -0.00188391, -0.999974, -0.00697411, 1.02145, 0, 0, 0, 1
-0.999767, 0.00176118, 0.0215303, 0.290396, -0.0215173, 0.00708154, -0.999743, 0.848398, -0.00191319, -0.999973, -0.007042, 1.02145, 0, 0, 0, 1
-0.999762, 0.0017875, 0.0217622, 0.290391, -0.0217489, 0.0071508, -0.999738, 0.8484, -0.00194265, -0.999973, -0.00711022, 1.02144, 0, 0, 0, 1
-0.999756, 0.00181395, 0.0219954, 0.290386, -0.0219817, 0.00722042, -0.999732, 0.848403, -0.00197228, -0.999972, -0.00717879, 1.02144, 0, 0, 0, 1
-0.999751, 0.00184054, 0.0222297, 0.29038, -0.0222157, 0.0072904, -0.999727, 0.848406, -0.0020021, -0.999972, -0.0072477, 1.02143, 0, 0, 0, 1
-0.999746, 0.00186725, 0.0224652, 0.290375, -0.0224509, 0.00736074, -0.999721, 0.848409, -0.00203209, -0.999971, -0.00731695, 1.02143, 0, 0, 0, 1
-0.99974, 0.0018941, 0.0227019, 0.29037, -0.0226873, 0.00743144, -0.999715, 0.848412, -0.00206227, -0.999971, -0.00738654, 1.02143, 0, 0, 0, 1
-0.999735, 0.00192108, 0.0229399, 0.290364, -0.0229249, 0.0075025, -0.999709, 0.848415, -0.00209262, -0.99997, -0.00745647, 1.02142, 0, 0, 0, 1
-0.999729, 0.00194818, 0.023179, 0.290359, -0.0231636, 0.00757392, -0.999703, 0.848418, -0.00212316, -0.999969, -0.00752675, 1.02142, 0, 0, 0, 1
-0.999724, 0.00197542, 0.0234193, 0.290353, -0.0234036, 0.0076457, -0.999697, 0.848421, -0.00215388, -0.999969, -0.00759736, 1.02141, 0, 0, 0, 1
-0.999718, 0.00200279, 0.0236608, 0.290348, -0.0236447, 0.00771784, -0.999691, 0.848424, -0.00218478, -0.999968, -0.00766831, 1.02141, 0, 0, 0, 1
-0.999712, 0.00203028, 0.0239035, 0.290342, -0.023887, 0.00779034, -0.999684, 0.848427, -0.00221586, -0.999968, -0.0077396, 1.02141, 0, 0, 0, 1
-0.999706, 0.00205791, 0.0241474, 0.290337, -0.0241305, 0.00786321, -0.999678, 0.84843, -0.00224712, -0.999967, -0.00781124, 1.0214, 0, 0, 0, 1
-0.9997, 0.00208567, 0.0243925, 0.290331, -0.0243753, 0.00793643, -0.999671, 0.848433, -0.00227857, -0.999966, -0.00788321, 1.0214, 0, 0, 0, 1
-0.999694, 0.00211355, 0.0246388, 0.290326, -0.0246212, 0.00801001, -0.999665, 0.848436, -0.0023102, -0.999966, -0.00795552, 1.02139, 0, 0, 0, 1
-0.999688, 0.00214157, 0.0248863, 0.29032, -0.0248683, 0.00808395, -0.999658, 0.848439, -0.00234202, -0.999965, -0.00802817, 1.02139, 0, 0, 0, 1
-0.999682, 0.00216971, 0.025135, 0.290315, -0.0251165, 0.00815825, -0.999651, 0.848442, -0.00237402, -0.999964, -0.00810116, 1.02139, 0, 0, 0, 1
-0.999675, 0.00219799, 0.0253849, 0.290309, -0.025366, 0.00823291, -0.999644, 0.848445, -0.0024062, -0.999964, -0.00817449, 1.02138, 0, 0, 0, 1
-0.999669, 0.00222639, 0.025636, 0.290303, -0.0256167, 0.00830794, -0.999637, 0.848448, -0.00243857, -0.999963, -0.00824815, 1.02138, 0, 0, 0, 1
-0.999662, 0.00225493, 0.0258883, 0.290297, -0.0258685, 0.00838332, -0.99963, 0.848452, -0.00247112, -0.999962, -0.00832216, 1.02137, 0, 0, 0, 1
-0.999656, 0.00228359, 0.0261417, 0.290292, -0.0261216, 0.00845906, -0.999623, 0.848455, -0.00250386, -0.999962, -0.0083965, 1.02137, 0, 0, 0, 1
-0.999649, 0.00231238, 0.0263964, 0.290286, -0.0263758, 0.00853517, -0.999616, 0.848458, -0.00253679, -0.999961, -0.00847118, 1.02136, 0, 0, 0, 1
-0.999642, 0.0023413, 0.0266523, 0.29028, -0.0266312, 0.00861163, -0.999608, 0.848461, -0.00256991, -0.99996, -0.0085462, 1.02136, 0, 0, 0, 1
-0.999635, 0.00237035, 0.0269094, 0.290274, -0.0268878, 0.00868846, -0.999601, 0.848464, -0.00260321, -0.999959, -0.00862155, 1.02135, 0, 0, 0, 1
-0.999628, 0.00239953, 0.0271676, 0.290268, -0.0271456, 0.00876564, -0.999593, 0.848467, -0.0026367, -0.999959, -0.00869724, 1.02135, 0, 0, 0, 1
-0.999621, 0.00242884, 0.0274271, 0.290262, -0.0274046, 0.00884319, -0.999585, 0.848471, -0.00267037, -0.999958, -0.00877327, 1.02135, 0, 0, 0, 1
-0.999614, 0.00245827, 0.0276878, 0.290257, -0.0276648, 0.0089211, -0.999577, 0.848474, -0.00270424, -0.999957, -0.00884964, 1.02134, 0, 0, 0, 1
-0.999606, 0.00248784, 0.0279496, 0.290251, -0.0279262, 0.00899936, -0.999569, 0.848477, -0.0027383, -0.999956, -0.00892634, 1.02134, 0, 0, 0, 1
-0.999599, 0.00251753, 0.0282127, 0.290245, -0.0281887, 0.00907799, -0.999561, 0.84848, -0.00277254, -0.999956, -0.00900338, 1.02133, 0, 0, 0, 1
-0.999591, 0.00254735, 0.0284769, 0.290239, -0.0284525, 0.00915698, -0.999553, 0.848484, -0.00280698, -0.999955, -0.00908076, 1.02133, 0, 0, 0, 1
-0.999584, 0.0025773, 0.0287424, 0.290233, -0.0287174, 0.00923633, -0.999545, 0.848487, -0.0028416, -0.999954, -0.00915847, 1.02132, 0, 0, 0, 1
-0.999576, 0.00260738, 0.029009, 0.290226, -0.0289836, 0.00931604, -0.999536, 0.84849, -0.00287642, -0.999953, -0.00923652, 1.02132, 0, 0, 0, 1
-0.999568, 0.00263759, 0.0292768, 0.29022, -0.0292509, 0.00939611, -0.999528, 0.848494, -0.00291143, -0.999952, -0.0093149, 1.02131, 0, 0, 0, 1
-0.99956, 0.00266792, 0.0295459, 0.290214, -0.0295194, 0.00947655, -0.999519, 0.848497, -0.00294663, -0.999952, -0.00939362, 1.02131, 0, 0, 0, 1
-0.999552, 0.00269838, 0.0298161, 0.290208, -0.0297891, 0.00955734, -0.999511, 0.8485, -0.00298202, -0.999951, -0.00947267, 1.02131, 0, 0, 0, 1
-0.999544, 0.00272897, 0.0300875, 0.290202, -0.0300599, 0.00963849, -0.999502, 0.848504, -0.00301761, -0.99995, -0.00955206, 1.0213, 0, 0, 0, 1
-0.999535, 0.00275969, 0.0303601, 0.290196, -0.030332, 0.00972001, -0.999493, 0.848507, -0.00305339, -0.999949, -0.00963179, 1.0213, 0, 0, 0, 1
-0.999527, 0.00279053, 0.030634, 0.29019, -0.0306053, 0.00980189, -0.999483, 0.84851, -0.00308936, -0.999948, -0.00971184, 1.02129, 0, 0, 0, 1
-0.999518, 0.00282151, 0.030909, 0.290183, -0.0308797, 0.00988412, -0.999474, 0.848514, -0.00312553, -0.999947, -0.00979224, 1.02129, 0, 0, 0, 1
-0.99951, 0.00285261, 0.0311852, 0.290177, -0.0311553, 0.00996672, -0.999465, 0.848517, -0.00316189, -0.999946, -0.00987296, 1.02128, 0, 0, 0, 1
-0.999501, 0.00288383, 0.0314626, 0.290171, -0.0314322, 0.0100497, -0.999455, 0.848521, -0.00319845, -0.999945, -0.00995402, 1.02128, 0, 0, 0, 1
-0.999492, 0.00291519, 0.0317412, 0.290164, -0.0317102, 0.010133, -0.999446, 0.848524, -0.00323521, -0.999944, -0.0100354, 1.02127, 0, 0, 0, 1
-0.999483, 0.00294667, 0.032021, 0.290158, -0.0319894, 0.0102167, -0.999436, 0.848528, -0.00327216, -0.999943, -0.0101171, 1.02127, 0, 0, 0, 1
-0.999474, 0.00297828, 0.032302, 0.290152, -0.0322697, 0.0103007, -0.999426, 0.848531, -0.0033093, -0.999943, -0.0101992, 1.02126, 0, 0, 0, 1
-0.999464, 0.00301001, 0.0325842, 0.290145, -0.0325513, 0.0103851, -0.999416, 0.848535, -0.00334665, -0.999942, -0.0102816, 1.02126, 0, 0, 0, 1
-0.999455, 0.00304188, 0.0328675, 0.290139, -0.0328341, 0.0104699, -0.999406, 0.848538, -0.00338419, -0.999941, -0.0103643, 1.02125, 0, 0, 0, 1
-0.999446, 0.00307386, 0.0331521, 0.290132, -0.033118, 0.010555, -0.999396, 0.848542, -0.00342193, -0.99994, -0.0104474, 1.02125, 0, 0, 0, 1
-0.999436, 0.00310598, 0.0334379, 0.290126, -0.0334031, 0.0106405, -0.999385, 0.848545, -0.00345987, -0.999939, -0.0105308, 1.02124, 0, 0, 0, 1
-0.999426, 0.00313822, 0.0337249, 0.290119, -0.0336894, 0.0107264, -0.999375, 0.848549, -0.003498, -0.999938, -0.0106145, 1.02124, 0, 0, 0, 1
-0.999416, 0.00317059, 0.034013, 0.290113, -0.0339769, 0.0108126, -0.999364, 0.848552, -0.00353634, -0.999937, -0.0106985, 1.02123, 0, 0, 0, 1
-0.999406, 0.00320308, 0.0343024, 0.290106, -0.0342656, 0.0108992, -0.999353, 0.848556, -0.00357488, -0.999935, -0.0107829, 1.02123, 0, 0, 0, 1
-0.999396, 0.0032357, 0.0345929, 0.290099, -0.0345555, 0.0109861, -0.999342, 0.84856, -0.00361362, -0.999934, -0.0108676, 1.02122, 0, 0, 0, 1
-0.999386, 0.00326845, 0.0348847, 0.290093, -0.0348466, 0.0110734, -0.999331, 0.848563, -0.00365256, -0.999933, -0.0109527, 1.02122, 0, 0, 0, 1
-0.999376, 0.00330132, 0.0351776, 0.290086, -0.0351388, 0.011161, -0.99932, 0.848567, -0.0036917, -0.999932, -0.0110381, 1.02121, 0, 0, 0, 1
-0.999365, 0.00333432, 0.0354718, 0.290079, -0.0354322, 0.0112491, -0.999309, 0.848571, -0.00373104, -0.999931, -0.0111238, 1.02121, 0, 0, 0, 1
-0.999354, 0.00336745, 0.0357671, 0.290073, -0.0357268, 0.0113374, -0.999297, 0.848574, -0.00377059, -0.99993, -0.0112098, 1.0212, 0, 0, 0, 1
-0.999344, 0.0034007, 0.0360636, 0.290066, -0.0360226, 0.0114262, -0.999286, 0.848578, -0.00381034, -0.999929, -0.0112962, 1.0212, 0, 0, 0, 1
-0.999333, 0.00343407, 0.0363613, 0.290059, -0.0363196, 0.0115153, -0.999274, 0.848582, -0.00385029, -0.999928, -0.0113829, 1.02119, 0, 0, 0, 1
-0.999322, 0.00346757, 0.0366603, 0.290052, -0.0366178, 0.0116048, -0.999262, 0.848585, -0.00389045, -0.999927, -0.0114699, 1.02119, 0, 0, 0, 1
-0.999311, 0.0035012, 0.0369604, 0.290045, -0.0369172, 0.0116946, -0.99925, 0.848589, -0.00393081, -0.999925, -0.0115573, 1.02118, 0, 0, 0, 1
-0.999299, 0.00353495, 0.0372617, 0.290038, -0.0372177, 0.0117848, -0.999238, 0.848593, -0.00397138, -0.999924, -0.011645, 1.02118, 0, 0, 0, 1
-0.999288, 0.00356883, 0.0375642, 0.290032, -0.0375194, 0.0118753, -0.999225, 0.848597, -0.00401215, -0.999923, -0.011733, 1.02117, 0, 0, 0, 1
-0.999276, 0.00360283, 0.0378679, 0.290025, -0.0378223, 0.0119662, -0.999213, 0.848601, -0.00405313, -0.999922, -0.0118213, 1.02117, 0, 0, 0, 1
-0.999265, 0.00363696, 0.0381728, 0.290018, -0.0381264, 0.0120575, -0.9992, 0.848604, -0.00409432, -0.999921, -0.01191, 1.02116, 0, 0, 0, 1
-0.999253, 0.00367121, 0.0384788, 0.290011, -0.0384317, 0.0121492, -0.999187, 0.848608, -0.00413571, -0.999919, -0.011999, 1.02116, 0, 0, 0, 1
-0.999241, 0.00370559, 0.0387861, 0.290004, -0.0387382, 0.0122412, -0.999174, 0.848612, -0.00417731, -0.999918, -0.0120883, 1.02115, 0, 0, 0, 1
-0.999229, 0.00374009, 0.0390946, 0.289997, -0.0390458, 0.0123335, -0.999161, 0.848616, -0.00421912, -0.999917, -0.012178, 1.02115, 0, 0, 0, 1
-0.999216, 0.00377471, 0.0394043, 0.28999, -0.0393546, 0.0124262, -0.999148, 0.84862, -0.00426114, -0.999916, -0.012268, 1.02114, 0, 0, 0, 1
-0.999204, 0.00380946, 0.0397151, 0.289983, -0.0396646, 0.0125193, -0.999135, 0.848624, -0.00430337, -0.999914, -0.0123583, 1.02114, 0, 0, 0, 1
-0.999191, 0.00384434, 0.0400272, 0.289975, -0.0399758, 0.0126128, -0.999121, 0.848628, -0.00434581, -0.999913, -0.0124489, 1.02113, 0, 0, 0, 1
-0.999178, 0.00387933, 0.0403404, 0.289968, -0.0402882, 0.0127066, -0.999107, 0.848631, -0.00438846, -0.999912, -0.0125399, 1.02113, 0, 0, 0, 1
-0.999166, 0.00391446, 0.0406549, 0.289961, -0.0406018, 0.0128008, -0.999093, 0.848635, -0.00443132, -0.99991, -0.0126312, 1.02112, 0, 0, 0, 1
-0.999153, 0.0039497, 0.0409705, 0.289954, -0.0409165, 0.0128953, -0.999079, 0.848639, -0.00447439, -0.999909, -0.0127228, 1.02112, 0, 0, 0, 1
-0.999139, 0.00398507, 0.0412873, 0.289947, -0.0412324, 0.0129902, -0.999065, 0.848643, -0.00451768, -0.999908, -0.0128147, 1.02111, 0, 0, 0, 1
-0.999126, 0.00402057, 0.0416053, 0.289939, -0.0415495, 0.0130855, -0.999051, 0.848647, -0.00456117, -0.999906, -0.012907, 1.02111, 0, 0, 0, 1
-0.999113, 0.00405618, 0.0419246, 0.289932, -0.0418678, 0.0131811, -0.999036, 0.848651, -0.00460488, -0.999905, -0.0129996, 1.0211, 0, 0, 0, 1
-0.999099, 0.00409192, 0.042245, 0.289925, -0.0421873, 0.0132771, -0.999021, 0.848655, -0.00464881, -0.999903, -0.0130925, 1.0211, 0, 0, 0, 1
-0.999085, 0.00412779, 0.0425666, 0.289917, -0.042508, 0.0133734, -0.999007, 0.848659, -0.00469295, -0.999902, -0.0131857, 1.02109, 0, 0, 0, 1
-0.999071, 0.00416377, 0.0428894, 0.28991, -0.0428298, 0.0134701, -0.998992, 0.848663, -0.0047373, -0.999901, -0.0132793, 1.02109, 0, 0, 0, 1
-0.999057, 0.00419988, 0.0432133, 0.289903, -0.0431528, 0.0135672, -0.998976, 0.848667, -0.00478187, -0.999899, -0.0133732, 1.02108, 0, 0, 0, 1
-0.999043, 0.00423612, 0.0435385, 0.289895, -0.043477, 0.0136646, -0.998961, 0.848671, -0.00482665, -0.999898, -0.0134674, 1.02107, 0, 0, 0, 1
-0.999028, 0.00427247, 0.0438649, 0.289888, -0.0438024, 0.0137624, -0.998945, 0.848676, -0.00487166, -0.999896, -0.0135619, 1.02107, 0, 0, 0, 1
-0.999014, 0.00430895, 0.0441924, 0.28988, -0.0441289, 0.0138606, -0.99893, 0.84868, -0.00491687, -0.999895, -0.0136568, 1.02106, 0, 0, 0, 1
-0.998999, 0.00434555, 0.0445212, 0.289873, -0.0444567, 0.0139591, -0.998914, 0.848684, -0.00496231, -0.999893, -0.013752, 1.02106, 0, 0, 0, 1
-0.998984, 0.00438228, 0.0448512, 0.289865, -0.0447856, 0.014058, -0.998898, 0.848688, -0.00500797, -0.999892, -0.0138475, 1.02105, 0, 0, 0, 1
