-0.999999, -0.000797434, -0.000797196, 0.290901, 0.000796858, 0.000424669, -1, 0.848124, 0.000797772, -1, -0.000424033, 1.02183, 0, 0, 0, 1
-0.999999, -0.000797503, -0.000796668, 0.290901, 0.000796329, 0.000425154, -1, 0.848124, 0.000797841, -1, -0.000424518, 1.02183, 0, 0, 0, 1
-0.999999, -0.000797707, -0.000795084, 0.290901, 0.000794744, 0.000426609, -1, 0.848125, 0.000798046, -1, -0.000425975, 1.02183, 0, 0, 0, 1
-0.999999, -0.000798049, -0.000792444, 0.290901, 0.000792102, 0.000429034, -1, 0.848125, 0.000798389, -1, -0.000428402, 1.02183, 0, 0, 0, 1
-0.999999, -0.000798527, -0.000788749, 0.290901, 0.000788403, 0.000432429, -1, 0.848126, 0.000798868, -1, -0.000431799, 1.02183, 0, 0, 0, 1
-0.999999, -0.000799142, -0.000783997, 0.2909, 0.000783648, 0.000436794, -1, 0.848126, 0.000799484, -1, -0.000436168, 1.02183, 0, 0, 0, 1
-0.999999, -0.000799893, -0.000778189, 0.2909, 0.000777836, 0.00044213, -1, 0.848127, 0.000800237, -1, -0.000441507, 1.02183, 0, 0, 0, 1
-0.999999, -0.000800781, -0.000771326, 0.2909, 0.000770967, 0.000448435, -1, 0.848128, 0.000801126, -1, -0.000447817, 1.02183, 0, 0, 0, 1
-0.999999, -0.000801805, -0.000763406, 0.290899, 0.000763041, 0.00045571, -1, 0.84813, 0.000802153, -1, -0.000455098, 1.02183, 0, 0, 0, 1
-0.999999, -0.000802966, -0.000754431, 0.290899, 0.000754059, 0.000463955, -1, 0.848131, 0.000803316, -1, -0.00046335, 1.02183, 0, 0, 0, 1
-0.999999, -0.000804264, -0.0007444, 0.290898, 0.000744019, 0.000473171, -1, 0.848133, 0.000804616, -1, -0.000472572, 1.02183, 0, 0, 0, 1
-0.999999, -0.000805698, -0.000733312, 0.290897, 0.000732923, 0.000483356, -1, 0.848135, 0.000806052, -1, -0.000482765, 1.02183, 0, 0, 0, 1
-0.999999, -0.000807269, -0.000721169, 0.290897, 0.00072077, 0.000494512, -1, 0.848137, 0.000807626, -1, -0.000493929, 1.02183, 0, 0, 0, 1
-0.999999, -0.000808977, -0.00070797, 0.290896, 0.00070756, 0.000506637, -1, 0.848139, 0.000809335, -1, -0.000506064, 1.02183, 0, 0, 0, 1
-0.999999, -0.000810821, -0.000693715, 0.290895, 0.000693294, 0.000519733, -1, 0.848141, 0.000811181, -1, -0.00051917, 1.02182, 0, 0, 0, 1
-0.999999, -0.000812802, -0.000678404, 0.290894, 0.00067797, 0.000533798, -1, 0.848144, 0.000813164, -1, -0.000533247, 1.02182, 0, 0, 0, 1
-0.999999, -0.000814919, -0.000662037, 0.290893, 0.00066159, 0.000548834, -1, 0.848146, 0.000815282, -1, -0.000548294, 1.02182, 0, 0, 0, 1
-0.999999, -0.000817174, -0.000644614, 0.290892, 0.000644153, 0.000564839, -1, 0.848149, 0.000817537, -1, -0.000564313, 1.02182, 0, 0, 0, 1
-0.999999, -0.000819564, -0.000626135, 0.290891, 0.000625659, 0.000581815, -1, 0.848152, 0.000819928, -0.999999, -0.000581302, 1.02182, 0, 0, 0, 1
-0.999999, -0.000822092, -0.000606601, 0.29089, 0.000606108, 0.000599761, -1, 0.848155, 0.000822456, -0.999999, -0.000599262, 1.02182, 0, 0, 0, 1
-0.999999, -0.000824756, -0.00058601, 0.290889, 0.0005855, 0.000618676, -1, 0.848159, 0.000825118, -0.999999, -0.000618193, 1.02181, 0, 0, 0, 1
-0.999999, -0.000827557, -0.000564364, 0.290888, 0.000563835, 0.000638562, -1, 0.848162, 0.000827917, -0.999999, -0.000638095, 1.02181, 0, 0, 0, 1
-1, -0.000830495, -0.000541661, 0.290886, 0.000541114, 0.000659418, -1, 0.848166, 0.000830852, -0.999999, -0.000658968, 1.02181, 0, 0, 0, 1
-1, -0.000833569, -0.000517903, 0.290885, 0.000517335, 0.000681243, -1, 0.84817, 0.000833922, -0.999999, -0.000680812, 1.02181, 0, 0, 0, 1
-1, -0.00083678, -0.000493088, 0.290883, 0.000492499, 0.000704039, -1, 0.848174, 0.000837127, -0.999999, -0.000703627, 1.0218, 0, 0, 0, 1
-1, -0.000840128, -0.000467218, 0.290882, 0.000466607, 0.000727805, -1, 0.848178, 0.000840468, -0.999999, -0.000727412, 1.0218, 0, 0, 0, 1
-1, -0.000843613, -0.000440292, 0.29088, 0.000439657, 0.000752541, -1, 0.848183, 0.000843944, -0.999999, -0.000752169, 1.0218, 0, 0, 0, 1
-1, -0.000847234, -0.00041231, 0.290879, 0.00041165, 0.000778246, -1, 0.848187, 0.000847555, -0.999999, -0.000777897, 1.0218, 0, 0, 0, 1
-1, -0.000850993, -0.000383272, 0.290877, 0.000382587, 0.000804922, -1, 0.848192, 0.000851301, -0.999999, -0.000804596, 1.02179, 0, 0, 0, 1
-1, -0.000854888, -0.000353178, 0.290875, 0.000352466, 0.000832568, -1, 0.848197, 0.000855181, -0.999999, -0.000832266, 1.02179, 0, 0, 0, 1
-1, -0.00085892, -0.000322028, 0.290873, 0.000321288, 0.000861184, -1, 0.848202, 0.000859196, -0.999999, -0.000860907, 1.02179, 0, 0, 0, 1
-1, -0.000863088, -0.000289822, 0.290872, 0.000289053, 0.00089077, -1, 0.848207, 0.000863346, -0.999999, -0.00089052, 1.02178, 0, 0, 0, 1
-1, -0.000867394, -0.00025656, 0.29087, 0.000255761, 0.000921325, -1, 0.848213, 0.00086763, -0.999999, -0.000921103, 1.02178, 0, 0, 0, 1
-1, -0.000871836, -0.000222242, 0.290868, 0.000221412, 0.000952851, -1, 0.848218, 0.000872048, -0.999999, -0.000952658, 1.02178, 0, 0, 0, 1
-1, -0.000876416, -0.000186869, 0.290866, 0.000186005, 0.000985347, -0.999999, 0.848224, 0.000876599, -0.999999, -0.000985184, 1.02177, 0, 0, 0, 1
-1, -0.000881132, -0.000150439, 0.290863, 0.000149541, 0.00101881, -0.999999, 0.84823, 0.000881285, -0.999999, -0.00101868, 1.02177, 0, 0, 0, 1
-1, -0.000885985, -0.000112954, 0.290861, 0.000112021, 0.00105325, -0.999999, 0.848236, 0.000886104, -0.999999, -0.00105315, 1.02177, 0, 0, 0, 1
-1, -0.000890976, -7.44123e-05, 0.290859, 7.34423e-05, 0.00108865, -0.999999, 0.848242, 0.000891056, -0.999999, -0.00108859, 1.02176, 0, 0, 0, 1
-1, -0.000896103, -3.48149e-05, 0.290857, 3.38068e-05, 0.00112503, -0.999999, 0.848249, 0.000896141, -0.999999, -0.001125, 1.02176, 0, 0, 0, 1
-1, -0.000901367, 5.83837e-06, 0.290854, -6.8861e-06, 0.00116238, -0.999999, 0.848256, 0.00090136, -0.999999, -0.00116238, 1.02176, 0, 0, 0, 1
-1, -0.000906768, 4.75476e-05, 0.290852, -4.86363e-05, 0.00120069, -0.999999, 0.848262, 0.00090671, -0.999999, -0.00120074, 1.02175, 0, 0, 0, 1
-1, -0.000912306, 9.03128e-05, 0.29085, -9.1444e-05, 0.00123998, -0.999999, 0.848269, 0.000912194, -0.999999, -0.00124006, 1.02175, 0, 0, 0, 1
-1, -0.000917982, 0.000134134, 0.290847, -0.000135309, 0.00128023, -0.999999, 0.848277, 0.000917809, -0.999999, -0.00128036, 1.02174, 0, 0, 0, 1
-1, -0.000923794, 0.000179011, 0.290844, -0.000180232, 0.00132146, -0.999999, 0.848284, 0.000923557, -0.999999, -0.00132162, 1.02174, 0, 0, 0, 1
-1, -0.000929744, 0.000224944, 0.290842, -0.000226212, 0.00136365, -0.999999, 0.848291, 0.000929436, -0.999999, -0.00136386, 1.02173, 0, 0, 0, 1
-1, -0.000935831, 0.000271933, 0.290839, -0.000273249, 0.00140682, -0.999999, 0.848299, 0.000935447, -0.999999, -0.00140707, 1.02173, 0, 0, 0, 1
-1, -0.000942055, 0.000319977, 0.290836, -0.000321344, 0.00145096, -0.999999, 0.848307, 0.000941589, -0.999999, -0.00145126, 1.02173, 0, 0, 0, 1
-0.999999, -0.000948416, 0.000369078, 0.290833, -0.000370497, 0.00149606, -0.999999, 0.848315, 0.000947862, -0.999998, -0.00149641, 1.02172, 0, 0, 0, 1
-0.999999, -0.000954914, 0.000419235, 0.29083, -0.000420707, 0.00154214, -0.999999, 0.848323, 0.000954266, -0.999998, -0.00154254, 1.02172, 0, 0, 0, 1
-0.999999, -0.00096155, 0.000470447, 0.290827, -0.000471975, 0.00158918, -0.999999, 0.848332, 0.000960801, -0.999998, -0.00158963, 1.02171, 0, 0, 0, 1
-0.999999, -0.000968322, 0.000522716, 0.290824, -0.000524301, 0.0016372, -0.999999, 0.84834, 0.000967465, -0.999998, -0.0016377, 1.02171, 0, 0, 0, 1
-0.999999, -0.000975233, 0.00057604, 0.290821, -0.000577684, 0.00168618, -0.999998, 0.848349, 0.00097426, -0.999998, -0.00168674, 1.0217, 0, 0, 0, 1
-0.999999, -0.00098228, 0.000630421, 0.290818, -0.000632126, 0.00173614, -0.999998, 0.848358, 0.000981184, -0.999998, -0.00173676, 1.02169, 0, 0, 0, 1
-0.999999, -0.000989465, 0.000685857, 0.290815, -0.000687625, 0.00178706, -0.999998, 0.848367, 0.000988237, -0.999998, -0.00178774, 1.02169, 0, 0, 0, 1
-0.999999, -0.000996787, 0.000742349, 0.290812, -0.000744182, 0.00183896, -0.999998, 0.848376, 0.00099542, -0.999998, -0.0018397, 1.02168, 0, 0, 0, 1
-0.999999, -0.00100425, 0.000799897, 0.290808, -0.000801796, 0.00189182, -0.999998, 0.848386, 0.00100273, -0.999998, -0.00189263, 1.02168, 0, 0, 0, 1
-0.999999, -0.00101184, 0.000858502, 0.290805, -0.000860469, 0.00194566, -0.999998, 0.848395, 0.00101017, -0.999998, -0.00194653, 1.02167, 0, 0, 0, 1
-0.999999, -0.00101958, 0.000918162, 0.290801, -0.0009202, 0.00200046, -0.999998, 0.848405, 0.00101774, -0.999997, -0.0020014, 1.02167, 0, 0, 0, 1
-0.999999, -0.00102745, 0.000978878, 0.290798, -0.000980989, 0.00205624, -0.999997, 0.848415, 0.00102544, -0.999997, -0.00205724, 1.02166, 0, 0, 0, 1
-0.999999, -0.00103546, 0.00104065, 0.290794, -0.00104284, 0.00211298, -0.999997, 0.848425, 0.00103326, -0.999997, -0.00211406, 1.02165, 0, 0, 0, 1
-0.999999, -0.00104361, 0.00110348, 0.290791, -0.00110574, 0.00217069, -0.999997, 0.848435, 0.00104121, -0.999997, -0.00217185, 1.02165, 0, 0, 0, 1
-0.999999, -0.00105189, 0.00116736, 0.290787, -0.0011697, 0.00222938, -0.999997, 0.848446, 0.00104929, -0.999997, -0.00223061, 1.02164, 0, 0, 0, 1
-0.999999, -0.00106032, 0.0012323, 0.290783, -0.00123473, 0.00228903, -0.999997, 0.848456, 0.00105749, -0.999997, -0.00229034, 1.02164, 0, 0, 0, 1
-0.999999, -0.00106888, 0.0012983, 0.290779, -0.0013008, 0.00234966, -0.999996, 0.848467, 0.00106582, -0.999997, -0.00235104, 1.02163, 0, 0, 0, 1
-0.999998, -0.00107757, 0.00136535, 0.290775, -0.00136794, 0.00241125, -0.999996, 0.848478, 0.00107428, -0.999997, -0.00241272, 1.02162, 0, 0, 0, 1
-0.999998, -0.00108641, 0.00143345, 0.290772, -0.00143614, 0.00247381, -0.999996, 0.848489, 0.00108286, -0.999996, -0.00247537, 1.02162, 0, 0, 0, 1
-0.999998, -0.00109538, 0.00150262, 0.290767, -0.00150539, 0.00253735, -0.999996, 0.848501, 0.00109157, -0.999996, -0.00253899, 1.02161, 0, 0, 0, 1
-0.999998, -0.00110449, 0.00157284, 0.290763, -0.00157571, 0.00260185, -0.999995, 0.848512, 0.0011004, -0.999996, -0.00260359, 1.0216, 0, 0, 0, 1
-0.999998, -0.00111374, 0.00164411, 0.290759, -0.00164708, 0.00266732, -0.999995, 0.848524, 0.00110935, -0.999996, -0.00266915, 1.0216, 0, 0, 0, 1
-0.999998, -0.00112313, 0.00171644, 0.290755, -0.00171951, 0.00273377, -0.999995, 0.848536, 0.00111843, -0.999996, -0.00273569, 1.02159, 0, 0, 0, 1
-0.999998, -0.00113266, 0.00178983, 0.290751, -0.001793, 0.00280118, -0.999994, 0.848548, 0.00112764, -0.999995, -0.00280321, 1.02158, 0, 0, 0, 1
-0.999998, -0.00114232, 0.00186427, 0.290746, -0.00186755, 0.00286956, -0.999994, 0.84856, 0.00113696, -0.999995, -0.00287169, 1.02157, 0, 0, 0, 1
-0.999997, -0.00115212, 0.00193977, 0.290742, -0.00194315, 0.00293892, -0.999994, 0.848572, 0.00114641, -0.999995, -0.00294115, 1.02157, 0, 0, 0, 1
-0.999997, -0.00116206, 0.00201633, 0.290738, -0.00201982, 0.00300924, -0.999993, 0.848585, 0.00115599, -0.999995, -0.00301158, 1.02156, 0, 0, 0, 1
-0.999997, -0.00117214, 0.00209394, 0.290733, -0.00209754, 0.00308053, -0.999993, 0.848597, 0.00116568, -0.999995, -0.00308298, 1.02155, 0, 0, 0, 1
-0.999997, -0.00118235, 0.0021726, 0.290729, -0.00217632, 0.00315279, -0.999993, 0.84861, 0.00117549, -0.999994, -0.00315536, 1.02154, 0, 0, 0, 1
-0.999997, -0.00119271, 0.00225233, 0.290724, -0.00225616, 0.00322602, -0.999992, 0.848623, 0.00118543, -0.999994, -0.0032287, 1.02154, 0, 0, 0, 1
-0.999997, -0.0012032, 0.00233311, 0.290719, -0.00233707, 0.00330023, -0.999992, 0.848637, 0.00119549, -0.999994, -0.00330303, 1.02153, 0, 0, 0, 1
-0.999996, -0.00121383, 0.00241494, 0.290714, -0.00241902, 0.0033754, -0.999991, 0.84865, 0.00120567, -0.999994, -0.00337832, 1.02152, 0, 0, 0, 1
-0.999996, -0.0012246, 0.00249783, 0.29071, -0.00250204, 0.00345154, -0.999991, 0.848664, 0.00121597, -0.999993, -0.00345459, 1.02151, 0, 0, 0, 1
-0.999996, -0.00123551, 0.00258178, 0.290705, -0.00258612, 0.00352865, -0.99999, 0.848677, 0.00122638, -0.999993, -0.00353183, 1.0215, 0, 0, 0, 1
-0.999996, -0.00124655, 0.00266678, 0.2907, -0.00267126, 0.00360673, -0.99999, 0.848691, 0.00123692, -0.999993, -0.00361004, 1.0215, 0, 0, 0, 1
-0.999995, -0.00125773, 0.00275284, 0.290695, -0.00275746, 0.00368578, -0.999989, 0.848705, 0.00124758, -0.999992, -0.00368923, 1.02149, 0, 0, 0, 1
-0.999995, -0.00126906, 0.00283995, 0.29069, -0.00284471, 0.0037658, -0.999989, 0.84872, 0.00125835, -0.999992, -0.00376939, 1.02148, 0, 0, 0, 1
-0.999995, -0.00128052, 0.00292812, 0.290685, -0.00293303, 0.00384679, -0.999988, 0.848734, 0.00126924, -0.999992, -0.00385053, 1.02147, 0, 0, 0, 1
-0.999995, -0.00129212, 0.00301734, 0.290679, -0.0030224, 0.00392875, -0.999988, 0.848749, 0.00128025, -0.999991, -0.00393263, 1.02146, 0, 0, 0, 1
-0.999994, -0.00130386, 0.00310763, 0.290674, -0.00311283, 0.00401168, -0.999987, 0.848764, 0.00129137, -0.999991, -0.00401571, 1.02145, 0, 0, 0, 1
-0.999994, -0.00131573, 0.00319896, 0.290669, -0.00320433, 0.00409558, -0.999986, 0.848778, 0.00130261, -0.999991, -0.00409977, 1.02144, 0, 0, 0, 1
-0.999994, -0.00132775, 0.00329136, 0.290664, -0.00329688, 0.00418045, -0.999986, 0.848794, 0.00131397, -0.99999, -0.0041848, 1.02144, 0, 0, 0, 1
-0.999993, -0.0013399, 0.00338481, 0.290658, -0.00339049, 0.00426628, -0.999985, 0.848809, 0.00132544, -0.99999, -0.0042708, 1.02143, 0, 0, 0, 1
-0.999993, -0.0013522, 0.00347931, 0.290653, -0.00348517, 0.00435309, -0.999984, 0.848824, 0.00133703, -0.99999, -0.00435777, 1.02142, 0, 0, 0, 1
-0.999993, -0.00136463, 0.00357487, 0.290647, -0.0035809, 0.00444087, -0.999984, 0.84884, 0.00134873, -0.999989, -0.00444572, 1.02141, 0, 0, 0, 1
-0.999992, -0.0013772, 0.00367149, 0.290641, -0.00367769, 0.00452962, -0.999983, 0.848856, 0.00136055, -0.999989, -0.00453465, 1.0214, 0, 0, 0, 1
-0.999992, -0.00138991, 0.00376916, 0.290636, -0.00377555, 0.00461933, -0.999982, 0.848872, 0.00137248, -0.999988, -0.00462454, 1.02139, 0, 0, 0, 1
-0.999992, -0.00140276, 0.00386789, 0.29063, -0.00387446, 0.00471002, -0.999981, 0.848888, 0.00138452, -0.999988, -0.00471542, 1.02138, 0, 0, 0, 1
-0.999991, -0.00141575, 0.00396767, 0.290624, -0.00397443, 0.00480168, -0.999981, 0.848904, 0.00139667, -0.999987, -0.00480726, 1.02137, 0, 0, 0, 1
-0.999991, -0.00142888, 0.00406852, 0.290618, -0.00407546, 0.0048943, -0.99998, 0.848921, 0.00140894, -0.999987, -0.00490008, 1.02136, 0, 0, 0, 1
-0.99999, -0.00144214, 0.00417041, 0.290612, -0.00417756, 0.0049879, -0.999979, 0.848938, 0.00142131, -0.999987, -0.00499387, 1.02135, 0, 0, 0, 1
-0.99999, -0.00145555, 0.00427336, 0.290606, -0.00428071, 0.00508246, -0.999978, 0.848955, 0.0014338, -0.999986, -0.00508864, 1.02134, 0, 0, 0, 1
-0.999989, -0.0014691, 0.00437737, 0.2906, -0.00438492, 0.005178, -0.999977, 0.848972, 0.0014464, -0.999986, -0.00518438, 1.02133, 0, 0, 0, 1
-0.999989, -0.00148278, 0.00448244, 0.290594, -0.0044902, 0.0052745, -0.999976, 0.848989, 0.0014591, -0.999985, -0.0052811, 1.02132, 0, 0, 0, 1
-0.999988, -0.00149661, 0.00458855, 0.290588, -0.00459653, 0.00537197, -0.999975, 0.849006, 0.00147192, -0.999984, -0.00537879, 1.02131, 0, 0, 0, 1
-0.999988, -0.00151057, 0.00469573, 0.290582, -0.00470393, 0.00547042, -0.999974, 0.849024, 0.00148484, -0.999984, -0.00547746, 1.0213, 0, 0, 0, 1
-0.999987, -0.00152467, 0.00480396, 0.290576, -0.00481238, 0.00556983, -0.999973, 0.849042, 0.00149788, -0.999983, -0.0055771, 1.02129, 0, 0, 0, 1
-0.999987, -0.00153892, 0.00491325, 0.290569, -0.0049219, 0.00567021, -0.999972, 0.84906, 0.00151101, -0.999983, -0.00567771, 1.02128, 0, 0, 0, 1
-0.999986, -0.0015533, 0.00502359, 0.290563, -0.00503248, 0.00577157, -0.999971, 0.849078, 0.00152426, -0.999982, -0.0057793, 1.02127, 0, 0, 0, 1
-0.999986, -0.00156782, 0.00513499, 0.290556, -0.00514412, 0.00587389, -0.99997, 0.849096, 0.00153761, -0.999982, -0.00588187, 1.02126, 0, 0, 0, 1
-0.999985, -0.00158249, 0.00524745, 0.29055, -0.00525682, 0.00597718, -0.999968, 0.849114, 0.00155107, -0.999981, -0.00598541, 1.02125, 0, 0, 0, 1
-0.999984, -0.00159729, 0.00536096, 0.290543, -0.00537058, 0.00608144, -0.999967, 0.849133, 0.00156463, -0.99998, -0.00608992, 1.02124, 0, 0, 0, 1
-0.999984, -0.00161223, 0.00547552, 0.290536, -0.0054854, 0.00618667, -0.999966, 0.849152, 0.0015783, -0.99998, -0.00619541, 1.02122, 0, 0, 0, 1
-0.999983, -0.00162731, 0.00559114, 0.29053, -0.00560128, 0.00629287, -0.999965, 0.849171, 0.00159207, -0.999979, -0.00630188, 1.02121, 0, 0, 0, 1
-0.999982, -0.00164254, 0.00570782, 0.290523, -0.00571823, 0.00640004, -0.999963, 0.84919, 0.00160594, -0.999978, -0.00640931, 1.0212, 0, 0, 0, 1
-0.999982, -0.0016579, 0.00582556, 0.290516, -0.00583623, 0.00650817, -0.999962, 0.849209, 0.00161992, -0.999977, -0.00651773, 1.02119, 0, 0, 0, 1
-0.999981, -0.0016734, 0.00594435, 0.290509, -0.0059553, 0.00661728, -0.99996, 0.849229, 0.001634, -0.999977, -0.00662712, 1.02118, 0, 0, 0, 1
-0.99998, -0.00168904, 0.00606419, 0.290502, -0.00607543, 0.00672736, -0.999959, 0.849248, 0.00164818, -0.999976, -0.00673749, 1.02117, 0, 0, 0, 1
-0.999979, -0.00170483, 0.00618509, 0.290495, -0.00619661, 0.0068384, -0.999957, 0.849268, 0.00166246, -0.999975, -0.00684883, 1.02116, 0, 0, 0, 1
-0.999979, -0.00172075, 0.00630705, 0.290488, -0.00631887, 0.00695042, -0.999956, 0.849288, 0.00167684, -0.999974, -0.00696114, 1.02114, 0, 0, 0, 1
-0.999978, -0.00173681, 0.00643006, 0.290481, -0.00644218, 0.00706341, -0.999954, 0.849308, 0.00169132, -0.999974, -0.00707444, 1.02113, 0, 0, 0, 1
-0.999977, -0.00175302, 0.00655413, 0.290474, -0.00656655, 0.00717736, -0.999953, 0.849329, 0.0017059, -0.999973, -0.00718871, 1.02112, 0, 0, 0, 1
-0.999976, -0.00176936, 0.00667925, 0.290466, -0.00669199, 0.00729228, -0.999951, 0.849349, 0.00172057, -0.999972, -0.00730395, 1.02111, 0, 0, 0, 1
-0.999975, -0.00178585, 0.00680543, 0.290459, -0.00681849, 0.00740818, -0.999949, 0.84937, 0.00173534, -0.999971, -0.00742017, 1.0211, 0, 0, 0, 1
-0.999974, -0.00180248, 0.00693267, 0.290452, -0.00694605, 0.00752504, -0.999948, 0.849391, 0.00175021, -0.99997, -0.00753737, 1.02108, 0, 0, 0, 1
-0.999973, -0.00181925, 0.00706096, 0.290444, -0.00707467, 0.00764287, -0.999946, 0.849412, 0.00176518, -0.999969, -0.00765554, 1.02107, 0, 0, 0, 1
-0.999972, -0.00183615, 0.00719031, 0.290437, -0.00720436, 0.00776167, -0.999944, 0.849433, 0.00178024, -0.999968, -0.00777469, 1.02106, 0, 0, 0, 1
-0.999971, -0.0018532, 0.00732071, 0.290429, -0.0073351, 0.00788144, -0.999942, 0.849455, 0.0017954, -0.999967, -0.00789481, 1.02105, 0, 0, 0, 1
-0.99997, -0.00187039, 0.00745217, 0.290421, -0.00746691, 0.00800218, -0.99994, 0.849476, 0.00181065, -0.999966, -0.00801591, 1.02103, 0, 0, 0, 1
-0.999969, -0.00188772, 0.00758469, 0.290414, -0.00759978, 0.00812389, -0.999938, 0.849498, 0.00182599, -0.999965, -0.00813799, 1.02102, 0, 0, 0, 1
-0.999968, -0.0019052, 0.00771826, 0.290406, -0.00773372, 0.00824657, -0.999936, 0.84952, 0.00184143, -0.999964, -0.00826104, 1.02101, 0, 0, 0, 1
-0.999967, -0.00192281, 0.00785288, 0.290398, -0.00786872, 0.00837022, -0.999934, 0.849542, 0.00185695, -0.999963, -0.00838507, 1.02099, 0, 0, 0, 1
-0.999966, -0.00194057, 0.00798856, 0.29039, -0.00800478, 0.00849483, -0.999932, 0.849564, 0.00187257, -0.999962, -0.00851008, 1.02098, 0, 0, 0, 1
-0.999965, -0.00195846, 0.0081253, 0.290382, -0.0081419, 0.00862042, -0.99993, 0.849587, 0.00188828, -0.999961, -0.00863606, 1.02097, 0, 0, 0, 1
-0.999964, -0.0019765, 0.00826309, 0.290374, -0.00828008, 0.00874697, -0.999927, 0.849609, 0.00190408, -0.99996, -0.00876302, 1.02096, 0, 0, 0, 1
-0.999963, -0.00199468, 0.00840194, 0.290366, -0.00841933, 0.0088745, -0.999925, 0.849632, 0.00191997, -0.999959, -0.00889096, 1.02094, 0, 0, 0, 1
-0.999961, -0.002013, 0.00854185, 0.290358, -0.00855964, 0.00900299, -0.999923, 0.849655, 0.00193594, -0.999957, -0.00901987, 1.02093, 0, 0, 0, 1
-0.99996, -0.00203146, 0.00868281, 0.29035, -0.00870102, 0.00913245, -0.99992, 0.849678, 0.00195201, -0.999956, -0.00914977, 1.02091, 0, 0, 0, 1
-0.999959, -0.00205007, 0.00882482, 0.290341, -0.00884345, 0.00926288, -0.999918, 0.849702, 0.00196816, -0.999955, -0.00928063, 1.0209, 0, 0, 0, 1
-0.999958, -0.00206881, 0.0089679, 0.290333, -0.00898695, 0.00939428, -0.999915, 0.849725, 0.00198439, -0.999954, -0.00941248, 1.02089, 0, 0, 0, 1
-0.999956, -0.0020877, 0.00911202, 0.290324, -0.00913152, 0.00952665, -0.999913, 0.849749, 0.00200071, -0.999952, -0.0095453, 1.02087, 0, 0, 0, 1
-0.999955, -0.00210673, 0.00925721, 0.290316, -0.00927714, 0.00965999, -0.99991, 0.849773, 0.00201712, -0.999951, -0.0096791, 1.02086, 0, 0, 0, 1
-0.999954, -0.0021259, 0.00940344, 0.290307, -0.00942383, 0.0097943, -0.999908, 0.849797, 0.00203361, -0.99995, -0.00981388, 1.02085, 0, 0, 0, 1
-0.999952, -0.00214522, 0.00955074, 0.290299, -0.00957159, 0.00992958, -0.999905, 0.849821, 0.00205018, -0.999948, -0.00994963, 1.02083, 0, 0, 0, 1
-0.999951, -0.00216467, 0.00969909, 0.29029, -0.00972041, 0.0100658, -0.999902, 0.849845, 0.00206683, -0.999947, -0.0100864, 1.02082, 0, 0, 0, 1
-0.999949, -0.00218427, 0.00984849, 0.290281, -0.00987029, 0.010203, -0.999899, 0.84987, 0.00208357, -0.999946, -0.0102241, 1.0208, 0, 0, 0, 1
-0.999948, -0.00220401, 0.00999895, 0.290273, -0.0100212, 0.0103412, -0.999896, 0.849894, 0.00210038, -0.999944, -0.0103628, 1.02079, 0, 0, 0, 1
-0.999946, -0.0022239, 0.0101505, 0.290264, -0.0101732, 0.0104804, -0.999893, 0.849919, 0.00211728, -0.999943, -0.0105024, 1.02077, 0, 0, 0, 1
-0.999944, -0.00224392, 0.010303, 0.290255, -0.0103263, 0.0106205, -0.99989, 0.849944, 0.00213425, -0.999941, -0.0106431, 1.02076, 0, 0, 0, 1
-0.999943, -0.00226409, 0.0104567, 0.290246, -0.0104805, 0.0107616, -0.999887, 0.84997, 0.00215131, -0.99994, -0.0107847, 1.02074, 0, 0, 0, 1
-0.999941, -0.0022844, 0.0106114, 0.290237, -0.0106357, 0.0109036, -0.999884, 0.849995, 0.00216844, -0.999938, -0.0109273, 1.02073, 0, 0, 0, 1
-0.999939, -0.00230486, 0.0107671, 0.290228, -0.0107919, 0.0110467, -0.999881, 0.850021, 0.00218564, -0.999936, -0.0110709, 1.02072, 0, 0, 0, 1
-0.999938, -0.00232546, 0.0109239, 0.290219, -0.0109493, 0.0111907, -0.999877, 0.850046, 0.00220293, -0.999935, -0.0112154, 1.0207, 0, 0, 0, 1
-0.999936, -0.0023462, 0.0110817, 0.290209, -0.0111076, 0.0113356, -0.999874, 0.850072, 0.00222028, -0.999933, -0.011361, 1.02068, 0, 0, 0, 1
-0.999934, -0.00236708, 0.0112406, 0.2902, -0.0112671, 0.0114816, -0.999871, 0.850099, 0.00223771, -0.999931, -0.0115075, 1.02067, 0, 0, 0, 1
-0.999932, -0.00238811, 0.0114006, 0.290191, -0.0114276, 0.0116285, -0.999867, 0.850125, 0.00225522, -0.99993, -0.011655, 1.02065, 0, 0, 0, 1
-0.99993, -0.00240928, 0.0115616, 0.290181, -0.0115892, 0.0117763, -0.999863, 0.850151, 0.00227279, -0.999928, -0.0118034, 1.02064, 0, 0, 0, 1
-0.999928, -0.00243059, 0.0117237, 0.290172, -0.0117519, 0.0119252, -0.99986, 0.850178, 0.00229044, -0.999926, -0.0119529, 1.02062, 0, 0, 0, 1
-0.999926, -0.00245204, 0.0118868, 0.290162, -0.0119156, 0.012075, -0.999856, 0.850205, 0.00230816, -0.999924, -0.0121033, 1.02061, 0, 0, 0, 1
-0.999924, -0.00247364, 0.012051, 0.290153, -0.0120804, 0.0122258, -0.999852, 0.850232, 0.00232595, -0.999922, -0.0122547, 1.02059, 0, 0, 0, 1
-0.999922, -0.00249539, 0.0122162, 0.290143, -0.0122462, 0.0123775, -0.999848, 0.850259, 0.0023438, -0.99992, -0.0124071, 1.02058, 0, 0, 0, 1
-0.99992, -0.00251727, 0.0123825, 0.290133, -0.0124131, 0.0125302, -0.999844, 0.850286, 0.00236173, -0.999918, -0.0125605, 1.02056, 0, 0, 0, 1
-0.999918, -0.00253931, 0.0125499, 0.290124, -0.0125811, 0.0126839, -0.99984, 0.850314, 0.00237972, -0.999916, -0.0127148, 1.02054, 0, 0, 0, 1
-0.999916, -0.00256148, 0.0127183, 0.290114, -0.0127502, 0.0128386, -0.999836, 0.850342, 0.00239778, -0.999914, -0.0128701, 1.02053, 0, 0, 0, 1
-0.999914, -0.0025838, 0.0128877, 0.290104, -0.0129203, 0.0129942, -0.999832, 0.85037, 0.0024159, -0.999912, -0.0130264, 1.02051, 0, 0, 0, 1
-0.999911, -0.00260626, 0.0130583, 0.290094, -0.0130914, 0.0131508, -0.999828, 0.850398, 0.00243409, -0.99991, -0.0131837, 1.0205, 0, 0, 0, 1
-0.999909, -0.00262887, 0.0132298, 0.290084, -0.0132637, 0.0133083, -0.999823, 0.850426, 0.00245234, -0.999908, -0.013342, 1.02048, 0, 0, 0, 1
-0.999907, -0.00265162, 0.0134024, 0.290074, -0.013437, 0.0134669, -0.999819, 0.850454, 0.00247065, -0.999906, -0.0135012, 1.02046, 0, 0, 0, 1
-0.999904, -0.00267451, 0.0135761, 0.290064, -0.0136114, 0.0136264, -0.999815, 0.850483, 0.00248902, -0.999904, -0.0136615, 1.02045, 0, 0, 0, 1
-0.999902, -0.00269755, 0.0137509, 0.290053, -0.0137868, 0.0137868, -0.99981, 0.850512, 0.00250746, -0.999901, -0.0138227, 1.02043, 0, 0, 0, 1
-0.999899, -0.00272074, 0.0139267, 0.290043, -0.0139633, 0.0139483, -0.999805, 0.850541, 0.00252595, -0.999899, -0.0139848, 1.02041, 0, 0, 0, 1
-0.999897, -0.00274407, 0.0141035, 0.290033, -0.0141409, 0.0141107, -0.9998, 0.85057, 0.00254451, -0.999897, -0.014148, 1.0204, 0, 0, 0, 1
-0.999894, -0.00276754, 0.0142814, 0.290022, -0.0143195, 0.014274, -0.999796, 0.850599, 0.00256312, -0.999894, -0.0143121, 1.02038, 0, 0, 0, 1
-0.999892, -0.00279116, 0.0144604, 0.290012, -0.0144992, 0.0144384, -0.999791, 0.850628, 0.00258179, -0.999892, -0.0144773, 1.02036, 0, 0, 0, 1
-0.999889, -0.00281492, 0.0146404, 0.290001, -0.01468, 0.0146037, -0.999786, 0.850658, 0.00260051, -0.999889, -0.0146434, 1.02035, 0, 0, 0, 1
-0.999886, -0.00283883, 0.0148214, 0.289991, -0.0148618, 0.0147699, -0.99978, 0.850688, 0.00261929, -0.999887, -0.0148104, 1.02033, 0, 0, 0, 1
-0.999883, -0.00286288, 0.0150036, 0.28998, -0.0150447, 0.0149372, -0.999775, 0.850718, 0.00263813, -0.999884, -0.0149785, 1.02031, 0, 0, 0, 1
-0.999881, -0.00288708, 0.0151867, 0.289969, -0.0152287, 0.0151054, -0.99977, 0.850748, 0.00265701, -0.999882, -0.0151476, 1.02029, 0, 0, 0, 1
-0.999878, -0.00291142, 0.015371, 0.289959, -0.0154137, 0.0152746, -0.999765, 0.850778, 0.00267595, -0.999879, -0.0153176, 1.02028, 0, 0, 0, 1
-0.999875, -0.00293591, 0.0155563, 0.289948, -0.0155998, 0.0154447, -0.999759, 0.850809, 0.00269494, -0.999876, -0.0154886, 1.02026, 0, 0, 0, 1
-0.999872, -0.00296055, 0.0157426, 0.289937, -0.015787, 0.0156158, -0.999753, 0.85084, 0.00271398, -0.999874, -0.0156606, 1.02024, 0, 0, 0, 1
-0.999869, -0.00298533, 0.01593, 0.289926, -0.0159752, 0.0157879, -0.999748, 0.85087, 0.00273307, -0.999871, -0.0158335, 1.02022, 0, 0, 0, 1
-0.999866, -0.00301025, 0.0161185, 0.289915, -0.0161645, 0.015961, -0.999742, 0.850902, 0.00275221, -0.999868, -0.0160075, 1.02021, 0, 0, 0, 1
-0.999862, -0.00303532, 0.016308, 0.289904, -0.0163549, 0.016135, -0.999736, 0.850933, 0.00277139, -0.999865, -0.0161824, 1.02019, 0, 0, 0, 1
-0.999859, -0.00306054, 0.0164985, 0.289893, -0.0165463, 0.01631, -0.99973, 0.850964, 0.00279063, -0.999862, -0.0163583, 1.02017, 0, 0, 0, 1
-0.999856, -0.00308591, 0.0166901, 0.289881, -0.0167388, 0.0164859, -0.999724, 0.850996, 0.0028099, -0.999859, -0.0165352, 1.02015, 0, 0, 0, 1
-0.999853, -0.00311142, 0.0168828, 0.28987, -0.0169324, 0.0166629, -0.999718, 0.851027, 0.00282922, -0.999856, -0.0167131, 1.02013, 0, 0, 0, 1
-0.999849, -0.00313707, 0.0170765, 0.289859, -0.017127, 0.0168407, -0.999711, 0.851059, 0.00284858, -0.999853, -0.0168919, 1.02012, 0, 0, 0, 1
-0.999846, -0.00316287, 0.0172713, 0.289847, -0.0173227, 0.0170196, -0.999705, 0.851092, 0.00286799, -0.99985, -0.0170718, 1.0201, 0, 0, 0, 1
-0.999842, -0.00318882, 0.0174672, 0.289836, -0.0175195, 0.0171994, -0.999699, 0.851124, 0.00288743, -0.999847, -0.0172526, 1.02008, 0, 0, 0, 1
-0.999839, -0.00321492, 0.0176641, 0.289824, -0.0177173, 0.0173802, -0.999692, 0.851156, 0.00290692, -0.999844, -0.0174344, 1.02006, 0, 0, 0, 1
-0.999835, -0.00324116, 0.017862, 0.289813, -0.0179163, 0.017562, -0.999685, 0.851189, 0.00292645, -0.999841, -0.0176172, 1.02004, 0, 0, 0, 1
-0.999832, -0.00326755, 0.018061, 0.289801, -0.0181162, 0.0177447, -0.999678, 0.851222, 0.00294601, -0.999837, -0.0178009, 1.02002, 0, 0, 0, 1
-0.999828, -0.00329408, 0.0182611, 0.289789, -0.0183173, 0.0179284, -0.999671, 0.851255, 0.00296561, -0.999834, -0.0179857, 1.02, 0, 0, 0, 1
-0.999824, -0.00332076, 0.0184622, 0.289778, -0.0185194, 0.0181131, -0.999664, 0.851288, 0.00298524, -0.99983, -0.0181714, 1.01998, 0, 0, 0, 1
-0.99982, -0.00334759, 0.0186643, 0.289766, -0.0187226, 0.0182987, -0.999657, 0.851321, 0.00300491, -0.999827, -0.0183581, 1.01997, 0, 0, 0, 1
-0.999816, -0.00337457, 0.0188676, 0.289754, -0.0189268, 0.0184853, -0.99965, 0.851355, 0.00302461, -0.999823, -0.0185458, 1.01995, 0, 0, 0, 1
-0.999812, -0.00340169, 0.0190718, 0.289742, -0.0191321, 0.0186729, -0.999643, 0.851389, 0.00304435, -0.99982, -0.0187345, 1.01993, 0, 0, 0, 1
-0.999808, -0.00342896, 0.0192772, 0.28973, -0.0193385, 0.0188614, -0.999635, 0.851422, 0.00306412, -0.999816, -0.0189241, 1.01991, 0, 0, 0, 1
-0.999804, -0.00345638, 0.0194836, 0.289718, -0.019546, 0.0190509, -0.999627, 0.851456, 0.00308391, -0.999813, -0.0191148, 1.01989, 0, 0, 0, 1
-0.9998, -0.00348395, 0.019691, 0.289705, -0.0197545, 0.0192414, -0.99962, 0.851491, 0.00310374, -0.999809, -0.0193064, 1.01987, 0, 0, 0, 1
-0.999796, -0.00351166, 0.0198995, 0.289693, -0.0199641, 0.0194328, -0.999612, 0.851525, 0.0031236, -0.999805, -0.019499, 1.01985, 0, 0, 0, 1
-0.999792, -0.00353952, 0.020109, 0.289681, -0.0201747, 0.0196252, -0.999604, 0.85156, 0.00314348, -0.999801, -0.0196926, 1.01983, 0, 0, 0, 1
-0.999787, -0.00356753, 0.0203196, 0.289669, -0.0203865, 0.0198186, -0.999596, 0.851594, 0.00316338, -0.999797, -0.0198871, 1.01981, 0, 0, 0, 1
-0.999783, -0.00359569, 0.0205313, 0.289656, -0.0205993, 0.020013, -0.999587, 0.851629, 0.00318332, -0.999793, -0.0200827, 1.01979, 0, 0, 0, 1
-0.999778, -0.003624, 0.020744, 0.289644, -0.0208131, 0.0202083, -0.999579, 0.851665, 0.00320327, -0.999789, -0.0202792, 1.01977, 0, 0, 0, 1
-0.999774, -0.00365245, 0.0209578, 0.289631, -0.0210281, 0.0204045, -0.999571, 0.8517, 0.00322325, -0.999785, -0.0204767, 1.01975, 0, 0, 0, 1
-0.999769, -0.00368105, 0.0211726, 0.289618, -0.0212441, 0.0206018, -0.999562, 0.851735, 0.00324325, -0.999781, -0.0206752, 1.01973, 0, 0, 0, 1
-0.999764, -0.00370981, 0.0213885, 0.289606, -0.0214611, 0.0208, -0.999553, 0.851771, 0.00326327, -0.999777, -0.0208747, 1.01971, 0, 0, 0, 1
-0.99976, -0.0037387, 0.0216054, 0.289593, -0.0216793, 0.0209992, -0.999544, 0.851807, 0.00328331, -0.999773, -0.0210752, 1.01969, 0, 0, 0, 1
-0.999755, -0.00376775, 0.0218234, 0.28958, -0.0218985, 0.0211993, -0.999535, 0.851843, 0.00330336, -0.999768, -0.0212766, 1.01967, 0, 0, 0, 1
-0.99975, -0.00379695, 0.0220424, 0.289567, -0.0221188, 0.0214004, -0.999526, 0.851879, 0.00332343, -0.999764, -0.0214791, 1.01965, 0, 0, 0, 1
-0.999745, -0.0038263, 0.0222625, 0.289554, -0.0223401, 0.0216025, -0.999517, 0.851915, 0.00334352, -0.999759, -0.0216825, 1.01963, 0, 0, 0, 1
-0.99974, -0.00385579, 0.0224837, 0.289541, -0.0225625, 0.0218056, -0.999508, 0.851952, 0.00336363, -0.999755, -0.0218869, 1.01961, 0, 0, 0, 1
-0.999735, -0.00388544, 0.0227059, 0.289528, -0.022786, 0.0220096, -0.999498, 0.851989, 0.00338374, -0.99975, -0.0220923, 1.01959, 0, 0, 0, 1
-0.999729, -0.00391523, 0.0229291, 0.289515, -0.0230106, 0.0222146, -0.999488, 0.852025, 0.00340387, -0.999746, -0.0222986, 1.01957, 0, 0, 0, 1
-0.999724, -0.00394518, 0.0231534, 0.289502, -0.0232362, 0.0224205, -0.999479, 0.852063, 0.00342401, -0.999741, -0.022506, 1.01955, 0, 0, 0, 1
-0.999719, -0.00397527, 0.0233788, 0.289489, -0.0234629, 0.0226274, -0.999469, 0.8521, 0.00344415, -0.999736, -0.0227143, 1.01952, 0, 0, 0, 1
-0.999713, -0.00400551, 0.0236052, 0.289475, -0.0236907, 0.0228353, -0.999459, 0.852137, 0.00346431, -0.999731, -0.0229236, 1.0195, 0, 0, 0, 1
-0.999708, -0.0040359, 0.0238327, 0.289462, -0.0239195, 0.0230441, -0.999448, 0.852175, 0.00348447, -0.999726, -0.0231339, 1.01948, 0, 0, 0, 1
-0.999702, -0.00406645, 0.0240612, 0.289449, -0.0241494, 0.023254, -0.999438, 0.852213, 0.00350464, -0.999721, -0.0233452, 1.01946, 0, 0, 0, 1
-0.999697, -0.00409714, 0.0242908, 0.289435, -0.0243804, 0.0234647, -0.999427, 0.852251, 0.00352482, -0.999716, -0.0235575, 1.01944, 0, 0, 0, 1
-0.999691, -0.00412798, 0.0245214, 0.289422, -0.0246125, 0.0236765, -0.999417, 0.852289, 0.00354499, -0.999711, -0.0237708, 1.01942, 0, 0, 0, 1
-0.999685, -0.00415898, 0.0247531, 0.289408, -0.0248456, 0.0238892, -0.999406, 0.852327, 0.00356517, -0.999706, -0.023985, 1.0194, 0, 0, 0, 1
-0.999679, -0.00419012, 0.0249859, 0.289394, -0.0250798, 0.0241029, -0.999395, 0.852366, 0.00358535, -0.999701, -0.0242002, 1.01937, 0, 0, 0, 1
-0.999673, -0.00422142, 0.0252196, 0.28938, -0.025315, 0.0243175, -0.999384, 0.852404, 0.00360553, -0.999695, -0.0244164, 1.01935, 0, 0, 0, 1
-0.999667, -0.00425286, 0.0254545, 0.289367, -0.0255514, 0.0245331, -0.999372, 0.852443, 0.00362571, -0.99969, -0.0246336, 1.01933, 0, 0, 0, 1
-0.999661, -0.00428446, 0.0256904, 0.289353, -0.0257888, 0.0247497, -0.999361, 0.852482, 0.00364589, -0.999684, -0.0248518, 1.01931, 0, 0, 0, 1
-0.999655, -0.0043162, 0.0259274, 0.289339, -0.0260272, 0.0249673, -0.999349, 0.852521, 0.00366606, -0.999679, -0.025071, 1.01929, 0, 0, 0, 1
-0.999648, -0.0043481, 0.0261654, 0.289325, -0.0262668, 0.0251858, -0.999338, 0.852561, 0.00368623, -0.999673, -0.0252911, 1.01927, 0, 0, 0, 1
-0.999642, -0.00438015, 0.0264044, 0.289311, -0.0265074, 0.0254053, -0.999326, 0.8526, 0.00370639, -0.999668, -0.0255123, 1.01924, 0, 0, 0, 1
-0.999635, -0.00441235, 0.0266445, 0.289297, -0.0267491, 0.0256257, -0.999314, 0.85264, 0.00372654, -0.999662, -0.0257344, 1.01922, 0, 0, 0, 1
-0.999629, -0.00444471, 0.0268857, 0.289282, -0.0269918, 0.0258471, -0.999301, 0.85268, 0.00374668, -0.999656, -0.0259575, 1.0192, 0, 0, 0, 1
-0.999622, -0.00447721, 0.0271279, 0.289268, -0.0272357, 0.0260695, -0.999289, 0.85272, 0.00376682, -0.99965, -0.0261816, 1.01918, 0, 0, 0, 1
-0.999615, -0.00450987, 0.0273712, 0.289254, -0.0274806, 0.0262928, -0.999276, 0.85276, 0.00378694, -0.999644, -0.0264067, 1.01915, 0, 0, 0, 1
-0.999608, -0.00454267, 0.0276155, 0.289239, -0.0277265, 0.0265172, -0.999264, 0.852801, 0.00380704, -0.999638, -0.0266327, 1.01913, 0, 0, 0, 1
-0.999601, -0.00457563, 0.0278609, 0.289225, -0.0279736, 0.0267424, -0.999251, 0.852841, 0.00382714, -0.999632, -0.0268598, 1.01911, 0, 0, 0, 1
-0.999594, -0.00460874, 0.0281074, 0.28921, -0.0282217, 0.0269687, -0.999238, 0.852882, 0.00384721, -0.999626, -0.0270878, 1.01909, 0, 0, 0, 1
-0.999587, -0.00464201, 0.0283549, 0.289196, -0.0284709, 0.0271959, -0.999225, 0.852923, 0.00386727, -0.999619, -0.0273168, 1.01906, 0, 0, 0, 1
-0.99958, -0.00467543, 0.0286034, 0.289181, -0.0287211, 0.0274241, -0.999211, 0.852964, 0.00388732, -0.999613, -0.0275468, 1.01904, 0, 0, 0, 1
-0.999573, -0.00470899, 0.028853, 0.289166, -0.0289724, 0.0276532, -0.999198, 0.853006, 0.00390734, -0.999606, -0.0277778, 1.01902, 0, 0, 0, 1
-0.999565, -0.00474272, 0.0291036, 0.289152, -0.0292248, 0.0278833, -0.999184, 0.853047, 0.00392734, -0.9996, -0.0280098, 1.01899, 0, 0, 0, 1
-0.999558, -0.00477659, 0.0293553, 0.289137, -0.0294783, 0.0281144, -0.99917, 0.853089, 0.00394732, -0.999593, -0.0282427, 1.01897, 0, 0, 0, 1
-0.99955, -0.00481062, 0.0296081, 0.289122, -0.0297329, 0.0283464, -0.999156, 0.853131, 0.00396728, -0.999587, -0.0284767, 1.01895, 0, 0, 0, 1
-0.999542, -0.0048448, 0.0298619, 0.289107, -0.0299885, 0.0285794, -0.999142, 0.853173, 0.00398721, -0.99958, -0.0287116, 1.01892, 0, 0, 0, 1
-0.999534, -0.00487913, 0.0301168, 0.289092, -0.0302451, 0.0288134, -0.999127, 0.853215, 0.00400711, -0.999573, -0.0289475, 1.0189, 0, 0, 0, 1
-0.999527, -0.00491362, 0.0303727, 0.289077, -0.0305029, 0.0290483, -0.999112, 0.853258, 0.00402699, -0.999566, -0.0291844, 1.01888, 0, 0, 0, 1
-0.999519, -0.00494826, 0.0306297, 0.289061, -0.0307617, 0.0292842, -0.999098, 0.8533, 0.00404683, -0.999559, -0.0294223, 1.01885, 0, 0, 0, 1
-0.99951, -0.00498306, 0.0308877, 0.289046, -0.0310216, 0.0295211, -0.999083, 0.853343, 0.00406665, -0.999552, -0.0296612, 1.01883, 0, 0, 0, 1
-0.999502, -0.00501801, 0.0311467, 0.289031, -0.0312826, 0.0297589, -0.999067, 0.853386, 0.00408643, -0.999545, -0.0299011, 1.01881, 0, 0, 0, 1
-0.999494, -0.00505311, 0.0314069, 0.289016, -0.0315446, 0.0299977, -0.999052, 0.853429, 0.00410618, -0.999537, -0.0301419, 1.01878, 0, 0, 0, 1
-0.999485, -0.00508836, 0.031668, 0.289, -0.0318078, 0.0302375, -0.999037, 0.853473, 0.0041259, -0.99953, -0.0303838, 1.01876, 0, 0, 0, 1
-0.999477, -0.00512377, 0.0319303, 0.288985, -0.0320719, 0.0304782, -0.999021, 0.853516, 0.00414558, -0.999522, -0.0306266, 1.01873, 0, 0, 0, 1
-0.999468, -0.00515934, 0.0321936, 0.288969, -0.0323372, 0.0307199, -0.999005, 0.85356, 0.00416522, -0.999515, -0.0308704, 1.01871, 0, 0, 0, 1
-0.99946, -0.00519506, 0.0324579, 0.288953, -0.0326035, 0.0309625, -0.998989, 0.853604, 0.00418483, -0.999507, -0.0311152, 1.01869, 0, 0, 0, 1
-0.999451, -0.00523093, 0.0327233, 0.288938, -0.0328709, 0.0312062, -0.998972, 0.853648, 0.00420439, -0.999499, -0.031361, 1.01866, 0, 0, 0, 1
-0.999442, -0.00526696, 0.0329897, 0.288922, -0.0331394, 0.0314507, -0.998956, 0.853692, 0.00422391, -0.999491, -0.0316077, 1.01864, 0, 0, 0, 1
-0.999433, -0.00530315, 0.0332572, 0.288906, -0.033409, 0.0316963, -0.998939, 0.853736, 0.00424339, -0.999483, -0.0318555, 1.01861, 0, 0, 0, 1
-0.999424, -0.00533949, 0.0335258, 0.28889, -0.0336796, 0.0319428, -0.998922, 0.853781, 0.00426282, -0.999475, -0.0321042, 1.01859, 0, 0, 0, 1
-0.999414, -0.00537598, 0.0337953, 0.288874, -0.0339513, 0.0321903, -0.998905, 0.853826, 0.00428221, -0.999467, -0.0323539, 1.01856, 0, 0, 0, 1
-0.999405, -0.00541263, 0.034066, 0.288858, -0.034224, 0.0324387, -0.998888, 0.853871, 0.00430155, -0.999459, -0.0326047, 1.01854, 0, 0, 0, 1
-0.999395, -0.00544943, 0.0343377, 0.288842, -0.0344979, 0.0326881, -0.99887, 0.853916, 0.00432084, -0.999451, -0.0328564, 1.01851, 0, 0, 0, 1
-0.999386, -0.0054864, 0.0346104, 0.288826, -0.0347728, 0.0329385, -0.998852, 0.853961, 0.00434008, -0.999442, -0.0331091, 1.01849, 0, 0, 0, 1
-0.999376, -0.00552351, 0.0348842, 0.28881, -0.0350488, 0.0331898, -0.998834, 0.854006, 0.00435927, -0.999434, -0.0333627, 1.01846, 0, 0, 0, 1
-0.999366, -0.00556079, 0.0351591, 0.288794, -0.0353258, 0.0334421, -0.998816, 0.854052, 0.00437841, -0.999425, -0.0336174, 1.01844, 0, 0, 0, 1
-0.999356, -0.00559821, 0.035435, 0.288777, -0.035604, 0.0336954, -0.998798, 0.854098, 0.00439749, -0.999416, -0.033873, 1.01841, 0, 0, 0, 1
-0.999346, -0.0056358, 0.035712, 0.288761, -0.0358832, 0.0339496, -0.998779, 0.854144, 0.00441651, -0.999408, -0.0341297, 1.01839, 0, 0, 0, 1
-0.999336, -0.00567354, 0.03599, 0.288744, -0.0361634, 0.0342048, -0.99876, 0.85419, 0.00443548, -0.999399, -0.0343873, 1.01836, 0, 0, 0, 1
-0.999326, -0.00571144, 0.036269, 0.288728, -0.0364448, 0.034461, -0.998741, 0.854237, 0.00445438, -0.99939, -0.0346459, 1.01834, 0, 0, 0, 1
-0.999315, -0.00574949, 0.0365491, 0.288711, -0.0367272, 0.0347181, -0.998722, 0.854283, 0.00447323, -0.999381, -0.0349055, 1.01831, 0, 0, 0, 1
-0.999305, -0.0057877, 0.0368303, 0.288695, -0.0370107, 0.0349762, -0.998703, 0.85433, 0.00449201, -0.999371, -0.0351661, 1.01829, 0, 0, 0, 1
-0.999294, -0.00582607, 0.0371125, 0.288678, -0.0372953, 0.0352353, -0.998683, 0.854377, 0.00451073, -0.999362, -0.0354277, 1.01826, 0, 0, 0, 1
-0.999283, -0.0058646, 0.0373958, 0.288661, -0.0375809, 0.0354953, -0.998663, 0.854424, 0.00452938, -0.999353, -0.0356902, 1.01824, 0, 0, 0, 1
-0.999272, -0.00590328, 0.0376801, 0.288644, -0.0378676, 0.0357563, -0.998643, 0.854471, 0.00454797, -0.999343, -0.0359538, 1.01821, 0, 0, 0, 1
-0.999261, -0.00594212, 0.0379655, 0.288627, -0.0381554, 0.0360182, -0.998622, 0.854519, 0.00456649, -0.999333, -0.0362183, 1.01819, 0, 0, 0, 1
-0.99925, -0.00598112, 0.0382519, 0.28861, -0.0384442, 0.0362811, -0.998602, 0.854566, 0.00458494, -0.999324, -0.0364838, 1.01816, 0, 0, 0, 1
-0.999239, -0.00602028, 0.0385394, 0.288593, -0.0387342, 0.036545, -0.998581, 0.854614, 0.00460331, -0.999314, -0.0367504, 1.01813, 0, 0, 0, 1
-0.999228, -0.00605959, 0.0388279, 0.288576, -0.0390252, 0.0368098, -0.99856, 0.854662, 0.00462162, -0.999304, -0.0370178, 1.01811, 0, 0, 0, 1
-0.999216, -0.00609906, 0.0391175, 0.288559, -0.0393172, 0.0370756, -0.998539, 0.85471, 0.00463985, -0.999294, -0.0372863, 1.01808, 0, 0, 0, 1
-0.999204, -0.00613869, 0.0394081, 0.288542, -0.0396104, 0.0373424, -0.998517, 0.854759, 0.004658, -0.999284, -0.0375558, 1.01806, 0, 0, 0, 1
