-0.999999, -0.000797434, -0.000797196, 0.290901, 0.000796858, 0.000424669, -1, 0.848124, 0.000797772, -1, -0.000424033, 1.02183, 0, 0, 0, 1
-0.999999, -0.000797355, -0.000797458, 0.290901, 0.000797119, 0.000425223, -1, 0.848124, 0.000797694, -1, -0.000424587, 1.02183, 0, 0, 0, 1
-0.999999, -0.000797118, -0.000798243, 0.290901, 0.000797903, 0.000426886, -1, 0.848125, 0.000797458, -1, -0.000426249, 1.02183, 0, 0, 0, 1
-0.999999, -0.000796722, -0.000799553, 0.290901, 0.000799211, 0.000429657, -1, 0.848125, 0.000797065, -1, -0.00042902, 1.02183, 0, 0, 0, 1
-0.999999, -0.000796168, -0.000801386, 0.290901, 0.000801041, 0.000433536, -1, 0.848126, 0.000796515, -1, -0.000432898, 1.02183, 0, 0, 0, 1
-0.999999, -0.000795456, -0.000803742, 0.290901, 0.000803394, 0.000438524, -1, 0.848127, 0.000795808, -1, -0.000437885, 1.02183, 0, 0, 0, 1
-0.999999, -0.000794585, -0.000806623, 0.290901, 0.00080627, 0.000444621, -1, 0.848128, 0.000794943, -1, -0.00044398, 1.02183, 0, 0, 0, 1
-0.999999, -0.000793556, -0.000810027, 0.290901, 0.000809669, 0.000451826, -1, 0.848129, 0.000793922, -1, -0.000451183, 1.02183, 0, 0, 0, 1
-0.999999, -0.000792369, -0.000813955, 0.290901, 0.00081359, 0.000460139, -1, 0.84813, 0.000792743, -1, -0.000459494, 1.02183, 0, 0, 0, 1
-0.999999, -0.000791024, -0.000818406, 0.290901, 0.000818035, 0.000469561, -1, 0.848132, 0.000791408, -1, -0.000468913, 1.02183, 0, 0, 0, 1
-0.999999, -0.00078952, -0.000823382, 0.290901, 0.000823003, 0.000480091, -1, 0.848134, 0.000789915, -1, -0.000479441, 1.02183, 0, 0, 0, 1
-0.999999, -0.000787858, -0.000828881, 0.290901, 0.000828494, 0.000491729, -1, 0.848136, 0.000788265, -1, -0.000491076, 1.02183, 0, 0, 0, 1
-0.999999, -0.000786038, -0.000834904, 0.290901, 0.000834507, 0.000504476, -1, 0.848138, 0.000786459, -1, -0.00050382, 1.02183, 0, 0, 0, 1
-0.999999, -0.000784059, -0.00084145, 0.290901, 0.000841044, 0.000518332, -1, 0.84814, 0.000784495, -1, -0.000517672, 1.02183, 0, 0, 0, 1
-0.999999, -0.000781923, -0.00084852, 0.290901, 0.000848103, 0.000533296, -0.999999, 0.848143, 0.000782375, -1, -0.000532632, 1.02183, 0, 0, 0, 1
-0.999999, -0.000779628, -0.000856114, 0.290901, 0.000855686, 0.000549368, -0.999999, 0.848146, 0.000780098, -1, -0.000548701, 1.02183, 0, 0, 0, 1
-0.999999, -0.000777175, -0.000864232, 0.290901, 0.000863791, 0.000566549, -0.999999, 0.848149, 0.000777664, -1, -0.000565877, 1.02183, 0, 0, 0, 1
-0.999999, -0.000774564, -0.000872873, 0.290901, 0.00087242, 0.000584839, -0.999999, 0.848152, 0.000775074, -1, -0.000584162, 1.02183, 0, 0, 0, 1
-0.999999, -0.000771794, -0.000882038, 0.290901, 0.000881572, 0.000604236, -0.999999, 0.848155, 0.000772327, -1, -0.000603555, 1.02182, 0, 0, 0, 1
-0.999999, -0.000768867, -0.000891727, 0.290902, 0.000891246, 0.000624742, -0.999999, 0.848159, 0.000769423, -1, -0.000624057, 1.02182, 0, 0, 0, 1
-0.999999, -0.000765781, -0.000901939, 0.290902, 0.000901444, 0.000646357, -0.999999, 0.848163, 0.000766364, -0.999999, -0.000645666, 1.02182, 0, 0, 0, 1
-0.999999, -0.000762537, -0.000912675, 0.290902, 0.000912165, 0.00066908, -0.999999, 0.848167, 0.000763147, -0.999999, -0.000668384, 1.02182, 0, 0, 0, 1
-0.999999, -0.000759135, -0.000923935, 0.290902, 0.000923409, 0.000692912, -0.999999, 0.848171, 0.000759775, -0.999999, -0.00069221, 1.02182, 0, 0, 0, 1
-0.999999, -0.000755575, -0.000935719, 0.290902, 0.000935176, 0.000717852, -0.999999, 0.848175, 0.000756246, -0.999999, -0.000717145, 1.02182, 0, 0, 0, 1
-0.999999, -0.000751857, -0.000948026, 0.290902, 0.000947467, 0.0007439, -0.999999, 0.84818, 0.000752562, -0.999999, -0.000743188, 1.02182, 0, 0, 0, 1
-0.999999, -0.000747981, -0.000960857, 0.290902, 0.00096028, 0.000771057, -0.999999, 0.848184, 0.000748721, -0.999999, -0.000770339, 1.02182, 0, 0, 0, 1
-0.999999, -0.000743946, -0.000974212, 0.290902, 0.000973617, 0.000799323, -0.999999, 0.848189, 0.000744724, -0.999999, -0.000798598, 1.02181, 0, 0, 0, 1
-0.999999, -0.000739754, -0.00098809, 0.290902, 0.000987477, 0.000828697, -0.999999, 0.848194, 0.000740572, -0.999999, -0.000827966, 1.02181, 0, 0, 0, 1
-0.999999, -0.000735404, -0.00100249, 0.290902, 0.00100186, 0.000859179, -0.999999, 0.8482, 0.000736264, -0.999999, -0.000858442, 1.02181, 0, 0, 0, 1
-0.999999, -0.000730895, -0.00101742, 0.290902, 0.00101677, 0.00089077, -0.999999, 0.848205, 0.000731801, -0.999999, -0.000890026, 1.02181, 0, 0, 0, 1
-0.999999, -0.000726229, -0.00103287, 0.290902, 0.0010322, 0.00092347, -0.999999, 0.848211, 0.000727182, -0.999999, -0.000922719, 1.02181, 0, 0, 0, 1
-0.999999, -0.000721405, -0.00104884, 0.290902, 0.00104815, 0.000957277, -0.999999, 0.848217, 0.000722408, -0.999999, -0.000956521, 1.0218, 0, 0, 0, 1
-0.999999, -0.000716422, -0.00106534, 0.290902, 0.00106463, 0.000992194, -0.999999, 0.848223, 0.000717479, -0.999999, -0.00099143, 1.0218, 0, 0, 0, 1
-0.999999, -0.000711282, -0.00108236, 0.290902, 0.00108163, 0.00102822, -0.999999, 0.848229, 0.000712394, -0.999999, -0.00102745, 1.0218, 0, 0, 0, 1
-0.999999, -0.000705984, -0.0010999, 0.290903, 0.00109915, 0.00106535, -0.999999, 0.848236, 0.000707155, -0.999999, -0.00106458, 1.0218, 0, 0, 0, 1
-0.999999, -0.000700528, -0.00111797, 0.290903, 0.0011172, 0.00110359, -0.999999, 0.848242, 0.000701761, -0.999999, -0.00110281, 1.0218, 0, 0, 0, 1
-0.999999, -0.000694915, -0.00113656, 0.290903, 0.00113577, 0.00114294, -0.999999, 0.848249, 0.000696213, -0.999999, -0.00114215, 1.02179, 0, 0, 0, 1
-0.999999, -0.000689143, -0.00115568, 0.290903, 0.00115486, 0.0011834, -0.999999, 0.848256, 0.00069051, -0.999999, -0.00118261, 1.02179, 0, 0, 0, 1
-0.999999, -0.000683214, -0.00117532, 0.290903, 0.00117448, 0.00122497, -0.999999, 0.848263, 0.000684653, -0.999999, -0.00122417, 1.02179, 0, 0, 0, 1
-0.999999, -0.000677127, -0.00119548, 0.290903, 0.00119462, 0.00126765, -0.999998, 0.848271, 0.000678642, -0.999999, -0.00126684, 1.02179, 0, 0, 0, 1
-0.999999, -0.000670882, -0.00121617, 0.290903, 0.00121529, 0.00131143, -0.999998, 0.848278, 0.000672476, -0.999999, -0.00131061, 1.02178, 0, 0, 0, 1
-0.999999, -0.00066448, -0.00123738, 0.290903, 0.00123648, 0.00135632, -0.999998, 0.848286, 0.000666157, -0.999999, -0.0013555, 1.02178, 0, 0, 0, 1
-0.999999, -0.00065792, -0.00125911, 0.290903, 0.00125819, 0.00140233, -0.999998, 0.848294, 0.000659685, -0.999999, -0.0014015, 1.02178, 0, 0, 0, 1
-0.999999, -0.000651203, -0.00128137, 0.290903, 0.00128043, 0.00144944, -0.999998, 0.848302, 0.000653059, -0.999999, -0.0014486, 1.02178, 0, 0, 0, 1
-0.999999, -0.000644327, -0.00130415, 0.290904, 0.00130319, 0.00149765, -0.999998, 0.848311, 0.000646279, -0.999999, -0.00149681, 1.02177, 0, 0, 0, 1
-0.999999, -0.000637295, -0.00132746, 0.290904, 0.00132647, 0.00154698, -0.999998, 0.848319, 0.000639347, -0.999999, -0.00154613, 1.02177, 0, 0, 0, 1
-0.999999, -0.000630104, -0.00135129, 0.290904, 0.00135028, 0.00159742, -0.999998, 0.848328, 0.000632261, -0.999999, -0.00159656, 1.02177, 0, 0, 0, 1
-0.999999, -0.000622757, -0.00137564, 0.290904, 0.00137461, 0.00164896, -0.999998, 0.848337, 0.000625023, -0.999998, -0.0016481, 1.02177, 0, 0, 0, 1
-0.999999, -0.000615251, -0.00140052, 0.290904, 0.00139947, 0.00170161, -0.999998, 0.848346, 0.000617633, -0.999998, -0.00170075, 1.02176, 0, 0, 0, 1
-0.999999, -0.000607589, -0.00142592, 0.290904, 0.00142485, 0.00175537, -0.999997, 0.848356, 0.00061009, -0.999998, -0.00175451, 1.02176, 0, 0, 0, 1
-0.999999, -0.000599769, -0.00145184, 0.290904, 0.00145075, 0.00181024, -0.999997, 0.848365, 0.000602395, -0.999998, -0.00180937, 1.02176, 0, 0, 0, 1
-0.999999, -0.000591791, -0.00147829, 0.290904, 0.00147718, 0.00186622, -0.999997, 0.848375, 0.000594548, -0.999998, -0.00186535, 1.02175, 0, 0, 0, 1
-0.999999, -0.000583657, -0.00150526, 0.290905, 0.00150413, 0.00192331, -0.999997, 0.848385, 0.00058655, -0.999998, -0.00192243, 1.02175, 0, 0, 0, 1
-0.999999, -0.000575365, -0.00153275, 0.290905, 0.00153161, 0.0019815, -0.999997, 0.848395, 0.0005784, -0.999998, -0.00198062, 1.02175, 0, 0, 0, 1
-0.999999, -0.000566916, -0.00156077, 0.290905, 0.00155961, 0.00204081, -0.999997, 0.848405, 0.000570099, -0.999998, -0.00203992, 1.02174, 0, 0, 0, 1
-0.999999, -0.000558309, -0.00158931, 0.290905, 0.00158814, 0.00210122, -0.999997, 0.848416, 0.000561647, -0.999998, -0.00210033, 1.02174, 0, 0, 0, 1
-0.999999, -0.000549546, -0.00161838, 0.290905, 0.00161719, 0.00216274, -0.999996, 0.848427, 0.000553044, -0.999998, -0.00216185, 1.02174, 0, 0, 0, 1
-0.999998, -0.000540625, -0.00164797, 0.290905, 0.00164676, 0.00222537, -0.999996, 0.848437, 0.000544291, -0.999997, -0.00222448, 1.02173, 0, 0, 0, 1
-0.999998, -0.000531548, -0.00167808, 0.290905, 0.00167686, 0.00228911, -0.999996, 0.848449, 0.000535387, -0.999997, -0.00228822, 1.02173, 0, 0, 0, 1
-0.999998, -0.000522313, -0.00170872, 0.290906, 0.00170749, 0.00235396, -0.999996, 0.84846, 0.000526333, -0.999997, -0.00235306, 1.02173, 0, 0, 0, 1
-0.999998, -0.000512922, -0.00173988, 0.290906, 0.00173864, 0.00241991, -0.999996, 0.848471, 0.00051713, -0.999997, -0.00241902, 1.02172, 0, 0, 0, 1
-0.999998, -0.000503373, -0.00177157, 0.290906, 0.00177031, 0.00248698, -0.999995, 0.848483, 0.000507777, -0.999997, -0.00248608, 1.02172, 0, 0, 0, 1
-0.999998, -0.000493668, -0.00180378, 0.290906, 0.00180251, 0.00255515, -0.999995, 0.848495, 0.000498275, -0.999997, -0.00255426, 1.02172, 0, 0, 0, 1
-0.999998, -0.000483806, -0.00183651, 0.290906, 0.00183523, 0.00262443, -0.999995, 0.848507, 0.000488623, -0.999996, -0.00262354, 1.02171, 0, 0, 0, 1
-0.999998, -0.000473787, -0.00186976, 0.290906, 0.00186848, 0.00269482, -0.999995, 0.848519, 0.000478823, -0.999996, -0.00269393, 1.02171, 0, 0, 0, 1
-0.999998, -0.000463611, -0.00190354, 0.290906, 0.00190225, 0.00276632, -0.999994, 0.848532, 0.000468874, -0.999996, -0.00276544, 1.0217, 0, 0, 0, 1
-0.999998, -0.000453279, -0.00193785, 0.290907, 0.00193655, 0.00283893, -0.999994, 0.848544, 0.000458778, -0.999996, -0.00283805, 1.0217, 0, 0, 0, 1
-0.999998, -0.00044279, -0.00197267, 0.290907, 0.00197137, 0.00291265, -0.999994, 0.848557, 0.000448533, -0.999996, -0.00291177, 1.0217, 0, 0, 0, 1
-0.999998, -0.000432144, -0.00200802, 0.290907, 0.00200672, 0.00298747, -0.999994, 0.84857, 0.000438141, -0.999995, -0.0029866, 1.02169, 0, 0, 0, 1
-0.999998, -0.000421342, -0.0020439, 0.290907, 0.0020426, 0.0030634, -0.999993, 0.848583, 0.000427601, -0.999995, -0.00306254, 1.02169, 0, 0, 0, 1
-0.999998, -0.000410384, -0.0020803, 0.290907, 0.002079, 0.00314045, -0.999993, 0.848597, 0.000416914, -0.999995, -0.00313959, 1.02168, 0, 0, 0, 1
-0.999998, -0.000399269, -0.00211722, 0.290908, 0.00211592, 0.0032186, -0.999993, 0.84861, 0.00040608, -0.999995, -0.00321775, 1.02168, 0, 0, 0, 1
-0.999998, -0.000387998, -0.00215466, 0.290908, 0.00215337, 0.00329786, -0.999992, 0.848624, 0.0003951, -0.999994, -0.00329701, 1.02167, 0, 0, 0, 1
-0.999998, -0.00037657, -0.00219263, 0.290908, 0.00219135, 0.00337823, -0.999992, 0.848638, 0.000383974, -0.999994, -0.00337739, 1.02167, 0, 0, 0, 1
-0.999997, -0.000364986, -0.00223113, 0.290908, 0.00222985, 0.0034597, -0.999992, 0.848652, 0.000372702, -0.999994, -0.00345888, 1.02167, 0, 0, 0, 1
-0.999997, -0.000353246, -0.00227014, 0.290908, 0.00226888, 0.00354229, -0.999991, 0.848667, 0.000361284, -0.999994, -0.00354148, 1.02166, 0, 0, 0, 1
-0.999997, -0.00034135, -0.00230968, 0.290908, 0.00230843, 0.00362598, -0.999991, 0.848681, 0.000349721, -0.999993, -0.00362518, 1.02166, 0, 0, 0, 1
-0.999997, -0.000329297, -0.00234975, 0.290909, 0.00234851, 0.00371079, -0.99999, 0.848696, 0.000338013, -0.999993, -0.00371, 1.02165, 0, 0, 0, 1
-0.999997, -0.000317089, -0.00239033, 0.290909, 0.00238911, 0.0037967, -0.99999, 0.848711, 0.000326161, -0.999993, -0.00379593, 1.02165, 0, 0, 0, 1
-0.999997, -0.000304725, -0.00243145, 0.290909, 0.00243024, 0.00388372, -0.99999, 0.848726, 0.000314164, -0.999992, -0.00388297, 1.02164, 0, 0, 0, 1
-0.999997, -0.000292204, -0.00247308, 0.290909, 0.0024719, 0.00397185, -0.999989, 0.848741, 0.000302024, -0.999992, -0.00397111, 1.02164, 0, 0, 0, 1
-0.999997, -0.000279528, -0.00251524, 0.290909, 0.00251408, 0.00406109, -0.999989, 0.848757, 0.00028974, -0.999992, -0.00406037, 1.02163, 0, 0, 0, 1
-0.999997, -0.000266696, -0.00255792, 0.29091, 0.00255679, 0.00415143, -0.999988, 0.848773, 0.000277312, -0.999991, -0.00415074, 1.02163, 0, 0, 0, 1
-0.999997, -0.000253709, -0.00260113, 0.29091, 0.00260003, 0.00424289, -0.999988, 0.848789, 0.000264742, -0.999991, -0.00424221, 1.02162, 0, 0, 0, 1
-0.999996, -0.000240565, -0.00264486, 0.29091, 0.00264379, 0.00433545, -0.999987, 0.848805, 0.000252029, -0.999991, -0.0043348, 1.02162, 0, 0, 0, 1
-0.999996, -0.000227267, -0.00268911, 0.29091, 0.00268808, 0.00442913, -0.999987, 0.848821, 0.000239174, -0.99999, -0.0044285, 1.02161, 0, 0, 0, 1
-0.999996, -0.000213812, -0.00273389, 0.29091, 0.00273289, 0.00452391, -0.999986, 0.848838, 0.000226177, -0.99999, -0.00452331, 1.02161, 0, 0, 0, 1
-0.999996, -0.000200202, -0.00277919, 0.290911, 0.00277824, 0.0046198, -0.999985, 0.848854, 0.000213039, -0.999989, -0.00461922, 1.0216, 0, 0, 0, 1
-0.999996, -0.000186437, -0.00282502, 0.290911, 0.00282411, 0.0047168, -0.999985, 0.848871, 0.000199759, -0.999989, -0.00471625, 1.0216, 0, 0, 0, 1
-0.999996, -0.000172516, -0.00287136, 0.290911, 0.0028705, 0.00481491, -0.999984, 0.848888, 0.000186339, -0.999988, -0.00481439, 1.02159, 0, 0, 0, 1
-0.999996, -0.000158441, -0.00291824, 0.290911, 0.00291742, 0.00491412, -0.999984, 0.848906, 0.000172779, -0.999988, -0.00491364, 1.02159, 0, 0, 0, 1
-0.999996, -0.00014421, -0.00296563, 0.290912, 0.00296487, 0.00501445, -0.999983, 0.848923, 0.000159078, -0.999987, -0.005014, 1.02158, 0, 0, 0, 1
-0.999995, -0.000129823, -0.00301355, 0.290912, 0.00301285, 0.00511588, -0.999982, 0.848941, 0.000145238, -0.999987, -0.00511547, 1.02157, 0, 0, 0, 1
-0.999995, -0.000115282, -0.003062, 0.290912, 0.00306135, 0.00521843, -0.999982, 0.848959, 0.000131259, -0.999986, -0.00521805, 1.02157, 0, 0, 0, 1
-0.999995, -0.000100586, -0.00311096, 0.290912, 0.00311038, 0.00532208, -0.999981, 0.848977, 0.000117141, -0.999986, -0.00532174, 1.02156, 0, 0, 0, 1
-0.999995, -8.57346e-05, -0.00316045, 0.290912, 0.00315994, 0.00542684, -0.99998, 0.848995, 0.000102884, -0.999985, -0.00542654, 1.02156, 0, 0, 0, 1
-0.999995, -7.07286e-05, -0.00321047, 0.290913, 0.00321003, 0.00553271, -0.99998, 0.849013, 8.84897e-05, -0.999985, -0.00553245, 1.02155, 0, 0, 0, 1
-0.999995, -5.55678e-05, -0.00326101, 0.290913, 0.00326064, 0.00563969, -0.999979, 0.849032, 7.39577e-05, -0.999984, -0.00563948, 1.02155, 0, 0, 0, 1
-0.999995, -4.02523e-05, -0.00331207, 0.290913, 0.00331178, 0.00574778, -0.999978, 0.849051, 5.92884e-05, -0.999983, -0.00574761, 1.02154, 0, 0, 0, 1
-0.999994, -2.47822e-05, -0.00336366, 0.290913, 0.00336345, 0.00585697, -0.999977, 0.84907, 4.44824e-05, -0.999983, -0.00585686, 1.02153, 0, 0, 0, 1
-0.999994, -9.15749e-06, -0.00341576, 0.290914, 0.00341565, 0.00596728, -0.999976, 0.849089, 2.95401e-05, -0.999982, -0.00596721, 1.02153, 0, 0, 0, 1
-0.999994, 6.62165e-06, -0.0034684, 0.290914, 0.00346837, 0.00607869, -0.999976, 0.849109, 1.44618e-05, -0.999982, -0.00607868, 1.02152, 0, 0, 0, 1
-0.999994, 2.25552e-05, -0.00352155, 0.290914, 0.00352163, 0.00619122, -0.999975, 0.849128, -7.51916e-07, -0.999981, -0.00619126, 1.02151, 0, 0, 0, 1
-0.999994, 3.86431e-05, -0.00357524, 0.290914, 0.00357541, 0.00630485, -0.999974, 0.849148, -1.61007e-05, -0.99998, -0.00630495, 1.02151, 0, 0, 0, 1
-0.999993, 5.48852e-05, -0.00362944, 0.290915, 0.00362972, 0.00641959, -0.999973, 0.849168, -3.15842e-05, -0.999979, -0.00641975, 1.0215, 0, 0, 0, 1
-0.999993, 7.12814e-05, -0.00368417, 0.290915, 0.00368456, 0.00653544, -0.999972, 0.849188, -4.72018e-05, -0.999979, -0.00653566, 1.0215, 0, 0, 0, 1
-0.999993, 8.78318e-05, -0.00373942, 0.290915, 0.00373992, 0.0066524, -0.999971, 0.849209, -6.29531e-05, -0.999978, -0.00665268, 1.02149, 0, 0, 0, 1
-0.999993, 0.000104536, -0.0037952, 0.290915, 0.00379582, 0.00677047, -0.99997, 0.849229, -7.88378e-05, -0.999977, -0.00677082, 1.02148, 0, 0, 0, 1
-0.999993, 0.000121394, -0.00385149, 0.290916, 0.00385224, 0.00688964, -0.999969, 0.84925, -9.48552e-05, -0.999976, -0.00689006, 1.02148, 0, 0, 0, 1
-0.999992, 0.000138407, -0.00390832, 0.290916, 0.00390919, 0.00700993, -0.999968, 0.849271, -0.000111005, -0.999975, -0.00701042, 1.02147, 0, 0, 0, 1
-0.999992, 0.000155572, -0.00396566, 0.290916, 0.00396667, 0.00713132, -0.999967, 0.849292, -0.000127287, -0.999975, -0.00713189, 1.02146, 0, 0, 0, 1
-0.999992, 0.000172892, -0.00402353, 0.290916, 0.00402468, 0.00725383, -0.999966, 0.849314, -0.0001437, -0.999974, -0.00725447, 1.02146, 0, 0, 0, 1
-0.999992, 0.000190365, -0.00408193, 0.290917, 0.00408322, 0.00737744, -0.999964, 0.849335, -0.000160244, -0.999973, -0.00737816, 1.02145, 0, 0, 0, 1
-0.999991, 0.000207992, -0.00414085, 0.290917, 0.00414229, 0.00750216, -0.999963, 0.849357, -0.000176919, -0.999972, -0.00750296, 1.02144, 0, 0, 0, 1
-0.999991, 0.000225772, -0.00420029, 0.290917, 0.00420189, 0.00762799, -0.999962, 0.849379, -0.000193723, -0.999971, -0.00762887, 1.02144, 0, 0, 0, 1
-0.999991, 0.000243705, -0.00426025, 0.290917, 0.00426202, 0.00775493, -0.999961, 0.849401, -0.000210658, -0.99997, -0.0077559, 1.02143, 0, 0, 0, 1
-0.999991, 0.000261792, -0.00432074, 0.290918, 0.00432267, 0.00788298, -0.99996, 0.849423, -0.000227721, -0.999969, -0.00788404, 1.02142, 0, 0, 0, 1
-0.99999, 0.000280032, -0.00438175, 0.290918, 0.00438386, 0.00801214, -0.999958, 0.849446, -0.000244913, -0.999968, -0.00801329, 1.02142, 0, 0, 0, 1
-0.99999, 0.000298424, -0.00444329, 0.290918, 0.00444557, 0.00814241, -0.999957, 0.849469, -0.000262233, -0.999967, -0.00814365, 1.02141, 0, 0, 0, 1
-0.99999, 0.00031697, -0.00450535, 0.290919, 0.00450782, 0.00827378, -0.999956, 0.849492, -0.00027968, -0.999966, -0.00827513, 1.0214, 0, 0, 0, 1
-0.99999, 0.000335669, -0.00456794, 0.290919, 0.0045706, 0.00840627, -0.999954, 0.849515, -0.000297254, -0.999965, -0.00840771, 1.02139, 0, 0, 0, 1
-0.999989, 0.00035452, -0.00463104, 0.290919, 0.0046339, 0.00853986, -0.999953, 0.849538, -0.000314955, -0.999963, -0.00854141, 1.02139, 0, 0, 0, 1
-0.999989, 0.000373525, -0.00469467, 0.290919, 0.00469774, 0.00867456, -0.999951, 0.849562, -0.000332782, -0.999962, -0.00867622, 1.02138, 0, 0, 0, 1
-0.999989, 0.000392682, -0.00475883, 0.29092, 0.0047621, 0.00881037, -0.99995, 0.849585, -0.000350735, -0.999961, -0.00881214, 1.02137, 0, 0, 0, 1
-0.999988, 0.000411991, -0.00482351, 0.29092, 0.004827, 0.00894729, -0.999948, 0.849609, -0.000368812, -0.99996, -0.00894918, 1.02136, 0, 0, 0, 1
-0.999988, 0.000431453, -0.00488871, 0.29092, 0.00489243, 0.00908532, -0.999947, 0.849633, -0.000387014, -0.999959, -0.00908733, 1.02136, 0, 0, 0, 1
-0.999988, 0.000451067, -0.00495444, 0.290921, 0.00495839, 0.00922446, -0.999945, 0.849658, -0.00040534, -0.999957, -0.00922659, 1.02135, 0, 0, 0, 1
-0.999987, 0.000470833, -0.00502069, 0.290921, 0.00502488, 0.00936471, -0.999944, 0.849682, -0.000423789, -0.999956, -0.00936696, 1.02134, 0, 0, 0, 1
-0.999987, 0.000490751, -0.00508746, 0.290921, 0.0050919, 0.00950607, -0.999942, 0.849707, -0.000442361, -0.999955, -0.00950844, 1.02133, 0, 0, 0, 1
-0.999987, 0.000510822, -0.00515476, 0.290921, 0.00515945, 0.00964853, -0.99994, 0.849732, -0.000461056, -0.999953, -0.00965104, 1.02133, 0, 0, 0, 1
-0.999986, 0.000531044, -0.00522258, 0.290922, 0.00522753, 0.00979211, -0.999938, 0.849757, -0.000479872, -0.999952, -0.00979475, 1.02132, 0, 0, 0, 1
-0.999986, 0.000551419, -0.00529092, 0.290922, 0.00529614, 0.00993679, -0.999937, 0.849782, -0.000498809, -0.99995, -0.00993957, 1.02131, 0, 0, 0, 1
-0.999985, 0.000571945, -0.00535979, 0.290922, 0.00536529, 0.0100826, -0.999935, 0.849808, -0.000517867, -0.999949, -0.0100855, 1.0213, 0, 0, 0, 1
-0.999985, 0.000592622, -0.00542918, 0.290923, 0.00543496, 0.0102295, -0.999933, 0.849833, -0.000537045, -0.999948, -0.0102326, 1.0213, 0, 0, 0, 1
-0.999985, 0.000613452, -0.0054991, 0.290923, 0.00550517, 0.0103775, -0.999931, 0.849859, -0.000556342, -0.999946, -0.0103807, 1.02129, 0, 0, 0, 1
-0.999984, 0.000634432, -0.00556954, 0.290923, 0.00557591, 0.0105266, -0.999929, 0.849885, -0.000575759, -0.999944, -0.01053, 1.02128, 0, 0, 0, 1
-0.999984, 0.000655564, -0.0056405, 0.290923, 0.00564718, 0.0106769, -0.999927, 0.849911, -0.000595293, -0.999943, -0.0106804, 1.02127, 0, 0, 0, 1
-0.999983, 0.000676847, -0.00571199, 0.290924, 0.00571899, 0.0108282, -0.999925, 0.849938, -0.000614946, -0.999941, -0.0108319, 1.02126, 0, 0, 0, 1
-0.999983, 0.000698282, -0.005784, 0.290924, 0.00579132, 0.0109806, -0.999923, 0.849964, -0.000634716, -0.999939, -0.0109845, 1.02126, 0, 0, 0, 1
-0.999983, 0.000719867, -0.00585654, 0.290924, 0.00586419, 0.0111342, -0.999921, 0.849991, -0.000654602, -0.999938, -0.0111382, 1.02125, 0, 0, 0, 1
-0.999982, 0.000741603, -0.0059296, 0.290925, 0.00593759, 0.0112889, -0.999919, 0.850018, -0.000674604, -0.999936, -0.0112931, 1.02124, 0, 0, 0, 1
-0.999982, 0.00076349, -0.00600318, 0.290925, 0.00601152, 0.0114446, -0.999916, 0.850046, -0.000694722, -0.999934, -0.011449, 1.02123, 0, 0, 0, 1
-0.999981, 0.000785528, -0.00607728, 0.290925, 0.00608599, 0.0116015, -0.999914, 0.850073, -0.000714955, -0.999932, -0.0116061, 1.02122, 0, 0, 0, 1
-0.999981, 0.000807716, -0.00615191, 0.290926, 0.00616099, 0.0117595, -0.999912, 0.850101, -0.000735302, -0.999931, -0.0117643, 1.02121, 0, 0, 0, 1
-0.99998, 0.000830055, -0.00622707, 0.290926, 0.00623652, 0.0119186, -0.99991, 0.850128, -0.000755762, -0.999929, -0.0119236, 1.02121, 0, 0, 0, 1
-0.99998, 0.000852544, -0.00630274, 0.290926, 0.00631258, 0.0120788, -0.999907, 0.850156, -0.000776336, -0.999927, -0.012084, 1.0212, 0, 0, 0, 1
-0.999979, 0.000875184, -0.00637895, 0.290927, 0.00638918, 0.0122402, -0.999905, 0.850185, -0.000797021, -0.999925, -0.0122455, 1.02119, 0, 0, 0, 1
-0.999979, 0.000897974, -0.00645567, 0.290927, 0.00646631, 0.0124026, -0.999902, 0.850213, -0.000817819, -0.999923, -0.0124081, 1.02118, 0, 0, 0, 1
-0.999978, 0.000920913, -0.00653292, 0.290927, 0.00654398, 0.0125661, -0.9999, 0.850242, -0.000838727, -0.999921, -0.0125719, 1.02117, 0, 0, 0, 1
-0.999978, 0.000944003, -0.00661069, 0.290927, 0.00662218, 0.0127308, -0.999897, 0.850271, -0.000859747, -0.999919, -0.0127367, 1.02116, 0, 0, 0, 1
-0.999977, 0.000967242, -0.00668899, 0.290928, 0.00670091, 0.0128965, -0.999894, 0.8503, -0.000880875, -0.999916, -0.0129027, 1.02115, 0, 0, 0, 1
-0.999977, 0.000990632, -0.00676781, 0.290928, 0.00678017, 0.0130634, -0.999892, 0.850329, -0.000902114, -0.999914, -0.0130698, 1.02114, 0, 0, 0, 1
-0.999976, 0.00101417, -0.00684715, 0.290928, 0.00685997, 0.0132314, -0.999889, 0.850358, -0.00092346, -0.999912, -0.013238, 1.02114, 0, 0, 0, 1
-0.999975, 0.00103786, -0.00692702, 0.290929, 0.00694031, 0.0134005, -0.999886, 0.850388, -0.000944915, -0.99991, -0.0134073, 1.02113, 0, 0, 0, 1
-0.999975, 0.0010617, -0.00700741, 0.290929, 0.00702118, 0.0135707, -0.999883, 0.850418, -0.000966477, -0.999907, -0.0135778, 1.02112, 0, 0, 0, 1
-0.999974, 0.00108568, -0.00708832, 0.290929, 0.00710258, 0.013742, -0.99988, 0.850447, -0.000988145, -0.999905, -0.0137493, 1.02111, 0, 0, 0, 1
-0.999974, 0.00110982, -0.00716976, 0.29093, 0.00718452, 0.0139144, -0.999877, 0.850478, -0.00100992, -0.999903, -0.013922, 1.0211, 0, 0, 0, 1
-0.999973, 0.0011341, -0.00725173, 0.29093, 0.00726699, 0.0140879, -0.999874, 0.850508, -0.0010318, -0.9999, -0.0140958, 1.02109, 0, 0, 0, 1
-0.999972, 0.00115854, -0.00733421, 0.29093, 0.00734999, 0.0142625, -0.999871, 0.850539, -0.00105378, -0.999898, -0.0142706, 1.02108, 0, 0, 0, 1
-0.999972, 0.00118312, -0.00741722, 0.290931, 0.00743353, 0.0144383, -0.999868, 0.850569, -0.00107587, -0.999895, -0.0144466, 1.02107, 0, 0, 0, 1
-0.999971, 0.00120785, -0.00750075, 0.290931, 0.00751761, 0.0146151, -0.999865, 0.8506, -0.00109806, -0.999892, -0.0146238, 1.02106, 0, 0, 0, 1
-0.99997, 0.00123273, -0.00758481, 0.290931, 0.00760222, 0.0147931, -0.999862, 0.850632, -0.00112036, -0.99989, -0.014802, 1.02105, 0, 0, 0, 1
-0.99997, 0.00125776, -0.00766939, 0.290932, 0.00768737, 0.0149721, -0.999858, 0.850663, -0.00114275, -0.999887, -0.0149814, 1.02104, 0, 0, 0, 1
-0.999969, 0.00128294, -0.0077545, 0.290932, 0.00777305, 0.0151523, -0.999855, 0.850694, -0.00116525, -0.999884, -0.0151618, 1.02103, 0, 0, 0, 1
-0.999968, 0.00130826, -0.00784013, 0.290932, 0.00785927, 0.0153336, -0.999852, 0.850726, -0.00118785, -0.999882, -0.0153434, 1.02102, 0, 0, 0, 1
-0.999968, 0.00133373, -0.00792628, 0.290933, 0.00794603, 0.015516, -0.999848, 0.850758, -0.00121055, -0.999879, -0.0155261, 1.02101, 0, 0, 0, 1
-0.999967, 0.00135935, -0.00801296, 0.290933, 0.00803332, 0.0156995, -0.999844, 0.85079, -0.00123334, -0.999876, -0.0157099, 1.021, 0, 0, 0, 1
-0.999966, 0.00138512, -0.00810016, 0.290933, 0.00812114, 0.0158841, -0.999841, 0.850823, -0.00125624, -0.999873, -0.0158948, 1.021, 0, 0, 0, 1
-0.999965, 0.00141104, -0.00818788, 0.290934, 0.00820951, 0.0160698, -0.999837, 0.850855, -0.00127923, -0.99987, -0.0160809, 1.02099, 0, 0, 0, 1
-0.999965, 0.0014371, -0.00827613, 0.290934, 0.0082984, 0.0162567, -0.999833, 0.850888, -0.00130232, -0.999867, -0.016268, 1.02098, 0, 0, 0, 1
-0.999964, 0.00146331, -0.0083649, 0.290934, 0.00838784, 0.0164446, -0.99983, 0.850921, -0.0013255, -0.999864, -0.0164563, 1.02097, 0, 0, 0, 1
-0.999963, 0.00148967, -0.00845419, 0.290935, 0.00847781, 0.0166337, -0.999826, 0.850954, -0.00134879, -0.999861, -0.0166457, 1.02096, 0, 0, 0, 1
-0.999962, 0.00151617, -0.00854401, 0.290935, 0.00856832, 0.0168238, -0.999822, 0.850987, -0.00137216, -0.999857, -0.0168362, 1.02095, 0, 0, 0, 1
-0.999962, 0.00154283, -0.00863436, 0.290935, 0.00865937, 0.0170151, -0.999818, 0.851021, -0.00139563, -0.999854, -0.0170278, 1.02094, 0, 0, 0, 1
-0.999961, 0.00156963, -0.00872522, 0.290936, 0.00875095, 0.0172075, -0.999814, 0.851055, -0.00141919, -0.999851, -0.0172205, 1.02093, 0, 0, 0, 1
-0.99996, 0.00159657, -0.00881661, 0.290936, 0.00884307, 0.017401, -0.999809, 0.851089, -0.00144285, -0.999847, -0.0174144, 1.02092, 0, 0, 0, 1
-0.999959, 0.00162366, -0.00890853, 0.290936, 0.00893573, 0.0175956, -0.999805, 0.851123, -0.0014666, -0.999844, -0.0176094, 1.02091, 0, 0, 0, 1
-0.999958, 0.0016509, -0.00900097, 0.290937, 0.00902892, 0.0177913, -0.999801, 0.851157, -0.00149044, -0.99984, -0.0178054, 1.0209, 0, 0, 0, 1
-0.999957, 0.00167829, -0.00909393, 0.290937, 0.00912266, 0.0179881, -0.999797, 0.851192, -0.00151436, -0.999837, -0.0180026, 1.02089, 0, 0, 0, 1
-0.999956, 0.00170582, -0.00918741, 0.290937, 0.00921693, 0.018186, -0.999792, 0.851226, -0.00153838, -0.999833, -0.0182009, 1.02087, 0, 0, 0, 1
-0.999955, 0.0017335, -0.00928142, 0.290938, 0.00931174, 0.018385, -0.999788, 0.851261, -0.00156249, -0.999829, -0.0184004, 1.02086, 0, 0, 0, 1
-0.999954, 0.00176132, -0.00937596, 0.290938, 0.00940709, 0.0185852, -0.999783, 0.851296, -0.00158668, -0.999826, -0.0186009, 1.02085, 0, 0, 0, 1
-0.999954, 0.00178929, -0.00947101, 0.290938, 0.00950297, 0.0187864, -0.999778, 0.851332, -0.00161097, -0.999822, -0.0188026, 1.02084, 0, 0, 0, 1
-0.999953, 0.0018174, -0.0095666, 0.290939, 0.0095994, 0.0189888, -0.999774, 0.851367, -0.00163533, -0.999818, -0.0190053, 1.02083, 0, 0, 0, 1
-0.999952, 0.00184566, -0.0096627, 0.290939, 0.00969636, 0.0191923, -0.999769, 0.851403, -0.00165979, -0.999814, -0.0192092, 1.02082, 0, 0, 0, 1
-0.999951, 0.00187407, -0.00975933, 0.290939, 0.00979386, 0.0193969, -0.999764, 0.851439, -0.00168433, -0.99981, -0.0194143, 1.02081, 0, 0, 0, 1
-0.99995, 0.00190262, -0.00985648, 0.29094, 0.0098919, 0.0196025, -0.999759, 0.851475, -0.00170895, -0.999806, -0.0196204, 1.0208, 0, 0, 0, 1
-0.999949, 0.00193132, -0.00995416, 0.29094, 0.00999048, 0.0198093, -0.999754, 0.851511, -0.00173366, -0.999802, -0.0198276, 1.02079, 0, 0, 0, 1
-0.999948, 0.00196016, -0.0100524, 0.29094, 0.0100896, 0.0200173, -0.999749, 0.851548, -0.00175844, -0.999798, -0.020036, 1.02078, 0, 0, 0, 1
-0.999946, 0.00198914, -0.0101511, 0.290941, 0.0101893, 0.0202263, -0.999744, 0.851584, -0.00178331, -0.999793, -0.0202455, 1.02077, 0, 0, 0, 1
-0.999945, 0.00201827, -0.0102503, 0.290941, 0.0102895, 0.0204364, -0.999738, 0.851621, -0.00180827, -0.999789, -0.020456, 1.02076, 0, 0, 0, 1
-0.999944, 0.00204755, -0.0103501, 0.290941, 0.0103902, 0.0206476, -0.999733, 0.851658, -0.0018333, -0.999785, -0.0206678, 1.02075, 0, 0, 0, 1
-0.999943, 0.00207697, -0.0104504, 0.290942, 0.0104915, 0.02086, -0.999727, 0.851696, -0.00185841, -0.99978, -0.0208806, 1.02074, 0, 0, 0, 1
-0.999942, 0.00210653, -0.0105512, 0.290942, 0.0105933, 0.0210734, -0.999722, 0.851733, -0.00188359, -0.999776, -0.0210945, 1.02073, 0, 0, 0, 1
-0.999941, 0.00213624, -0.0106526, 0.290943, 0.0106956, 0.021288, -0.999716, 0.851771, -0.00190886, -0.999771, -0.0213096, 1.02071, 0, 0, 0, 1
-0.99994, 0.00216609, -0.0107544, 0.290943, 0.0107985, 0.0215037, -0.99971, 0.851809, -0.0019342, -0.999766, -0.0215258, 1.0207, 0, 0, 0, 1
-0.999939, 0.00219609, -0.0108568, 0.290943, 0.010902, 0.0217204, -0.999705, 0.851847, -0.00195962, -0.999762, -0.0217431, 1.02069, 0, 0, 0, 1
-0.999937, 0.00222622, -0.0109597, 0.290944, 0.011006, 0.0219383, -0.999699, 0.851885, -0.00198511, -0.999757, -0.0219615, 1.02068, 0, 0, 0, 1
-0.999936, 0.00225651, -0.0110632, 0.290944, 0.0111105, 0.0221573, -0.999693, 0.851924, -0.00201068, -0.999752, -0.022181, 1.02067, 0, 0, 0, 1
-0.999935, 0.00228693, -0.0111671, 0.290944, 0.0112155, 0.0223774, -0.999687, 0.851962, -0.00203632, -0.999747, -0.0224016, 1.02066, 0, 0, 0, 1
-0.999934, 0.0023175, -0.0112716, 0.290945, 0.0113211, 0.0225987, -0.999681, 0.852001, -0.00206204, -0.999742, -0.0226234, 1.02065, 0, 0, 0, 1
-0.999933, 0.00234821, -0.0113766, 0.290945, 0.0114273, 0.022821, -0.999674, 0.85204, -0.00208782, -0.999737, -0.0228463, 1.02064, 0, 0, 0, 1
-0.999931, 0.00237907, -0.0114822, 0.290945, 0.011534, 0.0230444, -0.999668, 0.85208, -0.00211368, -0.999732, -0.0230703, 1.02063, 0, 0, 0, 1
-0.99993, 0.00241006, -0.0115882, 0.290946, 0.0116412, 0.023269, -0.999661, 0.852119, -0.0021396, -0.999726, -0.0232954, 1.02061, 0, 0, 0, 1
-0.999929, 0.0024412, -0.0116948, 0.290946, 0.011749, 0.0234946, -0.999655, 0.852159, -0.0021656, -0.999721, -0.0235216, 1.0206, 0, 0, 0, 1
-0.999927, 0.00247249, -0.0118019, 0.290946, 0.0118573, 0.0237214, -0.999648, 0.852199, -0.00219166, -0.999716, -0.023749, 1.02059, 0, 0, 0, 1
-0.999926, 0.00250391, -0.0119095, 0.290947, 0.0119661, 0.0239493, -0.999642, 0.852239, -0.00221779, -0.99971, -0.0239774, 1.02058, 0, 0, 0, 1
-0.999925, 0.00253548, -0.0120177, 0.290947, 0.0120755, 0.0241782, -0.999635, 0.852279, -0.00224399, -0.999704, -0.024207, 1.02057, 0, 0, 0, 1
-0.999923, 0.00256719, -0.0121264, 0.290947, 0.0121855, 0.0244083, -0.999628, 0.85232, -0.00227025, -0.999699, -0.0244377, 1.02056, 0, 0, 0, 1
-0.999922, 0.00259904, -0.0122356, 0.290948, 0.0122959, 0.0246395, -0.999621, 0.85236, -0.00229657, -0.999693, -0.0246696, 1.02054, 0, 0, 0, 1
-0.99992, 0.00263103, -0.0123453, 0.290948, 0.012407, 0.0248718, -0.999614, 0.852401, -0.00232296, -0.999687, -0.0249025, 1.02053, 0, 0, 0, 1
-0.999919, 0.00266316, -0.0124556, 0.290948, 0.0125185, 0.0251053, -0.999606, 0.852442, -0.00234941, -0.999681, -0.0251366, 1.02052, 0, 0, 0, 1
-0.999917, 0.00269544, -0.0125663, 0.290949, 0.0126306, 0.0253398, -0.999599, 0.852484, -0.00237593, -0.999675, -0.0253717, 1.02051, 0, 0, 0, 1
-0.999916, 0.00272785, -0.0126776, 0.290949, 0.0127433, 0.0255754, -0.999592, 0.852525, -0.0024025, -0.999669, -0.025608, 1.0205, 0, 0, 0, 1
-0.999914, 0.00276041, -0.0127894, 0.290949, 0.0128565, 0.0258122, -0.999584, 0.852567, -0.00242914, -0.999663, -0.0258454, 1.02049, 0, 0, 0, 1
-0.999913, 0.00279311, -0.0129018, 0.29095, 0.0129702, 0.02605, -0.999576, 0.852609, -0.00245583, -0.999657, -0.026084, 1.02047, 0, 0, 0, 1
-0.999911, 0.00282595, -0.0130147, 0.29095, 0.0130845, 0.026289, -0.999569, 0.852651, -0.00248259, -0.99965, -0.0263236, 1.02046, 0, 0, 0, 1
-0.99991, 0.00285893, -0.0131281, 0.29095, 0.0131993, 0.0265291, -0.999561, 0.852693, -0.0025094, -0.999644, -0.0265644, 1.02045, 0, 0, 0, 1
-0.999908, 0.00289204, -0.013242, 0.290951, 0.0133147, 0.0267702, -0.999553, 0.852736, -0.00253626, -0.999637, -0.0268063, 1.02044, 0, 0, 0, 1
-0.999907, 0.0029253, -0.0133564, 0.290951, 0.0134306, 0.0270125, -0.999545, 0.852778, -0.00256318, -0.999631, -0.0270493, 1.02043, 0, 0, 0, 1
-0.999905, 0.0029587, -0.0134714, 0.290951, 0.0135471, 0.0272559, -0.999537, 0.852821, -0.00259016, -0.999624, -0.0272934, 1.02041, 0, 0, 0, 1
-0.999903, 0.00299224, -0.0135869, 0.290952, 0.0136641, 0.0275004, -0.999528, 0.852864, -0.00261719, -0.999617, -0.0275387, 1.0204, 0, 0, 0, 1
-0.999902, 0.00302592, -0.0137029, 0.290952, 0.0137816, 0.027746, -0.99952, 0.852908, -0.00264427, -0.99961, -0.027785, 1.02039, 0, 0, 0, 1
-0.9999, 0.00305974, -0.0138194, 0.290952, 0.0138997, 0.0279928, -0.999511, 0.852951, -0.0026714, -0.999603, -0.0280325, 1.02038, 0, 0, 0, 1
-0.999898, 0.0030937, -0.0139365, 0.290953, 0.0140184, 0.0282406, -0.999503, 0.852995, -0.00269858, -0.999596, -0.0282811, 1.02036, 0, 0, 0, 1
-0.999896, 0.00312779, -0.0140541, 0.290953, 0.0141375, 0.0284895, -0.999494, 0.853039, -0.00272582, -0.999589, -0.0285308, 1.02035, 0, 0, 0, 1
-0.999895, 0.00316203, -0.0141722, 0.290953, 0.0142573, 0.0287396, -0.999485, 0.853083, -0.0027531, -0.999582, -0.0287816, 1.02034, 0, 0, 0, 1
-0.999893, 0.0031964, -0.0142908, 0.290954, 0.0143775, 0.0289908, -0.999476, 0.853127, -0.00278043, -0.999575, -0.0290336, 1.02033, 0, 0, 0, 1
-0.999891, 0.00323092, -0.01441, 0.290954, 0.0144984, 0.029243, -0.999467, 0.853172, -0.0028078, -0.999567, -0.0292867, 1.02031, 0, 0, 0, 1
-0.999889, 0.00326557, -0.0145297, 0.290954, 0.0146197, 0.0294964, -0.999458, 0.853216, -0.00283523, -0.99956, -0.0295409, 1.0203, 0, 0, 0, 1
-0.999887, 0.00330036, -0.0146499, 0.290955, 0.0147416, 0.0297509, -0.999449, 0.853261, -0.00286269, -0.999552, -0.0297962, 1.02029, 0, 0, 0, 1
-0.999885, 0.00333529, -0.0147706, 0.290955, 0.0148641, 0.0300065, -0.999439, 0.853306, -0.0028902, -0.999544, -0.0300526, 1.02028, 0, 0, 0, 1
-0.999883, 0.00337035, -0.0148918, 0.290955, 0.0149871, 0.0302632, -0.99943, 0.853352, -0.00291775, -0.999536, -0.0303102, 1.02026, 0, 0, 0, 1
-0.999881, 0.00340556, -0.0150136, 0.290956, 0.0151106, 0.030521, -0.99942, 0.853397, -0.00294535, -0.999528, -0.0305688, 1.02025, 0, 0, 0, 1
-0.99988, 0.0034409, -0.0151359, 0.290956, 0.0152347, 0.0307799, -0.99941, 0.853443, -0.00297298, -0.99952, -0.0308286, 1.02024, 0, 0, 0, 1
-0.999878, 0.00347637, -0.0152587, 0.290956, 0.0153594, 0.0310399, -0.9994, 0.853489, -0.00300066, -0.999512, -0.0310895, 1.02023, 0, 0, 0, 1
-0.999876, 0.00351199, -0.0153821, 0.290957, 0.0154846, 0.0313011, -0.99939, 0.853535, -0.00302837, -0.999504, -0.0313516, 1.02021, 0, 0, 0, 1
-0.999873, 0.00354774, -0.015506, 0.290957, 0.0156103, 0.0315633, -0.99938, 0.853581, -0.00305612, -0.999495, -0.0316147, 1.0202, 0, 0, 0, 1
-0.999871, 0.00358363, -0.0156304, 0.290957, 0.0157366, 0.0318267, -0.99937, 0.853628, -0.00308391, -0.999487, -0.031879, 1.02019, 0, 0, 0, 1
-0.999869, 0.00361966, -0.0157553, 0.290958, 0.0158634, 0.0320912, -0.999359, 0.853674, -0.00311173, -0.999478, -0.0321444, 1.02018, 0, 0, 0, 1
-0.999867, 0.00365582, -0.0158807, 0.290958, 0.0159908, 0.0323567, -0.999348, 0.853721, -0.00313959, -0.99947, -0.0324109, 1.02016, 0, 0, 0, 1
-0.999865, 0.00369212, -0.0160067, 0.290958, 0.0161187, 0.0326234, -0.999338, 0.853768, -0.00316748, -0.999461, -0.0326785, 1.02015, 0, 0, 0, 1
-0.999863, 0.00372856, -0.0161332, 0.290959, 0.0162472, 0.0328912, -0.999327, 0.853816, -0.00319541, -0.999452, -0.0329473, 1.02014, 0, 0, 0, 1
-0.999861, 0.00376513, -0.0162602, 0.290959, 0.0163762, 0.0331601, -0.999316, 0.853863, -0.00322336, -0.999443, -0.0332171, 1.02012, 0, 0, 0, 1
-0.999858, 0.00380183, -0.0163878, 0.290959, 0.0165058, 0.0334301, -0.999305, 0.853911, -0.00325135, -0.999434, -0.0334881, 1.02011, 0, 0, 0, 1
-0.999856, 0.00383868, -0.0165158, 0.290959, 0.0166359, 0.0337012, -0.999293, 0.853959, -0.00327936, -0.999425, -0.0337602, 1.0201, 0, 0, 0, 1
-0.999854, 0.00387565, -0.0166444, 0.29096, 0.0167666, 0.0339734, -0.999282, 0.854007, -0.0033074, -0.999415, -0.0340335, 1.02008, 0, 0, 0, 1
-0.999852, 0.00391277, -0.0167735, 0.29096, 0.0168978, 0.0342468, -0.999271, 0.854055, -0.00333547, -0.999406, -0.0343078, 1.02007, 0, 0, 0, 1
-0.999849, 0.00395002, -0.0169032, 0.29096, 0.0170296, 0.0345212, -0.999259, 0.854104, -0.00336357, -0.999396, -0.0345833, 1.02006, 0, 0, 0, 1
-0.999847, 0.0039874, -0.0170333, 0.290961, 0.0171619, 0.0347968, -0.999247, 0.854153, -0.00339169, -0.999386, -0.0348599, 1.02004, 0, 0, 0, 1
-0.999845, 0.00402492, -0.017164, 0.290961, 0.0172948, 0.0350734, -0.999235, 0.854202, -0.00341984, -0.999377, -0.0351376, 1.02003, 0, 0, 0, 1
-0.999842, 0.00406257, -0.0172952, 0.290961, 0.0174282, 0.0353512, -0.999223, 0.854251, -0.003448, -0.999367, -0.0354164, 1.02002, 0, 0, 0, 1
-0.99984, 0.00410035, -0.017427, 0.290962, 0.0175621, 0.03563, -0.999211, 0.8543, -0.00347619, -0.999357, -0.0356963, 1.02, 0, 0, 0, 1
-0.999837, 0.00413827, -0.0175592, 0.290962, 0.0176966, 0.03591, -0.999198, 0.85435, -0.0035044, -0.999346, -0.0359774, 1.01999, 0, 0, 0, 1
-0.999835, 0.00417633, -0.017692, 0.290962, 0.0178317, 0.0361911, -0.999186, 0.854399, -0.00353263, -0.999336, -0.0362596, 1.01998, 0, 0, 0, 1
-0.999832, 0.00421452, -0.0178253, 0.290962, 0.0179673, 0.0364733, -0.999173, 0.854449, -0.00356088, -0.999326, -0.0365429, 1.01996, 0, 0, 0, 1
-0.99983, 0.00425284, -0.0179592, 0.290963, 0.0181035, 0.0367566, -0.99916, 0.854499, -0.00358915, -0.999315, -0.0368273, 1.01995, 0, 0, 0, 1
-0.999827, 0.00429129, -0.0180935, 0.290963, 0.0182402, 0.037041, -0.999147, 0.85455, -0.00361743, -0.999305, -0.0371129, 1.01994, 0, 0, 0, 1
-0.999824, 0.00432988, -0.0182284, 0.290963, 0.0183775, 0.0373265, -0.999134, 0.8546, -0.00364573, -0.999294, -0.0373996, 1.01992, 0, 0, 0, 1
-0.999822, 0.0043686, -0.0183638, 0.290964, 0.0185153, 0.0376132, -0.999121, 0.854651, -0.00367404, -0.999283, -0.0376874, 1.01991, 0, 0, 0, 1
-0.999819, 0.00440745, -0.0184997, 0.290964, 0.0186536, 0.0379009, -0.999107, 0.854702, -0.00370236, -0.999272, -0.0379763, 1.0199, 0, 0, 0, 1
-0.999816, 0.00444644, -0.0186362, 0.290964, 0.0187926, 0.0381898, -0.999094, 0.854753, -0.0037307, -0.999261, -0.0382663, 1.01988, 0, 0, 0, 1
-0.999814, 0.00448556, -0.0187732, 0.290964, 0.018932, 0.0384797, -0.99908, 0.854805, -0.00375904, -0.999249, -0.0385575, 1.01987, 0, 0, 0, 1
-0.999811, 0.00452481, -0.0189107, 0.290965, 0.0190721, 0.0387708, -0.999066, 0.854856, -0.0037874, -0.999238, -0.0388497, 1.01986, 0, 0, 0, 1
-0.999808, 0.00456419, -0.0190487, 0.290965, 0.0192126, 0.0390629, -0.999052, 0.854908, -0.00381576, -0.999226, -0.0391431, 1.01984, 0, 0, 0, 1
-0.999805, 0.0046037, -0.0191873, 0.290965, 0.0193537, 0.0393562, -0.999038, 0.85496, -0.00384413, -0.999215, -0.0394376, 1.01983, 0, 0, 0, 1
-0.999802, 0.00464335, -0.0193263, 0.290965, 0.0194954, 0.0396506, -0.999023, 0.855012, -0.00387251, -0.999203, -0.0397333, 1.01981, 0, 0, 0, 1
-0.9998, 0.00468312, -0.0194659, 0.290966, 0.0196377, 0.0399461, -0.999009, 0.855065, -0.00390089, -0.999191, -0.04003, 1.0198, 0, 0, 0, 1
-0.999797, 0.00472303, -0.0196061, 0.290966, 0.0197804, 0.0402427, -0.998994, 0.855117, -0.00392928, -0.999179, -0.0403279, 1.01979, 0, 0, 0, 1
-0.999794, 0.00476307, -0.0197467, 0.290966, 0.0199238, 0.0405404, -0.998979, 0.85517, -0.00395767, -0.999167, -0.0406269, 1.01977, 0, 0, 0, 1
-0.999791, 0.00480324, -0.0198879, 0.290967, 0.0200676, 0.0408392, -0.998964, 0.855223, -0.00398606, -0.999154, -0.040927, 1.01976, 0, 0, 0, 1
-0.999788, 0.00484354, -0.0200296, 0.290967, 0.0202121, 0.0411391, -0.998949, 0.855276, -0.00401445, -0.999142, -0.0412283, 1.01974, 0, 0, 0, 1
-0.999785, 0.00488397, -0.0201718, 0.290967, 0.0203571, 0.0414401, -0.998934, 0.85533, -0.00404284, -0.999129, -0.0415306, 1.01973, 0, 0, 0, 1
-0.999782, 0.00492453, -0.0203146, 0.290967, 0.0205026, 0.0417423, -0.998918, 0.855383, -0.00407122, -0.999116, -0.0418341, 1.01972, 0, 0, 0, 1
