-0.999999, -0.000797434, -0.000797196, 0.290901, 0.000796858, 0.000424669, -1, 0.848124, 0.000797772, -1, -0.000424033, 1.02183, 0, 0, 0, 1
-0.999999, -0.00079747, -0.00079743, 0.290901, 0.000797091, 0.000425231, -1, 0.848124, 0.000797809, -1, -0.000424595, 1.02183, 0, 0, 0, 1
-0.999999, -0.000797578, -0.000798131, 0.290901, 0.000797791, 0.000426919, -1, 0.848124, 0.000797919, -1, -0.000426282, 1.02183, 0, 0, 0, 1
-0.999999, -0.000797758, -0.000799301, 0.290901, 0.000798958, 0.000429731, -1, 0.848125, 0.000798101, -1, -0.000429094, 1.02183, 0, 0, 0, 1
-0.999999, -0.00079801, -0.000800937, 0.2909, 0.000800592, 0.000433669, -1, 0.848125, 0.000798357, -1, -0.00043303, 1.02183, 0, 0, 0, 1
-0.999999, -0.000798334, -0.000803042, 0.2909, 0.000802692, 0.000438731, -1, 0.848125, 0.000798686, -1, -0.00043809, 1.02183, 0, 0, 0, 1
-0.999999, -0.00079873, -0.000805614, 0.2909, 0.000805259, 0.000444919, -1, 0.848126, 0.000799088, -1, -0.000444275, 1.02183, 0, 0, 0, 1
-0.999999, -0.000799197, -0.000808654, 0.290899, 0.000808293, 0.000452231, -1, 0.848127, 0.000799563, -1, -0.000451585, 1.02183, 0, 0, 0, 1
-0.999999, -0.000799737, -0.000812162, 0.290899, 0.000811793, 0.000460669, -1, 0.848127, 0.000800111, -1, -0.000460019, 1.02183, 0, 0, 0, 1
-0.999999, -0.000800349, -0.000816137, 0.290898, 0.000815761, 0.000470231, -1, 0.848128, 0.000800732, -1, -0.000469578, 1.02183, 0, 0, 0, 1
-0.999999, -0.000801033, -0.00082058, 0.290897, 0.000820195, 0.000480919, -1, 0.848129, 0.000801427, -1, -0.000480261, 1.02183, 0, 0, 0, 1
-0.999999, -0.000801789, -0.00082549, 0.290897, 0.000825095, 0.000492731, -1, 0.84813, 0.000802195, -1, -0.000492069, 1.02183, 0, 0, 0, 1
-0.999999, -0.000802616, -0.000830869, 0.290896, 0.000830463, 0.000505669, -1, 0.848131, 0.000803036, -1, -0.000505002, 1.02183, 0, 0, 0, 1
-0.999999, -0.000803516, -0.000836715, 0.290895, 0.000836297, 0.000519731, -1, 0.848132, 0.000803951, -1, -0.000519059, 1.02183, 0, 0, 0, 1
-0.999999, -0.000804488, -0.000843028, 0.290894, 0.000842598, 0.000534918, -1, 0.848133, 0.000804939, -1, -0.00053424, 1.02183, 0, 0, 0, 1
-0.999999, -0.000805532, -0.000849809, 0.290893, 0.000849366, 0.000551231, -0.999999, 0.848135, 0.000806, -1, -0.000550546, 1.02183, 0, 0, 0, 1
-0.999999, -0.000806649, -0.000857058, 0.290892, 0.0008566, 0.000568668, -0.999999, 0.848136, 0.000807136, -1, -0.000567977, 1.02183, 0, 0, 0, 1
-0.999999, -0.000807837, -0.000864775, 0.290891, 0.000864301, 0.000587231, -0.999999, 0.848138, 0.000808344, -1, -0.000586532, 1.02183, 0, 0, 0, 1
-0.999999, -0.000809097, -0.000872959, 0.290889, 0.000872468, 0.000606918, -0.999999, 0.848139, 0.000809627, -0.999999, -0.000606212, 1.02183, 0, 0, 0, 1
-0.999999, -0.00081043, -0.000881611, 0.290888, 0.000881103, 0.00062773, -0.999999, 0.848141, 0.000810983, -0.999999, -0.000627016, 1.02182, 0, 0, 0, 1
-0.999999, -0.000811835, -0.000890731, 0.290887, 0.000890204, 0.000649668, -0.999999, 0.848143, 0.000812413, -0.999999, -0.000648945, 1.02182, 0, 0, 0, 1
-0.999999, -0.000813312, -0.000900318, 0.290885, 0.000899771, 0.00067273, -0.999999, 0.848145, 0.000813917, -0.999999, -0.000671998, 1.02182, 0, 0, 0, 1
-0.999999, -0.000814861, -0.000910373, 0.290884, 0.000909805, 0.000696917, -0.999999, 0.848147, 0.000815495, -0.999999, -0.000696175, 1.02182, 0, 0, 0, 1
-0.999999, -0.000816482, -0.000920896, 0.290882, 0.000920306, 0.00072223, -0.999999, 0.848149, 0.000817147, -0.999999, -0.000721478, 1.02182, 0, 0, 0, 1
-0.999999, -0.000818176, -0.000931886, 0.29088, 0.000931274, 0.000748667, -0.999999, 0.848151, 0.000818873, -0.999999, -0.000747904, 1.02182, 0, 0, 0, 1
-0.999999, -0.000819942, -0.000943344, 0.290879, 0.000942708, 0.000776229, -0.999999, 0.848153, 0.000820674, -0.999999, -0.000775455, 1.02182, 0, 0, 0, 1
-0.999999, -0.000821781, -0.00095527, 0.290877, 0.000954609, 0.000804916, -0.999999, 0.848156, 0.000822549, -0.999999, -0.000804131, 1.02182, 0, 0, 0, 1
-0.999999, -0.000823691, -0.000967663, 0.290875, 0.000966976, 0.000834728, -0.999999, 0.848158, 0.000824499, -0.999999, -0.000833931, 1.02181, 0, 0, 0, 1
-0.999999, -0.000825675, -0.000980524, 0.290873, 0.00097981, 0.000865666, -0.999999, 0.848161, 0.000826523, -0.999999, -0.000864856, 1.02181, 0, 0, 0, 1
-0.999999, -0.00082773, -0.000993853, 0.290871, 0.00099311, 0.000897728, -0.999999, 0.848164, 0.000828622, -0.999999, -0.000896905, 1.02181, 0, 0, 0, 1
-0.999999, -0.000829859, -0.00100765, 0.290869, 0.00100688, 0.000930915, -0.999999, 0.848166, 0.000830796, -0.999999, -0.000930078, 1.02181, 0, 0, 0, 1
-0.999999, -0.000832059, -0.00102191, 0.290867, 0.00102111, 0.000965227, -0.999999, 0.848169, 0.000833045, -0.999999, -0.000964376, 1.02181, 0, 0, 0, 1
-0.999999, -0.000834332, -0.00103665, 0.290864, 0.00103581, 0.00100066, -0.999999, 0.848172, 0.000835369, -0.999999, -0.000999799, 1.02181, 0, 0, 0, 1
-0.999999, -0.000836678, -0.00105184, 0.290862, 0.00105098, 0.00103723, -0.999999, 0.848175, 0.000837768, -0.999999, -0.00103635, 1.0218, 0, 0, 0, 1
-0.999999, -0.000839097, -0.00106751, 0.29086, 0.00106661, 0.00107491, -0.999999, 0.848178, 0.000840243, -0.999999, -0.00107402, 1.0218, 0, 0, 0, 1
-0.999999, -0.000841588, -0.00108365, 0.290857, 0.00108271, 0.00111372, -0.999999, 0.848182, 0.000842794, -0.999999, -0.00111281, 1.0218, 0, 0, 0, 1
-0.999999, -0.000844152, -0.00110025, 0.290855, 0.00109927, 0.00115366, -0.999999, 0.848185, 0.00084542, -0.999999, -0.00115273, 1.0218, 0, 0, 0, 1
-0.999999, -0.000846788, -0.00111732, 0.290852, 0.00111631, 0.00119472, -0.999999, 0.848188, 0.000848122, -0.999999, -0.00119378, 1.0218, 0, 0, 0, 1
-0.999999, -0.000849498, -0.00113486, 0.290849, 0.00113381, 0.00123691, -0.999999, 0.848192, 0.0008509, -0.999999, -0.00123595, 1.02179, 0, 0, 0, 1
-0.999999, -0.00085228, -0.00115286, 0.290847, 0.00115177, 0.00128022, -0.999999, 0.848195, 0.000853755, -0.999999, -0.00127924, 1.02179, 0, 0, 0, 1
-0.999999, -0.000855135, -0.00117134, 0.290844, 0.0011702, 0.00132466, -0.999998, 0.848199, 0.000856686, -0.999999, -0.00132366, 1.02179, 0, 0, 0, 1
-0.999999, -0.000858063, -0.00119028, 0.290841, 0.0011891, 0.00137022, -0.999998, 0.848203, 0.000859693, -0.999999, -0.0013692, 1.02179, 0, 0, 0, 1
-0.999999, -0.000861065, -0.00120968, 0.290838, 0.00120846, 0.00141691, -0.999998, 0.848207, 0.000862777, -0.999999, -0.00141586, 1.02178, 0, 0, 0, 1
-0.999999, -0.000864139, -0.00122956, 0.290835, 0.00122829, 0.00146472, -0.999998, 0.848211, 0.000865938, -0.999999, -0.00146365, 1.02178, 0, 0, 0, 1
-0.999999, -0.000867286, -0.0012499, 0.290832, 0.00124859, 0.00151365, -0.999998, 0.848215, 0.000869176, -0.999998, -0.00151257, 1.02178, 0, 0, 0, 1
-0.999999, -0.000870506, -0.00127072, 0.290829, 0.00126935, 0.00156371, -0.999998, 0.848219, 0.000872492, -0.999998, -0.00156261, 1.02178, 0, 0, 0, 1
-0.999999, -0.0008738, -0.001292, 0.290825, 0.00129058, 0.0016149, -0.999998, 0.848223, 0.000875885, -0.999998, -0.00161377, 1.02177, 0, 0, 0, 1
-0.999999, -0.000877167, -0.00131374, 0.290822, 0.00131228, 0.00166721, -0.999998, 0.848228, 0.000879355, -0.999998, -0.00166606, 1.02177, 0, 0, 0, 1
-0.999999, -0.000880607, -0.00133596, 0.290819, 0.00133444, 0.00172065, -0.999998, 0.848232, 0.000882904, -0.999998, -0.00171947, 1.02177, 0, 0, 0, 1
-0.999999, -0.000884121, -0.00135864, 0.290815, 0.00135707, 0.00177521, -0.999998, 0.848237, 0.000886531, -0.999998, -0.00177401, 1.02177, 0, 0, 0, 1
-0.999999, -0.000887708, -0.00138179, 0.290812, 0.00138016, 0.00183089, -0.999997, 0.848241, 0.000890236, -0.999998, -0.00182967, 1.02176, 0, 0, 0, 1
-0.999999, -0.000891369, -0.00140541, 0.290808, 0.00140372, 0.0018877, -0.999997, 0.848246, 0.000894019, -0.999998, -0.00188645, 1.02176, 0, 0, 0, 1
-0.999999, -0.000895103, -0.00142949, 0.290804, 0.00142775, 0.00194564, -0.999997, 0.848251, 0.000897882, -0.999998, -0.00194436, 1.02176, 0, 0, 0, 1
-0.999999, -0.000898911, -0.00145404, 0.2908, 0.00145224, 0.0020047, -0.999997, 0.848256, 0.000901823, -0.999998, -0.00200339, 1.02175, 0, 0, 0, 1
-0.999998, -0.000902792, -0.00147907, 0.290797, 0.0014772, 0.00206488, -0.999997, 0.848261, 0.000905844, -0.999997, -0.00206355, 1.02175, 0, 0, 0, 1
-0.999998, -0.000906748, -0.00150455, 0.290793, 0.00150262, 0.00212619, -0.999997, 0.848266, 0.000909944, -0.999997, -0.00212483, 1.02175, 0, 0, 0, 1
-0.999998, -0.000910777, -0.00153051, 0.290789, 0.00152851, 0.00218863, -0.999996, 0.848271, 0.000914123, -0.999997, -0.00218723, 1.02175, 0, 0, 0, 1
-0.999998, -0.00091488, -0.00155693, 0.290785, 0.00155487, 0.00225219, -0.999996, 0.848276, 0.000918383, -0.999997, -0.00225076, 1.02174, 0, 0, 0, 1
-0.999998, -0.000919057, -0.00158382, 0.290781, 0.00158169, 0.00231687, -0.999996, 0.848282, 0.000922723, -0.999997, -0.00231542, 1.02174, 0, 0, 0, 1
-0.999998, -0.000923308, -0.00161118, 0.290776, 0.00160898, 0.00238268, -0.999996, 0.848287, 0.000927143, -0.999997, -0.00238119, 1.02174, 0, 0, 0, 1
-0.999998, -0.000927633, -0.00163901, 0.290772, 0.00163673, 0.00244962, -0.999996, 0.848293, 0.000931644, -0.999997, -0.0024481, 1.02173, 0, 0, 0, 1
-0.999998, -0.000932032, -0.0016673, 0.290768, 0.00166495, 0.00251768, -0.999995, 0.848299, 0.000936226, -0.999996, -0.00251612, 1.02173, 0, 0, 0, 1
-0.999998, -0.000936506, -0.00169607, 0.290763, 0.00169364, 0.00258686, -0.999995, 0.848304, 0.000940889, -0.999996, -0.00258527, 1.02173, 0, 0, 0, 1
-0.999998, -0.000941054, -0.0017253, 0.290759, 0.00172279, 0.00265717, -0.999995, 0.84831, 0.000945634, -0.999996, -0.00265554, 1.02172, 0, 0, 0, 1
-0.999998, -0.000945676, -0.00175499, 0.290754, 0.00175241, 0.0027286, -0.999995, 0.848316, 0.00095046, -0.999996, -0.00272694, 1.02172, 0, 0, 0, 1
-0.999998, -0.000950373, -0.00178516, 0.29075, 0.00178249, 0.00280116, -0.999994, 0.848322, 0.000955369, -0.999996, -0.00279946, 1.02171, 0, 0, 0, 1
-0.999998, -0.000955145, -0.00181579, 0.290745, 0.00181304, 0.00287485, -0.999994, 0.848328, 0.000960359, -0.999995, -0.00287311, 1.02171, 0, 0, 0, 1
-0.999998, -0.000959991, -0.00184689, 0.29074, 0.00184405, 0.00294965, -0.999994, 0.848335, 0.000965433, -0.999995, -0.00294788, 1.02171, 0, 0, 0, 1
-0.999998, -0.000964912, -0.00187846, 0.290735, 0.00187553, 0.00302559, -0.999994, 0.848341, 0.000970589, -0.999995, -0.00302377, 1.0217, 0, 0, 0, 1
-0.999998, -0.000969907, -0.00191049, 0.290731, 0.00190748, 0.00310264, -0.999993, 0.848347, 0.000975829, -0.999995, -0.00310079, 1.0217, 0, 0, 0, 1
-0.999998, -0.000974978, -0.001943, 0.290726, 0.00193989, 0.00318083, -0.999993, 0.848354, 0.000981152, -0.999994, -0.00317893, 1.0217, 0, 0, 0, 1
-0.999998, -0.000980124, -0.00197597, 0.290721, 0.00197276, 0.00326013, -0.999993, 0.84836, 0.000986558, -0.999994, -0.00325819, 1.02169, 0, 0, 0, 1
-0.999997, -0.000985344, -0.00200941, 0.290715, 0.00200611, 0.00334057, -0.999992, 0.848367, 0.000992049, -0.999994, -0.00333858, 1.02169, 0, 0, 0, 1
-0.999997, -0.00099064, -0.00204331, 0.29071, 0.00203991, 0.00342212, -0.999992, 0.848374, 0.000997625, -0.999994, -0.00342009, 1.02168, 0, 0, 0, 1
-0.999997, -0.000996011, -0.00207769, 0.290705, 0.00207418, 0.0035048, -0.999992, 0.848381, 0.00100328, -0.999993, -0.00350273, 1.02168, 0, 0, 0, 1
-0.999997, -0.00100146, -0.00211253, 0.2907, 0.00210892, 0.00358861, -0.999991, 0.848388, 0.00100903, -0.999993, -0.00358649, 1.02167, 0, 0, 0, 1
-0.999997, -0.00100698, -0.00214784, 0.290694, 0.00214413, 0.00367354, -0.999991, 0.848395, 0.00101486, -0.999993, -0.00367137, 1.02167, 0, 0, 0, 1
-0.999997, -0.00101258, -0.00218362, 0.290689, 0.00217979, 0.0037596, -0.999991, 0.848402, 0.00102078, -0.999992, -0.00375738, 1.02167, 0, 0, 0, 1
-0.999997, -0.00101825, -0.00221986, 0.290683, 0.00221593, 0.00384678, -0.99999, 0.848409, 0.00102678, -0.999992, -0.00384451, 1.02166, 0, 0, 0, 1
-0.999997, -0.001024, -0.00225657, 0.290678, 0.00225253, 0.00393508, -0.99999, 0.848417, 0.00103287, -0.999992, -0.00393276, 1.02166, 0, 0, 0, 1
-0.999997, -0.00102982, -0.00229375, 0.290672, 0.00228959, 0.00402451, -0.999989, 0.848424, 0.00103904, -0.999991, -0.00402214, 1.02165, 0, 0, 0, 1
-0.999997, -0.00103572, -0.0023314, 0.290666, 0.00232712, 0.00411507, -0.999989, 0.848432, 0.00104531, -0.999991, -0.00411264, 1.02165, 0, 0, 0, 1
-0.999997, -0.0010417, -0.00236952, 0.29066, 0.00236511, 0.00420675, -0.999988, 0.848439, 0.00105166, -0.999991, -0.00420427, 1.02164, 0, 0, 0, 1
-0.999997, -0.00104775, -0.0024081, 0.290654, 0.00240357, 0.00429955, -0.999988, 0.848447, 0.00105809, -0.99999, -0.00429702, 1.02164, 0, 0, 0, 1
-0.999996, -0.00105388, -0.00244715, 0.290648, 0.0024425, 0.00439348, -0.999987, 0.848455, 0.00106462, -0.99999, -0.00439089, 1.02163, 0, 0, 0, 1
-0.999996, -0.00106009, -0.00248667, 0.290642, 0.00248189, 0.00448853, -0.999987, 0.848463, 0.00107124, -0.999989, -0.00448588, 1.02163, 0, 0, 0, 1
-0.999996, -0.00106637, -0.00252665, 0.290636, 0.00252174, 0.00458471, -0.999986, 0.848471, 0.00107794, -0.999989, -0.004582, 1.02162, 0, 0, 0, 1
-0.999996, -0.00107273, -0.00256711, 0.29063, 0.00256206, 0.00468201, -0.999986, 0.848479, 0.00108473, -0.999988, -0.00467925, 1.02162, 0, 0, 0, 1
-0.999996, -0.00107916, -0.00260803, 0.290624, 0.00260284, 0.00478044, -0.999985, 0.848487, 0.00109161, -0.999988, -0.00477761, 1.02161, 0, 0, 0, 1
-0.999996, -0.00108567, -0.00264942, 0.290617, 0.00264409, 0.00487999, -0.999985, 0.848496, 0.00109859, -0.999988, -0.0048771, 1.02161, 0, 0, 0, 1
-0.999996, -0.00109226, -0.00269128, 0.290611, 0.0026858, 0.00498067, -0.999984, 0.848504, 0.00110565, -0.999987, -0.00497771, 1.0216, 0, 0, 0, 1
-0.999996, -0.00109893, -0.0027336, 0.290604, 0.00272798, 0.00508247, -0.999983, 0.848513, 0.0011128, -0.999986, -0.00507945, 1.0216, 0, 0, 0, 1
-0.999996, -0.00110567, -0.00277639, 0.290598, 0.00277062, 0.00518539, -0.999983, 0.848521, 0.00112005, -0.999986, -0.00518231, 1.02159, 0, 0, 0, 1
-0.999995, -0.00111249, -0.00281965, 0.290591, 0.00281373, 0.00528944, -0.999982, 0.84853, 0.00112738, -0.999985, -0.00528629, 1.02159, 0, 0, 0, 1
-0.999995, -0.00111939, -0.00286338, 0.290584, 0.0028573, 0.00539462, -0.999981, 0.848539, 0.00113481, -0.999985, -0.0053914, 1.02158, 0, 0, 0, 1
-0.999995, -0.00112636, -0.00290758, 0.290578, 0.00290134, 0.00550092, -0.999981, 0.848548, 0.00114233, -0.999984, -0.00549762, 1.02158, 0, 0, 0, 1
-0.999995, -0.00113341, -0.00295224, 0.290571, 0.00294584, 0.00560834, -0.99998, 0.848557, 0.00114995, -0.999984, -0.00560498, 1.02157, 0, 0, 0, 1
-0.999995, -0.00114054, -0.00299737, 0.290564, 0.0029908, 0.00571689, -0.999979, 0.848566, 0.00115766, -0.999983, -0.00571345, 1.02157, 0, 0, 0, 1
-0.999995, -0.00114775, -0.00304297, 0.290557, 0.00303623, 0.00582656, -0.999978, 0.848575, 0.00116546, -0.999982, -0.00582305, 1.02156, 0, 0, 0, 1
-0.999995, -0.00115504, -0.00308903, 0.29055, 0.00308212, 0.00593736, -0.999978, 0.848584, 0.00117335, -0.999982, -0.00593377, 1.02156, 0, 0, 0, 1
-0.999994, -0.0011624, -0.00313557, 0.290543, 0.00312848, 0.00604928, -0.999977, 0.848593, 0.00118134, -0.999981, -0.00604561, 1.02155, 0, 0, 0, 1
-0.999994, -0.00116984, -0.00318257, 0.290536, 0.0031753, 0.00616233, -0.999976, 0.848603, 0.00118943, -0.99998, -0.00615858, 1.02155, 0, 0, 0, 1
-0.999994, -0.00117736, -0.00323004, 0.290528, 0.00322259, 0.0062765, -0.999975, 0.848612, 0.00119761, -0.99998, -0.00627267, 1.02154, 0, 0, 0, 1
-0.999994, -0.00118496, -0.00327798, 0.290521, 0.00327034, 0.0063918, -0.999974, 0.848622, 0.00120588, -0.999979, -0.00638788, 1.02153, 0, 0, 0, 1
-0.999994, -0.00119264, -0.00332638, 0.290513, 0.00331855, 0.00650822, -0.999973, 0.848632, 0.00121425, -0.999978, -0.00650422, 1.02153, 0, 0, 0, 1
-0.999994, -0.00120039, -0.00337525, 0.290506, 0.00336723, 0.00662576, -0.999972, 0.848642, 0.00122272, -0.999977, -0.00662168, 1.02152, 0, 0, 0, 1
-0.999993, -0.00120823, -0.00342459, 0.290498, 0.00341637, 0.00674443, -0.999971, 0.848652, 0.00123129, -0.999977, -0.00674026, 1.02152, 0, 0, 0, 1
-0.999993, -0.00121614, -0.0034744, 0.290491, 0.00346597, 0.00686422, -0.99997, 0.848662, 0.00123995, -0.999976, -0.00685996, 1.02151, 0, 0, 0, 1
-0.999993, -0.00122413, -0.00352468, 0.290483, 0.00351604, 0.00698514, -0.999969, 0.848672, 0.00124871, -0.999975, -0.00698079, 1.02151, 0, 0, 0, 1
-0.999993, -0.0012322, -0.00357542, 0.290475, 0.00356657, 0.00710718, -0.999968, 0.848682, 0.00125758, -0.999974, -0.00710274, 1.0215, 0, 0, 0, 1
-0.999993, -0.00124035, -0.00362663, 0.290467, 0.00361757, 0.00723035, -0.999967, 0.848692, 0.00126654, -0.999973, -0.00722581, 1.02149, 0, 0, 0, 1
-0.999992, -0.00124858, -0.00367831, 0.290459, 0.00366903, 0.00735464, -0.999966, 0.848703, 0.00127559, -0.999972, -0.00735, 1.02149, 0, 0, 0, 1
-0.999992, -0.00125689, -0.00373046, 0.290451, 0.00372095, 0.00748005, -0.999965, 0.848713, 0.00128475, -0.999971, -0.00747532, 1.02148, 0, 0, 0, 1
-0.999992, -0.00126528, -0.00378307, 0.290443, 0.00377334, 0.00760659, -0.999964, 0.848724, 0.00129401, -0.99997, -0.00760176, 1.02147, 0, 0, 0, 1
-0.999992, -0.00127375, -0.00383615, 0.290435, 0.00382619, 0.00773426, -0.999963, 0.848735, 0.00130338, -0.999969, -0.00772932, 1.02147, 0, 0, 0, 1
-0.999992, -0.0012823, -0.0038897, 0.290427, 0.0038795, 0.00786305, -0.999962, 0.848745, 0.00131284, -0.999968, -0.007858, 1.02146, 0, 0, 0, 1
-0.999991, -0.00129093, -0.00394372, 0.290419, 0.00393328, 0.00799296, -0.99996, 0.848756, 0.0013224, -0.999967, -0.00798781, 1.02146, 0, 0, 0, 1
-0.999991, -0.00129964, -0.0039982, 0.29041, 0.00398752, 0.00812399, -0.999959, 0.848767, 0.00133207, -0.999966, -0.00811874, 1.02145, 0, 0, 0, 1
-0.999991, -0.00130843, -0.00405315, 0.290402, 0.00404222, 0.00825615, -0.999958, 0.848778, 0.00134184, -0.999965, -0.00825079, 1.02144, 0, 0, 0, 1
-0.999991, -0.0013173, -0.00410857, 0.290393, 0.00409738, 0.00838944, -0.999956, 0.848789, 0.00135171, -0.999964, -0.00838396, 1.02144, 0, 0, 0, 1
-0.99999, -0.00132625, -0.00416446, 0.290385, 0.00415301, 0.00852385, -0.999955, 0.848801, 0.00136169, -0.999963, -0.00851826, 1.02143, 0, 0, 0, 1
-0.99999, -0.00133529, -0.00422082, 0.290376, 0.0042091, 0.00865938, -0.999954, 0.848812, 0.00137177, -0.999962, -0.00865368, 1.02142, 0, 0, 0, 1
-0.99999, -0.0013444, -0.00427764, 0.290367, 0.00426566, 0.00879604, -0.999952, 0.848824, 0.00138196, -0.99996, -0.00879022, 1.02142, 0, 0, 0, 1
-0.99999, -0.0013536, -0.00433493, 0.290359, 0.00432267, 0.00893382, -0.999951, 0.848835, 0.00139226, -0.999959, -0.00892788, 1.02141, 0, 0, 0, 1
-0.999989, -0.00136287, -0.00439269, 0.29035, 0.00438015, 0.00907273, -0.999949, 0.848847, 0.00140266, -0.999958, -0.00906666, 1.0214, 0, 0, 0, 1
-0.999989, -0.00137223, -0.00445092, 0.290341, 0.00443809, 0.00921276, -0.999948, 0.848858, 0.00141316, -0.999957, -0.00920657, 1.0214, 0, 0, 0, 1
-0.999989, -0.00138167, -0.00450961, 0.290332, 0.0044965, 0.00935391, -0.999946, 0.84887, 0.00142378, -0.999955, -0.0093476, 1.02139, 0, 0, 0, 1
-0.999989, -0.00139119, -0.00456878, 0.290323, 0.00455536, 0.00949619, -0.999945, 0.848882, 0.0014345, -0.999954, -0.00948975, 1.02138, 0, 0, 0, 1
-0.999988, -0.00140079, -0.00462841, 0.290314, 0.00461469, 0.00963959, -0.999943, 0.848894, 0.00144533, -0.999953, -0.00963302, 1.02137, 0, 0, 0, 1
-0.999988, -0.00141048, -0.0046885, 0.290304, 0.00467448, 0.00978412, -0.999941, 0.848906, 0.00145627, -0.999951, -0.00977741, 1.02137, 0, 0, 0, 1
-0.999988, -0.00142024, -0.00474907, 0.290295, 0.00473474, 0.00992977, -0.999939, 0.848919, 0.00146731, -0.99995, -0.00992292, 1.02136, 0, 0, 0, 1
-0.999987, -0.00143009, -0.0048101, 0.290286, 0.00479545, 0.0100765, -0.999938, 0.848931, 0.00147847, -0.999948, -0.0100696, 1.02135, 0, 0, 0, 1
-0.999987, -0.00144003, -0.0048716, 0.290276, 0.00485663, 0.0102244, -0.999936, 0.848943, 0.00148974, -0.999947, -0.0102173, 1.02135, 0, 0, 0, 1
-0.999987, -0.00145004, -0.00493357, 0.290267, 0.00491827, 0.0103735, -0.999934, 0.848956, 0.00150112, -0.999945, -0.0103662, 1.02134, 0, 0, 0, 1
-0.999986, -0.00146014, -0.00499601, 0.290257, 0.00498037, 0.0105236, -0.999932, 0.848969, 0.00151262, -0.999944, -0.0105162, 1.02133, 0, 0, 0, 1
-0.999986, -0.00147032, -0.00505891, 0.290247, 0.00504293, 0.0106749, -0.99993, 0.848981, 0.00152422, -0.999942, -0.0106673, 1.02132, 0, 0, 0, 1
-0.999986, -0.00148058, -0.00512228, 0.290238, 0.00510596, 0.0108273, -0.999928, 0.848994, 0.00153594, -0.99994, -0.0108196, 1.02132, 0, 0, 0, 1
-0.999985, -0.00149093, -0.00518612, 0.290228, 0.00516944, 0.0109808, -0.999926, 0.849007, 0.00154777, -0.999939, -0.0109729, 1.02131, 0, 0, 0, 1
-0.999985, -0.00150136, -0.00525043, 0.290218, 0.00523339, 0.0111354, -0.999924, 0.84902, 0.00155971, -0.999937, -0.0111274, 1.0213, 0, 0, 0, 1
-0.999985, -0.00151188, -0.00531521, 0.290208, 0.0052978, 0.0112912, -0.999922, 0.849033, 0.00157177, -0.999935, -0.011283, 1.02129, 0, 0, 0, 1
-0.999984, -0.00152248, -0.00538045, 0.290198, 0.00536267, 0.0114481, -0.99992, 0.849046, 0.00158395, -0.999933, -0.0114398, 1.02129, 0, 0, 0, 1
-0.999984, -0.00153316, -0.00544616, 0.290188, 0.00542801, 0.0116061, -0.999918, 0.849059, 0.00159624, -0.999931, -0.0115976, 1.02128, 0, 0, 0, 1
-0.999984, -0.00154393, -0.00551234, 0.290178, 0.0054938, 0.0117652, -0.999916, 0.849073, 0.00160865, -0.99993, -0.0117566, 1.02127, 0, 0, 0, 1
-0.999983, -0.00155478, -0.00557898, 0.290167, 0.00556005, 0.0119255, -0.999913, 0.849086, 0.00162118, -0.999928, -0.0119167, 1.02126, 0, 0, 0, 1
-0.999983, -0.00156571, -0.0056461, 0.290157, 0.00562677, 0.0120869, -0.999911, 0.8491, 0.00163382, -0.999926, -0.0120779, 1.02125, 0, 0, 0, 1
-0.999982, -0.00157674, -0.00571368, 0.290147, 0.00569395, 0.0122494, -0.999909, 0.849114, 0.00164658, -0.999924, -0.0122402, 1.02125, 0, 0, 0, 1
-0.999982, -0.00158784, -0.00578173, 0.290136, 0.00576158, 0.012413, -0.999906, 0.849127, 0.00165946, -0.999922, -0.0124037, 1.02124, 0, 0, 0, 1
-0.999982, -0.00159903, -0.00585025, 0.290126, 0.00582968, 0.0125778, -0.999904, 0.849141, 0.00167246, -0.99992, -0.0125682, 1.02123, 0, 0, 0, 1
-0.999981, -0.00161031, -0.00591923, 0.290115, 0.00589824, 0.0127437, -0.999901, 0.849155, 0.00168558, -0.999917, -0.0127339, 1.02122, 0, 0, 0, 1
-0.999981, -0.00162167, -0.00598869, 0.290104, 0.00596726, 0.0129107, -0.999899, 0.849169, 0.00169883, -0.999915, -0.0129008, 1.02121, 0, 0, 0, 1
-0.99998, -0.00163312, -0.00605861, 0.290094, 0.00603674, 0.0130788, -0.999896, 0.849183, 0.00171219, -0.999913, -0.0130687, 1.02121, 0, 0, 0, 1
-0.99998, -0.00164465, -0.006129, 0.290083, 0.00610668, 0.0132481, -0.999894, 0.849198, 0.00172567, -0.999911, -0.0132377, 1.0212, 0, 0, 0, 1
-0.999979, -0.00165627, -0.00619985, 0.290072, 0.00617708, 0.0134184, -0.999891, 0.849212, 0.00173928, -0.999909, -0.0134079, 1.02119, 0, 0, 0, 1
-0.999979, -0.00166798, -0.00627118, 0.290061, 0.00624794, 0.0135899, -0.999888, 0.849226, 0.00175302, -0.999906, -0.0135792, 1.02118, 0, 0, 0, 1
-0.999978, -0.00167977, -0.00634297, 0.29005, 0.00631926, 0.0137625, -0.999885, 0.849241, 0.00176687, -0.999904, -0.0137516, 1.02117, 0, 0, 0, 1
-0.999978, -0.00169165, -0.00641523, 0.290039, 0.00639104, 0.0139363, -0.999882, 0.849256, 0.00178086, -0.999901, -0.0139252, 1.02117, 0, 0, 0, 1
-0.999978, -0.00170362, -0.00648796, 0.290027, 0.00646328, 0.0141112, -0.99988, 0.84927, 0.00179496, -0.999899, -0.0140998, 1.02116, 0, 0, 0, 1
-0.999977, -0.00171567, -0.00656115, 0.290016, 0.00653598, 0.0142872, -0.999877, 0.849285, 0.0018092, -0.999896, -0.0142756, 1.02115, 0, 0, 0, 1
-0.999976, -0.00172781, -0.00663482, 0.290005, 0.00660914, 0.0144643, -0.999874, 0.8493, 0.00182356, -0.999894, -0.0144525, 1.02114, 0, 0, 0, 1
-0.999976, -0.00174004, -0.00670895, 0.289993, 0.00668276, 0.0146425, -0.99987, 0.849315, 0.00183805, -0.999891, -0.0146305, 1.02113, 0, 0, 0, 1
-0.999975, -0.00175235, -0.00678355, 0.289982, 0.00675684, 0.0148219, -0.999867, 0.84933, 0.00185266, -0.999889, -0.0148097, 1.02112, 0, 0, 0, 1
-0.999975, -0.00176476, -0.00685862, 0.28997, 0.00683138, 0.0150024, -0.999864, 0.849345, 0.00186741, -0.999886, -0.0149899, 1.02111, 0, 0, 0, 1
-0.999974, -0.00177725, -0.00693415, 0.289959, 0.00690638, 0.015184, -0.999861, 0.849361, 0.00188229, -0.999883, -0.0151713, 1.02111, 0, 0, 0, 1
-0.999974, -0.00178983, -0.00701015, 0.289947, 0.00698183, 0.0153667, -0.999858, 0.849376, 0.00189729, -0.99988, -0.0153538, 1.0211, 0, 0, 0, 1
-0.999973, -0.00180249, -0.00708663, 0.289935, 0.00705775, 0.0155506, -0.999854, 0.849392, 0.00191243, -0.999877, -0.0155374, 1.02109, 0, 0, 0, 1
-0.999973, -0.00181525, -0.00716356, 0.289923, 0.00713413, 0.0157355, -0.999851, 0.849407, 0.0019277, -0.999875, -0.0157221, 1.02108, 0, 0, 0, 1
-0.999972, -0.00182809, -0.00724097, 0.289911, 0.00721096, 0.0159216, -0.999847, 0.849423, 0.0019431, -0.999872, -0.015908, 1.02107, 0, 0, 0, 1
-0.999972, -0.00184103, -0.00731885, 0.289899, 0.00728825, 0.0161089, -0.999844, 0.849439, 0.00195864, -0.999869, -0.016095, 1.02106, 0, 0, 0, 1
-0.999971, -0.00185405, -0.00739719, 0.289887, 0.007366, 0.0162972, -0.99984, 0.849455, 0.00197431, -0.999865, -0.0162831, 1.02105, 0, 0, 0, 1
-0.99997, -0.00186716, -0.007476, 0.289875, 0.00744421, 0.0164867, -0.999836, 0.849471, 0.00199011, -0.999862, -0.0164723, 1.02104, 0, 0, 0, 1
-0.99997, -0.00188037, -0.00755528, 0.289863, 0.00752288, 0.0166773, -0.999833, 0.849487, 0.00200605, -0.999859, -0.0166626, 1.02103, 0, 0, 0, 1
-0.999969, -0.00189366, -0.00763502, 0.289851, 0.00760201, 0.016869, -0.999829, 0.849503, 0.00202213, -0.999856, -0.0168541, 1.02102, 0, 0, 0, 1
-0.999968, -0.00190704, -0.00771524, 0.289838, 0.00768159, 0.0170618, -0.999825, 0.849519, 0.00203834, -0.999853, -0.0170466, 1.02102, 0, 0, 0, 1
-0.999968, -0.00192051, -0.00779592, 0.289826, 0.00776163, 0.0172558, -0.999821, 0.849536, 0.0020547, -0.999849, -0.0172403, 1.02101, 0, 0, 0, 1
-0.999967, -0.00193408, -0.00787707, 0.289813, 0.00784213, 0.0174509, -0.999817, 0.849552, 0.00207118, -0.999846, -0.0174351, 1.021, 0, 0, 0, 1
-0.999966, -0.00194773, -0.00795869, 0.289801, 0.00792309, 0.0176471, -0.999813, 0.849569, 0.00208781, -0.999842, -0.0176311, 1.02099, 0, 0, 0, 1
-0.999966, -0.00196148, -0.00804077, 0.289788, 0.00800451, 0.0178444, -0.999809, 0.849585, 0.00210458, -0.999839, -0.0178281, 1.02098, 0, 0, 0, 1
-0.999965, -0.00197531, -0.00812333, 0.289775, 0.00808638, 0.0180429, -0.999805, 0.849602, 0.00212149, -0.999835, -0.0180263, 1.02097, 0, 0, 0, 1
-0.999964, -0.00198924, -0.00820635, 0.289763, 0.00816871, 0.0182424, -0.9998, 0.849619, 0.00213855, -0.999832, -0.0182255, 1.02096, 0, 0, 0, 1
-0.999964, -0.00200326, -0.00828984, 0.28975, 0.0082515, 0.0184431, -0.999796, 0.849636, 0.00215574, -0.999828, -0.0184259, 1.02095, 0, 0, 0, 1
-0.999963, -0.00201737, -0.0083738, 0.289737, 0.00833475, 0.018645, -0.999791, 0.849653, 0.00217308, -0.999824, -0.0186275, 1.02094, 0, 0, 0, 1
-0.999962, -0.00203157, -0.00845822, 0.289724, 0.00841845, 0.0188479, -0.999787, 0.84967, 0.00219056, -0.99982, -0.0188301, 1.02093, 0, 0, 0, 1
-0.999961, -0.00204587, -0.00854312, 0.289711, 0.00850261, 0.019052, -0.999782, 0.849688, 0.00220818, -0.999816, -0.0190339, 1.02092, 0, 0, 0, 1
-0.999961, -0.00206025, -0.00862848, 0.289697, 0.00858723, 0.0192572, -0.999778, 0.849705, 0.00222595, -0.999812, -0.0192387, 1.02091, 0, 0, 0, 1
-0.99996, -0.00207473, -0.00871431, 0.289684, 0.0086723, 0.0194635, -0.999773, 0.849722, 0.00224387, -0.999808, -0.0194447, 1.0209, 0, 0, 0, 1
-0.999959, -0.00208931, -0.00880061, 0.289671, 0.00875783, 0.0196709, -0.999768, 0.84974, 0.00226194, -0.999804, -0.0196518, 1.02089, 0, 0, 0, 1
-0.999958, -0.00210397, -0.00888738, 0.289657, 0.00884381, 0.0198795, -0.999763, 0.849758, 0.00228015, -0.9998, -0.01986, 1.02088, 0, 0, 0, 1
-0.999957, -0.00211873, -0.00897461, 0.289644, 0.00893026, 0.0200892, -0.999758, 0.849775, 0.00229851, -0.999796, -0.0200694, 1.02087, 0, 0, 0, 1
-0.999957, -0.00213358, -0.00906231, 0.28963, 0.00901716, 0.0203, -0.999753, 0.849793, 0.00231702, -0.999792, -0.0202798, 1.02086, 0, 0, 0, 1
-0.999956, -0.00214853, -0.00915048, 0.289617, 0.00910451, 0.0205119, -0.999748, 0.849811, 0.00233568, -0.999787, -0.0204914, 1.02085, 0, 0, 0, 1
-0.999955, -0.00216357, -0.00923912, 0.289603, 0.00919232, 0.0207249, -0.999743, 0.849829, 0.0023545, -0.999783, -0.0207041, 1.02084, 0, 0, 0, 1
-0.999954, -0.00217871, -0.00932823, 0.289589, 0.00928059, 0.0209391, -0.999738, 0.849848, 0.00237346, -0.999778, -0.0209179, 1.02083, 0, 0, 0, 1
-0.999953, -0.00219394, -0.0094178, 0.289575, 0.00936931, 0.0211544, -0.999732, 0.849866, 0.00239258, -0.999774, -0.0211328, 1.02082, 0, 0, 0, 1
-0.999952, -0.00220926, -0.00950784, 0.289562, 0.00945849, 0.0213708, -0.999727, 0.849884, 0.00241185, -0.999769, -0.0213489, 1.02081, 0, 0, 0, 1
-0.999951, -0.00222468, -0.00959836, 0.289548, 0.00954812, 0.0215883, -0.999721, 0.849903, 0.00243127, -0.999764, -0.0215661, 1.0208, 0, 0, 0, 1
-0.999951, -0.00224019, -0.00968933, 0.289534, 0.00963821, 0.021807, -0.999716, 0.849921, 0.00245085, -0.99976, -0.0217843, 1.02079, 0, 0, 0, 1
-0.99995, -0.00225581, -0.00978078, 0.289519, 0.00972875, 0.0220268, -0.99971, 0.84994, 0.00247059, -0.999755, -0.0220037, 1.02078, 0, 0, 0, 1
-0.999949, -0.00227151, -0.0098727, 0.289505, 0.00981975, 0.0222477, -0.999704, 0.849959, 0.00249048, -0.99975, -0.0222242, 1.02077, 0, 0, 0, 1
-0.999948, -0.00228731, -0.00996508, 0.289491, 0.0099112, 0.0224697, -0.999698, 0.849977, 0.00251054, -0.999745, -0.0224459, 1.02076, 0, 0, 0, 1
-0.999947, -0.00230321, -0.0100579, 0.289477, 0.0100031, 0.0226929, -0.999692, 0.849996, 0.00253075, -0.99974, -0.0226686, 1.02075, 0, 0, 0, 1
-0.999946, -0.00231921, -0.0101513, 0.289462, 0.0100955, 0.0229171, -0.999686, 0.850015, 0.00255112, -0.999735, -0.0228925, 1.02074, 0, 0, 0, 1
-0.999945, -0.0023353, -0.010245, 0.289448, 0.0101883, 0.0231425, -0.99968, 0.850035, 0.00257165, -0.999729, -0.0231174, 1.02073, 0, 0, 0, 1
-0.999944, -0.00235149, -0.0103393, 0.289433, 0.0102816, 0.023369, -0.999674, 0.850054, 0.00259234, -0.999724, -0.0233435, 1.02072, 0, 0, 0, 1
-0.999943, -0.00236777, -0.010434, 0.289418, 0.0103753, 0.0235967, -0.999668, 0.850073, 0.00261319, -0.999719, -0.0235707, 1.02071, 0, 0, 0, 1
-0.999942, -0.00238415, -0.0105292, 0.289404, 0.0104695, 0.0238254, -0.999661, 0.850093, 0.00263421, -0.999713, -0.0237991, 1.0207, 0, 0, 0, 1
-0.999941, -0.00240063, -0.0106249, 0.289389, 0.0105641, 0.0240553, -0.999655, 0.850112, 0.00265539, -0.999708, -0.0240285, 1.02069, 0, 0, 0, 1
-0.99994, -0.00241721, -0.010721, 0.289374, 0.0106592, 0.0242863, -0.999648, 0.850132, 0.00267674, -0.999702, -0.0242591, 1.02068, 0, 0, 0, 1
-0.999939, -0.00243389, -0.0108176, 0.289359, 0.0107547, 0.0245184, -0.999642, 0.850152, 0.00269825, -0.999696, -0.0244907, 1.02067, 0, 0, 0, 1
-0.999937, -0.00245067, -0.0109147, 0.289344, 0.0108507, 0.0247516, -0.999635, 0.850171, 0.00271993, -0.999691, -0.0247235, 1.02066, 0, 0, 0, 1
-0.999936, -0.00246754, -0.0110122, 0.289329, 0.0109471, 0.024986, -0.999628, 0.850191, 0.00274177, -0.999685, -0.0249574, 1.02064, 0, 0, 0, 1
-0.999935, -0.00248451, -0.0111102, 0.289314, 0.011044, 0.0252215, -0.999621, 0.850211, 0.00276379, -0.999679, -0.0251924, 1.02063, 0, 0, 0, 1
-0.999934, -0.00250159, -0.0112087, 0.289298, 0.0111414, 0.0254581, -0.999614, 0.850231, 0.00278597, -0.999673, -0.0254286, 1.02062, 0, 0, 0, 1
-0.999933, -0.00251876, -0.0113076, 0.289283, 0.0112392, 0.0256958, -0.999607, 0.850252, 0.00280832, -0.999667, -0.0256658, 1.02061, 0, 0, 0, 1
-0.999932, -0.00253603, -0.011407, 0.289268, 0.0113375, 0.0259347, -0.999599, 0.850272, 0.00283085, -0.99966, -0.0259042, 1.0206, 0, 0, 0, 1
-0.999931, -0.0025534, -0.0115069, 0.289252, 0.0114362, 0.0261746, -0.999592, 0.850292, 0.00285355, -0.999654, -0.0261436, 1.02059, 0, 0, 0, 1
-0.999929, -0.00257087, -0.0116072, 0.289237, 0.0115353, 0.0264157, -0.999584, 0.850313, 0.00287642, -0.999648, -0.0263842, 1.02058, 0, 0, 0, 1
-0.999928, -0.00258844, -0.0117081, 0.289221, 0.0116349, 0.0266579, -0.999577, 0.850334, 0.00289946, -0.999641, -0.0266259, 1.02057, 0, 0, 0, 1
-0.999927, -0.00260612, -0.0118093, 0.289205, 0.011735, 0.0269013, -0.999569, 0.850354, 0.00292268, -0.999635, -0.0268687, 1.02056, 0, 0, 0, 1
-0.999926, -0.00262389, -0.0119111, 0.28919, 0.0118355, 0.0271457, -0.999561, 0.850375, 0.00294608, -0.999628, -0.0271127, 1.02055, 0, 0, 0, 1
-0.999924, -0.00264177, -0.0120133, 0.289174, 0.0119365, 0.0273913, -0.999554, 0.850396, 0.00296965, -0.999621, -0.0273577, 1.02053, 0, 0, 0, 1
-0.999923, -0.00265975, -0.012116, 0.289158, 0.0120379, 0.027638, -0.999546, 0.850417, 0.0029934, -0.999614, -0.0276039, 1.02052, 0, 0, 0, 1
-0.999922, -0.00267783, -0.0122191, 0.289142, 0.0121398, 0.0278858, -0.999537, 0.850438, 0.00301733, -0.999608, -0.0278511, 1.02051, 0, 0, 0, 1
-0.99992, -0.00269601, -0.0123228, 0.289126, 0.0122421, 0.0281348, -0.999529, 0.85046, 0.00304144, -0.999601, -0.0280995, 1.0205, 0, 0, 0, 1
-0.999919, -0.00271429, -0.0124269, 0.28911, 0.0123449, 0.0283848, -0.999521, 0.850481, 0.00306572, -0.999593, -0.028349, 1.02049, 0, 0, 0, 1
-0.999918, -0.00273268, -0.0125314, 0.289094, 0.0124481, 0.028636, -0.999512, 0.850502, 0.00309019, -0.999586, -0.0285996, 1.02048, 0, 0, 0, 1
-0.999916, -0.00275117, -0.0126364, 0.289077, 0.0125517, 0.0288883, -0.999504, 0.850524, 0.00311485, -0.999579, -0.0288513, 1.02047, 0, 0, 0, 1
-0.999915, -0.00276976, -0.0127419, 0.289061, 0.0126559, 0.0291417, -0.999495, 0.850546, 0.00313968, -0.999571, -0.0291042, 1.02045, 0, 0, 0, 1
-0.999914, -0.00278846, -0.0128479, 0.289044, 0.0127604, 0.0293962, -0.999486, 0.850567, 0.0031647, -0.999564, -0.0293581, 1.02044, 0, 0, 0, 1
-0.999912, -0.00280726, -0.0129543, 0.289028, 0.0128655, 0.0296519, -0.999477, 0.850589, 0.00318991, -0.999556, -0.0296132, 1.02043, 0, 0, 0, 1
-0.999911, -0.00282616, -0.0130612, 0.289011, 0.0129709, 0.0299087, -0.999468, 0.850611, 0.0032153, -0.999549, -0.0298693, 1.02042, 0, 0, 0, 1
-0.999909, -0.00284517, -0.0131686, 0.288995, 0.0130768, 0.0301666, -0.999459, 0.850633, 0.00324088, -0.999541, -0.0301266, 1.02041, 0, 0, 0, 1
-0.999908, -0.00286428, -0.0132765, 0.288978, 0.0131832, 0.0304256, -0.99945, 0.850655, 0.00326665, -0.999533, -0.030385, 1.0204, 0, 0, 0, 1
-0.999906, -0.0028835, -0.0133848, 0.288961, 0.01329, 0.0306857, -0.999441, 0.850678, 0.00329261, -0.999525, -0.0306445, 1.02038, 0, 0, 0, 1
-0.999905, -0.00290283, -0.0134935, 0.288944, 0.0133973, 0.030947, -0.999431, 0.8507, 0.00331876, -0.999517, -0.0309052, 1.02037, 0, 0, 0, 1
-0.999903, -0.00292226, -0.0136028, 0.288927, 0.013505, 0.0312094, -0.999422, 0.850722, 0.0033451, -0.999509, -0.0311669, 1.02036, 0, 0, 0, 1
-0.999902, -0.00294179, -0.0137125, 0.28891, 0.0136132, 0.0314729, -0.999412, 0.850745, 0.00337163, -0.9995, -0.0314297, 1.02035, 0, 0, 0, 1
-0.9999, -0.00296143, -0.0138227, 0.288893, 0.0137218, 0.0317375, -0.999402, 0.850768, 0.00339836, -0.999492, -0.0316937, 1.02034, 0, 0, 0, 1
-0.999898, -0.00298118, -0.0139333, 0.288876, 0.0138309, 0.0320032, -0.999392, 0.85079, 0.00342528, -0.999483, -0.0319588, 1.02033, 0, 0, 0, 1
-0.999897, -0.00300103, -0.0140445, 0.288859, 0.0139404, 0.0322701, -0.999382, 0.850813, 0.00345239, -0.999475, -0.0322249, 1.02031, 0, 0, 0, 1
-0.999895, -0.003021, -0.014156, 0.288841, 0.0140503, 0.0325381, -0.999372, 0.850836, 0.00347971, -0.999466, -0.0324922, 1.0203, 0, 0, 0, 1
-0.999894, -0.00304106, -0.0142681, 0.288824, 0.0141607, 0.0328072, -0.999361, 0.850859, 0.00350722, -0.999457, -0.0327606, 1.02029, 0, 0, 0, 1
-0.999892, -0.00306124, -0.0143806, 0.288807, 0.0142716, 0.0330774, -0.999351, 0.850882, 0.00353493, -0.999448, -0.0330301, 1.02028, 0, 0, 0, 1
-0.99989, -0.00308152, -0.0144936, 0.288789, 0.0143829, 0.0333487, -0.99934, 0.850906, 0.00356284, -0.999439, -0.0333007, 1.02027, 0, 0, 0, 1
-0.999888, -0.00310192, -0.0146071, 0.288771, 0.0144946, 0.0336212, -0.99933, 0.850929, 0.00359094, -0.99943, -0.0335725, 1.02025, 0, 0, 0, 1
-0.999887, -0.00312242, -0.014721, 0.288754, 0.0146068, 0.0338948, -0.999319, 0.850952, 0.00361926, -0.999421, -0.0338453, 1.02024, 0, 0, 0, 1
-0.999885, -0.00314303, -0.0148354, 0.288736, 0.0147194, 0.0341694, -0.999308, 0.850976, 0.00364777, -0.999411, -0.0341193, 1.02023, 0, 0, 0, 1
-0.999883, -0.00316375, -0.0149503, 0.288718, 0.0148325, 0.0344453, -0.999297, 0.851, 0.00367649, -0.999402, -0.0343943, 1.02022, 0, 0, 0, 1
-0.999881, -0.00318457, -0.0150656, 0.2887, 0.0149461, 0.0347222, -0.999285, 0.851023, 0.00370541, -0.999392, -0.0346705, 1.0202, 0, 0, 0, 1
-0.99988, -0.00320551, -0.0151814, 0.288682, 0.01506, 0.0350002, -0.999274, 0.851047, 0.00373454, -0.999382, -0.0349478, 1.02019, 0, 0, 0, 1
-0.999878, -0.00322656, -0.0152977, 0.288664, 0.0151745, 0.0352794, -0.999262, 0.851071, 0.00376387, -0.999372, -0.0352261, 1.02018, 0, 0, 0, 1
-0.999876, -0.00324772, -0.0154145, 0.288646, 0.0152893, 0.0355597, -0.999251, 0.851095, 0.00379342, -0.999362, -0.0355056, 1.02017, 0, 0, 0, 1
-0.999874, -0.00326899, -0.0155317, 0.288628, 0.0154046, 0.0358411, -0.999239, 0.851119, 0.00382317, -0.999352, -0.0357862, 1.02016, 0, 0, 0, 1
-0.999872, -0.00329037, -0.0156494, 0.288609, 0.0155204, 0.0361236, -0.999227, 0.851144, 0.00385313, -0.999342, -0.0360679, 1.02014, 0, 0, 0, 1
-0.99987, -0.00331186, -0.0157675, 0.288591, 0.0156366, 0.0364073, -0.999215, 0.851168, 0.00388331, -0.999332, -0.0363508, 1.02013, 0, 0, 0, 1
-0.999868, -0.00333346, -0.0158861, 0.288572, 0.0157532, 0.036692, -0.999202, 0.851193, 0.00391369, -0.999321, -0.0366347, 1.02012, 0, 0, 0, 1
-0.999866, -0.00335517, -0.0160052, 0.288554, 0.0158703, 0.0369779, -0.99919, 0.851217, 0.0039443, -0.99931, -0.0369197, 1.02011, 0, 0, 0, 1
-0.999864, -0.003377, -0.0161248, 0.288535, 0.0159879, 0.0372649, -0.999178, 0.851242, 0.00397511, -0.9993, -0.0372059, 1.02009, 0, 0, 0, 1
-0.999862, -0.00339894, -0.0162448, 0.288517, 0.0161058, 0.037553, -0.999165, 0.851267, 0.00400614, -0.999289, -0.0374931, 1.02008, 0, 0, 0, 1
-0.99986, -0.00342099, -0.0163653, 0.288498, 0.0162243, 0.0378423, -0.999152, 0.851292, 0.00403739, -0.999278, -0.0377815, 1.02007, 0, 0, 0, 1
-0.999858, -0.00344315, -0.0164863, 0.288479, 0.0163431, 0.0381326, -0.999139, 0.851317, 0.00406885, -0.999267, -0.0380709, 1.02005, 0, 0, 0, 1
-0.999856, -0.00346543, -0.0166077, 0.28846, 0.0164624, 0.0384241, -0.999126, 0.851342, 0.00410054, -0.999256, -0.0383615, 1.02004, 0, 0, 0, 1
-0.999854, -0.00348782, -0.0167296, 0.288441, 0.0165822, 0.0387167, -0.999113, 0.851367, 0.00413244, -0.999244, -0.0386532, 1.02003, 0, 0, 0, 1
-0.999852, -0.00351033, -0.016852, 0.288422, 0.0167024, 0.0390104, -0.999099, 0.851392, 0.00416457, -0.999233, -0.038946, 1.02002, 0, 0, 0, 1
-0.99985, -0.00353295, -0.0169749, 0.288403, 0.016823, 0.0393052, -0.999086, 0.851418, 0.00419692, -0.999221, -0.0392399, 1.02, 0, 0, 0, 1
-0.999847, -0.00355569, -0.0170982, 0.288384, 0.0169441, 0.0396012, -0.999072, 0.851443, 0.00422949, -0.999209, -0.0395349, 1.01999, 0, 0, 0, 1
-0.999845, -0.00357854, -0.017222, 0.288364, 0.0170656, 0.0398982, -0.999058, 0.851469, 0.00426229, -0.999197, -0.039831, 1.01998, 0, 0, 0, 1
-0.999843, -0.0036015, -0.0173462, 0.288345, 0.0171876, 0.0401964, -0.999044, 0.851494, 0.00429531, -0.999185, -0.0401282, 1.01997, 0, 0, 0, 1
-0.999841, -0.00362458, -0.0174709, 0.288326, 0.01731, 0.0404957, -0.99903, 0.85152, 0.00432856, -0.999173, -0.0404265, 1.01995, 0, 0, 0, 1
-0.999839, -0.00364778, -0.0175961, 0.288306, 0.0174328, 0.0407961, -0.999015, 0.851546, 0.00436204, -0.999161, -0.0407259, 1.01994, 0, 0, 0, 1
-0.999836, -0.00367109, -0.0177218, 0.288287, 0.0175561, 0.0410976, -0.999001, 0.851572, 0.00439575, -0.999148, -0.0410265, 1.01993, 0, 0, 0, 1
-0.999834, -0.00369452, -0.0178479, 0.288267, 0.0176798, 0.0414003, -0.998986, 0.851598, 0.00442969, -0.999136, -0.0413281, 1.01991, 0, 0, 0, 1
-0.999832, -0.00371807, -0.0179745, 0.288247, 0.017804, 0.041704, -0.998971, 0.851624, 0.00446386, -0.999123, -0.0416308, 1.0199, 0, 0, 0, 1
-0.999829, -0.00374174, -0.0181016, 0.288227, 0.0179286, 0.0420089, -0.998956, 0.851651, 0.00449826, -0.99911, -0.0419347, 1.01989, 0, 0, 0, 1
-0.999827, -0.00376552, -0.0182291, 0.288207, 0.0180536, 0.0423149, -0.998941, 0.851677, 0.00453289, -0.999097, -0.0422396, 1.01987, 0, 0, 0, 1
-0.999824, -0.00378942, -0.0183571, 0.288187, 0.0181791, 0.042622, -0.998926, 0.851704, 0.00456777, -0.999084, -0.0425457, 1.01986, 0, 0, 0, 1
