-0.999999, -0.000797434, -0.000797196, 0.290901, 0.000796858, 0.000424669, -1, 0.848124, 0.000797772, -1, -0.000424033, 1.02183, 0, 0, 0, 1
-0.999999, -0.000797414, -0.00079675, 0.290901, 0.000796411, 0.000425461, -1, 0.848124, 0.000797752, -1, -0.000424826, 1.02183, 0, 0, 0, 1
-0.999999, -0.000797352, -0.000795411, 0.290901, 0.00079507, 0.000427838, -1, 0.848125, 0.000797692, -1, -0.000427204, 1.02183, 0, 0, 0, 1
-0.999999, -0.000797248, -0.000793181, 0.290901, 0.000792837, 0.0004318, -1, 0.848125, 0.00079759, -1, -0.000431167, 1.02183, 0, 0, 0, 1
-0.999999, -0.000797104, -0.000790058, 0.290901, 0.000789709, 0.000437346, -1, 0.848126, 0.000797449, -1, -0.000436716, 1.02184, 0, 0, 0, 1
-0.999999, -0.000796918, -0.000786042, 0.290901, 0.000785688, 0.000444477, -1, 0.848127, 0.000797267, -1, -0.00044385, 1.02184, 0, 0, 0, 1
-0.999999, -0.00079669, -0.000781135, 0.290901, 0.000780774, 0.000453192, -1, 0.848128, 0.000797044, -1, -0.00045257, 1.02184, 0, 0, 0, 1
-0.999999, -0.000796422, -0.000775335, 0.290901, 0.000774966, 0.000463492, -1, 0.84813, 0.000796781, -1, -0.000462875, 1.02184, 0, 0, 0, 1
-0.999999, -0.000796112, -0.000768642, 0.290901, 0.000768264, 0.000475377, -1, 0.848132, 0.000796477, -1, -0.000474765, 1.02184, 0, 0, 0, 1
-0.999999, -0.000795761, -0.000761058, 0.290901, 0.000760669, 0.000488846, -1, 0.848134, 0.000796133, -1, -0.00048824, 1.02184, 0, 0, 0, 1
-0.999999, -0.000795368, -0.000752581, 0.290901, 0.00075218, 0.0005039, -1, 0.848136, 0.000795747, -1, -0.000503301, 1.02184, 0, 0, 0, 1
-0.999999, -0.000794935, -0.000743211, 0.290901, 0.000742798, 0.000520538, -1, 0.848138, 0.000795321, -1, -0.000519948, 1.02184, 0, 0, 0, 1
-0.999999, -0.00079446, -0.00073295, 0.290901, 0.000732522, 0.000538762, -1, 0.848141, 0.000794854, -1, -0.000538179, 1.02184, 0, 0, 0, 1
-0.999999, -0.000793943, -0.000721796, 0.290901, 0.000721353, 0.000558569, -1, 0.848144, 0.000794346, -1, -0.000557996, 1.02184, 0, 0, 0, 1
-0.999999, -0.000793386, -0.00070975, 0.290901, 0.00070929, 0.000579962, -1, 0.848147, 0.000793797, -1, -0.000579399, 1.02184, 0, 0, 0, 1
-0.999999, -0.000792787, -0.000696811, 0.290901, 0.000696334, 0.000602939, -1, 0.84815, 0.000793206, -1, -0.000602386, 1.02184, 0, 0, 0, 1
-0.999999, -0.000792147, -0.000682981, 0.290901, 0.000682484, 0.0006275, -1, 0.848154, 0.000792575, -0.999999, -0.00062696, 1.02184, 0, 0, 0, 1
-0.999999, -0.000791465, -0.000668258, 0.290901, 0.00066774, 0.000653647, -1, 0.848158, 0.000791902, -0.999999, -0.000653118, 1.02185, 0, 0, 0, 1
-0.999999, -0.000790742, -0.000652642, 0.290901, 0.000652103, 0.000681378, -1, 0.848162, 0.000791187, -0.999999, -0.000680862, 1.02185, 0, 0, 0, 1
-0.999999, -0.000789978, -0.000636135, 0.290901, 0.000635573, 0.000710693, -1, 0.848166, 0.00079043, -0.999999, -0.000710191, 1.02185, 0, 0, 0, 1
-0.999999, -0.000789173, -0.000618735, 0.2909, 0.000618149, 0.000741593, -1, 0.848171, 0.000789632, -0.999999, -0.000741105, 1.02185, 0, 0, 0, 1
-1, -0.000788327, -0.000600442, 0.2909, 0.000599832, 0.000774078, -1, 0.848176, 0.000788791, -0.999999, -0.000773605, 1.02185, 0, 0, 0, 1
-1, -0.000787439, -0.000581258, 0.2909, 0.000580621, 0.000808147, -1, 0.848181, 0.000787908, -0.999999, -0.00080769, 1.02185, 0, 0, 0, 1
-1, -0.00078651, -0.000561181, 0.2909, 0.000560517, 0.000843801, -0.999999, 0.848186, 0.000786983, -0.999999, -0.00084336, 1.02186, 0, 0, 0, 1
-1, -0.00078554, -0.000540211, 0.2909, 0.000539519, 0.00088104, -0.999999, 0.848191, 0.000786015, -0.999999, -0.000880616, 1.02186, 0, 0, 0, 1
-1, -0.000784529, -0.00051835, 0.2909, 0.000517628, 0.000919863, -0.999999, 0.848197, 0.000785005, -0.999999, -0.000919457, 1.02186, 0, 0, 0, 1
-1, -0.000783476, -0.000495596, 0.2909, 0.000494844, 0.000960271, -0.999999, 0.848203, 0.000783951, -0.999999, -0.000959883, 1.02186, 0, 0, 0, 1
-1, -0.000782382, -0.00047195, 0.2909, 0.000471166, 0.00100226, -0.999999, 0.848209, 0.000782855, -0.999999, -0.00100189, 1.02186, 0, 0, 0, 1
-1, -0.000781247, -0.000447411, 0.2909, 0.000446594, 0.00104584, -0.999999, 0.848216, 0.000781715, -0.999999, -0.00104549, 1.02187, 0, 0, 0, 1
-1, -0.000780071, -0.000421981, 0.2909, 0.000421129, 0.001091, -0.999999, 0.848222, 0.000780531, -0.999999, -0.00109067, 1.02187, 0, 0, 0, 1
-1, -0.000778854, -0.000395658, 0.2909, 0.000394771, 0.00113775, -0.999999, 0.848229, 0.000779304, -0.999999, -0.00113744, 1.02187, 0, 0, 0, 1
-1, -0.000777596, -0.000368442, 0.2909, 0.00036752, 0.00118608, -0.999999, 0.848236, 0.000778032, -0.999999, -0.00118579, 1.02187, 0, 0, 0, 1
-1, -0.000776296, -0.000340334, 0.2909, 0.000339375, 0.001236, -0.999999, 0.848244, 0.000776716, -0.999999, -0.00123573, 1.02188, 0, 0, 0, 1
-1, -0.000774956, -0.000311334, 0.2909, 0.000310336, 0.0012875, -0.999999, 0.848251, 0.000775356, -0.999999, -0.00128725, 1.02188, 0, 0, 0, 1
-1, -0.000773574, -0.000281442, 0.290899, 0.000280405, 0.00134058, -0.999999, 0.848259, 0.00077395, -0.999999, -0.00134036, 1.02188, 0, 0, 0, 1
-1, -0.000772151, -0.000250657, 0.290899, 0.00024958, 0.00139525, -0.999999, 0.848267, 0.0007725, -0.999999, -0.00139506, 1.02188, 0, 0, 0, 1
-1, -0.000770687, -0.00021898, 0.290899, 0.000217862, 0.0014515, -0.999999, 0.848275, 0.000771004, -0.999999, -0.00145134, 1.02189, 0, 0, 0, 1
-1, -0.000769182, -0.000186411, 0.290899, 0.00018525, 0.00150934, -0.999999, 0.848284, 0.000769463, -0.999999, -0.0015092, 1.02189, 0, 0, 0, 1
-1, -0.000767636, -0.00015295, 0.290899, 0.000151745, 0.00156877, -0.999999, 0.848292, 0.000767875, -0.999998, -0.00156865, 1.02189, 0, 0, 0, 1
-1, -0.000766049, -0.000118596, 0.290899, 0.000117347, 0.00162977, -0.999999, 0.848301, 0.000766241, -0.999998, -0.00162968, 1.0219, 0, 0, 0, 1
-1, -0.000764421, -8.33495e-05, 0.290899, 8.20557e-05, 0.00169237, -0.999999, 0.848311, 0.000764561, -0.999998, -0.0016923, 1.0219, 0, 0, 0, 1
-1, -0.000762752, -4.7211e-05, 0.290899, 4.58711e-05, 0.00175654, -0.999998, 0.84832, 0.000762834, -0.999998, -0.00175651, 1.0219, 0, 0, 0, 1
-1, -0.000761042, -1.01802e-05, 0.290899, 8.7933e-06, 0.00182231, -0.999998, 0.84833, 0.000761059, -0.999998, -0.0018223, 1.0219, 0, 0, 0, 1
-1, -0.000759291, 2.7743e-05, 0.290898, -2.91777e-05, 0.00188965, -0.999998, 0.84834, 0.000759237, -0.999998, -0.00188967, 1.02191, 0, 0, 0, 1
-1, -0.000757499, 6.65584e-05, 0.290898, -6.80419e-05, 0.00195858, -0.999998, 0.84835, 0.000757367, -0.999998, -0.00195863, 1.02191, 0, 0, 0, 1
-1, -0.000755666, 0.000106266, 0.290898, -0.000107799, 0.0020291, -0.999998, 0.84836, 0.000755449, -0.999998, -0.00202918, 1.02192, 0, 0, 0, 1
-1, -0.000753792, 0.000146866, 0.290898, -0.00014845, 0.0021012, -0.999998, 0.848371, 0.000753482, -0.999998, -0.00210131, 1.02192, 0, 0, 0, 1
-1, -0.000751877, 0.000188359, 0.290898, -0.000189994, 0.00217488, -0.999998, 0.848382, 0.000751466, -0.999997, -0.00217503, 1.02192, 0, 0, 0, 1
-1, -0.000749922, 0.000230743, 0.290898, -0.00023243, 0.00225015, -0.999997, 0.848393, 0.000749401, -0.999997, -0.00225033, 1.02193, 0, 0, 0, 1
-1, -0.000747925, 0.00027402, 0.290898, -0.00027576, 0.00232701, -0.999997, 0.848404, 0.000747286, -0.999997, -0.00232721, 1.02193, 0, 0, 0, 1
-1, -0.000745888, 0.00031819, 0.290898, -0.000319983, 0.00240545, -0.999997, 0.848416, 0.00074512, -0.999997, -0.00240568, 1.02193, 0, 0, 0, 1
-1, -0.00074381, 0.000363251, 0.290897, -0.000365099, 0.00248547, -0.999997, 0.848427, 0.000742904, -0.999997, -0.00248574, 1.02194, 0, 0, 0, 1
-1, -0.000741691, 0.000409205, 0.290897, -0.000411108, 0.00256708, -0.999997, 0.848439, 0.000740638, -0.999996, -0.00256738, 1.02194, 0, 0, 0, 1
-1, -0.000739531, 0.000456052, 0.290897, -0.00045801, 0.00265027, -0.999996, 0.848452, 0.00073832, -0.999996, -0.00265061, 1.02195, 0, 0, 0, 1
-1, -0.00073733, 0.00050379, 0.290897, -0.000505805, 0.00273505, -0.999996, 0.848464, 0.00073595, -0.999996, -0.00273542, 1.02195, 0, 0, 0, 1
-1, -0.000735089, 0.000552421, 0.290897, -0.000554493, 0.00282141, -0.999996, 0.848477, 0.000733527, -0.999996, -0.00282182, 1.02196, 0, 0, 0, 1
-1, -0.000732807, 0.000601944, 0.290897, -0.000604074, 0.00290936, -0.999996, 0.84849, 0.000731052, -0.999995, -0.0029098, 1.02196, 0, 0, 0, 1
-1, -0.000730484, 0.00065236, 0.290897, -0.000654548, 0.00299889, -0.999995, 0.848503, 0.000728524, -0.999995, -0.00299936, 1.02196, 0, 0, 0, 1
-0.999999, -0.000728121, 0.000703668, 0.290896, -0.000705914, 0.00309, -0.999995, 0.848516, 0.000725943, -0.999995, -0.00309052, 1.02197, 0, 0, 0, 1
-0.999999, -0.000725717, 0.000755868, 0.290896, -0.000758174, 0.0031827, -0.999995, 0.84853, 0.000723307, -0.999995, -0.00318325, 1.02197, 0, 0, 0, 1
-0.999999, -0.000723272, 0.00080896, 0.290896, -0.000811326, 0.00327699, -0.999994, 0.848544, 0.000720617, -0.999994, -0.00327757, 1.02198, 0, 0, 0, 1
-0.999999, -0.000720787, 0.000862945, 0.290896, -0.000865371, 0.00337286, -0.999994, 0.848558, 0.000717872, -0.999994, -0.00337348, 1.02198, 0, 0, 0, 1
-0.999999, -0.000718261, 0.000917822, 0.290896, -0.000920309, 0.00347031, -0.999994, 0.848572, 0.000715071, -0.999994, -0.00347097, 1.02199, 0, 0, 0, 1
-0.999999, -0.000715694, 0.000973591, 0.290896, -0.00097614, 0.00356935, -0.999993, 0.848587, 0.000712214, -0.999993, -0.00357005, 1.02199, 0, 0, 0, 1
-0.999999, -0.000713087, 0.00103025, 0.290895, -0.00103286, 0.00366997, -0.999993, 0.848602, 0.000709301, -0.999993, -0.00367071, 1.022, 0, 0, 0, 1
-0.999999, -0.00071044, 0.00108781, 0.290895, -0.00109048, 0.00377218, -0.999992, 0.848617, 0.000706331, -0.999993, -0.00377295, 1.022, 0, 0, 0, 1
-0.999999, -0.000707752, 0.00114625, 0.290895, -0.00114899, 0.00387597, -0.999992, 0.848632, 0.000703303, -0.999992, -0.00387678, 1.02201, 0, 0, 0, 1
-0.999999, -0.000705023, 0.00120559, 0.290895, -0.00120839, 0.00398135, -0.999991, 0.848648, 0.000700217, -0.999992, -0.0039822, 1.02201, 0, 0, 0, 1
-0.999999, -0.000702254, 0.00126582, 0.290895, -0.00126868, 0.00408831, -0.999991, 0.848663, 0.000697073, -0.999991, -0.0040892, 1.02202, 0, 0, 0, 1
-0.999999, -0.000699445, 0.00132695, 0.290894, -0.00132987, 0.00419686, -0.99999, 0.848679, 0.000693869, -0.999991, -0.00419779, 1.02203, 0, 0, 0, 1
-0.999999, -0.000696595, 0.00138896, 0.290894, -0.00139195, 0.00430699, -0.99999, 0.848695, 0.000690606, -0.99999, -0.00430796, 1.02203, 0, 0, 0, 1
-0.999999, -0.000693705, 0.00145187, 0.290894, -0.00145492, 0.00441871, -0.999989, 0.848712, 0.000687282, -0.99999, -0.00441971, 1.02204, 0, 0, 0, 1
-0.999999, -0.000690774, 0.00151567, 0.290894, -0.00151879, 0.00453201, -0.999989, 0.848729, 0.000683897, -0.999989, -0.00453305, 1.02204, 0, 0, 0, 1
-0.999999, -0.000687804, 0.00158036, 0.290894, -0.00158354, 0.00464689, -0.999988, 0.848745, 0.000680452, -0.999989, -0.00464797, 1.02205, 0, 0, 0, 1
-0.999998, -0.000684793, 0.00164595, 0.290893, -0.00164919, 0.00476336, -0.999987, 0.848763, 0.000676944, -0.999988, -0.00476448, 1.02205, 0, 0, 0, 1
-0.999998, -0.000681741, 0.00171242, 0.290893, -0.00171573, 0.00488141, -0.999987, 0.84878, 0.000673373, -0.999988, -0.00488257, 1.02206, 0, 0, 0, 1
-0.999998, -0.00067865, 0.00177979, 0.290893, -0.00178317, 0.00500105, -0.999986, 0.848798, 0.000669739, -0.999987, -0.00500225, 1.02207, 0, 0, 0, 1
-0.999998, -0.000675518, 0.00184806, 0.290893, -0.00185149, 0.00512227, -0.999985, 0.848815, 0.000666042, -0.999987, -0.00512352, 1.02207, 0, 0, 0, 1
-0.999998, -0.000672346, 0.00191721, 0.290893, -0.00192071, 0.00524508, -0.999984, 0.848834, 0.00066228, -0.999986, -0.00524636, 1.02208, 0, 0, 0, 1
-0.999998, -0.000669134, 0.00198726, 0.290892, -0.00199082, 0.00536947, -0.999984, 0.848852, 0.000658453, -0.999985, -0.00537079, 1.02209, 0, 0, 0, 1
-0.999998, -0.000665882, 0.00205819, 0.290892, -0.00206182, 0.00549545, -0.999983, 0.84887, 0.00065456, -0.999985, -0.00549681, 1.02209, 0, 0, 0, 1
-0.999998, -0.00066259, 0.00213003, 0.290892, -0.00213372, 0.00562301, -0.999982, 0.848889, 0.000650601, -0.999984, -0.00562441, 1.0221, 0, 0, 0, 1
-0.999997, -0.000659258, 0.00220275, 0.290892, -0.00220651, 0.00575216, -0.999981, 0.848908, 0.000646575, -0.999983, -0.0057536, 1.02211, 0, 0, 0, 1
-0.999997, -0.000655886, 0.00227636, 0.290892, -0.00228018, 0.00588289, -0.99998, 0.848927, 0.000642481, -0.999982, -0.00588437, 1.02211, 0, 0, 0, 1
-0.999997, -0.000652474, 0.00235087, 0.290891, -0.00235476, 0.0060152, -0.999979, 0.848947, 0.000638319, -0.999982, -0.00601672, 1.02212, 0, 0, 0, 1
-0.999997, -0.000649021, 0.00242627, 0.290891, -0.00243022, 0.0061491, -0.999978, 0.848967, 0.000634088, -0.999981, -0.00615066, 1.02213, 0, 0, 0, 1
-0.999997, -0.000645529, 0.00250257, 0.290891, -0.00250657, 0.00628458, -0.999977, 0.848987, 0.000629787, -0.99998, -0.00628618, 1.02213, 0, 0, 0, 1
-0.999996, -0.000641998, 0.00257975, 0.290891, -0.00258382, 0.00642165, -0.999976, 0.849007, 0.000625416, -0.999979, -0.00642329, 1.02214, 0, 0, 0, 1
-0.999996, -0.000638426, 0.00265783, 0.29089, -0.00266196, 0.00656031, -0.999975, 0.849027, 0.000620974, -0.999978, -0.00656198, 1.02215, 0, 0, 0, 1
-0.999996, -0.000634814, 0.0027368, 0.29089, -0.00274099, 0.00670054, -0.999974, 0.849048, 0.00061646, -0.999977, -0.00670226, 1.02215, 0, 0, 0, 1
-0.999996, -0.000631163, 0.00281666, 0.29089, -0.00282091, 0.00684236, -0.999973, 0.849069, 0.000611873, -0.999976, -0.00684412, 1.02216, 0, 0, 0, 1
-0.999996, -0.000627472, 0.00289741, 0.29089, -0.00290173, 0.00698577, -0.999971, 0.84909, 0.000607213, -0.999975, -0.00698756, 1.02217, 0, 0, 0, 1
-0.999995, -0.000623741, 0.00297906, 0.290889, -0.00298343, 0.00713076, -0.99997, 0.849111, 0.00060248, -0.999974, -0.00713259, 1.02218, 0, 0, 0, 1
-0.999995, -0.000619971, 0.0030616, 0.290889, -0.00306603, 0.00727734, -0.999969, 0.849133, 0.000597671, -0.999973, -0.0072792, 1.02218, 0, 0, 0, 1
-0.999995, -0.000616161, 0.00314503, 0.290889, -0.00314952, 0.0074255, -0.999967, 0.849155, 0.000592787, -0.999972, -0.0074274, 1.02219, 0, 0, 0, 1
-0.999995, -0.000612311, 0.00322935, 0.290889, -0.0032339, 0.00757524, -0.999966, 0.849177, 0.000587827, -0.999971, -0.00757718, 1.0222, 0, 0, 0, 1
-0.999994, -0.000608422, 0.00331457, 0.290888, -0.00331917, 0.00772657, -0.999965, 0.849199, 0.00058279, -0.99997, -0.00772854, 1.02221, 0, 0, 0, 1
-0.999994, -0.000604493, 0.00340067, 0.290888, -0.00340533, 0.00787948, -0.999963, 0.849222, 0.000577676, -0.999969, -0.00788149, 1.02222, 0, 0, 0, 1
-0.999994, -0.000600525, 0.00348767, 0.290888, -0.00349239, 0.00803398, -0.999962, 0.849244, 0.000572482, -0.999968, -0.00803603, 1.02222, 0, 0, 0, 1
-0.999993, -0.000596518, 0.00357557, 0.290887, -0.00358033, 0.00819006, -0.99996, 0.849267, 0.00056721, -0.999966, -0.00819214, 1.02223, 0, 0, 0, 1
-0.999993, -0.000592471, 0.00366435, 0.290887, -0.00366917, 0.00834773, -0.999958, 0.849291, 0.000561857, -0.999965, -0.00834984, 1.02224, 0, 0, 0, 1
-0.999993, -0.000588384, 0.00375403, 0.290887, -0.0037589, 0.00850698, -0.999957, 0.849314, 0.000556423, -0.999964, -0.00850913, 1.02225, 0, 0, 0, 1
-0.999992, -0.000584259, 0.0038446, 0.290887, -0.00384952, 0.00866781, -0.999955, 0.849338, 0.000550908, -0.999962, -0.00867, 1.02226, 0, 0, 0, 1
-0.999992, -0.000580094, 0.00393606, 0.290886, -0.00394103, 0.00883023, -0.999953, 0.849362, 0.00054531, -0.999961, -0.00883245, 1.02226, 0, 0, 0, 1
-0.999992, -0.000575889, 0.00402841, 0.290886, -0.00403343, 0.00899424, -0.999951, 0.849386, 0.000539629, -0.999959, -0.00899648, 1.02227, 0, 0, 0, 1
-0.999991, -0.000571646, 0.00412166, 0.290886, -0.00412672, 0.00915982, -0.99995, 0.84941, 0.000533863, -0.999958, -0.0091621, 1.02228, 0, 0, 0, 1
-0.999991, -0.000567363, 0.0042158, 0.290885, -0.00422091, 0.009327, -0.999948, 0.849435, 0.000528013, -0.999956, -0.00932931, 1.02229, 0, 0, 0, 1
-0.999991, -0.000563042, 0.00431083, 0.290885, -0.00431598, 0.00949575, -0.999946, 0.84946, 0.000522076, -0.999955, -0.00949809, 1.0223, 0, 0, 0, 1
-0.99999, -0.000558681, 0.00440675, 0.290885, -0.00441195, 0.00966609, -0.999944, 0.849485, 0.000516053, -0.999953, -0.00966846, 1.02231, 0, 0, 0, 1
-0.99999, -0.000554281, 0.00450357, 0.290884, -0.0045088, 0.00983802, -0.999941, 0.84951, 0.000509942, -0.999951, -0.00984042, 1.02232, 0, 0, 0, 1
-0.999989, -0.000549842, 0.00460127, 0.290884, -0.00460655, 0.0100115, -0.999939, 0.849536, 0.000503743, -0.99995, -0.010014, 1.02233, 0, 0, 0, 1
-0.999989, -0.000545364, 0.00469987, 0.290884, -0.00470518, 0.0101866, -0.999937, 0.849562, 0.000497454, -0.999948, -0.0101891, 1.02234, 0, 0, 0, 1
-0.999988, -0.000540848, 0.00479936, 0.290884, -0.00480471, 0.0103633, -0.999935, 0.849588, 0.000491075, -0.999946, -0.0103658, 1.02234, 0, 0, 0, 1
-0.999988, -0.000536292, 0.00489975, 0.290883, -0.00490513, 0.0105416, -0.999932, 0.849614, 0.000484605, -0.999944, -0.0105441, 1.02235, 0, 0, 0, 1
-0.999987, -0.000531698, 0.00500102, 0.290883, -0.00500644, 0.0107214, -0.99993, 0.849641, 0.000478043, -0.999942, -0.0107239, 1.02236, 0, 0, 0, 1
-0.999987, -0.000527065, 0.00510319, 0.290883, -0.00510864, 0.0109028, -0.999928, 0.849667, 0.000471387, -0.99994, -0.0109054, 1.02237, 0, 0, 0, 1
-0.999986, -0.000522393, 0.00520625, 0.290882, -0.00521173, 0.0110859, -0.999925, 0.849694, 0.000464638, -0.999938, -0.0110884, 1.02238, 0, 0, 0, 1
-0.999986, -0.000517682, 0.00531021, 0.290882, -0.00531571, 0.0112705, -0.999922, 0.849722, 0.000457794, -0.999936, -0.0112731, 1.02239, 0, 0, 0, 1
-0.999985, -0.000512933, 0.00541505, 0.290882, -0.00542057, 0.0114566, -0.99992, 0.849749, 0.000450853, -0.999934, -0.0114593, 1.0224, 0, 0, 0, 1
-0.999985, -0.000508145, 0.00552079, 0.290881, -0.00552633, 0.0116444, -0.999917, 0.849777, 0.000443817, -0.999932, -0.011647, 1.02241, 0, 0, 0, 1
-0.999984, -0.000503319, 0.00562742, 0.290881, -0.00563298, 0.0118338, -0.999914, 0.849805, 0.000436682, -0.99993, -0.0118364, 1.02242, 0, 0, 0, 1
-0.999983, -0.000498454, 0.00573494, 0.290881, -0.00574052, 0.0120247, -0.999911, 0.849833, 0.000429449, -0.999928, -0.0120274, 1.02243, 0, 0, 0, 1
-0.999983, -0.000493551, 0.00584336, 0.29088, -0.00584895, 0.0122172, -0.999908, 0.849861, 0.000422116, -0.999925, -0.0122199, 1.02244, 0, 0, 0, 1
-0.999982, -0.000488609, 0.00595266, 0.29088, -0.00595827, 0.0124113, -0.999905, 0.84989, 0.000414682, -0.999923, -0.012414, 1.02245, 0, 0, 0, 1
-0.999982, -0.000483629, 0.00606286, 0.290879, -0.00606848, 0.012607, -0.999902, 0.849919, 0.000407147, -0.99992, -0.0126097, 1.02246, 0, 0, 0, 1
-0.999981, -0.00047861, 0.00617395, 0.290879, -0.00617958, 0.0128043, -0.999899, 0.849948, 0.000399509, -0.999918, -0.012807, 1.02247, 0, 0, 0, 1
-0.99998, -0.000473554, 0.00628594, 0.290879, -0.00629156, 0.0130031, -0.999896, 0.849977, 0.000391767, -0.999915, -0.0130059, 1.02248, 0, 0, 0, 1
-0.999979, -0.000468459, 0.00639881, 0.290878, -0.00640444, 0.0132036, -0.999892, 0.850007, 0.000383921, -0.999913, -0.0132063, 1.02249, 0, 0, 0, 1
-0.999979, -0.000463326, 0.00651258, 0.290878, -0.00651821, 0.0134056, -0.999889, 0.850037, 0.000375969, -0.99991, -0.0134083, 1.02251, 0, 0, 0, 1
-0.999978, -0.000458155, 0.00662724, 0.290878, -0.00663286, 0.0136092, -0.999885, 0.850067, 0.000367911, -0.999907, -0.013612, 1.02252, 0, 0, 0, 1
-0.999977, -0.000452945, 0.00674279, 0.290877, -0.00674841, 0.0138144, -0.999882, 0.850097, 0.000359744, -0.999904, -0.0138172, 1.02253, 0, 0, 0, 1
-0.999976, -0.000447698, 0.00685923, 0.290877, -0.00686484, 0.0140212, -0.999878, 0.850127, 0.000351469, -0.999902, -0.0140239, 1.02254, 0, 0, 0, 1
-0.999976, -0.000442413, 0.00697657, 0.290876, -0.00698216, 0.0142295, -0.999874, 0.850158, 0.000343084, -0.999899, -0.0142323, 1.02255, 0, 0, 0, 1
-0.999975, -0.00043709, 0.0070948, 0.290876, -0.00710037, 0.0144395, -0.999871, 0.850189, 0.000334588, -0.999896, -0.0144422, 1.02256, 0, 0, 0, 1
-0.999974, -0.000431729, 0.00721392, 0.290876, -0.00721947, 0.014651, -0.999867, 0.85022, 0.00032598, -0.999893, -0.0146538, 1.02257, 0, 0, 0, 1
-0.999973, -0.00042633, 0.00733393, 0.290875, -0.00733946, 0.0148641, -0.999863, 0.850252, 0.000317259, -0.999889, -0.0148669, 1.02258, 0, 0, 0, 1
-0.999972, -0.000420893, 0.00745484, 0.290875, -0.00746034, 0.0150788, -0.999858, 0.850284, 0.000308424, -0.999886, -0.0150816, 1.02259, 0, 0, 0, 1
-0.999971, -0.000415419, 0.00757664, 0.290875, -0.0075821, 0.0152951, -0.999854, 0.850316, 0.000299473, -0.999883, -0.0152978, 1.02261, 0, 0, 0, 1
-0.99997, -0.000409907, 0.00769933, 0.290874, -0.00770476, 0.015513, -0.99985, 0.850348, 0.000290406, -0.99988, -0.0155157, 1.02262, 0, 0, 0, 1
-0.999969, -0.000404358, 0.00782291, 0.290874, -0.0078283, 0.0157324, -0.999846, 0.85038, 0.000281222, -0.999876, -0.0157351, 1.02263, 0, 0, 0, 1
-0.999968, -0.000398771, 0.00794738, 0.290873, -0.00795273, 0.0159535, -0.999841, 0.850413, 0.000271919, -0.999873, -0.0159561, 1.02264, 0, 0, 0, 1
-0.999967, -0.000393146, 0.00807275, 0.290873, -0.00807805, 0.0161761, -0.999837, 0.850446, 0.000262497, -0.999869, -0.0161787, 1.02265, 0, 0, 0, 1
-0.999966, -0.000387484, 0.008199, 0.290873, -0.00820426, 0.0164003, -0.999832, 0.850479, 0.000252953, -0.999865, -0.0164029, 1.02266, 0, 0, 0, 1
-0.999965, -0.000381785, 0.00832615, 0.290872, -0.00833135, 0.0166261, -0.999827, 0.850512, 0.000243288, -0.999862, -0.0166287, 1.02268, 0, 0, 0, 1
-0.999964, -0.000376048, 0.0084542, 0.290872, -0.00845933, 0.0168534, -0.999822, 0.850546, 0.000233499, -0.999858, -0.016856, 1.02269, 0, 0, 0, 1
-0.999963, -0.000370274, 0.00858313, 0.290871, -0.0085882, 0.0170824, -0.999817, 0.850579, 0.000223586, -0.999854, -0.0170849, 1.0227, 0, 0, 0, 1
-0.999962, -0.000364463, 0.00871296, 0.290871, -0.00871796, 0.0173129, -0.999812, 0.850614, 0.000213548, -0.99985, -0.0173154, 1.02271, 0, 0, 0, 1
-0.999961, -0.000358615, 0.00884368, 0.29087, -0.00884861, 0.017545, -0.999807, 0.850648, 0.000203383, -0.999846, -0.0175475, 1.02273, 0, 0, 0, 1
-0.99996, -0.00035273, 0.00897529, 0.29087, -0.00898014, 0.0177787, -0.999802, 0.850682, 0.00019309, -0.999842, -0.0177812, 1.02274, 0, 0, 0, 1
-0.999958, -0.000346807, 0.00910779, 0.29087, -0.00911256, 0.018014, -0.999796, 0.850717, 0.000182669, -0.999838, -0.0180164, 1.02275, 0, 0, 0, 1
-0.999957, -0.000340848, 0.00924118, 0.290869, -0.00924587, 0.0182509, -0.999791, 0.850752, 0.000172117, -0.999833, -0.0182532, 1.02276, 0, 0, 0, 1
-0.999956, -0.000334851, 0.00937547, 0.290869, -0.00938006, 0.0184893, -0.999785, 0.850787, 0.000161433, -0.999829, -0.0184917, 1.02278, 0, 0, 0, 1
-0.999955, -0.000328818, 0.00951065, 0.290868, -0.00951514, 0.0187294, -0.999779, 0.850823, 0.000150617, -0.999825, -0.0187316, 1.02279, 0, 0, 0, 1
-0.999953, -0.000322748, 0.00964672, 0.290868, -0.00965111, 0.018971, -0.999773, 0.850859, 0.000139667, -0.99982, -0.0189732, 1.0228, 0, 0, 0, 1
-0.999952, -0.000316642, 0.00978368, 0.290867, -0.00978796, 0.0192142, -0.999767, 0.850895, 0.000128582, -0.999815, -0.0192164, 1.02282, 0, 0, 0, 1
-0.999951, -0.000310498, 0.00992154, 0.290867, -0.0099257, 0.019459, -0.999761, 0.850931, 0.000117361, -0.999811, -0.0194611, 1.02283, 0, 0, 0, 1
-0.999949, -0.000304318, 0.0100603, 0.290866, -0.0100643, 0.0197053, -0.999755, 0.850967, 0.000106002, -0.999806, -0.0197074, 1.02284, 0, 0, 0, 1
-0.999948, -0.000298102, 0.0101999, 0.290866, -0.0102038, 0.0199533, -0.999749, 0.851004, 9.45047e-05, -0.999801, -0.0199553, 1.02286, 0, 0, 0, 1
-0.999946, -0.000291848, 0.0103405, 0.290865, -0.0103442, 0.0202028, -0.999742, 0.851041, 8.28669e-05, -0.999796, -0.0202048, 1.02287, 0, 0, 0, 1
-0.999945, -0.000285559, 0.0104819, 0.290865, -0.0104855, 0.0204539, -0.999736, 0.851078, 7.10878e-05, -0.999791, -0.0204558, 1.02288, 0, 0, 0, 1
-0.999944, -0.000279233, 0.0106242, 0.290864, -0.0106277, 0.0207066, -0.999729, 0.851115, 5.9166e-05, -0.999786, -0.0207084, 1.0229, 0, 0, 0, 1
-0.999942, -0.000272871, 0.0107674, 0.290864, -0.0107708, 0.0209609, -0.999722, 0.851153, 4.71004e-05, -0.99978, -0.0209626, 1.02291, 0, 0, 0, 1
-0.99994, -0.000266472, 0.0109115, 0.290864, -0.0109147, 0.0212168, -0.999715, 0.851191, 3.48895e-05, -0.999775, -0.0212184, 1.02293, 0, 0, 0, 1
-0.999939, -0.000260038, 0.0110565, 0.290863, -0.0110595, 0.0214742, -0.999708, 0.851229, 2.25321e-05, -0.999769, -0.0214758, 1.02294, 0, 0, 0, 1
-0.999937, -0.000253567, 0.0112024, 0.290863, -0.0112052, 0.0217333, -0.999701, 0.851267, 1.00268e-05, -0.999764, -0.0217347, 1.02295, 0, 0, 0, 1
-0.999936, -0.00024706, 0.0113491, 0.290862, -0.0113518, 0.0219939, -0.999694, 0.851306, -2.62755e-06, -0.999758, -0.0219953, 1.02297, 0, 0, 0, 1
-0.999934, -0.000240517, 0.0114968, 0.290862, -0.0114993, 0.0222561, -0.999686, 0.851344, -1.54324e-05, -0.999752, -0.0222574, 1.02298, 0, 0, 0, 1
-0.999932, -0.000233938, 0.0116454, 0.290861, -0.0116477, 0.0225199, -0.999679, 0.851383, -2.83891e-05, -0.999746, -0.0225211, 1.023, 0, 0, 0, 1
-0.99993, -0.000227324, 0.0117948, 0.290861, -0.0117969, 0.0227852, -0.999671, 0.851423, -4.14989e-05, -0.99974, -0.0227863, 1.02301, 0, 0, 0, 1
-0.999929, -0.000220673, 0.0119452, 0.29086, -0.0119471, 0.0230522, -0.999663, 0.851462, -5.47632e-05, -0.999734, -0.0230532, 1.02303, 0, 0, 0, 1
-0.999927, -0.000213987, 0.0120964, 0.29086, -0.0120981, 0.0233207, -0.999655, 0.851502, -6.81834e-05, -0.999728, -0.0233216, 1.02304, 0, 0, 0, 1
-0.999925, -0.000207265, 0.0122485, 0.290859, -0.01225, 0.0235908, -0.999647, 0.851542, -8.17608e-05, -0.999722, -0.0235916, 1.02306, 0, 0, 0, 1
-0.999923, -0.000200508, 0.0124015, 0.290859, -0.0124028, 0.0238625, -0.999638, 0.851582, -9.54968e-05, -0.999715, -0.0238632, 1.02307, 0, 0, 0, 1
-0.999921, -0.000193715, 0.0125555, 0.290858, -0.0125565, 0.0241358, -0.99963, 0.851622, -0.000109393, -0.999709, -0.0241363, 1.02309, 0, 0, 0, 1
-0.999919, -0.000186886, 0.0127103, 0.290857, -0.012711, 0.0244106, -0.999621, 0.851663, -0.00012345, -0.999702, -0.0244111, 1.0231, 0, 0, 0, 1
-0.999917, -0.000180022, 0.012866, 0.290857, -0.0128665, 0.0246871, -0.999612, 0.851704, -0.00013767, -0.999695, -0.0246874, 1.02312, 0, 0, 0, 1
-0.999915, -0.000173123, 0.0130225, 0.290856, -0.0130228, 0.0249651, -0.999603, 0.851745, -0.000152055, -0.999688, -0.0249653, 1.02313, 0, 0, 0, 1
-0.999913, -0.000166189, 0.01318, 0.290856, -0.01318, 0.0252447, -0.999594, 0.851787, -0.000166604, -0.999681, -0.0252447, 1.02315, 0, 0, 0, 1
-0.999911, -0.000159219, 0.0133384, 0.290855, -0.0133381, 0.0255259, -0.999585, 0.851828, -0.000181321, -0.999674, -0.0255258, 1.02316, 0, 0, 0, 1
-0.999909, -0.000152214, 0.0134976, 0.290855, -0.0134971, 0.0258087, -0.999576, 0.85187, -0.000196207, -0.999667, -0.0258084, 1.02318, 0, 0, 0, 1
-0.999907, -0.000145175, 0.0136578, 0.290854, -0.0136569, 0.026093, -0.999566, 0.851912, -0.000211262, -0.99966, -0.0260926, 1.0232, 0, 0, 0, 1
-0.999905, -0.0001381, 0.0138188, 0.290854, -0.0138177, 0.026379, -0.999557, 0.851955, -0.000226488, -0.999652, -0.0263784, 1.02321, 0, 0, 0, 1
-0.999902, -0.00013099, 0.0139808, 0.290853, -0.0139793, 0.0266665, -0.999547, 0.851997, -0.000241888, -0.999644, -0.0266657, 1.02323, 0, 0, 0, 1
-0.9999, -0.000123845, 0.0141436, 0.290853, -0.0141418, 0.0269556, -0.999537, 0.85204, -0.000257461, -0.999637, -0.0269546, 1.02324, 0, 0, 0, 1
-0.999898, -0.000116666, 0.0143073, 0.290852, -0.0143052, 0.0272463, -0.999526, 0.852083, -0.000273211, -0.999629, -0.0272452, 1.02326, 0, 0, 0, 1
-0.999895, -0.000109452, 0.0144719, 0.290851, -0.0144695, 0.0275385, -0.999516, 0.852126, -0.000289137, -0.999621, -0.0275372, 1.02328, 0, 0, 0, 1
-0.999893, -0.000102203, 0.0146374, 0.290851, -0.0146346, 0.0278324, -0.999505, 0.85217, -0.000305242, -0.999613, -0.0278309, 1.02329, 0, 0, 0, 1
-0.99989, -9.492e-05, 0.0148038, 0.29085, -0.0148007, 0.0281278, -0.999495, 0.852214, -0.000321527, -0.999604, -0.0281261, 1.02331, 0, 0, 0, 1
-0.999888, -8.76023e-05, 0.0149711, 0.29085, -0.0149676, 0.0284248, -0.999484, 0.852258, -0.000337994, -0.999596, -0.0284229, 1.02333, 0, 0, 0, 1
-0.999885, -8.02501e-05, 0.0151393, 0.290849, -0.0151354, 0.0287234, -0.999473, 0.852302, -0.000354645, -0.999587, -0.0287213, 1.02334, 0, 0, 0, 1
-0.999883, -7.28636e-05, 0.0153084, 0.290849, -0.015304, 0.0290236, -0.999462, 0.852346, -0.000371479, -0.999579, -0.0290213, 1.02336, 0, 0, 0, 1
-0.99988, -6.54429e-05, 0.0154783, 0.290848, -0.0154736, 0.0293253, -0.99945, 0.852391, -0.0003885, -0.99957, -0.0293228, 1.02338, 0, 0, 0, 1
-0.999878, -5.7988e-05, 0.0156492, 0.290847, -0.015644, 0.0296287, -0.999439, 0.852436, -0.000405709, -0.999561, -0.0296259, 1.02339, 0, 0, 0, 1
-0.999875, -5.04989e-05, 0.0158209, 0.290847, -0.0158154, 0.0299336, -0.999427, 0.852481, -0.000423107, -0.999552, -0.0299306, 1.02341, 0, 0, 0, 1
-0.999872, -4.29758e-05, 0.0159936, 0.290846, -0.0159876, 0.0302401, -0.999415, 0.852527, -0.000440696, -0.999543, -0.0302369, 1.02343, 0, 0, 0, 1
-0.999869, -3.54188e-05, 0.0161671, 0.290846, -0.0161606, 0.0305482, -0.999403, 0.852572, -0.000458477, -0.999533, -0.0305447, 1.02345, 0, 0, 0, 1
-0.999866, -2.78278e-05, 0.0163415, 0.290845, -0.0163346, 0.0308578, -0.99939, 0.852618, -0.000476453, -0.999524, -0.0308542, 1.02346, 0, 0, 0, 1
-0.999864, -2.02031e-05, 0.0165168, 0.290844, -0.0165094, 0.0311691, -0.999378, 0.852664, -0.000494624, -0.999514, -0.0311651, 1.02348, 0, 0, 0, 1
-0.999861, -1.25446e-05, 0.016693, 0.290844, -0.0166851, 0.0314819, -0.999365, 0.852711, -0.000512991, -0.999504, -0.0314777, 1.0235, 0, 0, 0, 1
-0.999858, -4.85242e-06, 0.0168701, 0.290843, -0.0168617, 0.0317963, -0.999352, 0.852757, -0.000531558, -0.999494, -0.0317918, 1.02352, 0, 0, 0, 1
-0.999855, 2.8733e-06, 0.0170481, 0.290843, -0.0170392, 0.0321123, -0.999339, 0.852804, -0.000550325, -0.999484, -0.0321076, 1.02354, 0, 0, 0, 1
-0.999852, 1.06325e-05, 0.017227, 0.290842, -0.0172176, 0.0324298, -0.999326, 0.852851, -0.000569294, -0.999474, -0.0324248, 1.02355, 0, 0, 0, 1
-0.999848, 1.84252e-05, 0.0174068, 0.290841, -0.0173968, 0.032749, -0.999312, 0.852899, -0.000588466, -0.999464, -0.0327437, 1.02357, 0, 0, 0, 1
-0.999845, 2.62512e-05, 0.0175874, 0.290841, -0.0175769, 0.0330697, -0.999298, 0.852946, -0.000607843, -0.999453, -0.0330641, 1.02359, 0, 0, 0, 1
-0.999842, 3.41105e-05, 0.017769, 0.29084, -0.0177579, 0.033392, -0.999285, 0.852994, -0.000627428, -0.999442, -0.0333861, 1.02361, 0, 0, 0, 1
-0.999839, 4.20029e-05, 0.0179514, 0.290839, -0.0179398, 0.0337159, -0.99927, 0.853042, -0.00064722, -0.999431, -0.0337097, 1.02363, 0, 0, 0, 1
-0.999836, 4.99285e-05, 0.0181347, 0.290839, -0.0181225, 0.0340414, -0.999256, 0.853091, -0.000667223, -0.99942, -0.0340349, 1.02365, 0, 0, 0, 1
-0.999832, 5.78871e-05, 0.018319, 0.290838, -0.0183062, 0.0343684, -0.999242, 0.853139, -0.000687437, -0.999409, -0.0343616, 1.02367, 0, 0, 0, 1
-0.999829, 6.58786e-05, 0.0185041, 0.290837, -0.0184907, 0.034697, -0.999227, 0.853188, -0.000707865, -0.999398, -0.0346899, 1.02368, 0, 0, 0, 1
-0.999825, 7.3903e-05, 0.0186901, 0.290837, -0.018676, 0.0350273, -0.999212, 0.853237, -0.000728507, -0.999386, -0.0350198, 1.0237, 0, 0, 0, 1
-0.999822, 8.19602e-05, 0.018877, 0.290836, -0.0188623, 0.035359, -0.999197, 0.853286, -0.000749366, -0.999375, -0.0353512, 1.02372, 0, 0, 0, 1
-0.999818, 9.00501e-05, 0.0190648, 0.290835, -0.0190494, 0.0356924, -0.999181, 0.853336, -0.000770444, -0.999363, -0.0356842, 1.02374, 0, 0, 0, 1
-0.999815, 9.81726e-05, 0.0192535, 0.290835, -0.0192374, 0.0360274, -0.999166, 0.853385, -0.000791742, -0.999351, -0.0360188, 1.02376, 0, 0, 0, 1
-0.999811, 0.000106328, 0.019443, 0.290834, -0.0194263, 0.0363639, -0.99915, 0.853435, -0.000813261, -0.999339, -0.0363549, 1.02378, 0, 0, 0, 1
-0.999807, 0.000114515, 0.0196335, 0.290833, -0.0196161, 0.036702, -0.999134, 0.853485, -0.000835004, -0.999326, -0.0366927, 1.0238, 0, 0, 0, 1
-0.999803, 0.000122735, 0.0198248, 0.290833, -0.0198067, 0.0370417, -0.999117, 0.853536, -0.000856972, -0.999314, -0.037032, 1.02382, 0, 0, 0, 1
-0.9998, 0.000130987, 0.0200171, 0.290832, -0.0199982, 0.0373829, -0.999101, 0.853587, -0.000879167, -0.999301, -0.0373728, 1.02384, 0, 0, 0, 1
-0.999796, 0.000139272, 0.0202102, 0.290831, -0.0201906, 0.0377258, -0.999084, 0.853638, -0.000901591, -0.999288, -0.0377153, 1.02386, 0, 0, 0, 1
-0.999792, 0.000147588, 0.0204043, 0.290831, -0.0203839, 0.0380702, -0.999067, 0.853689, -0.000924245, -0.999275, -0.0380593, 1.02388, 0, 0, 0, 1
-0.999788, 0.000155937, 0.0205992, 0.29083, -0.020578, 0.0384162, -0.99905, 0.85374, -0.000947131, -0.999262, -0.0384049, 1.0239, 0, 0, 0, 1
-0.999784, 0.000164317, 0.020795, 0.290829, -0.020773, 0.0387638, -0.999032, 0.853792, -0.000970251, -0.999248, -0.038752, 1.02392, 0, 0, 0, 1
-0.99978, 0.000172729, 0.0209917, 0.290829, -0.0209689, 0.039113, -0.999015, 0.853844, -0.000993606, -0.999235, -0.0391007, 1.02394, 0, 0, 0, 1
-0.999775, 0.000181173, 0.0211893, 0.290828, -0.0211656, 0.0394637, -0.998997, 0.853896, -0.0010172, -0.999221, -0.039451, 1.02396, 0, 0, 0, 1
-0.999771, 0.000189649, 0.0213878, 0.290827, -0.0213633, 0.039816, -0.998979, 0.853948, -0.00104103, -0.999207, -0.0398029, 1.02398, 0, 0, 0, 1
-0.999767, 0.000198157, 0.0215871, 0.290826, -0.0215618, 0.0401699, -0.99896, 0.854001, -0.0010651, -0.999193, -0.0401563, 1.024, 0, 0, 0, 1
-0.999763, 0.000206696, 0.0217874, 0.290826, -0.0217611, 0.0405254, -0.998942, 0.854053, -0.00108942, -0.999178, -0.0405113, 1.02402, 0, 0, 0, 1
-0.999758, 0.000215266, 0.0219886, 0.290825, -0.0219614, 0.0408825, -0.998923, 0.854107, -0.00111398, -0.999164, -0.0408678, 1.02405, 0, 0, 0, 1
-0.999754, 0.000223868, 0.0221906, 0.290824, -0.0221625, 0.0412411, -0.998903, 0.85416, -0.00113879, -0.999149, -0.041226, 1.02407, 0, 0, 0, 1
-0.999749, 0.000232501, 0.0223935, 0.290823, -0.0223645, 0.0416013, -0.998884, 0.854213, -0.00116384, -0.999134, -0.0415857, 1.02409, 0, 0, 0, 1
-0.999745, 0.000241165, 0.0225974, 0.290823, -0.0225674, 0.0419631, -0.998864, 0.854267, -0.00118915, -0.999119, -0.0419469, 1.02411, 0, 0, 0, 1
-0.99974, 0.00024986, 0.0228021, 0.290822, -0.0227711, 0.0423265, -0.998844, 0.854321, -0.0012147, -0.999104, -0.0423098, 1.02413, 0, 0, 0, 1
-0.999735, 0.000258586, 0.0230077, 0.290821, -0.0229757, 0.0426914, -0.998824, 0.854376, -0.00124051, -0.999088, -0.0426742, 1.02415, 0, 0, 0, 1
-0.99973, 0.000267343, 0.0232142, 0.29082, -0.0231812, 0.0430579, -0.998804, 0.85443, -0.00126658, -0.999073, -0.0430401, 1.02418, 0, 0, 0, 1
-0.999726, 0.000276131, 0.0234216, 0.29082, -0.0233875, 0.043426, -0.998783, 0.854485, -0.0012929, -0.999057, -0.0434077, 1.0242, 0, 0, 0, 1
-0.999721, 0.00028495, 0.0236299, 0.290819, -0.0235947, 0.0437957, -0.998762, 0.85454, -0.00131948, -0.99904, -0.0437767, 1.02422, 0, 0, 0, 1
-0.999716, 0.000293799, 0.023839, 0.290818, -0.0238028, 0.044167, -0.998741, 0.854595, -0.00134633, -0.999024, -0.0441474, 1.02424, 0, 0, 0, 1
-0.999711, 0.000302679, 0.0240491, 0.290817, -0.0240118, 0.0445398, -0.998719, 0.85465, -0.00137343, -0.999008, -0.0445196, 1.02426, 0, 0, 0, 1
-0.999706, 0.000311589, 0.0242601, 0.290817, -0.0242216, 0.0449142, -0.998697, 0.854706, -0.0014008, -0.998991, -0.0448934, 1.02429, 0, 0, 0, 1
-0.9997, 0.000320529, 0.0244719, 0.290816, -0.0244323, 0.0452902, -0.998675, 0.854762, -0.00142844, -0.998974, -0.0452688, 1.02431, 0, 0, 0, 1
-0.999695, 0.0003295, 0.0246846, 0.290815, -0.0246438, 0.0456678, -0.998653, 0.854818, -0.00145635, -0.998957, -0.0456457, 1.02433, 0, 0, 0, 1
-0.99969, 0.000338501, 0.0248983, 0.290814, -0.0248563, 0.0460469, -0.99863, 0.854875, -0.00148452, -0.998939, -0.0460242, 1.02435, 0, 0, 0, 1
-0.999685, 0.000347532, 0.0251128, 0.290814, -0.0250696, 0.0464276, -0.998607, 0.854931, -0.00151297, -0.998922, -0.0464043, 1.02438, 0, 0, 0, 1
-0.999679, 0.000356593, 0.0253282, 0.290813, -0.0252837, 0.0468099, -0.998584, 0.854988, -0.0015417, -0.998904, -0.0467859, 1.0244, 0, 0, 0, 1
-0.999674, 0.000365684, 0.0255445, 0.290812, -0.0254988, 0.0471938, -0.99856, 0.855046, -0.0015707, -0.998886, -0.047169, 1.02442, 0, 0, 0, 1
-0.999668, 0.000374805, 0.0257617, 0.290811, -0.0257147, 0.0475792, -0.998536, 0.855103, -0.00159998, -0.998867, -0.0475538, 1.02445, 0, 0, 0, 1
-0.999662, 0.000383955, 0.0259797, 0.29081, -0.0259314, 0.0479662, -0.998512, 0.855161, -0.00162953, -0.998849, -0.0479401, 1.02447, 0, 0, 0, 1
-0.999657, 0.000393135, 0.0261987, 0.290809, -0.0261491, 0.0483548, -0.998488, 0.855218, -0.00165937, -0.99883, -0.048328, 1.02449, 0, 0, 0, 1
-0.999651, 0.000402345, 0.0264186, 0.290809, -0.0263676, 0.048745, -0.998463, 0.855277, -0.0016895, -0.998811, -0.0487174, 1.02452, 0, 0, 0, 1
-0.999645, 0.000411583, 0.0266393, 0.290808, -0.0265869, 0.0491368, -0.998438, 0.855335, -0.00171991, -0.998792, -0.0491084, 1.02454, 0, 0, 0, 1
-0.999639, 0.000420852, 0.026861, 0.290807, -0.0268071, 0.0495301, -0.998413, 0.855393, -0.00175061, -0.998773, -0.0495009, 1.02457, 0, 0, 0, 1
-0.999633, 0.000430149, 0.0270835, 0.290806, -0.0270282, 0.049925, -0.998387, 0.855452, -0.0017816, -0.998753, -0.049895, 1.02459, 0, 0, 0, 1
-0.999627, 0.000439476, 0.0273069, 0.290805, -0.0272502, 0.0503215, -0.998361, 0.855511, -0.00181288, -0.998733, -0.0502907, 1.02461, 0, 0, 0, 1
-0.999621, 0.000448831, 0.0275312, 0.290805, -0.027473, 0.0507195, -0.998335, 0.855571, -0.00184445, -0.998713, -0.0506879, 1.02464, 0, 0, 0, 1
-0.999615, 0.000458216, 0.0277564, 0.290804, -0.0276967, 0.0511191, -0.998308, 0.85563, -0.00187632, -0.998692, -0.0510867, 1.02466, 0, 0, 0, 1
-0.999608, 0.000467629, 0.0279825, 0.290803, -0.0279212, 0.0515203, -0.998282, 0.85569, -0.00190849, -0.998672, -0.0514871, 1.02469, 0, 0, 0, 1
-0.999602, 0.000477071, 0.0282095, 0.290802, -0.0281467, 0.0519231, -0.998254, 0.85575, -0.00194096, -0.998651, -0.051889, 1.02471, 0, 0, 0, 1
-0.999595, 0.000486542, 0.0284373, 0.290801, -0.0283729, 0.0523274, -0.998227, 0.85581, -0.00197373, -0.99863, -0.0522925, 1.02474, 0, 0, 0, 1
-0.999589, 0.000496041, 0.0286661, 0.2908, -0.0286001, 0.0527334, -0.998199, 0.855871, -0.00200681, -0.998609, -0.0526975, 1.02476, 0, 0, 0, 1
-0.999582, 0.000505568, 0.0288957, 0.290799, -0.0288281, 0.0531409, -0.998171, 0.855932, -0.00204019, -0.998587, -0.0531041, 1.02479, 0, 0, 0, 1
-0.999576, 0.000515124, 0.0291263, 0.290798, -0.0290569, 0.0535499, -0.998142, 0.855993, -0.00207388, -0.998565, -0.0535122, 1.02481, 0, 0, 0, 1
-0.999569, 0.000524708, 0.0293577, 0.290798, -0.0292866, 0.0539606, -0.998113, 0.856054, -0.00210788, -0.998543, -0.0539219, 1.02484, 0, 0, 0, 1
-0.999562, 0.000534321, 0.02959, 0.290797, -0.0295172, 0.0543728, -0.998084, 0.856115, -0.00214219, -0.998521, -0.0543332, 1.02486, 0, 0, 0, 1
-0.999555, 0.000543961, 0.0298232, 0.290796, -0.0297486, 0.0547866, -0.998055, 0.856177, -0.00217682, -0.998498, -0.054746, 1.02489, 0, 0, 0, 1
-0.999548, 0.000553629, 0.0300573, 0.290795, -0.0299809, 0.0552019, -0.998025, 0.856239, -0.00221176, -0.998475, -0.0551604, 1.02492, 0, 0, 0, 1
-0.999541, 0.000563325, 0.0302923, 0.290794, -0.0302141, 0.0556189, -0.997995, 0.856301, -0.00224702, -0.998452, -0.0555763, 1.02494, 0, 0, 0, 1
-0.999534, 0.000573049, 0.0305282, 0.290793, -0.0304481, 0.0560374, -0.997964, 0.856364, -0.0022826, -0.998429, -0.0559938, 1.02497, 0, 0, 0, 1
-0.999526, 0.0005828, 0.0307649, 0.290792, -0.030683, 0.0564575, -0.997933, 0.856426, -0.00231851, -0.998405, -0.0564129, 1.02499, 0, 0, 0, 1
-0.999519, 0.000592579, 0.0310026, 0.290791, -0.0309187, 0.0568791, -0.997902, 0.856489, -0.00235474, -0.998381, -0.0568335, 1.02502, 0, 0, 0, 1
-0.999512, 0.000602385, 0.0312411, 0.29079, -0.0311553, 0.0573024, -0.997871, 0.856552, -0.00239129, -0.998357, -0.0572556, 1.02505, 0, 0, 0, 1
-0.999504, 0.000612219, 0.0314806, 0.290789, -0.0313927, 0.0577272, -0.997839, 0.856616, -0.00242818, -0.998332, -0.0576793, 1.02507, 0, 0, 0, 1
-0.999497, 0.00062208, 0.0317209, 0.290789, -0.031631, 0.0581535, -0.997806, 0.85668, -0.0024654, -0.998307, -0.0581046, 1.0251, 0, 0, 0, 1
-0.999489, 0.000631968, 0.0319621, 0.290788, -0.0318702, 0.0585815, -0.997774, 0.856743, -0.00250295, -0.998282, -0.0585314, 1.02513, 0, 0, 0, 1
-0.999481, 0.000641883, 0.0322042, 0.290787, -0.0321102, 0.059011, -0.997741, 0.856808, -0.00254083, -0.998257, -0.0589597, 1.02515, 0, 0, 0, 1
-0.999473, 0.000651824, 0.0324472, 0.290786, -0.0323511, 0.0594421, -0.997707, 0.856872, -0.00257906, -0.998232, -0.0593897, 1.02518, 0, 0, 0, 1
-0.999465, 0.000661793, 0.0326911, 0.290785, -0.0325928, 0.0598747, -0.997674, 0.856937, -0.00261762, -0.998206, -0.0598211, 1.02521, 0, 0, 0, 1
