-0.999999, -0.000797434, -0.000797196, 0.290901, 0.000796858, 0.000424669, -1, 0.848124, 0.000797772, -1, -0.000424033, 1.02183, 0, 0, 0, 1
-0.999999, -0.000797416, -0.000797616, 0.290901, 0.000797277, 0.000425016, -1, 0.848124, 0.000797754, -1, -0.00042438, 1.02183, 0, 0, 0, 1
-0.999999, -0.000797361, -0.000798877, 0.290901, 0.000798537, 0.000426057, -1, 0.848124, 0.000797701, -1, -0.00042542, 1.02183, 0, 0, 0, 1
-0.999999, -0.000797269, -0.000800978, 0.290901, 0.000800637, 0.000427793, -1, 0.848125, 0.000797611, -1, -0.000427154, 1.02183, 0, 0, 0, 1
-0.999999, -0.00079714, -0.000803919, 0.290901, 0.000803576, 0.000430223, -1, 0.848125, 0.000797485, -1, -0.000429582, 1.02183, 0, 0, 0, 1
-0.999999, -0.000796974, -0.000807701, 0.290901, 0.000807355, 0.000433347, -1, 0.848126, 0.000797324, -1, -0.000432703, 1.02183, 0, 0, 0, 1
-0.999999, -0.000796772, -0.000812323, 0.2909, 0.000811974, 0.000437165, -1, 0.848126, 0.000797127, -1, -0.000436518, 1.02183, 0, 0, 0, 1
-0.999999, -0.000796533, -0.000817785, 0.2909, 0.000817433, 0.000441678, -1, 0.848127, 0.000796894, -1, -0.000441027, 1.02183, 0, 0, 0, 1
-0.999999, -0.000796257, -0.000824088, 0.2909, 0.000823732, 0.000446885, -1, 0.848128, 0.000796625, -1, -0.000446229, 1.02183, 0, 0, 0, 1
-0.999999, -0.000795944, -0.000831231, 0.290899, 0.000830871, 0.000452786, -1, 0.848129, 0.00079632, -1, -0.000452124, 1.02183, 0, 0, 0, 1
-0.999999, -0.000795595, -0.000839214, 0.290899, 0.000838849, 0.000459381, -1, 0.84813, 0.00079598, -1, -0.000458714, 1.02183, 0, 0, 0, 1
-0.999999, -0.000795209, -0.000848038, 0.290899, 0.000847667, 0.000466671, -1, 0.848132, 0.000795604, -1, -0.000465997, 1.02183, 0, 0, 0, 1
-0.999999, -0.000794786, -0.000857702, 0.290898, 0.000857325, 0.000474655, -1, 0.848133, 0.000795193, -1, -0.000473973, 1.02183, 0, 0, 0, 1
-0.999999, -0.000794326, -0.000868207, 0.290898, 0.000867823, 0.000483333, -1, 0.848135, 0.000794746, -1, -0.000482644, 1.02183, 0, 0, 0, 1
-0.999999, -0.00079383, -0.000879552, 0.290897, 0.000879161, 0.000492706, -0.999999, 0.848136, 0.000794263, -1, -0.000492007, 1.02182, 0, 0, 0, 1
-0.999999, -0.000793297, -0.000891737, 0.290897, 0.000891338, 0.000502772, -0.999999, 0.848138, 0.000793745, -1, -0.000502065, 1.02182, 0, 0, 0, 1
-0.999999, -0.000792727, -0.000904763, 0.290896, 0.000904356, 0.000513533, -0.999999, 0.84814, 0.000793191, -1, -0.000512816, 1.02182, 0, 0, 0, 1
-0.999999, -0.000792121, -0.000918629, 0.290895, 0.000918213, 0.000524988, -0.999999, 0.848142, 0.000792602, -1, -0.000524261, 1.02182, 0, 0, 0, 1
-0.999999, -0.000791477, -0.000933335, 0.290895, 0.00093291, 0.000537138, -0.999999, 0.848144, 0.000791978, -1, -0.000536399, 1.02182, 0, 0, 0, 1
-0.999999, -0.000790798, -0.000948882, 0.290894, 0.000948447, 0.000549982, -0.999999, 0.848146, 0.000791319, -1, -0.000549231, 1.02182, 0, 0, 0, 1
-0.999999, -0.000790081, -0.000965269, 0.290893, 0.000964824, 0.00056352, -0.999999, 0.848149, 0.000790624, -1, -0.000562757, 1.02181, 0, 0, 0, 1
-0.999999, -0.000789328, -0.000982496, 0.290892, 0.000982041, 0.000577752, -0.999999, 0.848151, 0.000789895, -1, -0.000576976, 1.02181, 0, 0, 0, 1
-0.999999, -0.000788538, -0.00100056, 0.290892, 0.0010001, 0.000592678, -0.999999, 0.848154, 0.00078913, -1, -0.000591889, 1.02181, 0, 0, 0, 1
-0.999999, -0.000787711, -0.00101947, 0.290891, 0.00101899, 0.000608299, -0.999999, 0.848157, 0.000788331, -1, -0.000607496, 1.02181, 0, 0, 0, 1
-0.999999, -0.000786848, -0.00103922, 0.29089, 0.00103873, 0.000624614, -0.999999, 0.84816, 0.000787497, -0.999999, -0.000623796, 1.02181, 0, 0, 0, 1
-0.999999, -0.000785949, -0.00105981, 0.290889, 0.00105931, 0.000641623, -0.999999, 0.848163, 0.000786628, -0.999999, -0.00064079, 1.0218, 0, 0, 0, 1
-0.999999, -0.000785012, -0.00108124, 0.290888, 0.00108072, 0.000659327, -0.999999, 0.848166, 0.000785725, -0.999999, -0.000658478, 1.0218, 0, 0, 0, 1
-0.999999, -0.00078404, -0.00110351, 0.290887, 0.00110298, 0.000677725, -0.999999, 0.848169, 0.000784787, -0.999999, -0.000676859, 1.0218, 0, 0, 0, 1
-0.999999, -0.00078303, -0.00112662, 0.290886, 0.00112607, 0.000696817, -0.999999, 0.848173, 0.000783815, -0.999999, -0.000695934, 1.0218, 0, 0, 0, 1
-0.999999, -0.000781984, -0.00115057, 0.290885, 0.00115001, 0.000716603, -0.999999, 0.848176, 0.000782808, -0.999999, -0.000715703, 1.02179, 0, 0, 0, 1
-0.999999, -0.000780902, -0.00117536, 0.290883, 0.00117478, 0.000737084, -0.999999, 0.84818, 0.000781767, -0.999999, -0.000736165, 1.02179, 0, 0, 0, 1
-0.999999, -0.000779783, -0.00120099, 0.290882, 0.0012004, 0.000758258, -0.999999, 0.848183, 0.000780693, -0.999999, -0.000757322, 1.02179, 0, 0, 0, 1
-0.999999, -0.000778628, -0.00122746, 0.290881, 0.00122686, 0.000780128, -0.999999, 0.848187, 0.000779584, -0.999999, -0.000779172, 1.02178, 0, 0, 0, 1
-0.999999, -0.000777436, -0.00125477, 0.29088, 0.00125415, 0.000802691, -0.999999, 0.848191, 0.000778442, -0.999999, -0.000801715, 1.02178, 0, 0, 0, 1
-0.999999, -0.000776208, -0.00128293, 0.290878, 0.00128229, 0.000825949, -0.999999, 0.848196, 0.000777266, -0.999999, -0.000824952, 1.02178, 0, 0, 0, 1
-0.999999, -0.000774943, -0.00131192, 0.290877, 0.00131126, 0.000849901, -0.999999, 0.8482, 0.000776057, -0.999999, -0.000848883, 1.02177, 0, 0, 0, 1
-0.999999, -0.000773642, -0.00134175, 0.290876, 0.00134108, 0.000874547, -0.999999, 0.848204, 0.000774814, -0.999999, -0.000873508, 1.02177, 0, 0, 0, 1
-0.999999, -0.000772305, -0.00137243, 0.290874, 0.00137173, 0.000899887, -0.999999, 0.848209, 0.000773539, -0.999999, -0.000898827, 1.02177, 0, 0, 0, 1
-0.999999, -0.000770931, -0.00140394, 0.290873, 0.00140323, 0.000925922, -0.999999, 0.848213, 0.00077223, -0.999999, -0.000924839, 1.02176, 0, 0, 0, 1
-0.999999, -0.000769521, -0.00143629, 0.290871, 0.00143556, 0.000952651, -0.999999, 0.848218, 0.000770888, -0.999999, -0.000951545, 1.02176, 0, 0, 0, 1
-0.999999, -0.000768074, -0.00146949, 0.29087, 0.00146873, 0.000980074, -0.999998, 0.848223, 0.000769514, -0.999999, -0.000978945, 1.02175, 0, 0, 0, 1
-0.999999, -0.000766592, -0.00150352, 0.290868, 0.00150275, 0.00100819, -0.999998, 0.848228, 0.000768107, -0.999999, -0.00100704, 1.02175, 0, 0, 0, 1
-0.999999, -0.000765073, -0.0015384, 0.290867, 0.0015376, 0.001037, -0.999998, 0.848233, 0.000766667, -0.999999, -0.00103583, 1.02175, 0, 0, 0, 1
-0.999998, -0.000763518, -0.00157411, 0.290865, 0.0015733, 0.00106651, -0.999998, 0.848238, 0.000765196, -0.999999, -0.00106531, 1.02174, 0, 0, 0, 1
-0.999998, -0.000761927, -0.00161067, 0.290863, 0.00160983, 0.00109671, -0.999998, 0.848244, 0.000763692, -0.999999, -0.00109548, 1.02174, 0, 0, 0, 1
-0.999998, -0.0007603, -0.00164807, 0.290861, 0.00164721, 0.00112761, -0.999998, 0.848249, 0.000762157, -0.999999, -0.00112635, 1.02173, 0, 0, 0, 1
-0.999998, -0.000758636, -0.0016863, 0.29086, 0.00168542, 0.00115919, -0.999998, 0.848255, 0.000760589, -0.999999, -0.00115791, 1.02173, 0, 0, 0, 1
-0.999998, -0.000756937, -0.00172538, 0.290858, 0.00172448, 0.00119148, -0.999998, 0.84826, 0.000758991, -0.999999, -0.00119017, 1.02172, 0, 0, 0, 1
-0.999998, -0.000755201, -0.0017653, 0.290856, 0.00176437, 0.00122446, -0.999998, 0.848266, 0.000757361, -0.999999, -0.00122312, 1.02172, 0, 0, 0, 1
-0.999998, -0.00075343, -0.00180605, 0.290854, 0.0018051, 0.00125813, -0.999998, 0.848272, 0.0007557, -0.999999, -0.00125676, 1.02171, 0, 0, 0, 1
-0.999998, -0.000751622, -0.00184765, 0.290852, 0.00184668, 0.00129249, -0.999997, 0.848278, 0.000754008, -0.999999, -0.0012911, 1.02171, 0, 0, 0, 1
-0.999998, -0.000749778, -0.00189009, 0.29085, 0.00188909, 0.00132755, -0.999997, 0.848285, 0.000752286, -0.999999, -0.00132613, 1.0217, 0, 0, 0, 1
-0.999998, -0.000747899, -0.00193337, 0.290848, 0.00193235, 0.00136331, -0.999997, 0.848291, 0.000750533, -0.999999, -0.00136186, 1.0217, 0, 0, 0, 1
-0.999998, -0.000745984, -0.00197749, 0.290846, 0.00197644, 0.00139976, -0.999997, 0.848297, 0.000748749, -0.999999, -0.00139828, 1.02169, 0, 0, 0, 1
-0.999998, -0.000744032, -0.00202245, 0.290844, 0.00202138, 0.0014369, -0.999997, 0.848304, 0.000746936, -0.999999, -0.00143539, 1.02169, 0, 0, 0, 1
-0.999998, -0.000742045, -0.00206825, 0.290842, 0.00206715, 0.00147474, -0.999997, 0.848311, 0.000745093, -0.999999, -0.0014732, 1.02168, 0, 0, 0, 1
-0.999997, -0.000740023, -0.00211489, 0.29084, 0.00211377, 0.00151327, -0.999997, 0.848318, 0.000743221, -0.999999, -0.0015117, 1.02168, 0, 0, 0, 1
-0.999997, -0.000737964, -0.00216237, 0.290838, 0.00216122, 0.0015525, -0.999996, 0.848325, 0.000741319, -0.999999, -0.0015509, 1.02167, 0, 0, 0, 1
-0.999997, -0.00073587, -0.00221069, 0.290835, 0.00220951, 0.00159242, -0.999996, 0.848332, 0.000739387, -0.999998, -0.00159079, 1.02167, 0, 0, 0, 1
-0.999997, -0.00073374, -0.00225985, 0.290833, 0.00225865, 0.00163303, -0.999996, 0.848339, 0.000737427, -0.999998, -0.00163137, 1.02166, 0, 0, 0, 1
-0.999997, -0.000731574, -0.00230985, 0.290831, 0.00230862, 0.00167434, -0.999996, 0.848346, 0.000735439, -0.999998, -0.00167265, 1.02165, 0, 0, 0, 1
-0.999997, -0.000729373, -0.00236069, 0.290828, 0.00235944, 0.00171635, -0.999996, 0.848354, 0.000733422, -0.999998, -0.00171462, 1.02165, 0, 0, 0, 1
-0.999997, -0.000727137, -0.00241238, 0.290826, 0.00241109, 0.00175904, -0.999996, 0.848361, 0.000731377, -0.999998, -0.00175728, 1.02164, 0, 0, 0, 1
-0.999997, -0.000724864, -0.0024649, 0.290824, 0.00246359, 0.00180244, -0.999995, 0.848369, 0.000729304, -0.999998, -0.00180064, 1.02164, 0, 0, 0, 1
-0.999997, -0.000722557, -0.00251826, 0.290821, 0.00251692, 0.00184652, -0.999995, 0.848377, 0.000727203, -0.999998, -0.0018447, 1.02163, 0, 0, 0, 1
-0.999996, -0.000720214, -0.00257246, 0.290819, 0.0025711, 0.0018913, -0.999995, 0.848385, 0.000725075, -0.999998, -0.00188944, 1.02162, 0, 0, 0, 1
-0.999996, -0.000717835, -0.00262751, 0.290816, 0.00262611, 0.00193678, -0.999995, 0.848393, 0.00072292, -0.999998, -0.00193489, 1.02162, 0, 0, 0, 1
-0.999996, -0.000715421, -0.00268339, 0.290813, 0.00268197, 0.00198295, -0.999994, 0.848401, 0.000720738, -0.999998, -0.00198102, 1.02161, 0, 0, 0, 1
-0.999996, -0.000712972, -0.00274012, 0.290811, 0.00273866, 0.00202981, -0.999994, 0.848409, 0.00071853, -0.999998, -0.00202785, 1.0216, 0, 0, 0, 1
-0.999996, -0.000710488, -0.00279768, 0.290808, 0.0027962, 0.00207737, -0.999994, 0.848418, 0.000716295, -0.999998, -0.00207537, 1.0216, 0, 0, 0, 1
-0.999996, -0.000707968, -0.00285609, 0.290805, 0.00285458, 0.00212562, -0.999994, 0.848426, 0.000714035, -0.999997, -0.00212359, 1.02159, 0, 0, 0, 1
-0.999996, -0.000705413, -0.00291533, 0.290803, 0.00291379, 0.00217457, -0.999993, 0.848435, 0.000711748, -0.999997, -0.0021725, 1.02158, 0, 0, 0, 1
-0.999995, -0.000702824, -0.00297542, 0.2908, 0.00297385, 0.00222421, -0.999993, 0.848444, 0.000709437, -0.999997, -0.00222211, 1.02157, 0, 0, 0, 1
-0.999995, -0.000700199, -0.00303634, 0.290797, 0.00303474, 0.00227454, -0.999993, 0.848453, 0.0007071, -0.999997, -0.00227241, 1.02157, 0, 0, 0, 1
-0.999995, -0.000697539, -0.00309811, 0.290794, 0.00309648, 0.00232557, -0.999993, 0.848462, 0.000704738, -0.999997, -0.0023234, 1.02156, 0, 0, 0, 1
-0.999995, -0.000694844, -0.00316072, 0.290791, 0.00315906, 0.0023773, -0.999992, 0.848471, 0.000702352, -0.999997, -0.00237509, 1.02155, 0, 0, 0, 1
-0.999995, -0.000692114, -0.00322417, 0.290788, 0.00322247, 0.00242972, -0.999992, 0.848481, 0.000699942, -0.999997, -0.00242747, 1.02154, 0, 0, 0, 1
-0.999994, -0.000689349, -0.00328845, 0.290785, 0.00328673, 0.00248283, -0.999992, 0.84849, 0.000697508, -0.999997, -0.00248055, 1.02154, 0, 0, 0, 1
-0.999994, -0.00068655, -0.00335358, 0.290782, 0.00335183, 0.00253664, -0.999991, 0.8485, 0.000695051, -0.999997, -0.00253432, 1.02153, 0, 0, 0, 1
-0.999994, -0.000683716, -0.00341955, 0.290779, 0.00341777, 0.00259114, -0.999991, 0.848509, 0.00069257, -0.999996, -0.00258879, 1.02152, 0, 0, 0, 1
-0.999994, -0.000680847, -0.00348636, 0.290776, 0.00348454, 0.00264633, -0.99999, 0.848519, 0.000690066, -0.999996, -0.00264394, 1.02151, 0, 0, 0, 1
-0.999993, -0.000677943, -0.00355401, 0.290773, 0.00355216, 0.00270222, -0.99999, 0.848529, 0.00068754, -0.999996, -0.0026998, 1.02151, 0, 0, 0, 1
-0.999993, -0.000675005, -0.0036225, 0.29077, 0.00362062, 0.00275881, -0.99999, 0.848539, 0.000684991, -0.999996, -0.00275635, 1.0215, 0, 0, 0, 1
-0.999993, -0.000672032, -0.00369183, 0.290766, 0.00368992, 0.00281609, -0.999989, 0.848549, 0.000682421, -0.999996, -0.00281359, 1.02149, 0, 0, 0, 1
-0.999993, -0.000669025, -0.003762, 0.290763, 0.00376006, 0.00287406, -0.999989, 0.84856, 0.000679829, -0.999996, -0.00287152, 1.02148, 0, 0, 0, 1
-0.999992, -0.000665983, -0.00383301, 0.29076, 0.00383104, 0.00293273, -0.999988, 0.84857, 0.000677216, -0.999995, -0.00293015, 1.02147, 0, 0, 0, 1
-0.999992, -0.000662907, -0.00390486, 0.290756, 0.00390286, 0.00299209, -0.999988, 0.848581, 0.000674582, -0.999995, -0.00298948, 1.02146, 0, 0, 0, 1
-0.999992, -0.000659796, -0.00397755, 0.290753, 0.00397552, 0.00305215, -0.999987, 0.848591, 0.000671928, -0.999995, -0.0030495, 1.02146, 0, 0, 0, 1
-0.999992, -0.000656652, -0.00405108, 0.29075, 0.00404902, 0.0031129, -0.999987, 0.848602, 0.000669254, -0.999995, -0.00311021, 1.02145, 0, 0, 0, 1
-0.999991, -0.000653473, -0.00412545, 0.290746, 0.00412336, 0.00317434, -0.999986, 0.848613, 0.000666559, -0.999995, -0.00317162, 1.02144, 0, 0, 0, 1
-0.999991, -0.00065026, -0.00420066, 0.290743, 0.00419854, 0.00323648, -0.999986, 0.848624, 0.000663846, -0.999995, -0.00323372, 1.02143, 0, 0, 0, 1
-0.999991, -0.000647012, -0.00427672, 0.290739, 0.00427456, 0.00329932, -0.999985, 0.848635, 0.000661113, -0.999994, -0.00329652, 1.02142, 0, 0, 0, 1
-0.99999, -0.000643731, -0.00435361, 0.290736, 0.00435142, 0.00336284, -0.999985, 0.848646, 0.000658362, -0.999994, -0.00336001, 1.02141, 0, 0, 0, 1
-0.99999, -0.000640416, -0.00443134, 0.290732, 0.00442912, 0.00342707, -0.999984, 0.848658, 0.000655592, -0.999994, -0.0034242, 1.0214, 0, 0, 0, 1
-0.99999, -0.000637067, -0.00450992, 0.290728, 0.00450766, 0.00349198, -0.999984, 0.848669, 0.000652805, -0.999994, -0.00348908, 1.02139, 0, 0, 0, 1
-0.999989, -0.000633684, -0.00458933, 0.290725, 0.00458705, 0.0035576, -0.999983, 0.848681, 0.00065, -0.999993, -0.00355465, 1.02138, 0, 0, 0, 1
-0.999989, -0.000630267, -0.00466958, 0.290721, 0.00466727, 0.0036239, -0.999983, 0.848693, 0.000647178, -0.999993, -0.00362092, 1.02137, 0, 0, 0, 1
-0.999989, -0.000626817, -0.00475068, 0.290717, 0.00474833, 0.0036909, -0.999982, 0.848705, 0.00064434, -0.999993, -0.00368788, 1.02136, 0, 0, 0, 1
-0.999988, -0.000623333, -0.00483261, 0.290713, 0.00483024, 0.0037586, -0.999981, 0.848717, 0.000641485, -0.999993, -0.00375554, 1.02135, 0, 0, 0, 1
-0.999988, -0.000619815, -0.00491539, 0.290709, 0.00491298, 0.00382698, -0.999981, 0.848729, 0.000638614, -0.999992, -0.00382389, 1.02134, 0, 0, 0, 1
-0.999987, -0.000616264, -0.004999, 0.290705, 0.00499657, 0.00389607, -0.99998, 0.848741, 0.000635728, -0.999992, -0.00389294, 1.02133, 0, 0, 0, 1
-0.999987, -0.000612679, -0.00508346, 0.290701, 0.00508099, 0.00396585, -0.999979, 0.848754, 0.000632826, -0.999992, -0.00396268, 1.02132, 0, 0, 0, 1
-0.999986, -0.000609061, -0.00516876, 0.290697, 0.00516626, 0.00403632, -0.999979, 0.848766, 0.00062991, -0.999992, -0.00403312, 1.02131, 0, 0, 0, 1
-0.999986, -0.000605409, -0.00525489, 0.290693, 0.00525236, 0.00410748, -0.999978, 0.848779, 0.00062698, -0.999991, -0.00410425, 1.0213, 0, 0, 0, 1
-0.999986, -0.000601725, -0.00534187, 0.290689, 0.00533931, 0.00417935, -0.999977, 0.848792, 0.000624036, -0.999991, -0.00417607, 1.02129, 0, 0, 0, 1
-0.999985, -0.000598007, -0.00542969, 0.290685, 0.0054271, 0.0042519, -0.999976, 0.848805, 0.000621079, -0.999991, -0.00424859, 1.02128, 0, 0, 0, 1
-0.999985, -0.000594256, -0.00551834, 0.290681, 0.00551572, 0.00432515, -0.999975, 0.848818, 0.000618109, -0.99999, -0.00432181, 1.02127, 0, 0, 0, 1
-0.999984, -0.000590472, -0.00560784, 0.290677, 0.00560519, 0.00439909, -0.999975, 0.848831, 0.000615126, -0.99999, -0.00439572, 1.02126, 0, 0, 0, 1
-0.999984, -0.000586655, -0.00569818, 0.290673, 0.0056955, 0.00447373, -0.999974, 0.848844, 0.000612131, -0.99999, -0.00447032, 1.02125, 0, 0, 0, 1
-0.999983, -0.000582805, -0.00578936, 0.290668, 0.00578665, 0.00454907, -0.999973, 0.848858, 0.000609125, -0.999989, -0.00454562, 1.02124, 0, 0, 0, 1
-0.999983, -0.000578922, -0.00588138, 0.290664, 0.00587864, 0.00462509, -0.999972, 0.848871, 0.000606108, -0.999989, -0.00462161, 1.02123, 0, 0, 0, 1
-0.999982, -0.000575006, -0.00597424, 0.29066, 0.00597147, 0.00470182, -0.999971, 0.848885, 0.000603079, -0.999989, -0.0046983, 1.02122, 0, 0, 0, 1
-0.999981, -0.000571058, -0.00606793, 0.290655, 0.00606514, 0.00477923, -0.99997, 0.848898, 0.000600041, -0.999988, -0.00477568, 1.02121, 0, 0, 0, 1
-0.999981, -0.000567077, -0.00616247, 0.290651, 0.00615965, 0.00485734, -0.999969, 0.848912, 0.000596993, -0.999988, -0.00485376, 1.0212, 0, 0, 0, 1
-0.99998, -0.000563064, -0.00625785, 0.290647, 0.006255, 0.00493615, -0.999968, 0.848926, 0.000593936, -0.999988, -0.00493253, 1.02118, 0, 0, 0, 1
-0.99998, -0.000559018, -0.00635407, 0.290642, 0.00635119, 0.00501565, -0.999967, 0.848941, 0.000590869, -0.999987, -0.005012, 1.02117, 0, 0, 0, 1
-0.999979, -0.00055494, -0.00645114, 0.290638, 0.00644822, 0.00509584, -0.999966, 0.848955, 0.000587795, -0.999987, -0.00509216, 1.02116, 0, 0, 0, 1
-0.999978, -0.000550829, -0.00654904, 0.290633, 0.0065461, 0.00517673, -0.999965, 0.848969, 0.000584712, -0.999986, -0.00517301, 1.02115, 0, 0, 0, 1
-0.999978, -0.000546686, -0.00664778, 0.290628, 0.00664481, 0.00525831, -0.999964, 0.848984, 0.000581623, -0.999986, -0.00525456, 1.02114, 0, 0, 0, 1
-0.999977, -0.000542511, -0.00674736, 0.290624, 0.00674437, 0.00534059, -0.999963, 0.848998, 0.000578526, -0.999986, -0.00533681, 1.02113, 0, 0, 0, 1
-0.999976, -0.000538304, -0.00684778, 0.290619, 0.00684476, 0.00542356, -0.999962, 0.849013, 0.000575423, -0.999985, -0.00541975, 1.02111, 0, 0, 0, 1
-0.999976, -0.000534065, -0.00694904, 0.290614, 0.006946, 0.00550723, -0.999961, 0.849028, 0.000572314, -0.999985, -0.00550339, 1.0211, 0, 0, 0, 1
-0.999975, -0.000529794, -0.00705115, 0.290609, 0.00704807, 0.00559159, -0.99996, 0.849043, 0.0005692, -0.999984, -0.00558772, 1.02109, 0, 0, 0, 1
-0.999974, -0.000525491, -0.00715409, 0.290605, 0.00715099, 0.00567665, -0.999958, 0.849058, 0.000566081, -0.999984, -0.00567274, 1.02108, 0, 0, 0, 1
-0.999974, -0.000521157, -0.00725787, 0.2906, 0.00725475, 0.00576239, -0.999957, 0.849073, 0.000562957, -0.999983, -0.00575846, 1.02107, 0, 0, 0, 1
-0.999973, -0.000516791, -0.00736249, 0.290595, 0.00735935, 0.00584884, -0.999956, 0.849089, 0.00055983, -0.999983, -0.00584488, 1.02105, 0, 0, 0, 1
-0.999972, -0.000512393, -0.00746796, 0.29059, 0.00746479, 0.00593598, -0.999955, 0.849104, 0.000556699, -0.999982, -0.00593199, 1.02104, 0, 0, 0, 1
-0.999971, -0.000507963, -0.00757426, 0.290585, 0.00757107, 0.00602381, -0.999953, 0.84912, 0.000553566, -0.999982, -0.00601979, 1.02103, 0, 0, 0, 1
-0.99997, -0.000503503, -0.00768141, 0.29058, 0.00767819, 0.00611234, -0.999952, 0.849136, 0.00055043, -0.999981, -0.00610829, 1.02102, 0, 0, 0, 1
-0.99997, -0.000499011, -0.00778939, 0.290575, 0.00778615, 0.00620156, -0.99995, 0.849152, 0.000547292, -0.999981, -0.00619749, 1.021, 0, 0, 0, 1
-0.999969, -0.000494487, -0.00789822, 0.29057, 0.00789495, 0.00629148, -0.999949, 0.849168, 0.000544153, -0.99998, -0.00628738, 1.02099, 0, 0, 0, 1
-0.999968, -0.000489933, -0.00800788, 0.290565, 0.00800459, 0.00638209, -0.999948, 0.849184, 0.000541014, -0.99998, -0.00637796, 1.02098, 0, 0, 0, 1
-0.999967, -0.000485347, -0.00811839, 0.290559, 0.00811507, 0.00647339, -0.999946, 0.8492, 0.000537874, -0.999979, -0.00646924, 1.02096, 0, 0, 0, 1
-0.999966, -0.00048073, -0.00822973, 0.290554, 0.0082264, 0.00656539, -0.999945, 0.849216, 0.000534735, -0.999978, -0.00656122, 1.02095, 0, 0, 0, 1
-0.999965, -0.000476083, -0.00834192, 0.290549, 0.00833856, 0.00665809, -0.999943, 0.849233, 0.000531597, -0.999978, -0.00665389, 1.02094, 0, 0, 0, 1
-0.999964, -0.000471405, -0.00845494, 0.290544, 0.00845157, 0.00675148, -0.999941, 0.84925, 0.00052846, -0.999977, -0.00674725, 1.02092, 0, 0, 0, 1
-0.999963, -0.000466696, -0.00856881, 0.290538, 0.00856541, 0.00684556, -0.99994, 0.849266, 0.000525326, -0.999976, -0.00684131, 1.02091, 0, 0, 0, 1
-0.999962, -0.000461956, -0.00868352, 0.290533, 0.0086801, 0.00694034, -0.999938, 0.849283, 0.000522194, -0.999976, -0.00693607, 1.0209, 0, 0, 0, 1
-0.999961, -0.000457186, -0.00879906, 0.290528, 0.00879563, 0.00703581, -0.999937, 0.8493, 0.000519065, -0.999975, -0.00703152, 1.02088, 0, 0, 0, 1
-0.99996, -0.000452385, -0.00891545, 0.290522, 0.008912, 0.00713198, -0.999935, 0.849317, 0.00051594, -0.999974, -0.00712766, 1.02087, 0, 0, 0, 1
-0.999959, -0.000447554, -0.00903268, 0.290517, 0.00902921, 0.00722884, -0.999933, 0.849335, 0.00051282, -0.999974, -0.0072245, 1.02086, 0, 0, 0, 1
-0.999958, -0.000442692, -0.00915075, 0.290511, 0.00914726, 0.00732639, -0.999931, 0.849352, 0.000509704, -0.999973, -0.00732204, 1.02084, 0, 0, 0, 1
-0.999957, -0.000437801, -0.00926965, 0.290505, 0.00926615, 0.00742464, -0.99993, 0.84937, 0.000506594, -0.999972, -0.00742027, 1.02083, 0, 0, 0, 1
-0.999956, -0.000432879, -0.0093894, 0.2905, 0.00938588, 0.00752359, -0.999928, 0.849387, 0.00050349, -0.999972, -0.00751919, 1.02081, 0, 0, 0, 1
-0.999955, -0.000427928, -0.00950999, 0.290494, 0.00950645, 0.00762323, -0.999926, 0.849405, 0.000500393, -0.999971, -0.00761882, 1.0208, 0, 0, 0, 1
-0.999954, -0.000422946, -0.00963142, 0.290488, 0.00962787, 0.00772356, -0.999924, 0.849423, 0.000497303, -0.99997, -0.00771913, 1.02078, 0, 0, 0, 1
-0.999952, -0.000417935, -0.00975369, 0.290483, 0.00975012, 0.00782459, -0.999922, 0.849441, 0.000494221, -0.999969, -0.00782014, 1.02077, 0, 0, 0, 1
-0.999951, -0.000412894, -0.0098768, 0.290477, 0.00987321, 0.00792631, -0.99992, 0.849459, 0.000491148, -0.999969, -0.00792185, 1.02076, 0, 0, 0, 1
-0.99995, -0.000407823, -0.0100007, 0.290471, 0.00999715, 0.00802873, -0.999918, 0.849477, 0.000488083, -0.999968, -0.00802425, 1.02074, 0, 0, 0, 1
-0.999949, -0.000402723, -0.0101255, 0.290465, 0.0101219, 0.00813184, -0.999916, 0.849496, 0.000485029, -0.999967, -0.00812735, 1.02073, 0, 0, 0, 1
-0.999947, -0.000397594, -0.0102512, 0.290459, 0.0102475, 0.00823565, -0.999914, 0.849514, 0.000481985, -0.999966, -0.00823114, 1.02071, 0, 0, 0, 1
-0.999946, -0.000392435, -0.0103776, 0.290453, 0.010374, 0.00834015, -0.999911, 0.849533, 0.000478951, -0.999965, -0.00833563, 1.0207, 0, 0, 0, 1
-0.999945, -0.000387247, -0.0105049, 0.290447, 0.0105013, 0.00844535, -0.999909, 0.849551, 0.00047593, -0.999964, -0.00844081, 1.02068, 0, 0, 0, 1
-0.999943, -0.00038203, -0.0106331, 0.290441, 0.0106294, 0.00855124, -0.999907, 0.84957, 0.000472921, -0.999963, -0.00854669, 1.02067, 0, 0, 0, 1
-0.999942, -0.000376784, -0.0107621, 0.290435, 0.0107584, 0.00865782, -0.999905, 0.849589, 0.000469924, -0.999962, -0.00865327, 1.02065, 0, 0, 0, 1
-0.999941, -0.000371509, -0.0108919, 0.290429, 0.0108882, 0.0087651, -0.999902, 0.849608, 0.000466941, -0.999962, -0.00876053, 1.02064, 0, 0, 0, 1
-0.999939, -0.000366205, -0.0110226, 0.290423, 0.0110189, 0.00887307, -0.9999, 0.849628, 0.000463973, -0.999961, -0.0088685, 1.02062, 0, 0, 0, 1
-0.999938, -0.000360873, -0.0111541, 0.290417, 0.0111504, 0.00898174, -0.999897, 0.849647, 0.000461019, -0.99996, -0.00897716, 1.02061, 0, 0, 0, 1
-0.999936, -0.000355512, -0.0112865, 0.290411, 0.0112828, 0.0090911, -0.999895, 0.849667, 0.000458081, -0.999959, -0.00908651, 1.02059, 0, 0, 0, 1
-0.999935, -0.000350122, -0.0114196, 0.290404, 0.0114159, 0.00920116, -0.999893, 0.849686, 0.000455158, -0.999958, -0.00919656, 1.02057, 0, 0, 0, 1
-0.999933, -0.000344704, -0.0115537, 0.290398, 0.01155, 0.00931191, -0.99989, 0.849706, 0.000452253, -0.999957, -0.00930731, 1.02056, 0, 0, 0, 1
-0.999932, -0.000339258, -0.0116885, 0.290392, 0.0116848, 0.00942336, -0.999887, 0.849726, 0.000449365, -0.999956, -0.00941875, 1.02054, 0, 0, 0, 1
-0.99993, -0.000333783, -0.0118243, 0.290385, 0.0118205, 0.0095355, -0.999885, 0.849746, 0.000446495, -0.999954, -0.00953089, 1.02053, 0, 0, 0, 1
-0.999928, -0.000328281, -0.0119608, 0.290379, 0.0119571, 0.00964834, -0.999882, 0.849766, 0.000443644, -0.999953, -0.00964372, 1.02051, 0, 0, 0, 1
-0.999927, -0.00032275, -0.0120982, 0.290372, 0.0120945, 0.00976187, -0.999879, 0.849786, 0.000440813, -0.999952, -0.00975725, 1.02049, 0, 0, 0, 1
-0.999925, -0.000317192, -0.0122364, 0.290366, 0.0122327, 0.00987609, -0.999876, 0.849807, 0.000438001, -0.999951, -0.00987147, 1.02048, 0, 0, 0, 1
-0.999923, -0.000311606, -0.0123755, 0.290359, 0.0123718, 0.00999101, -0.999874, 0.849827, 0.000435211, -0.99995, -0.00998639, 1.02046, 0, 0, 0, 1
-0.999922, -0.000305993, -0.0125154, 0.290353, 0.0125117, 0.0101066, -0.999871, 0.849848, 0.000432442, -0.999949, -0.010102, 1.02044, 0, 0, 0, 1
-0.99992, -0.000300351, -0.0126562, 0.290346, 0.0126524, 0.0102229, -0.999868, 0.849868, 0.000429695, -0.999948, -0.0102183, 1.02043, 0, 0, 0, 1
-0.999918, -0.000294683, -0.0127978, 0.290339, 0.012794, 0.0103399, -0.999865, 0.849889, 0.000426971, -0.999946, -0.0103353, 1.02041, 0, 0, 0, 1
-0.999916, -0.000288987, -0.0129402, 0.290333, 0.0129365, 0.0104576, -0.999862, 0.84991, 0.000424271, -0.999945, -0.010453, 1.02039, 0, 0, 0, 1
-0.999914, -0.000283264, -0.0130835, 0.290326, 0.0130797, 0.010576, -0.999859, 0.849931, 0.000421595, -0.999944, -0.0105714, 1.02038, 0, 0, 0, 1
-0.999912, -0.000277514, -0.0132276, 0.290319, 0.0132239, 0.0106951, -0.999855, 0.849953, 0.000418944, -0.999943, -0.0106905, 1.02036, 0, 0, 0, 1
-0.999911, -0.000271737, -0.0133725, 0.290312, 0.0133688, 0.0108149, -0.999852, 0.849974, 0.000416319, -0.999941, -0.0108103, 1.02034, 0, 0, 0, 1
-0.999909, -0.000265933, -0.0135183, 0.290306, 0.0135146, 0.0109354, -0.999849, 0.849995, 0.000413721, -0.99994, -0.0109308, 1.02033, 0, 0, 0, 1
-0.999907, -0.000260102, -0.013665, 0.290299, 0.0136613, 0.0110565, -0.999846, 0.850017, 0.00041115, -0.999939, -0.0110519, 1.02031, 0, 0, 0, 1
-0.999905, -0.000254245, -0.0138124, 0.290292, 0.0138087, 0.0111784, -0.999842, 0.850039, 0.000408606, -0.999937, -0.0111738, 1.02029, 0, 0, 0, 1
-0.999903, -0.000248362, -0.0139608, 0.290285, 0.0139571, 0.011301, -0.999839, 0.850061, 0.000406092, -0.999936, -0.0112964, 1.02027, 0, 0, 0, 1
-0.9999, -0.000242452, -0.0141099, 0.290278, 0.0141062, 0.0114242, -0.999835, 0.850083, 0.000403606, -0.999935, -0.0114197, 1.02026, 0, 0, 0, 1
-0.999898, -0.000236515, -0.0142599, 0.29027, 0.0142562, 0.0115482, -0.999832, 0.850105, 0.000401151, -0.999933, -0.0115436, 1.02024, 0, 0, 0, 1
-0.999896, -0.000230553, -0.0144107, 0.290263, 0.0144071, 0.0116728, -0.999828, 0.850127, 0.000398727, -0.999932, -0.0116683, 1.02022, 0, 0, 0, 1
-0.999894, -0.000224564, -0.0145624, 0.290256, 0.0145588, 0.0117981, -0.999824, 0.850149, 0.000396334, -0.99993, -0.0117936, 1.0202, 0, 0, 0, 1
-0.999892, -0.00021855, -0.0147149, 0.290249, 0.0147113, 0.0119242, -0.999821, 0.850172, 0.000393974, -0.999929, -0.0119197, 1.02019, 0, 0, 0, 1
-0.999889, -0.00021251, -0.0148683, 0.290242, 0.0148646, 0.0120509, -0.999817, 0.850195, 0.000391647, -0.999927, -0.0120464, 1.02017, 0, 0, 0, 1
-0.999887, -0.000206444, -0.0150225, 0.290234, 0.0150189, 0.0121783, -0.999813, 0.850217, 0.000389354, -0.999926, -0.0121738, 1.02015, 0, 0, 0, 1
-0.999885, -0.000200353, -0.0151775, 0.290227, 0.0151739, 0.0123064, -0.999809, 0.85024, 0.000387096, -0.999924, -0.012302, 1.02013, 0, 0, 0, 1
-0.999882, -0.000194236, -0.0153334, 0.29022, 0.0153298, 0.0124352, -0.999805, 0.850263, 0.000384873, -0.999923, -0.0124308, 1.02011, 0, 0, 0, 1
-0.99988, -0.000188094, -0.0154901, 0.290212, 0.0154865, 0.0125647, -0.999801, 0.850286, 0.000382686, -0.999921, -0.0125603, 1.0201, 0, 0, 0, 1
-0.999878, -0.000181927, -0.0156477, 0.290205, 0.0156441, 0.0126949, -0.999797, 0.85031, 0.000380536, -0.999919, -0.0126905, 1.02008, 0, 0, 0, 1
-0.999875, -0.000175735, -0.0158061, 0.290197, 0.0158025, 0.0128258, -0.999793, 0.850333, 0.000378425, -0.999918, -0.0128215, 1.02006, 0, 0, 0, 1
-0.999873, -0.000169518, -0.0159653, 0.29019, 0.0159618, 0.0129574, -0.999789, 0.850356, 0.000376351, -0.999916, -0.0129531, 1.02004, 0, 0, 0, 1
-0.99987, -0.000163276, -0.0161254, 0.290182, 0.0161219, 0.0130897, -0.999784, 0.85038, 0.000374317, -0.999914, -0.0130854, 1.02002, 0, 0, 0, 1
-0.999867, -0.000157009, -0.0162863, 0.290175, 0.0162828, 0.0132227, -0.99978, 0.850404, 0.000372323, -0.999913, -0.0132184, 1.02, 0, 0, 0, 1
-0.999865, -0.000150718, -0.016448, 0.290167, 0.0164446, 0.0133564, -0.999776, 0.850428, 0.000370371, -0.999911, -0.0133521, 1.01998, 0, 0, 0, 1
-0.999862, -0.000144403, -0.0166106, 0.290159, 0.0166072, 0.0134907, -0.999771, 0.850452, 0.000368459, -0.999909, -0.0134865, 1.01996, 0, 0, 0, 1
-0.999859, -0.000138063, -0.0167741, 0.290152, 0.0167706, 0.0136258, -0.999767, 0.850476, 0.000366591, -0.999907, -0.0136216, 1.01995, 0, 0, 0, 1
-0.999857, -0.000131699, -0.0169383, 0.290144, 0.0169349, 0.0137615, -0.999762, 0.8505, 0.000364766, -0.999905, -0.0137573, 1.01993, 0, 0, 0, 1
-0.999854, -0.000125311, -0.0171035, 0.290136, 0.0171001, 0.013898, -0.999757, 0.850524, 0.000362985, -0.999903, -0.0138938, 1.01991, 0, 0, 0, 1
-0.999851, -0.0001189, -0.0172694, 0.290128, 0.017266, 0.0140351, -0.999752, 0.850549, 0.000361249, -0.999901, -0.014031, 1.01989, 0, 0, 0, 1
-0.999848, -0.000112464, -0.0174362, 0.29012, 0.0174329, 0.014173, -0.999748, 0.850574, 0.000359559, -0.9999, -0.0141689, 1.01987, 0, 0, 0, 1
-0.999845, -0.000106005, -0.0176038, 0.290112, 0.0176005, 0.0143115, -0.999743, 0.850598, 0.000357915, -0.999898, -0.0143074, 1.01985, 0, 0, 0, 1
-0.999842, -9.95223e-05, -0.0177723, 0.290104, 0.017769, 0.0144507, -0.999738, 0.850623, 0.000356319, -0.999896, -0.0144467, 1.01983, 0, 0, 0, 1
-0.999839, -9.30163e-05, -0.0179416, 0.290096, 0.0179384, 0.0145907, -0.999733, 0.850648, 0.000354772, -0.999894, -0.0145866, 1.01981, 0, 0, 0, 1
-0.999836, -8.64871e-05, -0.0181118, 0.290088, 0.0181086, 0.0147313, -0.999727, 0.850673, 0.000353274, -0.999891, -0.0147273, 1.01979, 0, 0, 0, 1
-0.999833, -7.99348e-05, -0.0182828, 0.29008, 0.0182796, 0.0148726, -0.999722, 0.850699, 0.000351825, -0.999889, -0.0148686, 1.01977, 0, 0, 0, 1
-0.99983, -7.33596e-05, -0.0184546, 0.290072, 0.0184514, 0.0150146, -0.999717, 0.850724, 0.000350428, -0.999887, -0.0150107, 1.01975, 0, 0, 0, 1
-0.999826, -6.67615e-05, -0.0186273, 0.290064, 0.0186241, 0.0151573, -0.999712, 0.850749, 0.000349082, -0.999885, -0.0151534, 1.01973, 0, 0, 0, 1
-0.999823, -6.01408e-05, -0.0188008, 0.290055, 0.0187977, 0.0153007, -0.999706, 0.850775, 0.000347789, -0.999883, -0.0152969, 1.01971, 0, 0, 0, 1
-0.99982, -5.34975e-05, -0.0189752, 0.290047, 0.0189721, 0.0154448, -0.999701, 0.850801, 0.000346549, -0.999881, -0.015441, 1.01969, 0, 0, 0, 1
-0.999817, -4.68318e-05, -0.0191504, 0.290039, 0.0191473, 0.0155896, -0.999695, 0.850827, 0.000345364, -0.999878, -0.0155858, 1.01967, 0, 0, 0, 1
-0.999813, -4.01439e-05, -0.0193264, 0.29003, 0.0193234, 0.0157351, -0.999689, 0.850853, 0.000344233, -0.999876, -0.0157313, 1.01965, 0, 0, 0, 1
-0.99981, -3.34338e-05, -0.0195033, 0.290022, 0.0195003, 0.0158812, -0.999684, 0.850879, 0.000343159, -0.999874, -0.0158776, 1.01963, 0, 0, 0, 1
-0.999806, -2.67018e-05, -0.019681, 0.290013, 0.019678, 0.0160281, -0.999678, 0.850905, 0.000342142, -0.999872, -0.0160245, 1.01961, 0, 0, 0, 1
-0.999803, -1.99479e-05, -0.0198595, 0.290005, 0.0198566, 0.0161757, -0.999672, 0.850931, 0.000341183, -0.999869, -0.0161721, 1.01958, 0, 0, 0, 1
-0.999799, -1.31723e-05, -0.0200389, 0.289996, 0.020036, 0.0163239, -0.999666, 0.850958, 0.000340282, -0.999867, -0.0163204, 1.01956, 0, 0, 0, 1
-0.999796, -6.37515e-06, -0.0202192, 0.289988, 0.0202163, 0.0164729, -0.99966, 0.850985, 0.000339441, -0.999864, -0.0164694, 1.01954, 0, 0, 0, 1
-0.999792, 4.43415e-07, -0.0204002, 0.289979, 0.0203974, 0.0166225, -0.999654, 0.851011, 0.00033866, -0.999862, -0.0166191, 1.01952, 0, 0, 0, 1
-0.999788, 7.28326e-06, -0.0205822, 0.289971, 0.0205794, 0.0167729, -0.999648, 0.851038, 0.000337941, -0.999859, -0.0167695, 1.0195, 0, 0, 0, 1
-0.999784, 1.41442e-05, -0.0207649, 0.289962, 0.0207622, 0.0169239, -0.999641, 0.851065, 0.000337284, -0.999857, -0.0169205, 1.01948, 0, 0, 0, 1
-0.999781, 2.10262e-05, -0.0209485, 0.289953, 0.0209458, 0.0170756, -0.999635, 0.851092, 0.00033669, -0.999854, -0.0170723, 1.01946, 0, 0, 0, 1
-0.999777, 2.7929e-05, -0.0211329, 0.289944, 0.0211303, 0.017228, -0.999628, 0.85112, 0.000336161, -0.999852, -0.0172248, 1.01944, 0, 0, 0, 1
-0.999773, 3.48525e-05, -0.0213182, 0.289936, 0.0213156, 0.0173812, -0.999622, 0.851147, 0.000335696, -0.999849, -0.017378, 1.01942, 0, 0, 0, 1
-0.999769, 4.17965e-05, -0.0215043, 0.289927, 0.0215017, 0.017535, -0.999615, 0.851175, 0.000335297, -0.999846, -0.0175318, 1.01939, 0, 0, 0, 1
-0.999765, 4.87609e-05, -0.0216913, 0.289918, 0.0216887, 0.0176895, -0.999608, 0.851202, 0.000334966, -0.999844, -0.0176864, 1.01937, 0, 0, 0, 1
-0.999761, 5.57456e-05, -0.0218791, 0.289909, 0.0218766, 0.0178447, -0.999601, 0.85123, 0.000334702, -0.999841, -0.0178416, 1.01935, 0, 0, 0, 1
-0.999756, 6.27504e-05, -0.0220677, 0.2899, 0.0220652, 0.0180006, -0.999594, 0.851258, 0.000334506, -0.999838, -0.0179976, 1.01933, 0, 0, 0, 1
-0.999752, 6.97752e-05, -0.0222572, 0.289891, 0.0222548, 0.0181572, -0.999587, 0.851286, 0.000334381, -0.999835, -0.0181542, 1.01931, 0, 0, 0, 1
-0.999748, 7.68197e-05, -0.0224475, 0.289882, 0.0224451, 0.0183145, -0.99958, 0.851314, 0.000334326, -0.999832, -0.0183116, 1.01928, 0, 0, 0, 1
-0.999744, 8.38839e-05, -0.0226386, 0.289873, 0.0226363, 0.0184725, -0.999573, 0.851342, 0.000334343, -0.999829, -0.0184696, 1.01926, 0, 0, 0, 1
-0.999739, 9.09676e-05, -0.0228306, 0.289863, 0.0228283, 0.0186311, -0.999566, 0.851371, 0.000334432, -0.999826, -0.0186283, 1.01924, 0, 0, 0, 1
-0.999735, 9.80707e-05, -0.0230234, 0.289854, 0.0230212, 0.0187905, -0.999558, 0.851399, 0.000334595, -0.999823, -0.0187878, 1.01922, 0, 0, 0, 1
-0.99973, 0.000105193, -0.0232171, 0.289845, 0.0232149, 0.0189506, -0.999551, 0.851428, 0.000334832, -0.99982, -0.0189479, 1.01919, 0, 0, 0, 1
-0.999726, 0.000112334, -0.0234116, 0.289836, 0.0234095, 0.0191113, -0.999543, 0.851457, 0.000335144, -0.999817, -0.0191087, 1.01917, 0, 0, 0, 1
-0.999721, 0.000119494, -0.023607, 0.289826, 0.0236049, 0.0192728, -0.999536, 0.851486, 0.000335533, -0.999814, -0.0192702, 1.01915, 0, 0, 0, 1
-0.999717, 0.000126673, -0.0238032, 0.289817, 0.0238011, 0.0194349, -0.999528, 0.851515, 0.000335999, -0.999811, -0.0194324, 1.01913, 0, 0, 0, 1
-0.999712, 0.000133871, -0.0240002, 0.289807, 0.0239982, 0.0195978, -0.99952, 0.851544, 0.000336543, -0.999808, -0.0195953, 1.0191, 0, 0, 0, 1
-0.999707, 0.000141087, -0.0241981, 0.289798, 0.0241961, 0.0197613, -0.999512, 0.851573, 0.000337167, -0.999805, -0.0197589, 1.01908, 0, 0, 0, 1
-0.999702, 0.000148321, -0.0243968, 0.289788, 0.0243949, 0.0199255, -0.999504, 0.851602, 0.000337871, -0.999801, -0.0199232, 1.01906, 0, 0, 0, 1
-0.999697, 0.000155573, -0.0245963, 0.289779, 0.0245945, 0.0200905, -0.999496, 0.851632, 0.000338656, -0.999798, -0.0200882, 1.01903, 0, 0, 0, 1
-0.999693, 0.000162844, -0.0247967, 0.289769, 0.0247949, 0.0202561, -0.999487, 0.851662, 0.000339524, -0.999795, -0.0202539, 1.01901, 0, 0, 0, 1
-0.999687, 0.000170132, -0.0249979, 0.28976, 0.0249962, 0.0204224, -0.999479, 0.851691, 0.000340474, -0.999791, -0.0204203, 1.01899, 0, 0, 0, 1
-0.999682, 0.000177437, -0.0252, 0.28975, 0.0251983, 0.0205894, -0.99947, 0.851721, 0.000341509, -0.999788, -0.0205873, 1.01896, 0, 0, 0, 1
-0.999677, 0.000184761, -0.0254029, 0.28974, 0.0254013, 0.0207571, -0.999462, 0.851751, 0.000342629, -0.999785, -0.0207551, 1.01894, 0, 0, 0, 1
-0.999672, 0.000192101, -0.0256066, 0.289731, 0.025605, 0.0209255, -0.999453, 0.851782, 0.000343836, -0.999781, -0.0209236, 1.01892, 0, 0, 0, 1
-0.999667, 0.000199459, -0.0258112, 0.289721, 0.0258097, 0.0210946, -0.999444, 0.851812, 0.000345129, -0.999777, -0.0210927, 1.01889, 0, 0, 0, 1
-0.999661, 0.000206833, -0.0260166, 0.289711, 0.0260152, 0.0212644, -0.999435, 0.851842, 0.000346511, -0.999774, -0.0212626, 1.01887, 0, 0, 0, 1
-0.999656, 0.000214225, -0.0262229, 0.289701, 0.0262215, 0.0214349, -0.999426, 0.851873, 0.000347982, -0.99977, -0.0214331, 1.01885, 0, 0, 0, 1
-0.999651, 0.000221633, -0.02643, 0.289691, 0.0264286, 0.021606, -0.999417, 0.851903, 0.000349544, -0.999767, -0.0216043, 1.01882, 0, 0, 0, 1
-0.999645, 0.000229058, -0.0266379, 0.289681, 0.0266366, 0.0217779, -0.999408, 0.851934, 0.000351197, -0.999763, -0.0217763, 1.0188, 0, 0, 0, 1
-0.99964, 0.000236499, -0.0268467, 0.289671, 0.0268455, 0.0219505, -0.999399, 0.851965, 0.000352942, -0.999759, -0.0219489, 1.01877, 0, 0, 0, 1
-0.999634, 0.000243956, -0.0270564, 0.289661, 0.0270551, 0.0221237, -0.999389, 0.851996, 0.000354781, -0.999755, -0.0221222, 1.01875, 0, 0, 0, 1
-0.999628, 0.000251429, -0.0272668, 0.289651, 0.0272656, 0.0222977, -0.99938, 0.852027, 0.000356714, -0.999751, -0.0222962, 1.01873, 0, 0, 0, 1
-0.999622, 0.000258918, -0.0274781, 0.289641, 0.027477, 0.0224723, -0.99937, 0.852059, 0.000358743, -0.999747, -0.022471, 1.0187, 0, 0, 0, 1
-0.999617, 0.000266423, -0.0276902, 0.289631, 0.0276892, 0.0226477, -0.99936, 0.85209, 0.000360868, -0.999743, -0.0226464, 1.01868, 0, 0, 0, 1
-0.999611, 0.000273943, -0.0279032, 0.28962, 0.0279022, 0.0228237, -0.99935, 0.852122, 0.00036309, -0.999739, -0.0228225, 1.01865, 0, 0, 0, 1
-0.999605, 0.000281478, -0.028117, 0.28961, 0.0281161, 0.0230004, -0.99934, 0.852153, 0.000365412, -0.999735, -0.0229993, 1.01863, 0, 0, 0, 1
-0.999599, 0.000289029, -0.0283317, 0.2896, 0.0283308, 0.0231779, -0.99933, 0.852185, 0.000367833, -0.999731, -0.0231767, 1.0186, 0, 0, 0, 1
-0.999592, 0.000296595, -0.0285472, 0.289589, 0.0285463, 0.023356, -0.99932, 0.852217, 0.000370355, -0.999727, -0.0233549, 1.01858, 0, 0, 0, 1
-0.999586, 0.000304175, -0.0287635, 0.289579, 0.0287627, 0.0235348, -0.999309, 0.852249, 0.000372979, -0.999723, -0.0235338, 1.01855, 0, 0, 0, 1
-0.99958, 0.00031177, -0.0289807, 0.289568, 0.0289799, 0.0237143, -0.999299, 0.852281, 0.000375706, -0.999719, -0.0237134, 1.01853, 0, 0, 0, 1
-0.999574, 0.00031938, -0.0291987, 0.289558, 0.029198, 0.0238945, -0.999288, 0.852314, 0.000378537, -0.999714, -0.0238936, 1.0185, 0, 0, 0, 1
-0.999567, 0.000327004, -0.0294176, 0.289547, 0.0294169, 0.0240754, -0.999277, 0.852346, 0.000381473, -0.99971, -0.0240746, 1.01848, 0, 0, 0, 1
-0.999561, 0.000334642, -0.0296373, 0.289537, 0.0296367, 0.024257, -0.999266, 0.852379, 0.000384515, -0.999706, -0.0242563, 1.01845, 0, 0, 0, 1
-0.999554, 0.000342294, -0.0298578, 0.289526, 0.0298572, 0.0244393, -0.999255, 0.852411, 0.000387664, -0.999701, -0.0244386, 1.01843, 0, 0, 0, 1
-0.999547, 0.00034996, -0.0300792, 0.289516, 0.0300787, 0.0246223, -0.999244, 0.852444, 0.000390922, -0.999697, -0.0246216, 1.0184, 0, 0, 0, 1
-0.999541, 0.000357639, -0.0303014, 0.289505, 0.0303009, 0.0248059, -0.999233, 0.852477, 0.000394289, -0.999692, -0.0248054, 1.01838, 0, 0, 0, 1
-0.999534, 0.000365332, -0.0305244, 0.289494, 0.030524, 0.0249903, -0.999222, 0.85251, 0.000397767, -0.999688, -0.0249898, 1.01835, 0, 0, 0, 1
-0.999527, 0.000373038, -0.0307483, 0.289483, 0.030748, 0.0251754, -0.99921, 0.852544, 0.000401356, -0.999683, -0.0251749, 1.01833, 0, 0, 0, 1
-0.99952, 0.000380758, -0.030973, 0.289472, 0.0309727, 0.0253611, -0.999198, 0.852577, 0.000405059, -0.999678, -0.0253607, 1.0183, 0, 0, 0, 1
-0.999513, 0.00038849, -0.0311986, 0.289462, 0.0311984, 0.0255476, -0.999187, 0.85261, 0.000408875, -0.999674, -0.0255473, 1.01827, 0, 0, 0, 1
-0.999506, 0.000396235, -0.031425, 0.289451, 0.0314248, 0.0257347, -0.999175, 0.852644, 0.000412806, -0.999669, -0.0257345, 1.01825, 0, 0, 0, 1
-0.999499, 0.000403992, -0.0316523, 0.28944, 0.0316521, 0.0259226, -0.999163, 0.852678, 0.000416854, -0.999664, -0.0259224, 1.01822, 0, 0, 0, 1
-0.999492, 0.000411762, -0.0318803, 0.289429, 0.0318802, 0.0261111, -0.999151, 0.852712, 0.000421018, -0.999659, -0.0261109, 1.0182, 0, 0, 0, 1
