-0.999999, -0.000797434, -0.000797196, 0.290901, 0.000796858, 0.000424669, -1, 0.848124, 0.000797772, -1, -0.000424033, 1.02183, 0, 0, 0, 1
-0.999999, -0.000797396, -0.000797632, 0.290901, 0.000797293, 0.000424996, -1, 0.848124, 0.000797734, -1, -0.00042436, 1.02183, 0, 0, 0, 1
-0.999999, -0.00079728, -0.000798938, 0.290901, 0.000798598, 0.000425976, -1, 0.848124, 0.00079762, -1, -0.000425339, 1.02183, 0, 0, 0, 1
-0.999999, -0.000797086, -0.000801115, 0.290901, 0.000800775, 0.000427611, -1, 0.848125, 0.000797429, -1, -0.000426972, 1.02183, 0, 0, 0, 1
-0.999999, -0.000796816, -0.000804164, 0.290901, 0.000803821, 0.000429899, -1, 0.848125, 0.000797161, -1, -0.000429259, 1.02183, 0, 0, 0, 1
-0.999999, -0.000796468, -0.000808083, 0.290901, 0.000807738, 0.000432842, -1, 0.848126, 0.000796818, -1, -0.000432198, 1.02183, 0, 0, 0, 1
-0.999999, -0.000796043, -0.000812873, 0.290901, 0.000812526, 0.000436438, -1, 0.848126, 0.000796398, -1, -0.000435791, 1.02183, 0, 0, 0, 1
-0.999999, -0.000795541, -0.000818534, 0.290901, 0.000818183, 0.000440688, -1, 0.848127, 0.000795902, -1, -0.000440036, 1.02183, 0, 0, 0, 1
-0.999999, -0.000794962, -0.000825066, 0.2909, 0.000824712, 0.000445591, -1, 0.848128, 0.000795329, -1, -0.000444935, 1.02183, 0, 0, 0, 1
-0.999999, -0.000794305, -0.000832469, 0.2909, 0.000832111, 0.000451149, -1, 0.848129, 0.00079468, -1, -0.000450488, 1.02183, 0, 0, 0, 1
-0.999999, -0.000793571, -0.000840743, 0.2909, 0.00084038, 0.00045736, -1, 0.84813, 0.000793955, -1, -0.000456693, 1.02183, 0, 0, 0, 1
-0.999999, -0.00079276, -0.000849888, 0.2909, 0.00084952, 0.000464225, -1, 0.848131, 0.000793154, -1, -0.000463552, 1.02183, 0, 0, 0, 1
-0.999999, -0.000791871, -0.000859903, 0.2909, 0.00085953, 0.000471744, -1, 0.848132, 0.000792277, -1, -0.000471063, 1.02183, 0, 0, 0, 1
-0.999999, -0.000790906, -0.00087079, 0.290899, 0.000870411, 0.000479917, -1, 0.848134, 0.000791323, -1, -0.000479228, 1.02183, 0, 0, 0, 1
-0.999999, -0.000789863, -0.000882548, 0.290899, 0.000882162, 0.000488744, -0.999999, 0.848135, 0.000790294, -1, -0.000488047, 1.02183, 0, 0, 0, 1
-0.999999, -0.000788742, -0.000895176, 0.290899, 0.000894783, 0.000498224, -0.999999, 0.848137, 0.000789188, -1, -0.000497518, 1.02183, 0, 0, 0, 1
-0.999999, -0.000787545, -0.000908676, 0.290898, 0.000908275, 0.000508359, -0.999999, 0.848139, 0.000788007, -1, -0.000507643, 1.02183, 0, 0, 0, 1
-0.999999, -0.000786271, -0.000923046, 0.290898, 0.000922638, 0.000519147, -0.999999, 0.848141, 0.000786749, -1, -0.000518421, 1.02182, 0, 0, 0, 1
-0.999999, -0.000784919, -0.000938287, 0.290898, 0.000937871, 0.000530589, -0.999999, 0.848143, 0.000785416, -1, -0.000529852, 1.02182, 0, 0, 0, 1
-0.999999, -0.00078349, -0.0009544, 0.290897, 0.000953974, 0.000542685, -0.999999, 0.848145, 0.000784007, -1, -0.000541937, 1.02182, 0, 0, 0, 1
-0.999999, -0.000781984, -0.000971383, 0.290897, 0.000970949, 0.000555435, -0.999999, 0.848147, 0.000782523, -1, -0.000554675, 1.02182, 0, 0, 0, 1
-0.999999, -0.0007804, -0.000989237, 0.290897, 0.000988793, 0.000568838, -0.999999, 0.848149, 0.000780963, -1, -0.000568066, 1.02182, 0, 0, 0, 1
-0.999999, -0.00077874, -0.00100796, 0.290896, 0.00100751, 0.000582895, -0.999999, 0.848152, 0.000779327, -1, -0.00058211, 1.02182, 0, 0, 0, 1
-0.999999, -0.000777002, -0.00102756, 0.290896, 0.00102709, 0.000597607, -0.999999, 0.848154, 0.000777616, -1, -0.000596808, 1.02182, 0, 0, 0, 1
-0.999999, -0.000775188, -0.00104802, 0.290895, 0.00104755, 0.000612972, -0.999999, 0.848157, 0.000775829, -1, -0.000612159, 1.02182, 0, 0, 0, 1
-0.999999, -0.000773296, -0.00106936, 0.290895, 0.00106888, 0.000628991, -0.999999, 0.84816, 0.000773968, -1, -0.000628163, 1.02181, 0, 0, 0, 1
-0.999999, -0.000771327, -0.00109157, 0.290894, 0.00109107, 0.000645663, -0.999999, 0.848163, 0.000772031, -0.999999, -0.000644821, 1.02181, 0, 0, 0, 1
-0.999999, -0.000769281, -0.00111465, 0.290894, 0.00111414, 0.00066299, -0.999999, 0.848166, 0.000770019, -0.999999, -0.000662132, 1.02181, 0, 0, 0, 1
-0.999999, -0.000767157, -0.0011386, 0.290893, 0.00113808, 0.00068097, -0.999999, 0.848169, 0.000767932, -0.999999, -0.000680097, 1.02181, 0, 0, 0, 1
-0.999999, -0.000764957, -0.00116342, 0.290892, 0.00116289, 0.000699605, -0.999999, 0.848172, 0.00076577, -0.999999, -0.000698714, 1.02181, 0, 0, 0, 1
-0.999999, -0.00076268, -0.00118912, 0.290892, 0.00118857, 0.000718893, -0.999999, 0.848175, 0.000763534, -0.999999, -0.000717986, 1.0218, 0, 0, 0, 1
-0.999999, -0.000760326, -0.00121568, 0.290891, 0.00121512, 0.000738835, -0.999999, 0.848179, 0.000761223, -0.999999, -0.00073791, 1.0218, 0, 0, 0, 1
-0.999999, -0.000757894, -0.00124311, 0.290891, 0.00124254, 0.000759431, -0.999999, 0.848182, 0.000758838, -0.999999, -0.000758488, 1.0218, 0, 0, 0, 1
-0.999999, -0.000755386, -0.00127142, 0.29089, 0.00127083, 0.00078068, -0.999999, 0.848186, 0.000756378, -0.999999, -0.00077972, 1.0218, 0, 0, 0, 1
-0.999999, -0.000752801, -0.0013006, 0.290889, 0.00129999, 0.000802584, -0.999999, 0.84819, 0.000753844, -0.999999, -0.000801604, 1.0218, 0, 0, 0, 1
-0.999999, -0.000750138, -0.00133064, 0.290888, 0.00133002, 0.000825141, -0.999999, 0.848194, 0.000751235, -0.999999, -0.000824143, 1.02179, 0, 0, 0, 1
-0.999999, -0.000747399, -0.00136156, 0.290888, 0.00136093, 0.000848353, -0.999999, 0.848198, 0.000748553, -0.999999, -0.000847334, 1.02179, 0, 0, 0, 1
-0.999999, -0.000744583, -0.00139335, 0.290887, 0.0013927, 0.000872218, -0.999999, 0.848202, 0.000745797, -0.999999, -0.00087118, 1.02179, 0, 0, 0, 1
-0.999999, -0.00074169, -0.00142601, 0.290886, 0.00142534, 0.000896737, -0.999999, 0.848206, 0.000742967, -0.999999, -0.000895678, 1.02179, 0, 0, 0, 1
-0.999999, -0.000738719, -0.00145954, 0.290885, 0.00145886, 0.00092191, -0.999999, 0.84821, 0.000740064, -0.999999, -0.000920831, 1.02178, 0, 0, 0, 1
-0.999999, -0.000735673, -0.00149394, 0.290885, 0.00149324, 0.000947736, -0.999998, 0.848215, 0.000737087, -0.999999, -0.000946637, 1.02178, 0, 0, 0, 1
-0.999999, -0.000732549, -0.00152922, 0.290884, 0.0015285, 0.000974217, -0.999998, 0.84822, 0.000734037, -0.999999, -0.000973096, 1.02178, 0, 0, 0, 1
-0.999999, -0.000729348, -0.00156536, 0.290883, 0.00156463, 0.00100135, -0.999998, 0.848224, 0.000730914, -0.999999, -0.00100021, 1.02178, 0, 0, 0, 1
-0.999998, -0.000726071, -0.00160237, 0.290882, 0.00160163, 0.00102914, -0.999998, 0.848229, 0.000727718, -0.999999, -0.00102798, 1.02177, 0, 0, 0, 1
-0.999998, -0.000722716, -0.00164026, 0.290881, 0.00163949, 0.00105758, -0.999998, 0.848234, 0.00072445, -0.999999, -0.0010564, 1.02177, 0, 0, 0, 1
-0.999998, -0.000719285, -0.00167902, 0.29088, 0.00167823, 0.00108668, -0.999998, 0.848239, 0.000721108, -0.999999, -0.00108547, 1.02177, 0, 0, 0, 1
-0.999998, -0.000715777, -0.00171864, 0.290879, 0.00171784, 0.00111643, -0.999998, 0.848244, 0.000717695, -0.999999, -0.0011152, 1.02176, 0, 0, 0, 1
-0.999998, -0.000712193, -0.00175914, 0.290878, 0.00175832, 0.00114683, -0.999998, 0.848249, 0.000714209, -0.999999, -0.00114558, 1.02176, 0, 0, 0, 1
-0.999998, -0.000708532, -0.00180051, 0.290877, 0.00179968, 0.00117789, -0.999998, 0.848255, 0.000710651, -0.999999, -0.00117661, 1.02176, 0, 0, 0, 1
-0.999998, -0.000704794, -0.00184275, 0.290876, 0.0018419, 0.0012096, -0.999998, 0.84826, 0.000707021, -0.999999, -0.0012083, 1.02175, 0, 0, 0, 1
-0.999998, -0.000700979, -0.00188586, 0.290875, 0.00188499, 0.00124197, -0.999997, 0.848266, 0.000703319, -0.999999, -0.00124064, 1.02175, 0, 0, 0, 1
-0.999998, -0.000697088, -0.00192984, 0.290874, 0.00192895, 0.00127499, -0.999997, 0.848272, 0.000699546, -0.999999, -0.00127364, 1.02175, 0, 0, 0, 1
-0.999998, -0.00069312, -0.0019747, 0.290873, 0.00197379, 0.00130866, -0.999997, 0.848278, 0.000695702, -0.999999, -0.00130729, 1.02174, 0, 0, 0, 1
-0.999998, -0.000689076, -0.00202042, 0.290872, 0.00201949, 0.00134299, -0.999997, 0.848283, 0.000691787, -0.999999, -0.00134159, 1.02174, 0, 0, 0, 1
-0.999998, -0.000684955, -0.00206702, 0.290871, 0.00206607, 0.00137797, -0.999997, 0.84829, 0.000687801, -0.999999, -0.00137655, 1.02174, 0, 0, 0, 1
-0.999998, -0.000680757, -0.00211448, 0.29087, 0.00211352, 0.0014136, -0.999997, 0.848296, 0.000683744, -0.999999, -0.00141216, 1.02173, 0, 0, 0, 1
-0.999997, -0.000676483, -0.00216282, 0.290869, 0.00216184, 0.00144989, -0.999997, 0.848302, 0.000679617, -0.999999, -0.00144843, 1.02173, 0, 0, 0, 1
-0.999997, -0.000672132, -0.00221203, 0.290868, 0.00221102, 0.00148684, -0.999996, 0.848308, 0.000675419, -0.999999, -0.00148535, 1.02173, 0, 0, 0, 1
-0.999997, -0.000667706, -0.0022621, 0.290867, 0.00226108, 0.00152443, -0.999996, 0.848315, 0.000671151, -0.999999, -0.00152292, 1.02172, 0, 0, 0, 1
-0.999997, -0.000663202, -0.00231305, 0.290865, 0.00231202, 0.00156268, -0.999996, 0.848322, 0.000666814, -0.999999, -0.00156115, 1.02172, 0, 0, 0, 1
-0.999997, -0.000658622, -0.00236487, 0.290864, 0.00236382, 0.00160159, -0.999996, 0.848328, 0.000662407, -0.999999, -0.00160003, 1.02171, 0, 0, 0, 1
-0.999997, -0.000653966, -0.00241757, 0.290863, 0.00241649, 0.00164115, -0.999996, 0.848335, 0.000657931, -0.999998, -0.00163956, 1.02171, 0, 0, 0, 1
-0.999997, -0.000649234, -0.00247113, 0.290862, 0.00247003, 0.00168136, -0.999996, 0.848342, 0.000653386, -0.999998, -0.00167975, 1.02171, 0, 0, 0, 1
-0.999997, -0.000644425, -0.00252556, 0.29086, 0.00252445, 0.00172223, -0.999995, 0.848349, 0.000648772, -0.999998, -0.00172059, 1.0217, 0, 0, 0, 1
-0.999996, -0.00063954, -0.00258087, 0.290859, 0.00257973, 0.00176375, -0.999995, 0.848356, 0.000644089, -0.999998, -0.00176209, 1.0217, 0, 0, 0, 1
-0.999996, -0.000634579, -0.00263704, 0.290858, 0.00263589, 0.00180592, -0.999995, 0.848364, 0.000639338, -0.999998, -0.00180424, 1.02169, 0, 0, 0, 1
-0.999996, -0.000629541, -0.00269409, 0.290856, 0.00269292, 0.00184875, -0.999995, 0.848371, 0.000634519, -0.999998, -0.00184705, 1.02169, 0, 0, 0, 1
-0.999996, -0.000624428, -0.002752, 0.290855, 0.00275082, 0.00189223, -0.999994, 0.848379, 0.000629632, -0.999998, -0.00189051, 1.02168, 0, 0, 0, 1
-0.999996, -0.000619238, -0.00281079, 0.290854, 0.00280959, 0.00193637, -0.999994, 0.848386, 0.000624677, -0.999998, -0.00193462, 1.02168, 0, 0, 0, 1
-0.999996, -0.000613972, -0.00287045, 0.290852, 0.00286923, 0.00198116, -0.999994, 0.848394, 0.000619655, -0.999998, -0.00197939, 1.02167, 0, 0, 0, 1
-0.999996, -0.00060863, -0.00293098, 0.290851, 0.00292974, 0.0020266, -0.999994, 0.848402, 0.000614566, -0.999998, -0.00202481, 1.02167, 0, 0, 0, 1
-0.999995, -0.000603212, -0.00299238, 0.290849, 0.00299112, 0.0020727, -0.999993, 0.84841, 0.000609411, -0.999998, -0.00207089, 1.02167, 0, 0, 0, 1
-0.999995, -0.000597718, -0.00305465, 0.290848, 0.00305338, 0.00211945, -0.999993, 0.848418, 0.000604188, -0.999998, -0.00211762, 1.02166, 0, 0, 0, 1
-0.999995, -0.000592149, -0.00311779, 0.290846, 0.0031165, 0.00216686, -0.999993, 0.848426, 0.0005989, -0.999997, -0.002165, 1.02166, 0, 0, 0, 1
-0.999995, -0.000586503, -0.00318181, 0.290845, 0.0031805, 0.00221492, -0.999992, 0.848435, 0.000593546, -0.999997, -0.00221304, 1.02165, 0, 0, 0, 1
-0.999995, -0.000580781, -0.00324669, 0.290843, 0.00324537, 0.00226363, -0.999992, 0.848443, 0.000588126, -0.999997, -0.00226174, 1.02165, 0, 0, 0, 1
-0.999994, -0.000574984, -0.00331245, 0.290842, 0.00331111, 0.002313, -0.999992, 0.848452, 0.000582641, -0.999997, -0.00231108, 1.02164, 0, 0, 0, 1
-0.999994, -0.00056911, -0.00337907, 0.29084, 0.00337772, 0.00236302, -0.999992, 0.84846, 0.00057709, -0.999997, -0.00236109, 1.02164, 0, 0, 0, 1
-0.999994, -0.000563161, -0.00344657, 0.290839, 0.0034452, 0.0024137, -0.999991, 0.848469, 0.000571475, -0.999997, -0.00241174, 1.02163, 0, 0, 0, 1
-0.999994, -0.000557136, -0.00351494, 0.290837, 0.00351355, 0.00246503, -0.999991, 0.848478, 0.000565796, -0.999997, -0.00246306, 1.02163, 0, 0, 0, 1
-0.999993, -0.000551036, -0.00358418, 0.290835, 0.00358278, 0.00251701, -0.99999, 0.848487, 0.000560052, -0.999997, -0.00251502, 1.02162, 0, 0, 0, 1
-0.999993, -0.00054486, -0.00365429, 0.290834, 0.00365287, 0.00256965, -0.99999, 0.848496, 0.000554244, -0.999997, -0.00256764, 1.02161, 0, 0, 0, 1
-0.999993, -0.000538608, -0.00372527, 0.290832, 0.00372384, 0.00262294, -0.99999, 0.848506, 0.000548373, -0.999996, -0.00262092, 1.02161, 0, 0, 0, 1
-0.999993, -0.00053228, -0.00379712, 0.29083, 0.00379568, 0.00267689, -0.999989, 0.848515, 0.000542439, -0.999996, -0.00267485, 1.0216, 0, 0, 0, 1
-0.999992, -0.000525878, -0.00386984, 0.290829, 0.00386839, 0.00273149, -0.999989, 0.848524, 0.000536442, -0.999996, -0.00272944, 1.0216, 0, 0, 0, 1
-0.999992, -0.000519399, -0.00394343, 0.290827, 0.00394197, 0.00278674, -0.999988, 0.848534, 0.000530382, -0.999996, -0.00278467, 1.02159, 0, 0, 0, 1
-0.999992, -0.000512845, -0.0040179, 0.290825, 0.00401642, 0.00284265, -0.999988, 0.848544, 0.000524261, -0.999996, -0.00284057, 1.02159, 0, 0, 0, 1
-0.999991, -0.000506216, -0.00409323, 0.290823, 0.00409175, 0.00289921, -0.999987, 0.848554, 0.000518077, -0.999996, -0.00289712, 1.02158, 0, 0, 0, 1
-0.999991, -0.000499512, -0.00416944, 0.290821, 0.00416795, 0.00295643, -0.999987, 0.848563, 0.000511832, -0.999996, -0.00295432, 1.02157, 0, 0, 0, 1
-0.999991, -0.000492732, -0.00424652, 0.29082, 0.00424501, 0.0030143, -0.999986, 0.848573, 0.000505525, -0.999995, -0.00301218, 1.02157, 0, 0, 0, 1
-0.999991, -0.000485877, -0.00432446, 0.290818, 0.00432295, 0.00307283, -0.999986, 0.848584, 0.000499158, -0.999995, -0.0030707, 1.02156, 0, 0, 0, 1
-0.99999, -0.000478946, -0.00440328, 0.290816, 0.00440176, 0.003132, -0.999985, 0.848594, 0.00049273, -0.999995, -0.00312987, 1.02156, 0, 0, 0, 1
-0.99999, -0.000471941, -0.00448297, 0.290814, 0.00448144, 0.00319184, -0.999985, 0.848604, 0.000486243, -0.999995, -0.00318969, 1.02155, 0, 0, 0, 1
-0.999989, -0.00046486, -0.00456353, 0.290812, 0.004562, 0.00325232, -0.999984, 0.848615, 0.000479695, -0.999995, -0.00325017, 1.02154, 0, 0, 0, 1
-0.999989, -0.000457704, -0.00464497, 0.29081, 0.00464342, 0.00331346, -0.999984, 0.848625, 0.000473088, -0.999994, -0.0033113, 1.02154, 0, 0, 0, 1
-0.999989, -0.000450474, -0.00472727, 0.290808, 0.00472572, 0.00337526, -0.999983, 0.848636, 0.000466422, -0.999994, -0.00337309, 1.02153, 0, 0, 0, 1
-0.999988, -0.000443168, -0.00481044, 0.290806, 0.00480889, 0.00343771, -0.999983, 0.848647, 0.000459697, -0.999994, -0.00343554, 1.02153, 0, 0, 0, 1
-0.999988, -0.000435787, -0.00489449, 0.290804, 0.00489293, 0.00350081, -0.999982, 0.848658, 0.000452914, -0.999994, -0.00349864, 1.02152, 0, 0, 0, 1
-0.999988, -0.000428332, -0.0049794, 0.290802, 0.00497784, 0.00356457, -0.999981, 0.848669, 0.000446073, -0.999994, -0.00356239, 1.02151, 0, 0, 0, 1
-0.999987, -0.000420801, -0.00506519, 0.2908, 0.00506363, 0.00362898, -0.999981, 0.84868, 0.000439175, -0.999993, -0.0036268, 1.02151, 0, 0, 0, 1
-0.999987, -0.000413196, -0.00515184, 0.290798, 0.00515028, 0.00369404, -0.99998, 0.848692, 0.000432219, -0.999993, -0.00369187, 1.0215, 0, 0, 0, 1
-0.999986, -0.000405516, -0.00523937, 0.290796, 0.00523781, 0.00375976, -0.999979, 0.848703, 0.000425207, -0.999993, -0.00375759, 1.02149, 0, 0, 0, 1
-0.999986, -0.000397762, -0.00532777, 0.290794, 0.00532621, 0.00382614, -0.999978, 0.848714, 0.000418138, -0.999993, -0.00382396, 1.02149, 0, 0, 0, 1
-0.999985, -0.000389932, -0.00541704, 0.290792, 0.00541548, 0.00389316, -0.999978, 0.848726, 0.000411013, -0.999992, -0.00389099, 1.02148, 0, 0, 0, 1
-0.999985, -0.000382028, -0.00550718, 0.29079, 0.00550562, 0.00396084, -0.999977, 0.848738, 0.000403833, -0.999992, -0.00395868, 1.02147, 0, 0, 0, 1
-0.999984, -0.00037405, -0.00559819, 0.290788, 0.00559664, 0.00402918, -0.999976, 0.84875, 0.000396597, -0.999992, -0.00402702, 1.02147, 0, 0, 0, 1
-0.999984, -0.000365997, -0.00569007, 0.290785, 0.00568853, 0.00409817, -0.999975, 0.848762, 0.000389307, -0.999992, -0.00409602, 1.02146, 0, 0, 0, 1
-0.999983, -0.00035787, -0.00578283, 0.290783, 0.00578128, 0.00416781, -0.999975, 0.848774, 0.000381963, -0.999991, -0.00416568, 1.02145, 0, 0, 0, 1
-0.999983, -0.000349668, -0.00587645, 0.290781, 0.00587492, 0.00423811, -0.999974, 0.848786, 0.000374564, -0.999991, -0.00423598, 1.02144, 0, 0, 0, 1
-0.999982, -0.000341392, -0.00597094, 0.290779, 0.00596942, 0.00430906, -0.999973, 0.848798, 0.000367112, -0.999991, -0.00430695, 1.02144, 0, 0, 0, 1
-0.999982, -0.000333042, -0.00606631, 0.290777, 0.00606479, 0.00438067, -0.999972, 0.848811, 0.000359607, -0.99999, -0.00437857, 1.02143, 0, 0, 0, 1
-0.999981, -0.000324618, -0.00616255, 0.290774, 0.00616104, 0.00445293, -0.999971, 0.848823, 0.00035205, -0.99999, -0.00445085, 1.02142, 0, 0, 0, 1
-0.99998, -0.000316119, -0.00625965, 0.290772, 0.00625816, 0.00452585, -0.99997, 0.848836, 0.00034444, -0.99999, -0.00452378, 1.02141, 0, 0, 0, 1
-0.99998, -0.000307547, -0.00635763, 0.29077, 0.00635615, 0.00459942, -0.999969, 0.848849, 0.000336779, -0.999989, -0.00459737, 1.02141, 0, 0, 0, 1
-0.999979, -0.0002989, -0.00645648, 0.290767, 0.00645501, 0.00467364, -0.999968, 0.848862, 0.000329066, -0.999989, -0.00467161, 1.0214, 0, 0, 0, 1
-0.999978, -0.000290179, -0.0065562, 0.290765, 0.00655475, 0.00474852, -0.999967, 0.848875, 0.000321302, -0.999989, -0.00474651, 1.02139, 0, 0, 0, 1
-0.999978, -0.000281385, -0.00665679, 0.290763, 0.00665536, 0.00482405, -0.999966, 0.848888, 0.000313488, -0.999988, -0.00482207, 1.02138, 0, 0, 0, 1
-0.999977, -0.000272516, -0.00675825, 0.29076, 0.00675684, 0.00490023, -0.999965, 0.848901, 0.000305624, -0.999988, -0.00489828, 1.02138, 0, 0, 0, 1
-0.999976, -0.000263574, -0.00686059, 0.290758, 0.00685919, 0.00497707, -0.999964, 0.848914, 0.00029771, -0.999988, -0.00497515, 1.02137, 0, 0, 0, 1
-0.999976, -0.000254558, -0.00696379, 0.290755, 0.00696242, 0.00505457, -0.999963, 0.848928, 0.000289747, -0.999987, -0.00505267, 1.02136, 0, 0, 0, 1
-0.999975, -0.000245468, -0.00706787, 0.290753, 0.00706651, 0.00513271, -0.999962, 0.848941, 0.000281736, -0.999987, -0.00513085, 1.02135, 0, 0, 0, 1
-0.999974, -0.000236305, -0.00717281, 0.29075, 0.00717148, 0.00521152, -0.999961, 0.848955, 0.000273677, -0.999986, -0.00520969, 1.02134, 0, 0, 0, 1
-0.999973, -0.000227068, -0.00727863, 0.290748, 0.00727732, 0.00529097, -0.99996, 0.848969, 0.00026557, -0.999986, -0.00528918, 1.02134, 0, 0, 0, 1
-0.999973, -0.000217758, -0.00738531, 0.290745, 0.00738404, 0.00537108, -0.999958, 0.848983, 0.000257416, -0.999986, -0.00536933, 1.02133, 0, 0, 0, 1
-0.999972, -0.000208374, -0.00749287, 0.290743, 0.00749162, 0.00545185, -0.999957, 0.848997, 0.000249215, -0.999985, -0.00545014, 1.02132, 0, 0, 0, 1
-0.999971, -0.000198917, -0.0076013, 0.29074, 0.00760008, 0.00553327, -0.999956, 0.849011, 0.000240968, -0.999985, -0.0055316, 1.02131, 0, 0, 0, 1
-0.99997, -0.000189386, -0.0077106, 0.290737, 0.00770941, 0.00561534, -0.999955, 0.849025, 0.000232675, -0.999984, -0.00561372, 1.0213, 0, 0, 0, 1
-0.999969, -0.000179782, -0.00782077, 0.290735, 0.00781962, 0.00569807, -0.999953, 0.84904, 0.000224337, -0.999984, -0.00569649, 1.0213, 0, 0, 0, 1
-0.999969, -0.000170105, -0.00793181, 0.290732, 0.00793069, 0.00578145, -0.999952, 0.849054, 0.000215955, -0.999983, -0.00577992, 1.02129, 0, 0, 0, 1
-0.999968, -0.000160355, -0.00804372, 0.29073, 0.00804264, 0.00586549, -0.99995, 0.849069, 0.000207528, -0.999983, -0.00586401, 1.02128, 0, 0, 0, 1
-0.999967, -0.000150532, -0.00815651, 0.290727, 0.00815547, 0.00595018, -0.999949, 0.849084, 0.000199057, -0.999982, -0.00594875, 1.02127, 0, 0, 0, 1
-0.999966, -0.000140636, -0.00827016, 0.290724, 0.00826916, 0.00603552, -0.999948, 0.849098, 0.000190544, -0.999982, -0.00603416, 1.02126, 0, 0, 0, 1
-0.999965, -0.000130667, -0.00838468, 0.290721, 0.00838373, 0.00612152, -0.999946, 0.849113, 0.000181987, -0.999981, -0.00612021, 1.02125, 0, 0, 0, 1
-0.999964, -0.000120625, -0.00850008, 0.290719, 0.00849917, 0.00620818, -0.999945, 0.849128, 0.000173389, -0.999981, -0.00620693, 1.02124, 0, 0, 0, 1
-0.999963, -0.000110511, -0.00861634, 0.290716, 0.00861548, 0.00629548, -0.999943, 0.849144, 0.000164748, -0.99998, -0.0062943, 1.02123, 0, 0, 0, 1
-0.999962, -0.000100323, -0.00873348, 0.290713, 0.00873266, 0.00638345, -0.999941, 0.849159, 0.000156067, -0.99998, -0.00638233, 1.02123, 0, 0, 0, 1
-0.999961, -9.00631e-05, -0.00885149, 0.29071, 0.00885072, 0.00647206, -0.99994, 0.849174, 0.000147345, -0.999979, -0.00647101, 1.02122, 0, 0, 0, 1
-0.99996, -7.97305e-05, -0.00897037, 0.290707, 0.00896965, 0.00656133, -0.999938, 0.84919, 0.000138583, -0.999978, -0.00656035, 1.02121, 0, 0, 0, 1
-0.999959, -6.93253e-05, -0.00909012, 0.290705, 0.00908945, 0.00665126, -0.999937, 0.849205, 0.000129782, -0.999978, -0.00665035, 1.0212, 0, 0, 0, 1
-0.999958, -5.88477e-05, -0.00921074, 0.290702, 0.00921013, 0.00674184, -0.999935, 0.849221, 0.000120941, -0.999977, -0.00674101, 1.02119, 0, 0, 0, 1
-0.999956, -4.82977e-05, -0.00933223, 0.290699, 0.00933168, 0.00683307, -0.999933, 0.849237, 0.000112062, -0.999977, -0.00683232, 1.02118, 0, 0, 0, 1
-0.999955, -3.76754e-05, -0.00945459, 0.290696, 0.0094541, 0.00692496, -0.999931, 0.849253, 0.000103146, -0.999976, -0.00692429, 1.02117, 0, 0, 0, 1
-0.999954, -2.69809e-05, -0.00957782, 0.290693, 0.0095774, 0.0070175, -0.99993, 0.849269, 9.41914e-05, -0.999975, -0.00701692, 1.02116, 0, 0, 0, 1
-0.999953, -1.62142e-05, -0.00970192, 0.29069, 0.00970156, 0.0071107, -0.999928, 0.849285, 8.52005e-05, -0.999975, -0.00711021, 1.02115, 0, 0, 0, 1
-0.999952, -5.37545e-06, -0.0098269, 0.290687, 0.0098266, 0.00720455, -0.999926, 0.849302, 7.61734e-05, -0.999974, -0.00720415, 1.02114, 0, 0, 0, 1
-0.99995, 5.53534e-06, -0.00995274, 0.290684, 0.00995252, 0.00729905, -0.999924, 0.849318, 6.71107e-05, -0.999973, -0.00729875, 1.02113, 0, 0, 0, 1
-0.999949, 1.65181e-05, -0.0100795, 0.290681, 0.0100793, 0.00739421, -0.999922, 0.849335, 5.80129e-05, -0.999973, -0.00739401, 1.02112, 0, 0, 0, 1
-0.999948, 2.75727e-05, -0.010207, 0.290678, 0.010207, 0.00749003, -0.99992, 0.849351, 4.88806e-05, -0.999972, -0.00748992, 1.02111, 0, 0, 0, 1
-0.999947, 3.86991e-05, -0.0103355, 0.290675, 0.0103355, 0.0075865, -0.999918, 0.849368, 3.97143e-05, -0.999971, -0.00758649, 1.0211, 0, 0, 0, 1
-0.999945, 4.98973e-05, -0.0104648, 0.290672, 0.0104649, 0.00768362, -0.999916, 0.849385, 3.05147e-05, -0.99997, -0.00768372, 1.02109, 0, 0, 0, 1
-0.999944, 6.1167e-05, -0.010595, 0.290669, 0.0105952, 0.0077814, -0.999914, 0.849402, 2.12824e-05, -0.99997, -0.00778161, 1.02108, 0, 0, 0, 1
-0.999942, 7.25084e-05, -0.0107261, 0.290666, 0.0107263, 0.00787983, -0.999911, 0.849419, 1.20178e-05, -0.999969, -0.00788015, 1.02107, 0, 0, 0, 1
-0.999941, 8.39212e-05, -0.010858, 0.290662, 0.0108584, 0.00797891, -0.999909, 0.849436, 2.72173e-06, -0.999968, -0.00797936, 1.02106, 0, 0, 0, 1
-0.99994, 9.54055e-05, -0.0109908, 0.290659, 0.0109913, 0.00807866, -0.999907, 0.849454, -6.60537e-06, -0.999967, -0.00807922, 1.02105, 0, 0, 0, 1
-0.999938, 0.000106961, -0.0111245, 0.290656, 0.011125, 0.00817905, -0.999905, 0.849471, -1.59628e-05, -0.999967, -0.00817973, 1.02104, 0, 0, 0, 1
-0.999937, 0.000118588, -0.0112591, 0.290653, 0.0112597, 0.0082801, -0.999902, 0.849489, -2.53501e-05, -0.999966, -0.00828091, 1.02103, 0, 0, 0, 1
-0.999935, 0.000130286, -0.0113945, 0.29065, 0.0113952, 0.0083818, -0.9999, 0.849507, -3.47665e-05, -0.999965, -0.00838274, 1.02102, 0, 0, 0, 1
-0.999934, 0.000142055, -0.0115308, 0.290646, 0.0115316, 0.00848416, -0.999898, 0.849524, -4.42115e-05, -0.999964, -0.00848524, 1.02101, 0, 0, 0, 1
-0.999932, 0.000153895, -0.011668, 0.290643, 0.0116689, 0.00858717, -0.999895, 0.849542, -5.36845e-05, -0.999963, -0.00858838, 1.021, 0, 0, 0, 1
-0.99993, 0.000165807, -0.011806, 0.29064, 0.011807, 0.00869084, -0.999893, 0.84956, -6.31847e-05, -0.999962, -0.00869219, 1.02099, 0, 0, 0, 1
-0.999929, 0.000177789, -0.0119449, 0.290636, 0.011946, 0.00879516, -0.99989, 0.849578, -7.27117e-05, -0.999961, -0.00879666, 1.02098, 0, 0, 0, 1
-0.999927, 0.000189841, -0.0120847, 0.290633, 0.0120859, 0.00890014, -0.999887, 0.849597, -8.22647e-05, -0.99996, -0.00890178, 1.02097, 0, 0, 0, 1
-0.999925, 0.000201965, -0.0122253, 0.29063, 0.0122266, 0.00900577, -0.999885, 0.849615, -9.18431e-05, -0.999959, -0.00900756, 1.02096, 0, 0, 0, 1
-0.999924, 0.000214159, -0.0123668, 0.290626, 0.0123683, 0.00911205, -0.999882, 0.849634, -0.000101446, -0.999958, -0.009114, 1.02095, 0, 0, 0, 1
-0.999922, 0.000226424, -0.0125092, 0.290623, 0.0125108, 0.00921899, -0.999879, 0.849652, -0.000111074, -0.999957, -0.0092211, 1.02094, 0, 0, 0, 1
-0.99992, 0.000238759, -0.0126525, 0.290619, 0.0126542, 0.00932659, -0.999876, 0.849671, -0.000120725, -0.999956, -0.00932886, 1.02093, 0, 0, 0, 1
-0.999918, 0.000251164, -0.0127966, 0.290616, 0.0127984, 0.00943483, -0.999874, 0.84969, -0.000130399, -0.999955, -0.00943728, 1.02092, 0, 0, 0, 1
-0.999916, 0.00026364, -0.0129416, 0.290612, 0.0129435, 0.00954374, -0.999871, 0.849709, -0.000140095, -0.999954, -0.00954635, 1.02091, 0, 0, 0, 1
-0.999914, 0.000276186, -0.0130875, 0.290609, 0.0130896, 0.00965329, -0.999868, 0.849728, -0.000149812, -0.999953, -0.00965608, 1.02089, 0, 0, 0, 1
-0.999912, 0.000288802, -0.0132342, 0.290605, 0.0132364, 0.00976351, -0.999865, 0.849747, -0.000159551, -0.999952, -0.00976647, 1.02088, 0, 0, 0, 1
-0.99991, 0.000301488, -0.0133818, 0.290602, 0.0133842, 0.00987437, -0.999862, 0.849766, -0.000169309, -0.999951, -0.00987752, 1.02087, 0, 0, 0, 1
-0.999908, 0.000314245, -0.0135303, 0.290598, 0.0135328, 0.00998589, -0.999859, 0.849786, -0.000179088, -0.99995, -0.00998923, 1.02086, 0, 0, 0, 1
-0.999906, 0.00032707, -0.0136797, 0.290595, 0.0136823, 0.0100981, -0.999855, 0.849805, -0.000188885, -0.999949, -0.0101016, 1.02085, 0, 0, 0, 1
-0.999904, 0.000339966, -0.0138299, 0.290591, 0.0138327, 0.0102109, -0.999852, 0.849825, -0.0001987, -0.999948, -0.0102146, 1.02084, 0, 0, 0, 1
-0.999902, 0.000352932, -0.013981, 0.290587, 0.0139839, 0.0103244, -0.999849, 0.849845, -0.000208533, -0.999947, -0.0103283, 1.02083, 0, 0, 0, 1
-0.9999, 0.000365967, -0.014133, 0.290584, 0.014136, 0.0104385, -0.999846, 0.849865, -0.000218383, -0.999945, -0.0104427, 1.02082, 0, 0, 0, 1
-0.999898, 0.000379071, -0.0142858, 0.29058, 0.014289, 0.0105533, -0.999842, 0.849885, -0.000228249, -0.999944, -0.0105577, 1.0208, 0, 0, 0, 1
-0.999896, 0.000392245, -0.0144395, 0.290576, 0.0144429, 0.0106688, -0.999839, 0.849905, -0.00023813, -0.999943, -0.0106733, 1.02079, 0, 0, 0, 1
-0.999893, 0.000405489, -0.0145941, 0.290573, 0.0145976, 0.0107849, -0.999835, 0.849925, -0.000248027, -0.999942, -0.0107896, 1.02078, 0, 0, 0, 1
-0.999891, 0.000418801, -0.0147495, 0.290569, 0.0147532, 0.0109016, -0.999832, 0.849945, -0.000257937, -0.99994, -0.0109066, 1.02077, 0, 0, 0, 1
-0.999889, 0.000432183, -0.0149059, 0.290565, 0.0149097, 0.011019, -0.999828, 0.849966, -0.00026786, -0.999939, -0.0110243, 1.02076, 0, 0, 0, 1
-0.999886, 0.000445634, -0.015063, 0.290561, 0.0150671, 0.0111371, -0.999824, 0.849986, -0.000277797, -0.999938, -0.0111426, 1.02075, 0, 0, 0, 1
-0.999884, 0.000459153, -0.0152211, 0.290558, 0.0152253, 0.0112558, -0.999821, 0.850007, -0.000287745, -0.999937, -0.0112615, 1.02073, 0, 0, 0, 1
-0.999882, 0.000472742, -0.01538, 0.290554, 0.0153844, 0.0113752, -0.999817, 0.850028, -0.000297705, -0.999935, -0.0113811, 1.02072, 0, 0, 0, 1
-0.999879, 0.0004864, -0.0155398, 0.29055, 0.0155444, 0.0114952, -0.999813, 0.850049, -0.000307675, -0.999934, -0.0115014, 1.02071, 0, 0, 0, 1
-0.999877, 0.000500126, -0.0157005, 0.290546, 0.0157053, 0.0116159, -0.999809, 0.85007, -0.000317655, -0.999932, -0.0116223, 1.0207, 0, 0, 0, 1
-0.999874, 0.00051392, -0.015862, 0.290542, 0.015867, 0.0117373, -0.999805, 0.850091, -0.000327643, -0.999931, -0.0117439, 1.02069, 0, 0, 0, 1
-0.999871, 0.000527784, -0.0160245, 0.290538, 0.0160296, 0.0118592, -0.999801, 0.850112, -0.000337641, -0.99993, -0.0118662, 1.02067, 0, 0, 0, 1
-0.999869, 0.000541715, -0.0161877, 0.290534, 0.0161931, 0.0119819, -0.999797, 0.850134, -0.000347646, -0.999928, -0.0119891, 1.02066, 0, 0, 0, 1
-0.999866, 0.000555715, -0.0163519, 0.29053, 0.0163574, 0.0121052, -0.999793, 0.850155, -0.000357657, -0.999927, -0.0121127, 1.02065, 0, 0, 0, 1
-0.999863, 0.000569783, -0.0165169, 0.290526, 0.0165227, 0.0122292, -0.999789, 0.850177, -0.000367675, -0.999925, -0.0122369, 1.02064, 0, 0, 0, 1
-0.999861, 0.00058392, -0.0166828, 0.290522, 0.0166888, 0.0123538, -0.999784, 0.850199, -0.000377698, -0.999924, -0.0123618, 1.02062, 0, 0, 0, 1
-0.999858, 0.000598124, -0.0168496, 0.290518, 0.0168557, 0.012479, -0.99978, 0.85022, -0.000387726, -0.999922, -0.0124873, 1.02061, 0, 0, 0, 1
-0.999855, 0.000612396, -0.0170172, 0.290514, 0.0170236, 0.012605, -0.999776, 0.850242, -0.000397758, -0.99992, -0.0126136, 1.0206, 0, 0, 0, 1
-0.999852, 0.000626737, -0.0171857, 0.29051, 0.0171923, 0.0127315, -0.999771, 0.850264, -0.000407793, -0.999919, -0.0127404, 1.02059, 0, 0, 0, 1
-0.999849, 0.000641144, -0.0173551, 0.290506, 0.0173619, 0.0128588, -0.999767, 0.850287, -0.00041783, -0.999917, -0.012868, 1.02057, 0, 0, 0, 1
-0.999846, 0.00065562, -0.0175253, 0.290502, 0.0175324, 0.0129866, -0.999762, 0.850309, -0.000427868, -0.999915, -0.0129961, 1.02056, 0, 0, 0, 1
-0.999843, 0.000670163, -0.0176965, 0.290498, 0.0177037, 0.0131152, -0.999757, 0.850331, -0.000437908, -0.999914, -0.013125, 1.02055, 0, 0, 0, 1
-0.99984, 0.000684773, -0.0178684, 0.290494, 0.017876, 0.0132444, -0.999752, 0.850354, -0.000447947, -0.999912, -0.0132545, 1.02053, 0, 0, 0, 1
-0.999837, 0.000699451, -0.0180413, 0.290489, 0.018049, 0.0133742, -0.999748, 0.850377, -0.000457986, -0.99991, -0.0133847, 1.02052, 0, 0, 0, 1
-0.999834, 0.000714196, -0.018215, 0.290485, 0.018223, 0.0135047, -0.999743, 0.850399, -0.000468023, -0.999909, -0.0135155, 1.02051, 0, 0, 0, 1
-0.999831, 0.000729009, -0.0183896, 0.290481, 0.0183979, 0.0136359, -0.999738, 0.850422, -0.000478058, -0.999907, -0.013647, 1.0205, 0, 0, 0, 1
-0.999827, 0.000743888, -0.0185651, 0.290477, 0.0185736, 0.0137677, -0.999733, 0.850445, -0.00048809, -0.999905, -0.0137792, 1.02048, 0, 0, 0, 1
-0.999824, 0.000758834, -0.0187414, 0.290472, 0.0187502, 0.0139002, -0.999728, 0.850468, -0.000498118, -0.999903, -0.013912, 1.02047, 0, 0, 0, 1
-0.999821, 0.000773847, -0.0189186, 0.290468, 0.0189276, 0.0140333, -0.999722, 0.850492, -0.000508141, -0.999901, -0.0140454, 1.02046, 0, 0, 0, 1
-0.999817, 0.000788927, -0.0190967, 0.290464, 0.019106, 0.0141671, -0.999717, 0.850515, -0.000518159, -0.999899, -0.0141796, 1.02044, 0, 0, 0, 1
-0.999814, 0.000804073, -0.0192757, 0.290459, 0.0192852, 0.0143015, -0.999712, 0.850538, -0.00052817, -0.999897, -0.0143144, 1.02043, 0, 0, 0, 1
-0.99981, 0.000819286, -0.0194555, 0.290455, 0.0194653, 0.0144366, -0.999706, 0.850562, -0.000538174, -0.999895, -0.0144498, 1.02042, 0, 0, 0, 1
-0.999807, 0.000834565, -0.0196362, 0.290451, 0.0196463, 0.0145723, -0.999701, 0.850586, -0.00054817, -0.999893, -0.0145859, 1.0204, 0, 0, 0, 1
-0.999803, 0.000849911, -0.0198177, 0.290446, 0.0198281, 0.0147087, -0.999695, 0.850609, -0.000558158, -0.999891, -0.0147227, 1.02039, 0, 0, 0, 1
-0.9998, 0.000865323, -0.0200002, 0.290442, 0.0200108, 0.0148458, -0.99969, 0.850633, -0.000568136, -0.999889, -0.0148601, 1.02038, 0, 0, 0, 1
-0.999796, 0.000880801, -0.0201835, 0.290437, 0.0201944, 0.0149835, -0.999684, 0.850657, -0.000578103, -0.999887, -0.0149982, 1.02036, 0, 0, 0, 1
-0.999792, 0.000896345, -0.0203677, 0.290433, 0.0203789, 0.0151219, -0.999678, 0.850682, -0.000588059, -0.999885, -0.015137, 1.02035, 0, 0, 0, 1
-0.999788, 0.000911954, -0.0205527, 0.290428, 0.0205642, 0.0152609, -0.999672, 0.850706, -0.000598003, -0.999883, -0.0152764, 1.02033, 0, 0, 0, 1
-0.999785, 0.00092763, -0.0207386, 0.290424, 0.0207504, 0.0154005, -0.999666, 0.85073, -0.000607934, -0.999881, -0.0154165, 1.02032, 0, 0, 0, 1
-0.999781, 0.000943371, -0.0209254, 0.290419, 0.0209375, 0.0155409, -0.99966, 0.850755, -0.000617852, -0.999879, -0.0155572, 1.02031, 0, 0, 0, 1
-0.999777, 0.000959178, -0.021113, 0.290415, 0.0211255, 0.0156819, -0.999654, 0.850779, -0.000627754, -0.999877, -0.0156986, 1.02029, 0, 0, 0, 1
-0.999773, 0.00097505, -0.0213016, 0.29041, 0.0213143, 0.0158235, -0.999648, 0.850804, -0.000637642, -0.999874, -0.0158407, 1.02028, 0, 0, 0, 1
-0.999769, 0.000990988, -0.021491, 0.290406, 0.021504, 0.0159658, -0.999641, 0.850829, -0.000647513, -0.999872, -0.0159834, 1.02026, 0, 0, 0, 1
-0.999764, 0.00100699, -0.0216812, 0.290401, 0.0216946, 0.0161087, -0.999635, 0.850854, -0.000657366, -0.99987, -0.0161268, 1.02025, 0, 0, 0, 1
-0.99976, 0.00102306, -0.0218724, 0.290396, 0.0218861, 0.0162523, -0.999628, 0.850879, -0.000667202, -0.999867, -0.0162708, 1.02024, 0, 0, 0, 1
-0.999756, 0.00103919, -0.0220644, 0.290392, 0.0220784, 0.0163966, -0.999622, 0.850904, -0.000677019, -0.999865, -0.0164155, 1.02022, 0, 0, 0, 1
-0.999752, 0.00105539, -0.0222572, 0.290387, 0.0222717, 0.0165415, -0.999615, 0.85093, -0.000686816, -0.999863, -0.0165609, 1.02021, 0, 0, 0, 1
-0.999747, 0.00107165, -0.022451, 0.290382, 0.0224657, 0.016687, -0.999608, 0.850955, -0.000696592, -0.99986, -0.0167069, 1.02019, 0, 0, 0, 1
-0.999743, 0.00108798, -0.0226456, 0.290377, 0.0226607, 0.0168333, -0.999601, 0.850981, -0.000706347, -0.999858, -0.0168536, 1.02018, 0, 0, 0, 1
-0.999738, 0.00110437, -0.0228411, 0.290373, 0.0228565, 0.0169801, -0.999595, 0.851006, -0.000716079, -0.999855, -0.0170009, 1.02016, 0, 0, 0, 1
-0.999734, 0.00112083, -0.0230374, 0.290368, 0.0230533, 0.0171277, -0.999588, 0.851032, -0.000725788, -0.999853, -0.0171489, 1.02015, 0, 0, 0, 1
-0.999729, 0.00113735, -0.0232347, 0.290363, 0.0232508, 0.0172758, -0.99958, 0.851058, -0.000735473, -0.99985, -0.0172976, 1.02013, 0, 0, 0, 1
-0.999725, 0.00115393, -0.0234327, 0.290358, 0.0234493, 0.0174247, -0.999573, 0.851084, -0.000745133, -0.999848, -0.0174469, 1.02012, 0, 0, 0, 1
-0.99972, 0.00117058, -0.0236317, 0.290353, 0.0236486, 0.0175742, -0.999566, 0.85111, -0.000754767, -0.999845, -0.0175969, 1.0201, 0, 0, 0, 1
-0.999715, 0.0011873, -0.0238315, 0.290348, 0.0238489, 0.0177243, -0.999558, 0.851136, -0.000764373, -0.999842, -0.0177476, 1.02009, 0, 0, 0, 1
-0.99971, 0.00120407, -0.0240322, 0.290343, 0.0240499, 0.0178751, -0.999551, 0.851163, -0.000773952, -0.99984, -0.0178989, 1.02007, 0, 0, 0, 1
-0.999706, 0.00122091, -0.0242338, 0.290339, 0.0242519, 0.0180266, -0.999543, 0.851189, -0.000783503, -0.999837, -0.0180509, 1.02006, 0, 0, 0, 1
-0.999701, 0.00123782, -0.0244363, 0.290334, 0.0244547, 0.0181787, -0.999536, 0.851216, -0.000793023, -0.999834, -0.0182035, 1.02004, 0, 0, 0, 1
-0.999696, 0.00125479, -0.0246396, 0.290329, 0.0246585, 0.0183315, -0.999528, 0.851243, -0.000802513, -0.999831, -0.0183568, 1.02003, 0, 0, 0, 1
-0.999691, 0.00127182, -0.0248438, 0.290324, 0.024863, 0.0184849, -0.99952, 0.851269, -0.000811972, -0.999828, -0.0185108, 1.02001, 0, 0, 0, 1
-0.999685, 0.00128891, -0.0250488, 0.290319, 0.0250685, 0.018639, -0.999512, 0.851296, -0.000821398, -0.999825, -0.0186654, 1.02, 0, 0, 0, 1
-0.99968, 0.00130607, -0.0252547, 0.290314, 0.0252748, 0.0187937, -0.999504, 0.851323, -0.000830791, -0.999823, -0.0188207, 1.01998, 0, 0, 0, 1
-0.999675, 0.00132329, -0.0254615, 0.290308, 0.025482, 0.0189491, -0.999496, 0.851351, -0.000840149, -0.99982, -0.0189766, 1.01997, 0, 0, 0, 1
-0.99967, 0.00134057, -0.0256692, 0.290303, 0.0256901, 0.0191051, -0.999487, 0.851378, -0.000849473, -0.999817, -0.0191332, 1.01995, 0, 0, 0, 1
-0.999664, 0.00135792, -0.0258777, 0.290298, 0.0258991, 0.0192618, -0.999479, 0.851405, -0.00085876, -0.999814, -0.0192905, 1.01994, 0, 0, 0, 1
-0.999659, 0.00137533, -0.0260871, 0.290293, 0.0261089, 0.0194192, -0.99947, 0.851433, -0.00086801, -0.99981, -0.0194484, 1.01992, 0, 0, 0, 1
-0.999653, 0.0013928, -0.0262974, 0.290288, 0.0263196, 0.0195772, -0.999462, 0.85146, -0.000877222, -0.999807, -0.019607, 1.01991, 0, 0, 0, 1
-0.999648, 0.00141033, -0.0265085, 0.290283, 0.0265312, 0.0197358, -0.999453, 0.851488, -0.000886395, -0.999804, -0.0197663, 1.01989, 0, 0, 0, 1
-0.999642, 0.00142793, -0.0267206, 0.290278, 0.0267437, 0.0198951, -0.999444, 0.851516, -0.000895528, -0.999801, -0.0199262, 1.01988, 0, 0, 0, 1
-0.999636, 0.00144559, -0.0269334, 0.290272, 0.026957, 0.0200551, -0.999435, 0.851544, -0.00090462, -0.999798, -0.0200868, 1.01986, 0, 0, 0, 1
-0.99963, 0.00146331, -0.0271472, 0.290267, 0.0271712, 0.0202157, -0.999426, 0.851572, -0.00091367, -0.999795, -0.020248, 1.01984, 0, 0, 0, 1
-0.999624, 0.00148109, -0.0273618, 0.290262, 0.0273863, 0.020377, -0.999417, 0.8516, -0.000922677, -0.999791, -0.0204099, 1.01983, 0, 0, 0, 1
-0.999619, 0.00149894, -0.0275773, 0.290256, 0.0276023, 0.020539, -0.999408, 0.851629, -0.00093164, -0.999788, -0.0205725, 1.01981, 0, 0, 0, 1
-0.999613, 0.00151684, -0.0277937, 0.290251, 0.0278191, 0.0207015, -0.999399, 0.851657, -0.000940559, -0.999785, -0.0207357, 1.0198, 0, 0, 0, 1
-0.999606, 0.00153481, -0.0280109, 0.290246, 0.0280368, 0.0208648, -0.999389, 0.851686, -0.000949432, -0.999781, -0.0208996, 1.01978, 0, 0, 0, 1
-0.9996, 0.00155284, -0.028229, 0.29024, 0.0282554, 0.0210287, -0.99938, 0.851715, -0.000958258, -0.999778, -0.0210642, 1.01976, 0, 0, 0, 1
-0.999594, 0.00157093, -0.028448, 0.290235, 0.0284749, 0.0211932, -0.99937, 0.851743, -0.000967036, -0.999774, -0.0212294, 1.01975, 0, 0, 0, 1
-0.999588, 0.00158908, -0.0286678, 0.29023, 0.0286952, 0.0213585, -0.99936, 0.851772, -0.000975765, -0.999771, -0.0213953, 1.01973, 0, 0, 0, 1
-0.999581, 0.00160729, -0.0288885, 0.290224, 0.0289164, 0.0215243, -0.99935, 0.851801, -0.000984445, -0.999767, -0.0215618, 1.01972, 0, 0, 0, 1
-0.999575, 0.00162557, -0.0291101, 0.290219, 0.0291385, 0.0216908, -0.99934, 0.851831, -0.000993073, -0.999763, -0.021729, 1.0197, 0, 0, 0, 1
-0.999568, 0.0016439, -0.0293325, 0.290213, 0.0293615, 0.021858, -0.99933, 0.85186, -0.00100165, -0.99976, -0.0218968, 1.01968, 0, 0, 0, 1
-0.999562, 0.0016623, -0.0295559, 0.290208, 0.0295853, 0.0220258, -0.99932, 0.851889, -0.00101017, -0.999756, -0.0220654, 1.01967, 0, 0, 0, 1
-0.999555, 0.00168075, -0.02978, 0.290202, 0.02981, 0.0221943, -0.999309, 0.851919, -0.00101864, -0.999752, -0.0222346, 1.01965, 0, 0, 0, 1
-0.999548, 0.00169927, -0.0300051, 0.290197, 0.0300356, 0.0223635, -0.999299, 0.851948, -0.00102706, -0.999748, -0.0224044, 1.01963, 0, 0, 0, 1
-0.999541, 0.00171785, -0.030231, 0.290191, 0.0302621, 0.0225333, -0.999288, 0.851978, -0.00103542, -0.999745, -0.0225749, 1.01962, 0, 0, 0, 1
-0.999535, 0.00173648, -0.0304578, 0.290185, 0.0304894, 0.0227037, -0.999277, 0.852008, -0.00104372, -0.999741, -0.0227461, 1.0196, 0, 0, 0, 1
-0.999528, 0.00175518, -0.0306855, 0.29018, 0.0307176, 0.0228748, -0.999266, 0.852038, -0.00105197, -0.999737, -0.0229179, 1.01958, 0, 0, 0, 1
-0.99952, 0.00177394, -0.030914, 0.290174, 0.0309467, 0.0230466, -0.999255, 0.852068, -0.00106015, -0.999733, -0.0230904, 1.01957, 0, 0, 0, 1
-0.999513, 0.00179275, -0.0311434, 0.290168, 0.0311767, 0.023219, -0.999244, 0.852098, -0.00106828, -0.999729, -0.0232636, 1.01955, 0, 0, 0, 1
-0.999506, 0.00181163, -0.0313737, 0.290163, 0.0314075, 0.0233921, -0.999233, 0.852129, -0.00107634, -0.999725, -0.0234374, 1.01953, 0, 0, 0, 1
-0.999499, 0.00183056, -0.0316048, 0.290157, 0.0316392, 0.0235658, -0.999222, 0.852159, -0.00108434, -0.999721, -0.0236119, 1.01952, 0, 0, 0, 1
-0.999491, 0.00184956, -0.0318368, 0.290151, 0.0318718, 0.0237402, -0.99921, 0.85219, -0.00109228, -0.999716, -0.023787, 1.0195, 0, 0, 0, 1
-0.999484, 0.00186861, -0.0320697, 0.290145, 0.0321053, 0.0239152, -0.999198, 0.85222, -0.00110016, -0.999712, -0.0239628, 1.01948, 0, 0, 0, 1
-0.999476, 0.00188772, -0.0323035, 0.29014, 0.0323396, 0.0240909, -0.999187, 0.852251, -0.00110797, -0.999708, -0.0241393, 1.01947, 0, 0, 0, 1
-0.999469, 0.0019069, -0.0325381, 0.290134, 0.0325748, 0.0242672, -0.999175, 0.852282, -0.00111571, -0.999704, -0.0243164, 1.01945, 0, 0, 0, 1
-0.999461, 0.00192613, -0.0327736, 0.290128, 0.0328109, 0.0244442, -0.999163, 0.852313, -0.00112339, -0.999699, -0.0244942, 1.01943, 0, 0, 0, 1
-0.999453, 0.00194542, -0.0330099, 0.290122, 0.0330479, 0.0246219, -0.99915, 0.852344, -0.001131, -0.999695, -0.0246727, 1.01941, 0, 0, 0, 1
