-0.999999, -0.000797434, -0.000797196, 0.290901, 0.000796858, 0.000424669, -1, 0.848124, 0.000797772, -1, -0.000424033, 1.02183, 0, 0, 0, 1
-0.999999, -0.000797355, -0.000797685, 0.290901, 0.000797346, 0.000425109, -1, 0.848124, 0.000797694, -1, -0.000424473, 1.02183, 0, 0, 0, 1
-0.999999, -0.000797118, -0.000799153, 0.290901, 0.000798813, 0.000426428, -1, 0.848124, 0.000797458, -1, -0.000425791, 1.02183, 0, 0, 0, 1
-0.999999, -0.000796723, -0.000801599, 0.290901, 0.000801258, 0.000428628, -1, 0.848125, 0.000797066, -1, -0.000427989, 1.02183, 0, 0, 0, 1
-0.999999, -0.000796169, -0.000805024, 0.290901, 0.00080468, 0.000431707, -1, 0.848125, 0.000796516, -1, -0.000431066, 1.02183, 0, 0, 0, 1
-0.999999, -0.000795458, -0.000809427, 0.290901, 0.00080908, 0.000435666, -1, 0.848126, 0.00079581, -1, -0.000435022, 1.02183, 0, 0, 0, 1
-0.999999, -0.000794588, -0.000814808, 0.290902, 0.000814458, 0.000440505, -1, 0.848126, 0.000794947, -1, -0.000439857, 1.02183, 0, 0, 0, 1
-0.999999, -0.00079356, -0.000821168, 0.290902, 0.000820814, 0.000446223, -1, 0.848127, 0.000793926, -1, -0.000445572, 1.02183, 0, 0, 0, 1
-0.999999, -0.000792374, -0.000828506, 0.290902, 0.000828148, 0.000452822, -1, 0.848128, 0.000792749, -1, -0.000452165, 1.02183, 0, 0, 0, 1
-0.999999, -0.00079103, -0.000836823, 0.290902, 0.000836459, 0.0004603, -1, 0.848129, 0.000791415, -1, -0.000459638, 1.02183, 0, 0, 0, 1
-0.999999, -0.000789528, -0.000846118, 0.290903, 0.000845749, 0.000468657, -1, 0.84813, 0.000789924, -1, -0.000467989, 1.02183, 0, 0, 0, 1
-0.999999, -0.000787868, -0.000856392, 0.290903, 0.000856016, 0.000477895, -1, 0.848131, 0.000788276, -1, -0.00047722, 1.02183, 0, 0, 0, 1
-0.999999, -0.000786049, -0.000867644, 0.290903, 0.000867261, 0.000488012, -1, 0.848132, 0.000786472, -1, -0.00048733, 1.02183, 0, 0, 0, 1
-0.999999, -0.000784073, -0.000879875, 0.290904, 0.000879484, 0.00049901, -0.999999, 0.848134, 0.000784511, -1, -0.00049832, 1.02183, 0, 0, 0, 1
-0.999999, -0.000781938, -0.000893084, 0.290904, 0.000892685, 0.000510886, -0.999999, 0.848135, 0.000782394, -1, -0.000510188, 1.02183, 0, 0, 0, 1
-0.999999, -0.000779645, -0.000907272, 0.290904, 0.000906863, 0.000523643, -0.999999, 0.848137, 0.00078012, -1, -0.000522936, 1.02183, 0, 0, 0, 1
-0.999999, -0.000777194, -0.000922438, 0.290905, 0.00092202, 0.00053728, -0.999999, 0.848139, 0.000777689, -1, -0.000536563, 1.02183, 0, 0, 0, 1
-0.999999, -0.000774585, -0.000938582, 0.290905, 0.000938155, 0.000551796, -0.999999, 0.848141, 0.000775103, -1, -0.000551069, 1.02183, 0, 0, 0, 1
-0.999999, -0.000771818, -0.000955705, 0.290906, 0.000955267, 0.000567192, -0.999999, 0.848142, 0.00077236, -1, -0.000566454, 1.02183, 0, 0, 0, 1
-0.999999, -0.000768893, -0.000973806, 0.290907, 0.000973358, 0.000583468, -0.999999, 0.848145, 0.000769461, -1, -0.000582719, 1.02183, 0, 0, 0, 1
-0.999999, -0.00076581, -0.000992886, 0.290907, 0.000992426, 0.000600623, -0.999999, 0.848147, 0.000766405, -1, -0.000599863, 1.02183, 0, 0, 0, 1
-0.999999, -0.000762568, -0.00101294, 0.290908, 0.00101247, 0.000618659, -0.999999, 0.848149, 0.000763194, -1, -0.000617886, 1.02183, 0, 0, 0, 1
-0.999999, -0.000759169, -0.00103398, 0.290908, 0.0010335, 0.000637574, -0.999999, 0.848152, 0.000759827, -1, -0.000636789, 1.02183, 0, 0, 0, 1
-0.999999, -0.000755611, -0.001056, 0.290909, 0.0010555, 0.000657369, -0.999999, 0.848154, 0.000756305, -0.999999, -0.000656571, 1.02183, 0, 0, 0, 1
-0.999999, -0.000751895, -0.00107899, 0.29091, 0.00107848, 0.000678043, -0.999999, 0.848157, 0.000752626, -0.999999, -0.000677232, 1.02183, 0, 0, 0, 1
-0.999999, -0.000748021, -0.00110296, 0.290911, 0.00110244, 0.000699598, -0.999999, 0.848159, 0.000748792, -0.999999, -0.000698773, 1.02183, 0, 0, 0, 1
-0.999999, -0.000743989, -0.00112791, 0.290911, 0.00112737, 0.000722032, -0.999999, 0.848162, 0.000744803, -0.999999, -0.000721193, 1.02183, 0, 0, 0, 1
-0.999999, -0.000739799, -0.00115384, 0.290912, 0.00115329, 0.000745346, -0.999999, 0.848165, 0.000740659, -0.999999, -0.000744492, 1.02183, 0, 0, 0, 1
-0.999999, -0.000735451, -0.00118075, 0.290913, 0.00118018, 0.00076954, -0.999999, 0.848168, 0.000736359, -0.999999, -0.000768671, 1.02183, 0, 0, 0, 1
-0.999999, -0.000730945, -0.00120863, 0.290914, 0.00120805, 0.000794613, -0.999999, 0.848172, 0.000731905, -0.999999, -0.00079373, 1.02182, 0, 0, 0, 1
-0.999999, -0.000726281, -0.0012375, 0.290915, 0.0012369, 0.000820567, -0.999999, 0.848175, 0.000727296, -0.999999, -0.000819668, 1.02182, 0, 0, 0, 1
-0.999999, -0.000721459, -0.00126734, 0.290916, 0.00126673, 0.0008474, -0.999999, 0.848178, 0.000722532, -0.999999, -0.000846485, 1.02182, 0, 0, 0, 1
-0.999999, -0.000716478, -0.00129816, 0.290917, 0.00129753, 0.000875113, -0.999999, 0.848182, 0.000717613, -0.999999, -0.000874182, 1.02182, 0, 0, 0, 1
-0.999999, -0.00071134, -0.00132996, 0.290918, 0.00132932, 0.000903705, -0.999999, 0.848186, 0.000712541, -0.999999, -0.000902759, 1.02182, 0, 0, 0, 1
-0.999999, -0.000706043, -0.00136274, 0.290919, 0.00136208, 0.000933178, -0.999999, 0.848189, 0.000707314, -0.999999, -0.000932215, 1.02182, 0, 0, 0, 1
-0.999999, -0.000700589, -0.0013965, 0.29092, 0.00139582, 0.00096353, -0.999999, 0.848193, 0.000701933, -0.999999, -0.000962551, 1.02182, 0, 0, 0, 1
-0.999999, -0.000694976, -0.00143123, 0.290921, 0.00143054, 0.000994762, -0.999998, 0.848197, 0.000696399, -0.999999, -0.000993767, 1.02182, 0, 0, 0, 1
-0.999999, -0.000689205, -0.00146694, 0.290922, 0.00146624, 0.00102687, -0.999998, 0.848201, 0.00069071, -0.999999, -0.00102586, 1.02182, 0, 0, 0, 1
-0.999999, -0.000683276, -0.00150364, 0.290923, 0.00150291, 0.00105987, -0.999998, 0.848206, 0.000684869, -0.999999, -0.00105884, 1.02182, 0, 0, 0, 1
-0.999999, -0.00067719, -0.00154131, 0.290924, 0.00154056, 0.00109374, -0.999998, 0.84821, 0.000678874, -0.999999, -0.00109269, 1.02182, 0, 0, 0, 1
-0.999999, -0.000670945, -0.00157995, 0.290925, 0.0015792, 0.00112849, -0.999998, 0.848214, 0.000672727, -0.999999, -0.00112743, 1.02182, 0, 0, 0, 1
-0.999998, -0.000664542, -0.00161958, 0.290927, 0.00161881, 0.00116412, -0.999998, 0.848219, 0.000666426, -0.999999, -0.00116304, 1.02181, 0, 0, 0, 1
-0.999998, -0.000657981, -0.00166019, 0.290928, 0.0016594, 0.00120063, -0.999998, 0.848224, 0.000659973, -0.999999, -0.00119954, 1.02181, 0, 0, 0, 1
-0.999998, -0.000651262, -0.00170177, 0.290929, 0.00170096, 0.00123802, -0.999998, 0.848229, 0.000653367, -0.999999, -0.00123691, 1.02181, 0, 0, 0, 1
-0.999998, -0.000644385, -0.00174433, 0.29093, 0.00174351, 0.00127629, -0.999998, 0.848233, 0.00064661, -0.999999, -0.00127517, 1.02181, 0, 0, 0, 1
-0.999998, -0.00063735, -0.00178788, 0.290932, 0.00178704, 0.00131544, -0.999998, 0.848238, 0.0006397, -0.999999, -0.0013143, 1.02181, 0, 0, 0, 1
-0.999998, -0.000630157, -0.00183239, 0.290933, 0.00183154, 0.00135547, -0.999997, 0.848244, 0.000632639, -0.999999, -0.00135431, 1.02181, 0, 0, 0, 1
-0.999998, -0.000622806, -0.00187789, 0.290935, 0.00187702, 0.00139638, -0.999997, 0.848249, 0.000625427, -0.999999, -0.00139521, 1.02181, 0, 0, 0, 1
-0.999998, -0.000615297, -0.00192437, 0.290936, 0.00192348, 0.00143817, -0.999997, 0.848254, 0.000618063, -0.999999, -0.00143698, 1.02181, 0, 0, 0, 1
-0.999998, -0.00060763, -0.00197182, 0.290937, 0.00197092, 0.00148084, -0.999997, 0.84826, 0.000610548, -0.999999, -0.00147964, 1.02181, 0, 0, 0, 1
-0.999998, -0.000599805, -0.00202026, 0.290939, 0.00201934, 0.00152439, -0.999997, 0.848265, 0.000602883, -0.999999, -0.00152317, 1.0218, 0, 0, 0, 1
-0.999998, -0.000591822, -0.00206967, 0.29094, 0.00206874, 0.00156882, -0.999997, 0.848271, 0.000595067, -0.999999, -0.00156759, 1.0218, 0, 0, 0, 1
-0.999998, -0.000583681, -0.00212006, 0.290942, 0.00211911, 0.00161413, -0.999996, 0.848277, 0.000587101, -0.999999, -0.00161289, 1.0218, 0, 0, 0, 1
-0.999997, -0.000575382, -0.00217143, 0.290944, 0.00217047, 0.00166031, -0.999996, 0.848283, 0.000578985, -0.999998, -0.00165906, 1.0218, 0, 0, 0, 1
-0.999997, -0.000566925, -0.00222377, 0.290945, 0.0022228, 0.00170738, -0.999996, 0.848289, 0.00057072, -0.999998, -0.00170612, 1.0218, 0, 0, 0, 1
-0.999997, -0.000558311, -0.0022771, 0.290947, 0.00227612, 0.00175533, -0.999996, 0.848295, 0.000562305, -0.999998, -0.00175406, 1.0218, 0, 0, 0, 1
-0.999997, -0.000549538, -0.0023314, 0.290949, 0.00233041, 0.00180416, -0.999996, 0.848301, 0.000553742, -0.999998, -0.00180287, 1.0218, 0, 0, 0, 1
-0.999997, -0.000540607, -0.00238668, 0.29095, 0.00238568, 0.00185387, -0.999995, 0.848308, 0.000545029, -0.999998, -0.00185257, 1.0218, 0, 0, 0, 1
-0.999997, -0.000531518, -0.00244295, 0.290952, 0.00244193, 0.00190445, -0.999995, 0.848314, 0.000536168, -0.999998, -0.00190315, 1.02179, 0, 0, 0, 1
-0.999997, -0.000522272, -0.00250018, 0.290954, 0.00249916, 0.00195592, -0.999995, 0.848321, 0.000527159, -0.999998, -0.00195461, 1.02179, 0, 0, 0, 1
-0.999997, -0.000512867, -0.0025584, 0.290956, 0.00255737, 0.00200827, -0.999995, 0.848327, 0.000518002, -0.999998, -0.00200695, 1.02179, 0, 0, 0, 1
-0.999996, -0.000503305, -0.0026176, 0.290957, 0.00261655, 0.00206149, -0.999994, 0.848334, 0.000508698, -0.999998, -0.00206017, 1.02179, 0, 0, 0, 1
-0.999996, -0.000493584, -0.00267777, 0.290959, 0.00267672, 0.0021156, -0.999994, 0.848341, 0.000499247, -0.999998, -0.00211427, 1.02179, 0, 0, 0, 1
-0.999996, -0.000483706, -0.00273892, 0.290961, 0.00273787, 0.00217059, -0.999994, 0.848348, 0.000489648, -0.999998, -0.00216926, 1.02179, 0, 0, 0, 1
-0.999996, -0.00047367, -0.00280106, 0.290963, 0.00279999, 0.00222645, -0.999994, 0.848355, 0.000479903, -0.999997, -0.00222512, 1.02179, 0, 0, 0, 1
-0.999996, -0.000463476, -0.00286417, 0.290965, 0.0028631, 0.0022832, -0.999993, 0.848363, 0.000470012, -0.999997, -0.00228186, 1.02178, 0, 0, 0, 1
-0.999996, -0.000453124, -0.00292825, 0.290967, 0.00292719, 0.00234083, -0.999993, 0.84837, 0.000459975, -0.999997, -0.00233949, 1.02178, 0, 0, 0, 1
-0.999995, -0.000442614, -0.00299332, 0.290969, 0.00299225, 0.00239933, -0.999993, 0.848378, 0.000449793, -0.999997, -0.002398, 1.02178, 0, 0, 0, 1
-0.999995, -0.000431946, -0.00305937, 0.290971, 0.00305829, 0.00245872, -0.999992, 0.848385, 0.000439465, -0.999997, -0.00245738, 1.02178, 0, 0, 0, 1
-0.999995, -0.000421121, -0.00312639, 0.290973, 0.00312532, 0.00251898, -0.999992, 0.848393, 0.000428992, -0.999997, -0.00251765, 1.02178, 0, 0, 0, 1
-0.999995, -0.000410137, -0.00319439, 0.290975, 0.00319332, 0.00258013, -0.999992, 0.848401, 0.000418376, -0.999997, -0.0025788, 1.02178, 0, 0, 0, 1
-0.999995, -0.000398996, -0.00326337, 0.290978, 0.00326231, 0.00264215, -0.999991, 0.848409, 0.000407615, -0.999996, -0.00264084, 1.02177, 0, 0, 0, 1
-0.999994, -0.000387697, -0.00333333, 0.29098, 0.00333227, 0.00270506, -0.999991, 0.848417, 0.00039671, -0.999996, -0.00270375, 1.02177, 0, 0, 0, 1
-0.999994, -0.00037624, -0.00340427, 0.290982, 0.00340321, 0.00276884, -0.99999, 0.848425, 0.000385662, -0.999996, -0.00276755, 1.02177, 0, 0, 0, 1
-0.999994, -0.000364625, -0.00347618, 0.290984, 0.00347514, 0.00283351, -0.99999, 0.848433, 0.000374471, -0.999996, -0.00283222, 1.02177, 0, 0, 0, 1
-0.999994, -0.000352852, -0.00354908, 0.290986, 0.00354804, 0.00289905, -0.99999, 0.848442, 0.000363137, -0.999996, -0.00289778, 1.02177, 0, 0, 0, 1
-0.999993, -0.000340922, -0.00362295, 0.290989, 0.00362192, 0.00296547, -0.999989, 0.84845, 0.000351662, -0.999996, -0.00296422, 1.02177, 0, 0, 0, 1
-0.999993, -0.000328834, -0.0036978, 0.290991, 0.00369679, 0.00303278, -0.999989, 0.848459, 0.000340044, -0.999995, -0.00303154, 1.02176, 0, 0, 0, 1
-0.999993, -0.000316588, -0.00377363, 0.290993, 0.00377263, 0.00310096, -0.999988, 0.848468, 0.000328286, -0.999995, -0.00309975, 1.02176, 0, 0, 0, 1
-0.999993, -0.000304184, -0.00385044, 0.290996, 0.00384945, 0.00317003, -0.999988, 0.848476, 0.000316386, -0.999995, -0.00316883, 1.02176, 0, 0, 0, 1
-0.999992, -0.000291622, -0.00392822, 0.290998, 0.00392726, 0.00323997, -0.999987, 0.848485, 0.000304346, -0.999995, -0.0032388, 1.02176, 0, 0, 0, 1
-0.999992, -0.000278903, -0.00400699, 0.291001, 0.00400604, 0.00331079, -0.999986, 0.848495, 0.000292165, -0.999994, -0.00330965, 1.02176, 0, 0, 0, 1
-0.999992, -0.000266026, -0.00408673, 0.291003, 0.00408581, 0.00338249, -0.999986, 0.848504, 0.000279845, -0.999994, -0.00338138, 1.02175, 0, 0, 0, 1
-0.999991, -0.000252991, -0.00416745, 0.291006, 0.00416655, 0.00345508, -0.999985, 0.848513, 0.000267386, -0.999994, -0.00345399, 1.02175, 0, 0, 0, 1
-0.999991, -0.000239798, -0.00424915, 0.291008, 0.00424828, 0.00352854, -0.999985, 0.848523, 0.000254788, -0.999994, -0.00352749, 1.02175, 0, 0, 0, 1
-0.999991, -0.000226448, -0.00433183, 0.291011, 0.00433098, 0.00360288, -0.999984, 0.848532, 0.000242052, -0.999993, -0.00360187, 1.02175, 0, 0, 0, 1
-0.99999, -0.00021294, -0.00441549, 0.291013, 0.00441467, 0.0036781, -0.999983, 0.848542, 0.000229177, -0.999993, -0.00367713, 1.02175, 0, 0, 0, 1
-0.99999, -0.000199274, -0.00450012, 0.291016, 0.00449934, 0.00375421, -0.999983, 0.848551, 0.000216165, -0.999993, -0.00375327, 1.02174, 0, 0, 0, 1
-0.999989, -0.000185451, -0.00458573, 0.291019, 0.00458499, 0.00383119, -0.999982, 0.848561, 0.000203017, -0.999993, -0.0038303, 1.02174, 0, 0, 0, 1
-0.999989, -0.00017147, -0.00467233, 0.291021, 0.00467162, 0.00390905, -0.999981, 0.848571, 0.000189731, -0.999992, -0.00390821, 1.02174, 0, 0, 0, 1
-0.999989, -0.000157331, -0.0047599, 0.291024, 0.00475923, 0.00398779, -0.999981, 0.848582, 0.00017631, -0.999992, -0.003987, 1.02174, 0, 0, 0, 1
-0.999988, -0.000143035, -0.00484844, 0.291027, 0.00484782, 0.00406741, -0.99998, 0.848592, 0.000162752, -0.999992, -0.00406667, 1.02174, 0, 0, 0, 1
-0.999988, -0.000128581, -0.00493797, 0.291029, 0.00493739, 0.00414791, -0.999979, 0.848602, 0.00014906, -0.999991, -0.00414723, 1.02173, 0, 0, 0, 1
-0.999987, -0.000113969, -0.00502848, 0.291032, 0.00502795, 0.00422929, -0.999978, 0.848613, 0.000135233, -0.999991, -0.00422867, 1.02173, 0, 0, 0, 1
-0.999987, -9.91995e-05, -0.00511996, 0.291035, 0.00511948, 0.00431155, -0.999978, 0.848623, 0.000121272, -0.999991, -0.00431099, 1.02173, 0, 0, 0, 1
-0.999986, -8.42725e-05, -0.00521242, 0.291038, 0.005212, 0.0043947, -0.999977, 0.848634, 0.000107178, -0.99999, -0.0043942, 1.02173, 0, 0, 0, 1
-0.999986, -6.91879e-05, -0.00530586, 0.291041, 0.0053055, 0.00447872, -0.999976, 0.848645, 9.29497e-05, -0.99999, -0.00447829, 1.02173, 0, 0, 0, 1
-0.999985, -5.39457e-05, -0.00540028, 0.291044, 0.00539998, 0.00456362, -0.999975, 0.848656, 7.85892e-05, -0.99999, -0.00456326, 1.02172, 0, 0, 0, 1
-0.999985, -3.85459e-05, -0.00549568, 0.291047, 0.00549544, 0.0046494, -0.999974, 0.848667, 6.40965e-05, -0.999989, -0.00464911, 1.02172, 0, 0, 0, 1
-0.999984, -2.29885e-05, -0.00559205, 0.29105, 0.00559188, 0.00473606, -0.999973, 0.848678, 4.94722e-05, -0.999989, -0.00473585, 1.02172, 0, 0, 0, 1
-0.999984, -7.27359e-06, -0.00568941, 0.291053, 0.00568931, 0.0048236, -0.999972, 0.848689, 3.47168e-05, -0.999988, -0.00482348, 1.02172, 0, 0, 0, 1
-0.999983, 8.59892e-06, -0.00578774, 0.291056, 0.00578771, 0.00491201, -0.999971, 0.8487, 1.98308e-05, -0.999988, -0.00491198, 1.02171, 0, 0, 0, 1
-0.999983, 2.4629e-05, -0.00588705, 0.291059, 0.0058871, 0.00500131, -0.99997, 0.848712, 4.81475e-06, -0.999987, -0.00500137, 1.02171, 0, 0, 0, 1
-0.999982, 4.08166e-05, -0.00598734, 0.291062, 0.00598747, 0.00509149, -0.999969, 0.848723, -1.03308e-05, -0.999987, -0.00509165, 1.02171, 0, 0, 0, 1
-0.999981, 5.71617e-05, -0.00608861, 0.291065, 0.00608882, 0.00518255, -0.999968, 0.848735, -2.56053e-05, -0.999987, -0.0051828, 1.02171, 0, 0, 0, 1
-0.999981, 7.36643e-05, -0.00619085, 0.291068, 0.00619116, 0.00527449, -0.999967, 0.848747, -4.10083e-05, -0.999986, -0.00527485, 1.0217, 0, 0, 0, 1
-0.99998, 9.03244e-05, -0.00629408, 0.291071, 0.00629447, 0.00536731, -0.999966, 0.848759, -5.65391e-05, -0.999986, -0.00536777, 1.0217, 0, 0, 0, 1
-0.99998, 0.000107142, -0.00639828, 0.291075, 0.00639877, 0.00546101, -0.999965, 0.848771, -7.21972e-05, -0.999985, -0.00546158, 1.0217, 0, 0, 0, 1
-0.999979, 0.000124117, -0.00650346, 0.291078, 0.00650405, 0.00555559, -0.999963, 0.848783, -8.79821e-05, -0.999985, -0.00555628, 1.0217, 0, 0, 0, 1
-0.999978, 0.00014125, -0.00660962, 0.291081, 0.00661031, 0.00565104, -0.999962, 0.848795, -0.000103893, -0.999984, -0.00565185, 1.02169, 0, 0, 0, 1
-0.999977, 0.00015854, -0.00671676, 0.291085, 0.00671756, 0.00574738, -0.999961, 0.848808, -0.00011993, -0.999983, -0.00574832, 1.02169, 0, 0, 0, 1
-0.999977, 0.000175987, -0.00682487, 0.291088, 0.00682579, 0.0058446, -0.99996, 0.84882, -0.000136091, -0.999983, -0.00584567, 1.02169, 0, 0, 0, 1
-0.999976, 0.000193592, -0.00693397, 0.291091, 0.006935, 0.0059427, -0.999958, 0.848833, -0.000152377, -0.999982, -0.0059439, 1.02169, 0, 0, 0, 1
-0.999975, 0.000211354, -0.00704404, 0.291095, 0.00704519, 0.00604168, -0.999957, 0.848846, -0.000168787, -0.999982, -0.00604301, 1.02168, 0, 0, 0, 1
-0.999974, 0.000229274, -0.00715509, 0.291098, 0.00715636, 0.00614153, -0.999956, 0.848858, -0.000185321, -0.999981, -0.00614302, 1.02168, 0, 0, 0, 1
-0.999974, 0.000247351, -0.00726712, 0.291102, 0.00726852, 0.00624227, -0.999954, 0.848871, -0.000201976, -0.99998, -0.0062439, 1.02168, 0, 0, 0, 1
-0.999973, 0.000265586, -0.00738013, 0.291105, 0.00738166, 0.00634389, -0.999953, 0.848884, -0.000218754, -0.99998, -0.00634567, 1.02168, 0, 0, 0, 1
-0.999972, 0.000283977, -0.00749411, 0.291109, 0.00749579, 0.00644638, -0.999951, 0.848898, -0.000235654, -0.999979, -0.00644833, 1.02167, 0, 0, 0, 1
-0.999971, 0.000302526, -0.00760908, 0.291112, 0.0076109, 0.00654976, -0.99995, 0.848911, -0.000252674, -0.999979, -0.00655187, 1.02167, 0, 0, 0, 1
-0.99997, 0.000321233, -0.00772502, 0.291116, 0.00772699, 0.00665402, -0.999948, 0.848924, -0.000269814, -0.999978, -0.0066563, 1.02167, 0, 0, 0, 1
-0.999969, 0.000340097, -0.00784194, 0.291119, 0.00784406, 0.00675915, -0.999946, 0.848938, -0.000287074, -0.999977, -0.00676161, 1.02167, 0, 0, 0, 1
-0.999968, 0.000359118, -0.00795984, 0.291123, 0.00796212, 0.00686517, -0.999945, 0.848952, -0.000304452, -0.999976, -0.00686781, 1.02166, 0, 0, 0, 1
-0.999967, 0.000378296, -0.00807872, 0.291127, 0.00808116, 0.00697206, -0.999943, 0.848965, -0.000321949, -0.999976, -0.00697489, 1.02166, 0, 0, 0, 1
-0.999966, 0.000397632, -0.00819857, 0.29113, 0.00820118, 0.00707984, -0.999941, 0.848979, -0.000339564, -0.999975, -0.00708286, 1.02166, 0, 0, 0, 1
-0.999965, 0.000417125, -0.00831941, 0.291134, 0.00832219, 0.00718849, -0.99994, 0.848993, -0.000357296, -0.999974, -0.00719172, 1.02165, 0, 0, 0, 1
-0.999964, 0.000436775, -0.00844122, 0.291138, 0.00844418, 0.00729803, -0.999938, 0.849007, -0.000375144, -0.999973, -0.00730146, 1.02165, 0, 0, 0, 1
-0.999963, 0.000456583, -0.00856401, 0.291142, 0.00856716, 0.00740844, -0.999936, 0.849022, -0.000393107, -0.999972, -0.00741208, 1.02165, 0, 0, 0, 1
-0.999962, 0.000476547, -0.00868778, 0.291146, 0.00869112, 0.00751974, -0.999934, 0.849036, -0.000411186, -0.999972, -0.0075236, 1.02165, 0, 0, 0, 1
-0.999961, 0.000496669, -0.00881253, 0.291149, 0.00881606, 0.00763191, -0.999932, 0.84905, -0.000429379, -0.999971, -0.007636, 1.02164, 0, 0, 0, 1
-0.99996, 0.000516948, -0.00893825, 0.291153, 0.00894199, 0.00774497, -0.99993, 0.849065, -0.000447686, -0.99997, -0.00774928, 1.02164, 0, 0, 0, 1
-0.999959, 0.000537385, -0.00906495, 0.291157, 0.0090689, 0.0078589, -0.999928, 0.84908, -0.000466105, -0.999969, -0.00786345, 1.02164, 0, 0, 0, 1
-0.999958, 0.000557978, -0.00919264, 0.291161, 0.00919679, 0.00797372, -0.999926, 0.849094, -0.000484637, -0.999968, -0.00797851, 1.02163, 0, 0, 0, 1
-0.999956, 0.000578729, -0.0093213, 0.291165, 0.00932567, 0.00808941, -0.999924, 0.849109, -0.000503281, -0.999967, -0.00809446, 1.02163, 0, 0, 0, 1
-0.999955, 0.000599636, -0.00945093, 0.291169, 0.00945554, 0.00820598, -0.999922, 0.849124, -0.000522035, -0.999966, -0.00821129, 1.02163, 0, 0, 0, 1
-0.999954, 0.000620701, -0.00958155, 0.291173, 0.00958639, 0.00832344, -0.999919, 0.849139, -0.0005409, -0.999965, -0.00832901, 1.02163, 0, 0, 0, 1
-0.999953, 0.000641923, -0.00971315, 0.291177, 0.00971822, 0.00844177, -0.999917, 0.849155, -0.000559874, -0.999964, -0.00844761, 1.02162, 0, 0, 0, 1
-0.999951, 0.000663302, -0.00984572, 0.291181, 0.00985104, 0.00856098, -0.999915, 0.84917, -0.000578956, -0.999963, -0.0085671, 1.02162, 0, 0, 0, 1
-0.99995, 0.000684838, -0.00997927, 0.291186, 0.00998484, 0.00868108, -0.999912, 0.849185, -0.000598147, -0.999962, -0.00868748, 1.02162, 0, 0, 0, 1
-0.999949, 0.000706531, -0.0101138, 0.29119, 0.0101196, 0.00880205, -0.99991, 0.849201, -0.000617446, -0.999961, -0.00880875, 1.02161, 0, 0, 0, 1
-0.999947, 0.000728381, -0.0102493, 0.291194, 0.0102554, 0.0089239, -0.999908, 0.849217, -0.00063685, -0.99996, -0.0089309, 1.02161, 0, 0, 0, 1
-0.999946, 0.000750389, -0.0103858, 0.291198, 0.0103922, 0.00904664, -0.999905, 0.849233, -0.000656361, -0.999959, -0.00905394, 1.02161, 0, 0, 0, 1
-0.999944, 0.000772553, -0.0105233, 0.291202, 0.0105299, 0.00917025, -0.999903, 0.849249, -0.000675977, -0.999958, -0.00917787, 1.0216, 0, 0, 0, 1
-0.999943, 0.000794874, -0.0106617, 0.291207, 0.0106686, 0.00929474, -0.9999, 0.849265, -0.000695697, -0.999956, -0.00930269, 1.0216, 0, 0, 0, 1
-0.999941, 0.000817352, -0.0108011, 0.291211, 0.0108083, 0.00942011, -0.999897, 0.849281, -0.000715521, -0.999955, -0.00942839, 1.0216, 0, 0, 0, 1
-0.99994, 0.000839988, -0.0109415, 0.291215, 0.010949, 0.00954636, -0.999894, 0.849297, -0.000735447, -0.999954, -0.00955498, 1.02159, 0, 0, 0, 1
-0.999938, 0.00086278, -0.0110829, 0.29122, 0.0110907, 0.00967349, -0.999892, 0.849313, -0.000755476, -0.999953, -0.00968246, 1.02159, 0, 0, 0, 1
-0.999937, 0.000885729, -0.0112252, 0.291224, 0.0112334, 0.0098015, -0.999889, 0.84933, -0.000775606, -0.999952, -0.00981083, 1.02159, 0, 0, 0, 1
-0.999935, 0.000908835, -0.0113686, 0.291229, 0.0113771, 0.0099304, -0.999886, 0.849347, -0.000795837, -0.99995, -0.00994009, 1.02158, 0, 0, 0, 1
-0.999933, 0.000932098, -0.0115129, 0.291233, 0.0115217, 0.0100602, -0.999883, 0.849363, -0.000816167, -0.999949, -0.0100702, 1.02158, 0, 0, 0, 1
-0.999932, 0.000955517, -0.0116582, 0.291238, 0.0116673, 0.0101908, -0.99988, 0.84938, -0.000836596, -0.999948, -0.0102013, 1.02158, 0, 0, 0, 1
-0.99993, 0.000979094, -0.0118045, 0.291242, 0.0118139, 0.0103223, -0.999877, 0.849397, -0.000857124, -0.999946, -0.0103332, 1.02157, 0, 0, 0, 1
-0.999928, 0.00100283, -0.0119517, 0.291247, 0.0119615, 0.0104548, -0.999874, 0.849414, -0.000877749, -0.999945, -0.010466, 1.02157, 0, 0, 0, 1
-0.999926, 0.00102672, -0.0120999, 0.291251, 0.0121101, 0.010588, -0.999871, 0.849431, -0.00089847, -0.999943, -0.0105997, 1.02157, 0, 0, 0, 1
-0.999924, 0.00105076, -0.0122491, 0.291256, 0.0122597, 0.0107222, -0.999867, 0.849449, -0.000919288, -0.999942, -0.0107343, 1.02156, 0, 0, 0, 1
-0.999923, 0.00107497, -0.0123993, 0.291261, 0.0124102, 0.0108573, -0.999864, 0.849466, -0.0009402, -0.99994, -0.0108698, 1.02156, 0, 0, 0, 1
-0.999921, 0.00109933, -0.0125505, 0.291265, 0.0125618, 0.0109932, -0.999861, 0.849484, -0.000961207, -0.999939, -0.0110061, 1.02156, 0, 0, 0, 1
-0.999919, 0.00112385, -0.0127026, 0.29127, 0.0127143, 0.01113, -0.999857, 0.849501, -0.000982306, -0.999937, -0.0111434, 1.02155, 0, 0, 0, 1
-0.999917, 0.00114852, -0.0128557, 0.291275, 0.0128678, 0.0112677, -0.999854, 0.849519, -0.0010035, -0.999936, -0.0112815, 1.02155, 0, 0, 0, 1
-0.999915, 0.00117335, -0.0130098, 0.291279, 0.0130223, 0.0114063, -0.99985, 0.849537, -0.00102478, -0.999934, -0.0114206, 1.02155, 0, 0, 0, 1
-0.999913, 0.00119834, -0.0131649, 0.291284, 0.0131778, 0.0115457, -0.999847, 0.849555, -0.00104616, -0.999933, -0.0115605, 1.02154, 0, 0, 0, 1
-0.999911, 0.00122348, -0.0133209, 0.291289, 0.0133343, 0.011686, -0.999843, 0.849573, -0.00106762, -0.999931, -0.0117013, 1.02154, 0, 0, 0, 1
-0.999908, 0.00124878, -0.0134779, 0.291294, 0.0134918, 0.0118272, -0.999839, 0.849591, -0.00108918, -0.999929, -0.011843, 1.02154, 0, 0, 0, 1
-0.999906, 0.00127424, -0.0136359, 0.291299, 0.0136502, 0.0119693, -0.999835, 0.84961, -0.00111082, -0.999928, -0.0119856, 1.02153, 0, 0, 0, 1
-0.999904, 0.00129986, -0.0137949, 0.291304, 0.0138097, 0.0121123, -0.999831, 0.849628, -0.00113255, -0.999926, -0.0121291, 1.02153, 0, 0, 0, 1
-0.999902, 0.00132563, -0.0139549, 0.291309, 0.0139701, 0.0122561, -0.999827, 0.849647, -0.00115437, -0.999924, -0.0122735, 1.02153, 0, 0, 0, 1
-0.999899, 0.00135155, -0.0141158, 0.291314, 0.0141315, 0.0124009, -0.999823, 0.849665, -0.00117627, -0.999922, -0.0124187, 1.02152, 0, 0, 0, 1
-0.999897, 0.00137764, -0.0142777, 0.291319, 0.0142939, 0.0125465, -0.999819, 0.849684, -0.00119825, -0.99992, -0.0125649, 1.02152, 0, 0, 0, 1
-0.999895, 0.00140388, -0.0144406, 0.291324, 0.0144573, 0.012693, -0.999815, 0.849703, -0.00122033, -0.999918, -0.0127119, 1.02151, 0, 0, 0, 1
-0.999892, 0.00143028, -0.0146045, 0.291329, 0.0146217, 0.0128403, -0.999811, 0.849722, -0.00124248, -0.999917, -0.0128599, 1.02151, 0, 0, 0, 1
-0.99989, 0.00145683, -0.0147694, 0.291334, 0.014787, 0.0129886, -0.999806, 0.849741, -0.00126472, -0.999915, -0.0130087, 1.02151, 0, 0, 0, 1
-0.999887, 0.00148354, -0.0149352, 0.291339, 0.0149534, 0.0131377, -0.999802, 0.849761, -0.00128703, -0.999913, -0.0131584, 1.0215, 0, 0, 0, 1
-0.999885, 0.00151041, -0.015102, 0.291344, 0.0151207, 0.0132877, -0.999797, 0.84978, -0.00130943, -0.999911, -0.013309, 1.0215, 0, 0, 0, 1
-0.999882, 0.00153743, -0.0152698, 0.291349, 0.0152891, 0.0134386, -0.999793, 0.8498, -0.00133191, -0.999909, -0.0134605, 1.0215, 0, 0, 0, 1
-0.99988, 0.00156461, -0.0154385, 0.291355, 0.0154584, 0.0135903, -0.999788, 0.849819, -0.00135446, -0.999906, -0.0136129, 1.02149, 0, 0, 0, 1
-0.999877, 0.00159195, -0.0156083, 0.29136, 0.0156287, 0.013743, -0.999783, 0.849839, -0.0013771, -0.999904, -0.0137662, 1.02149, 0, 0, 0, 1
-0.999874, 0.00161944, -0.015779, 0.291365, 0.0158, 0.0138965, -0.999779, 0.849859, -0.00139981, -0.999902, -0.0139203, 1.02149, 0, 0, 0, 1
-0.999871, 0.00164709, -0.0159507, 0.29137, 0.0159723, 0.0140509, -0.999774, 0.849879, -0.00142259, -0.9999, -0.0140754, 1.02148, 0, 0, 0, 1
-0.999869, 0.00167489, -0.0161234, 0.291376, 0.0161455, 0.0142062, -0.999769, 0.849899, -0.00144545, -0.999898, -0.0142314, 1.02148, 0, 0, 0, 1
-0.999866, 0.00170285, -0.016297, 0.291381, 0.0163198, 0.0143624, -0.999764, 0.849919, -0.00146839, -0.999895, -0.0143882, 1.02147, 0, 0, 0, 1
-0.999863, 0.00173097, -0.0164716, 0.291387, 0.0164951, 0.0145194, -0.999759, 0.849939, -0.00149139, -0.999893, -0.014546, 1.02147, 0, 0, 0, 1
-0.99986, 0.00175925, -0.0166472, 0.291392, 0.0166713, 0.0146773, -0.999753, 0.84996, -0.00151447, -0.999891, -0.0147046, 1.02147, 0, 0, 0, 1
-0.999857, 0.00178768, -0.0168238, 0.291398, 0.0168485, 0.0148361, -0.999748, 0.84998, -0.00153762, -0.999888, -0.0148641, 1.02146, 0, 0, 0, 1
-0.999854, 0.00181626, -0.0170014, 0.291403, 0.0170267, 0.0149958, -0.999743, 0.850001, -0.00156085, -0.999886, -0.0150245, 1.02146, 0, 0, 0, 1
-0.999851, 0.00184501, -0.0171799, 0.291409, 0.0172059, 0.0151564, -0.999737, 0.850022, -0.00158413, -0.999883, -0.0151858, 1.02145, 0, 0, 0, 1
-0.999848, 0.0018739, -0.0173594, 0.291414, 0.0173861, 0.0153178, -0.999732, 0.850043, -0.00160749, -0.999881, -0.015348, 1.02145, 0, 0, 0, 1
-0.999844, 0.00190296, -0.0175399, 0.29142, 0.0175673, 0.0154801, -0.999726, 0.850064, -0.00163092, -0.999878, -0.0155111, 1.02145, 0, 0, 0, 1
-0.999841, 0.00193217, -0.0177214, 0.291425, 0.0177495, 0.0156433, -0.99972, 0.850085, -0.00165441, -0.999876, -0.0156751, 1.02144, 0, 0, 0, 1
-0.999838, 0.00196154, -0.0179039, 0.291431, 0.0179327, 0.0158074, -0.999714, 0.850106, -0.00167796, -0.999873, -0.01584, 1.02144, 0, 0, 0, 1
-0.999834, 0.00199106, -0.0180873, 0.291437, 0.0181168, 0.0159724, -0.999708, 0.850127, -0.00170158, -0.99987, -0.0160058, 1.02144, 0, 0, 0, 1
-0.999831, 0.00202074, -0.0182717, 0.291442, 0.018302, 0.0161382, -0.999702, 0.850149, -0.00172527, -0.999868, -0.0161724, 1.02143, 0, 0, 0, 1
-0.999828, 0.00205058, -0.0184571, 0.291448, 0.0184881, 0.0163049, -0.999696, 0.85017, -0.00174901, -0.999865, -0.01634, 1.02143, 0, 0, 0, 1
-0.999824, 0.00208057, -0.0186434, 0.291454, 0.0186752, 0.0164725, -0.99969, 0.850192, -0.00177282, -0.999862, -0.0165085, 1.02142, 0, 0, 0, 1
-0.99982, 0.00211072, -0.0188308, 0.29146, 0.0188633, 0.016641, -0.999684, 0.850214, -0.00179669, -0.999859, -0.0166778, 1.02142, 0, 0, 0, 1
-0.999817, 0.00214102, -0.0190191, 0.291465, 0.0190524, 0.0168103, -0.999677, 0.850236, -0.00182061, -0.999856, -0.016848, 1.02142, 0, 0, 0, 1
-0.999813, 0.00217148, -0.0192084, 0.291471, 0.0192425, 0.0169806, -0.999671, 0.850258, -0.0018446, -0.999853, -0.0170192, 1.02141, 0, 0, 0, 1
-0.999809, 0.0022021, -0.0193987, 0.291477, 0.0194336, 0.0171517, -0.999664, 0.85028, -0.00186864, -0.99985, -0.0171912, 1.02141, 0, 0, 0, 1
-0.999806, 0.00223287, -0.0195899, 0.291483, 0.0196257, 0.0173237, -0.999657, 0.850302, -0.00189274, -0.999847, -0.0173641, 1.0214, 0, 0, 0, 1
-0.999802, 0.0022638, -0.0197821, 0.291489, 0.0198188, 0.0174965, -0.99965, 0.850325, -0.00191689, -0.999844, -0.0175379, 1.0214, 0, 0, 0, 1
-0.999798, 0.00229488, -0.0199753, 0.291495, 0.0200128, 0.0176703, -0.999644, 0.850347, -0.00194109, -0.999841, -0.0177127, 1.02139, 0, 0, 0, 1
-0.999794, 0.00232612, -0.0201695, 0.291501, 0.0202079, 0.0178449, -0.999637, 0.85037, -0.00196535, -0.999838, -0.0178883, 1.02139, 0, 0, 0, 1
-0.99979, 0.00235752, -0.0203647, 0.291507, 0.0204039, 0.0180204, -0.999629, 0.850393, -0.00198966, -0.999835, -0.0180648, 1.02139, 0, 0, 0, 1
-0.999786, 0.00238907, -0.0205608, 0.291513, 0.0206009, 0.0181968, -0.999622, 0.850416, -0.00201403, -0.999832, -0.0182422, 1.02138, 0, 0, 0, 1
-0.999782, 0.00242078, -0.0207579, 0.291519, 0.0207989, 0.0183741, -0.999615, 0.850439, -0.00203844, -0.999828, -0.0184204, 1.02138, 0, 0, 0, 1
-0.999777, 0.00245264, -0.020956, 0.291525, 0.020998, 0.0185523, -0.999607, 0.850462, -0.0020629, -0.999825, -0.0185996, 1.02137, 0, 0, 0, 1
-0.999773, 0.00248466, -0.0211551, 0.291531, 0.021198, 0.0187313, -0.9996, 0.850485, -0.0020874, -0.999821, -0.0187797, 1.02137, 0, 0, 0, 1
-0.999769, 0.00251683, -0.0213551, 0.291538, 0.021399, 0.0189112, -0.999592, 0.850508, -0.00211196, -0.999818, -0.0189607, 1.02137, 0, 0, 0, 1
-0.999764, 0.00254916, -0.0215561, 0.291544, 0.0216009, 0.019092, -0.999584, 0.850532, -0.00213655, -0.999814, -0.0191425, 1.02136, 0, 0, 0, 1
-0.99976, 0.00258165, -0.0217581, 0.29155, 0.0218039, 0.0192736, -0.999576, 0.850555, -0.0021612, -0.999811, -0.0193253, 1.02136, 0, 0, 0, 1
-0.999755, 0.00261429, -0.0219611, 0.291556, 0.0220079, 0.0194562, -0.999568, 0.850579, -0.00218588, -0.999807, -0.019509, 1.02135, 0, 0, 0, 1
-0.999751, 0.00264709, -0.0221651, 0.291563, 0.0222129, 0.0196396, -0.99956, 0.850603, -0.00221061, -0.999804, -0.0196935, 1.02135, 0, 0, 0, 1
-0.999746, 0.00268004, -0.02237, 0.291569, 0.0224188, 0.0198239, -0.999552, 0.850627, -0.00223538, -0.9998, -0.019879, 1.02134, 0, 0, 0, 1
-0.999741, 0.00271315, -0.0225759, 0.291575, 0.0226258, 0.0200091, -0.999544, 0.850651, -0.00226019, -0.999796, -0.0200653, 1.02134, 0, 0, 0, 1
-0.999737, 0.00274642, -0.0227828, 0.291582, 0.0228337, 0.0201952, -0.999535, 0.850675, -0.00228504, -0.999792, -0.0202526, 1.02134, 0, 0, 0, 1
-0.999732, 0.00277984, -0.0229907, 0.291588, 0.0230426, 0.0203821, -0.999527, 0.850699, -0.00230992, -0.999788, -0.0204407, 1.02133, 0, 0, 0, 1
-0.999727, 0.00281341, -0.0231995, 0.291595, 0.0232525, 0.0205699, -0.999518, 0.850724, -0.00233484, -0.999784, -0.0206297, 1.02133, 0, 0, 0, 1
-0.999722, 0.00284714, -0.0234093, 0.291601, 0.0234635, 0.0207586, -0.999509, 0.850748, -0.0023598, -0.99978, -0.0208197, 1.02132, 0, 0, 0, 1
-0.999717, 0.00288103, -0.0236201, 0.291608, 0.0236754, 0.0209482, -0.9995, 0.850773, -0.00238479, -0.999776, -0.0210105, 1.02132, 0, 0, 0, 1
-0.999712, 0.00291507, -0.0238319, 0.291614, 0.0238883, 0.0211387, -0.999491, 0.850797, -0.00240981, -0.999772, -0.0212022, 1.02131, 0, 0, 0, 1
-0.999707, 0.00294927, -0.0240446, 0.291621, 0.0241022, 0.02133, -0.999482, 0.850822, -0.00243487, -0.999768, -0.0213948, 1.02131, 0, 0, 0, 1
-0.999701, 0.00298362, -0.0242584, 0.291627, 0.0243171, 0.0215222, -0.999473, 0.850847, -0.00245995, -0.999764, -0.0215884, 1.02131, 0, 0, 0, 1
-0.999696, 0.00301813, -0.0244731, 0.291634, 0.0245329, 0.0217153, -0.999463, 0.850872, -0.00248507, -0.99976, -0.0217828, 1.0213, 0, 0, 0, 1
-0.999691, 0.00305279, -0.0246887, 0.291641, 0.0247498, 0.0219093, -0.999454, 0.850898, -0.00251021, -0.999755, -0.0219781, 1.0213, 0, 0, 0, 1
-0.999685, 0.00308761, -0.0249054, 0.291647, 0.0249677, 0.0221042, -0.999444, 0.850923, -0.00253538, -0.999751, -0.0221743, 1.02129, 0, 0, 0, 1
-0.999679, 0.00312259, -0.025123, 0.291654, 0.0251865, 0.0222999, -0.999434, 0.850948, -0.00256058, -0.999746, -0.0223714, 1.02129, 0, 0, 0, 1
-0.999674, 0.00315771, -0.0253416, 0.291661, 0.0254064, 0.0224965, -0.999424, 0.850974, -0.0025858, -0.999742, -0.0225694, 1.02128, 0, 0, 0, 1
-0.999668, 0.003193, -0.0255612, 0.291668, 0.0256272, 0.022694, -0.999414, 0.851, -0.00261104, -0.999737, -0.0227683, 1.02128, 0, 0, 0, 1
-0.999662, 0.00322844, -0.0257818, 0.291674, 0.0258491, 0.0228924, -0.999404, 0.851025, -0.00263631, -0.999733, -0.0229681, 1.02127, 0, 0, 0, 1
-0.999657, 0.00326404, -0.0260033, 0.291681, 0.0260719, 0.0230916, -0.999393, 0.851051, -0.0026616, -0.999728, -0.0231688, 1.02127, 0, 0, 0, 1
-0.999651, 0.00329979, -0.0262259, 0.291688, 0.0262957, 0.0232918, -0.999383, 0.851077, -0.0026869, -0.999723, -0.0233704, 1.02127, 0, 0, 0, 1
-0.999645, 0.00333569, -0.0264494, 0.291695, 0.0265205, 0.0234928, -0.999372, 0.851103, -0.00271223, -0.999718, -0.0235729, 1.02126, 0, 0, 0, 1
-0.999639, 0.00337175, -0.0266738, 0.291702, 0.0267463, 0.0236947, -0.999361, 0.85113, -0.00273757, -0.999714, -0.0237763, 1.02126, 0, 0, 0, 1
-0.999632, 0.00340797, -0.0268993, 0.291709, 0.0269732, 0.0238974, -0.99935, 0.851156, -0.00276293, -0.999709, -0.0239806, 1.02125, 0, 0, 0, 1
-0.999626, 0.00344434, -0.0271257, 0.291716, 0.027201, 0.0241011, -0.999339, 0.851183, -0.0027883, -0.999704, -0.0241858, 1.02125, 0, 0, 0, 1
-0.99962, 0.00348086, -0.0273531, 0.291723, 0.0274298, 0.0243056, -0.999328, 0.851209, -0.00281369, -0.999699, -0.0243918, 1.02124, 0, 0, 0, 1
-0.999613, 0.00351755, -0.0275815, 0.29173, 0.0276595, 0.024511, -0.999317, 0.851236, -0.00283909, -0.999693, -0.0245988, 1.02124, 0, 0, 0, 1
-0.999607, 0.00355438, -0.0278108, 0.291737, 0.0278903, 0.0247173, -0.999305, 0.851263, -0.0028645, -0.999688, -0.0248067, 1.02123, 0, 0, 0, 1
-0.9996, 0.00359137, -0.0280412, 0.291744, 0.0281221, 0.0249245, -0.999294, 0.85129, -0.00288993, -0.999683, -0.0250155, 1.02123, 0, 0, 0, 1
-0.999594, 0.00362852, -0.0282725, 0.291751, 0.0283549, 0.0251325, -0.999282, 0.851317, -0.00291536, -0.999678, -0.0252252, 1.02122, 0, 0, 0, 1
-0.999587, 0.00366582, -0.0285047, 0.291759, 0.0285886, 0.0253414, -0.99927, 0.851344, -0.00294079, -0.999672, -0.0254357, 1.02122, 0, 0, 0, 1
-0.99958, 0.00370328, -0.028738, 0.291766, 0.0288234, 0.0255512, -0.999258, 0.851371, -0.00296624, -0.999667, -0.0256472, 1.02122, 0, 0, 0, 1
-0.999573, 0.00374089, -0.0289722, 0.291773, 0.0290592, 0.0257619, -0.999246, 0.851399, -0.00299168, -0.999661, -0.0258596, 1.02121, 0, 0, 0, 1
-0.999566, 0.00377865, -0.0292075, 0.29178, 0.0292959, 0.0259734, -0.999233, 0.851426, -0.00301714, -0.999655, -0.0260729, 1.02121, 0, 0, 0, 1
-0.999559, 0.00381657, -0.0294436, 0.291788, 0.0295337, 0.0261859, -0.999221, 0.851454, -0.00304259, -0.99965, -0.0262871, 1.0212, 0, 0, 0, 1
-0.999552, 0.00385465, -0.0296808, 0.291795, 0.0297724, 0.0263992, -0.999208, 0.851482, -0.00306804, -0.999644, -0.0265021, 1.0212, 0, 0, 0, 1
-0.999545, 0.00389288, -0.029919, 0.291802, 0.0300121, 0.0266134, -0.999195, 0.85151, -0.0030935, -0.999638, -0.0267181, 1.02119, 0, 0, 0, 1
-0.999537, 0.00393126, -0.0301581, 0.29181, 0.0302529, 0.0268285, -0.999182, 0.851538, -0.00311895, -0.999632, -0.026935, 1.02119, 0, 0, 0, 1
-0.99953, 0.0039698, -0.0303982, 0.291817, 0.0304946, 0.0270444, -0.999169, 0.851566, -0.0031444, -0.999626, -0.0271528, 1.02118, 0, 0, 0, 1
-0.999522, 0.00400849, -0.0306392, 0.291825, 0.0307373, 0.0272612, -0.999156, 0.851594, -0.00316985, -0.99962, -0.0273714, 1.02118, 0, 0, 0, 1
-0.999515, 0.00404734, -0.0308813, 0.291832, 0.030981, 0.0274789, -0.999142, 0.851623, -0.00319529, -0.999614, -0.027591, 1.02117, 0, 0, 0, 1
-0.999507, 0.00408635, -0.0311243, 0.29184, 0.0312257, 0.0276975, -0.999129, 0.851651, -0.00322072, -0.999608, -0.0278115, 1.02117, 0, 0, 0, 1
-0.999499, 0.0041255, -0.0313683, 0.291847, 0.0314715, 0.027917, -0.999115, 0.85168, -0.00324614, -0.999602, -0.0280329, 1.02116, 0, 0, 0, 1
-0.999491, 0.00416482, -0.0316133, 0.291855, 0.0317182, 0.0281373, -0.999101, 0.851709, -0.00327156, -0.999595, -0.0282551, 1.02116, 0, 0, 0, 1
-0.999484, 0.00420428, -0.0318592, 0.291862, 0.0319659, 0.0283586, -0.999087, 0.851737, -0.00329696, -0.999589, -0.0284783, 1.02115, 0, 0, 0, 1
-0.999475, 0.00424391, -0.0321062, 0.29187, 0.0322146, 0.0285807, -0.999072, 0.851766, -0.00332235, -0.999582, -0.0287024, 1.02115, 0, 0, 0, 1
-0.999467, 0.00428368, -0.0323541, 0.291877, 0.0324642, 0.0288036, -0.999058, 0.851796, -0.00334773, -0.999576, -0.0289274, 1.02114, 0, 0, 0, 1
-0.999459, 0.00432361, -0.0326029, 0.291885, 0.0327149, 0.0290275, -0.999043, 0.851825, -0.00337309, -0.999569, -0.0291532, 1.02114, 0, 0, 0, 1
-0.999451, 0.0043637, -0.0328528, 0.291893, 0.0329666, 0.0292522, -0.999028, 0.851854, -0.00339844, -0.999563, -0.02938, 1.02114, 0, 0, 0, 1
-0.999442, 0.00440394, -0.0331036, 0.291901, 0.0332193, 0.0294779, -0.999013, 0.851884, -0.00342377, -0.999556, -0.0296077, 1.02113, 0, 0, 0, 1
-0.999434, 0.00444433, -0.0333554, 0.291908, 0.033473, 0.0297043, -0.998998, 0.851913, -0.00344908, -0.999549, -0.0298363, 1.02113, 0, 0, 0, 1
-0.999425, 0.00448488, -0.0336082, 0.291916, 0.0337276, 0.0299317, -0.998983, 0.851943, -0.00347436, -0.999542, -0.0300658, 1.02112, 0, 0, 0, 1
-0.999416, 0.00452558, -0.033862, 0.291924, 0.0339833, 0.03016, -0.998967, 0.851973, -0.00349963, -0.999535, -0.0302962, 1.02112, 0, 0, 0, 1
-0.999407, 0.00456644, -0.0341167, 0.291932, 0.03424, 0.0303891, -0.998952, 0.852003, -0.00352487, -0.999528, -0.0305274, 1.02111, 0, 0, 0, 1
-0.999398, 0.00460745, -0.0343724, 0.29194, 0.0344976, 0.0306191, -0.998936, 0.852033, -0.00355009, -0.999521, -0.0307596, 1.02111, 0, 0, 0, 1
-0.999389, 0.00464861, -0.0346291, 0.291948, 0.0347563, 0.03085, -0.99892, 0.852063, -0.00357528, -0.999513, -0.0309927, 1.0211, 0, 0, 0, 1
-0.99938, 0.00468993, -0.0348867, 0.291956, 0.0350159, 0.0310817, -0.998903, 0.852093, -0.00360045, -0.999506, -0.0312267, 1.0211, 0, 0, 0, 1
-0.999371, 0.0047314, -0.0351454, 0.291964, 0.0352766, 0.0313144, -0.998887, 0.852123, -0.00362558, -0.999498, -0.0314616, 1.02109, 0, 0, 0, 1
-0.999362, 0.00477303, -0.035405, 0.291972, 0.0355382, 0.0315479, -0.99887, 0.852154, -0.00365069, -0.999491, -0.0316974, 1.02109, 0, 0, 0, 1
-0.999352, 0.00481481, -0.0356656, 0.29198, 0.0358009, 0.0317823, -0.998853, 0.852185, -0.00367576, -0.999483, -0.0319341, 1.02108, 0, 0, 0, 1
-0.999343, 0.00485675, -0.0359271, 0.291988, 0.0360645, 0.0320176, -0.998836, 0.852215, -0.0037008, -0.999476, -0.0321717, 1.02108, 0, 0, 0, 1
-0.999333, 0.00489884, -0.0361897, 0.291996, 0.0363292, 0.0322537, -0.998819, 0.852246, -0.0037258, -0.999468, -0.0324102, 1.02107, 0, 0, 0, 1
-0.999323, 0.00494108, -0.0364532, 0.292004, 0.0365948, 0.0324908, -0.998802, 0.852277, -0.00375077, -0.99946, -0.0326496, 1.02107, 0, 0, 0, 1
-0.999313, 0.00498348, -0.0367177, 0.292012, 0.0368614, 0.0327287, -0.998784, 0.852308, -0.0037757, -0.999452, -0.0328899, 1.02106, 0, 0, 0, 1
-0.999303, 0.00502603, -0.0369831, 0.29202, 0.0371291, 0.0329675, -0.998767, 0.85234, -0.00380059, -0.999444, -0.0331311, 1.02106, 0, 0, 0, 1
-0.999293, 0.00506874, -0.0372496, 0.292029, 0.0373977, 0.0332071, -0.998749, 0.852371, -0.00382544, -0.999436, -0.0333732, 1.02105, 0, 0, 0, 1
