-0.999999, -0.000797434, -0.000797196, 0.290901, 0.000796858, 0.000424669, -1, 0.848124, 0.000797772, -1, -0.000424033, 1.02183, 0, 0, 0, 1
-0.999999, -0.000797403, -0.000797342, 0.290901, 0.000797003, 0.000425164, -1, 0.848124, 0.000797742, -1, -0.000424528, 1.02183, 0, 0, 0, 1
-0.999999, -0.00079731, -0.000797779, 0.290901, 0.000797439, 0.00042665, -1, 0.848125, 0.00079765, -1, -0.000426014, 1.02183, 0, 0, 0, 1
-0.999999, -0.000797155, -0.000798507, 0.290901, 0.000798165, 0.000429126, -1, 0.848125, 0.000797497, -1, -0.000428489, 1.02183, 0, 0, 0, 1
-0.999999, -0.000796938, -0.000799527, 0.290901, 0.000799183, 0.000432592, -1, 0.848126, 0.000797283, -1, -0.000431955, 1.02183, 0, 0, 0, 1
-0.999999, -0.000796659, -0.000800839, 0.290901, 0.000800491, 0.000437049, -1, 0.848126, 0.000797008, -1, -0.000436411, 1.02183, 0, 0, 0, 1
-0.999999, -0.000796317, -0.000802441, 0.290901, 0.000802089, 0.000442496, -1, 0.848127, 0.000796672, -1, -0.000441857, 1.02183, 0, 0, 0, 1
-0.999999, -0.000795914, -0.000804335, 0.290901, 0.000803978, 0.000448934, -1, 0.848129, 0.000796275, -1, -0.000448294, 1.02183, 0, 0, 0, 1
-0.999999, -0.000795449, -0.000806521, 0.290901, 0.000806158, 0.000456362, -1, 0.84813, 0.000795817, -1, -0.000455721, 1.02183, 0, 0, 0, 1
-0.999999, -0.000794922, -0.000808998, 0.290901, 0.000808629, 0.000464781, -1, 0.848131, 0.000795297, -1, -0.000464138, 1.02183, 0, 0, 0, 1
-0.999999, -0.000794332, -0.000811766, 0.290901, 0.00081139, 0.00047419, -1, 0.848133, 0.000794717, -1, -0.000473545, 1.02183, 0, 0, 0, 1
-0.999999, -0.000793681, -0.000814826, 0.290901, 0.000814441, 0.000484589, -1, 0.848135, 0.000794075, -1, -0.000483942, 1.02183, 0, 0, 0, 1
-0.999999, -0.000792967, -0.000818177, 0.2909, 0.000817784, 0.000495979, -1, 0.848137, 0.000793373, -1, -0.00049533, 1.02183, 0, 0, 0, 1
-0.999999, -0.000792192, -0.00082182, 0.2909, 0.000821417, 0.000508359, -1, 0.848139, 0.000792609, -1, -0.000507708, 1.02183, 0, 0, 0, 1
-0.999999, -0.000791355, -0.000825753, 0.2909, 0.000825341, 0.000521729, -1, 0.848142, 0.000791785, -1, -0.000521076, 1.02183, 0, 0, 0, 1
-0.999999, -0.000790455, -0.000829979, 0.2909, 0.000829555, 0.00053609, -1, 0.848144, 0.0007909, -1, -0.000535434, 1.02182, 0, 0, 0, 1
-0.999999, -0.000789494, -0.000834495, 0.2909, 0.00083406, 0.000551442, -1, 0.848147, 0.000789954, -1, -0.000550783, 1.02182, 0, 0, 0, 1
-0.999999, -0.00078847, -0.000839304, 0.2909, 0.000838856, 0.000567784, -0.999999, 0.84815, 0.000788946, -1, -0.000567122, 1.02182, 0, 0, 0, 1
-0.999999, -0.000787385, -0.000844403, 0.2909, 0.000843943, 0.000585116, -0.999999, 0.848153, 0.000787879, -1, -0.000584451, 1.02182, 0, 0, 0, 1
-0.999999, -0.000786238, -0.000849794, 0.290899, 0.00084932, 0.000603439, -0.999999, 0.848156, 0.00078675, -1, -0.000602771, 1.02182, 0, 0, 0, 1
-0.999999, -0.000785028, -0.000855476, 0.290899, 0.000854988, 0.000622752, -0.999999, 0.84816, 0.000785561, -0.999999, -0.00062208, 1.02182, 0, 0, 0, 1
-0.999999, -0.000783757, -0.00086145, 0.290899, 0.000860946, 0.000643055, -0.999999, 0.848164, 0.000784311, -0.999999, -0.00064238, 1.02181, 0, 0, 0, 1
-0.999999, -0.000782424, -0.000867715, 0.290899, 0.000867196, 0.000664349, -0.999999, 0.848167, 0.000783, -0.999999, -0.00066367, 1.02181, 0, 0, 0, 1
-0.999999, -0.000781029, -0.000874272, 0.290899, 0.000873736, 0.000686634, -0.999999, 0.848171, 0.000781629, -0.999999, -0.000685951, 1.02181, 0, 0, 0, 1
-0.999999, -0.000779572, -0.00088112, 0.290899, 0.000880566, 0.000709909, -0.999999, 0.848176, 0.000780197, -0.999999, -0.000709222, 1.02181, 0, 0, 0, 1
-0.999999, -0.000778053, -0.000888259, 0.290898, 0.000887688, 0.000734174, -0.999999, 0.84818, 0.000778704, -0.999999, -0.000733483, 1.0218, 0, 0, 0, 1
-0.999999, -0.000776472, -0.00089569, 0.290898, 0.0008951, 0.000759429, -0.999999, 0.848185, 0.000777152, -0.999999, -0.000758734, 1.0218, 0, 0, 0, 1
-0.999999, -0.000774829, -0.000903412, 0.290898, 0.000902803, 0.000785675, -0.999999, 0.848189, 0.000775538, -0.999999, -0.000784975, 1.0218, 0, 0, 0, 1
-0.999999, -0.000773124, -0.000911426, 0.290898, 0.000910797, 0.000812912, -0.999999, 0.848194, 0.000773865, -0.999999, -0.000812207, 1.0218, 0, 0, 0, 1
-0.999999, -0.000771358, -0.000919731, 0.290897, 0.000919082, 0.000841139, -0.999999, 0.848199, 0.000772131, -0.999999, -0.000840429, 1.02179, 0, 0, 0, 1
-0.999999, -0.00076953, -0.000928327, 0.290897, 0.000927657, 0.000870356, -0.999999, 0.848205, 0.000770337, -0.999999, -0.000869642, 1.02179, 0, 0, 0, 1
-0.999999, -0.000767639, -0.000937215, 0.290897, 0.000936523, 0.000900564, -0.999999, 0.84821, 0.000768483, -0.999999, -0.000899844, 1.02179, 0, 0, 0, 1
-0.999999, -0.000765687, -0.000946394, 0.290897, 0.00094568, 0.000931762, -0.999999, 0.848216, 0.000766569, -0.999999, -0.000931037, 1.02178, 0, 0, 0, 1
-0.999999, -0.000763674, -0.000955864, 0.290896, 0.000955128, 0.000963951, -0.999999, 0.848221, 0.000764594, -0.999999, -0.000963221, 1.02178, 0, 0, 0, 1
-0.999999, -0.000761598, -0.000965626, 0.290896, 0.000964867, 0.00099713, -0.999999, 0.848227, 0.00076256, -0.999999, -0.000996394, 1.02178, 0, 0, 0, 1
-0.999999, -0.000759461, -0.00097568, 0.290896, 0.000974896, 0.0010313, -0.999999, 0.848234, 0.000760466, -0.999999, -0.00103056, 1.02177, 0, 0, 0, 1
-0.999999, -0.000757261, -0.000986024, 0.290895, 0.000985217, 0.00106646, -0.999999, 0.84824, 0.000758312, -0.999999, -0.00106571, 1.02177, 0, 0, 0, 1
-0.999999, -0.000755, -0.000996661, 0.290895, 0.000995828, 0.00110261, -0.999999, 0.848246, 0.000756099, -0.999999, -0.00110186, 1.02177, 0, 0, 0, 1
-0.999999, -0.000752678, -0.00100759, 0.290895, 0.00100673, 0.00113975, -0.999999, 0.848253, 0.000753825, -0.999999, -0.00113899, 1.02176, 0, 0, 0, 1
-0.999999, -0.000750293, -0.00101881, 0.290895, 0.00101792, 0.00117788, -0.999999, 0.84826, 0.000751493, -0.999999, -0.00117712, 1.02176, 0, 0, 0, 1
-0.999999, -0.000747847, -0.00103032, 0.290894, 0.00102941, 0.001217, -0.999999, 0.848267, 0.0007491, -0.999999, -0.00121623, 1.02176, 0, 0, 0, 1
-0.999999, -0.00074534, -0.00104212, 0.290894, 0.00104118, 0.00125712, -0.999999, 0.848274, 0.000746649, -0.999999, -0.00125634, 1.02175, 0, 0, 0, 1
-0.999999, -0.00074277, -0.00105421, 0.290893, 0.00105325, 0.00129822, -0.999999, 0.848282, 0.000744138, -0.999999, -0.00129743, 1.02175, 0, 0, 0, 1
-0.999999, -0.000740139, -0.0010666, 0.290893, 0.0010656, 0.00134031, -0.999999, 0.848289, 0.000741568, -0.999999, -0.00133952, 1.02174, 0, 0, 0, 1
-0.999999, -0.000737447, -0.00107927, 0.290893, 0.00107825, 0.00138339, -0.999998, 0.848297, 0.000738939, -0.999999, -0.0013826, 1.02174, 0, 0, 0, 1
-0.999999, -0.000734692, -0.00109224, 0.290892, 0.00109119, 0.00142747, -0.999998, 0.848305, 0.00073625, -0.999999, -0.00142666, 1.02174, 0, 0, 0, 1
-0.999999, -0.000731876, -0.0011055, 0.290892, 0.00110442, 0.00147253, -0.999998, 0.848313, 0.000733503, -0.999999, -0.00147172, 1.02173, 0, 0, 0, 1
-0.999999, -0.000728999, -0.00111905, 0.290892, 0.00111794, 0.00151859, -0.999998, 0.848321, 0.000730697, -0.999999, -0.00151777, 1.02173, 0, 0, 0, 1
-0.999999, -0.00072606, -0.00113289, 0.290891, 0.00113175, 0.00156563, -0.999998, 0.84833, 0.000727832, -0.999999, -0.00156481, 1.02172, 0, 0, 0, 1
-0.999999, -0.00072306, -0.00114702, 0.290891, 0.00114586, 0.00161367, -0.999998, 0.848338, 0.000724909, -0.999998, -0.00161284, 1.02172, 0, 0, 0, 1
-0.999999, -0.000719998, -0.00116145, 0.29089, 0.00116025, 0.00166269, -0.999998, 0.848347, 0.000721927, -0.999998, -0.00166186, 1.02171, 0, 0, 0, 1
-0.999999, -0.000716874, -0.00117616, 0.29089, 0.00117493, 0.00171271, -0.999998, 0.848356, 0.000718887, -0.999998, -0.00171187, 1.02171, 0, 0, 0, 1
-0.999999, -0.000713689, -0.00119117, 0.290889, 0.00118991, 0.00176372, -0.999998, 0.848366, 0.000715789, -0.999998, -0.00176287, 1.0217, 0, 0, 0, 1
-0.999999, -0.000710443, -0.00120647, 0.290889, 0.00120518, 0.00181571, -0.999998, 0.848375, 0.000712632, -0.999998, -0.00181486, 1.0217, 0, 0, 0, 1
-0.999999, -0.000707136, -0.00122206, 0.290889, 0.00122074, 0.0018687, -0.999998, 0.848384, 0.000709417, -0.999998, -0.00186784, 1.02169, 0, 0, 0, 1
-0.999999, -0.000703766, -0.00123794, 0.290888, 0.00123659, 0.00192268, -0.999997, 0.848394, 0.000706145, -0.999998, -0.00192181, 1.02169, 0, 0, 0, 1
-0.999999, -0.000700336, -0.00125411, 0.290888, 0.00125273, 0.00197765, -0.999997, 0.848404, 0.000702814, -0.999998, -0.00197677, 1.02168, 0, 0, 0, 1
-0.999999, -0.000696844, -0.00127058, 0.290887, 0.00126916, 0.00203361, -0.999997, 0.848414, 0.000699426, -0.999998, -0.00203272, 1.02168, 0, 0, 0, 1
-0.999999, -0.000693291, -0.00128733, 0.290887, 0.00128588, 0.00209056, -0.999997, 0.848424, 0.00069598, -0.999998, -0.00208966, 1.02167, 0, 0, 0, 1
-0.999999, -0.000689677, -0.00130438, 0.290886, 0.0013029, 0.0021485, -0.999997, 0.848435, 0.000692477, -0.999997, -0.0021476, 1.02167, 0, 0, 0, 1
-0.999999, -0.000686001, -0.00132172, 0.290886, 0.0013202, 0.00220743, -0.999997, 0.848446, 0.000688917, -0.999997, -0.00220652, 1.02166, 0, 0, 0, 1
-0.999999, -0.000682265, -0.00133935, 0.290885, 0.0013378, 0.00226735, -0.999997, 0.848456, 0.000685299, -0.999997, -0.00226643, 1.02165, 0, 0, 0, 1
-0.999999, -0.000678467, -0.00135727, 0.290885, 0.00135569, 0.00232826, -0.999996, 0.848467, 0.000681624, -0.999997, -0.00232734, 1.02165, 0, 0, 0, 1
-0.999999, -0.000674607, -0.00137548, 0.290884, 0.00137387, 0.00239016, -0.999996, 0.848478, 0.000677893, -0.999997, -0.00238923, 1.02164, 0, 0, 0, 1
-0.999999, -0.000670687, -0.00139399, 0.290883, 0.00139234, 0.00245306, -0.999996, 0.84849, 0.000674104, -0.999997, -0.00245212, 1.02164, 0, 0, 0, 1
-0.999999, -0.000666706, -0.00141278, 0.290883, 0.0014111, 0.00251694, -0.999996, 0.848501, 0.000670259, -0.999997, -0.00251599, 1.02163, 0, 0, 0, 1
-0.999999, -0.000662663, -0.00143187, 0.290882, 0.00143015, 0.00258181, -0.999996, 0.848513, 0.000666357, -0.999996, -0.00258086, 1.02162, 0, 0, 0, 1
-0.999999, -0.00065856, -0.00145125, 0.290882, 0.0014495, 0.00264768, -0.999995, 0.848525, 0.000662399, -0.999996, -0.00264672, 1.02162, 0, 0, 0, 1
-0.999999, -0.000654395, -0.00147092, 0.290881, 0.00146913, 0.00271453, -0.999995, 0.848537, 0.000658385, -0.999996, -0.00271356, 1.02161, 0, 0, 0, 1
-0.999999, -0.00065017, -0.00149088, 0.290881, 0.00148906, 0.00278237, -0.999995, 0.848549, 0.000654315, -0.999996, -0.0027814, 1.0216, 0, 0, 0, 1
-0.999999, -0.000645883, -0.00151113, 0.29088, 0.00150928, 0.00285121, -0.999995, 0.848562, 0.000650189, -0.999996, -0.00285023, 1.0216, 0, 0, 0, 1
-0.999999, -0.000641536, -0.00153167, 0.290879, 0.00152979, 0.00292103, -0.999995, 0.848574, 0.000646007, -0.999996, -0.00292005, 1.02159, 0, 0, 0, 1
-0.999999, -0.000637128, -0.00155251, 0.290879, 0.0015506, 0.00299185, -0.999994, 0.848587, 0.000641769, -0.999995, -0.00299086, 1.02158, 0, 0, 0, 1
-0.999999, -0.000632659, -0.00157363, 0.290878, 0.00157169, 0.00306366, -0.999994, 0.8486, 0.000637476, -0.999995, -0.00306266, 1.02158, 0, 0, 0, 1
-0.999999, -0.000628129, -0.00159505, 0.290877, 0.00159308, 0.00313645, -0.999994, 0.848613, 0.000633128, -0.999995, -0.00313545, 1.02157, 0, 0, 0, 1
-0.999998, -0.000623538, -0.00161676, 0.290877, 0.00161475, 0.00321024, -0.999994, 0.848626, 0.000628724, -0.999995, -0.00320923, 1.02156, 0, 0, 0, 1
-0.999998, -0.000618886, -0.00163876, 0.290876, 0.00163672, 0.00328502, -0.999993, 0.84864, 0.000624266, -0.999994, -0.003284, 1.02155, 0, 0, 0, 1
-0.999998, -0.000614174, -0.00166106, 0.290876, 0.00165898, 0.00336079, -0.999993, 0.848654, 0.000619752, -0.999994, -0.00335976, 1.02155, 0, 0, 0, 1
-0.999998, -0.000609401, -0.00168364, 0.290875, 0.00168153, 0.00343755, -0.999993, 0.848667, 0.000615184, -0.999994, -0.00343652, 1.02154, 0, 0, 0, 1
-0.999998, -0.000604568, -0.00170651, 0.290874, 0.00170438, 0.0035153, -0.999992, 0.848681, 0.000610562, -0.999994, -0.00351426, 1.02153, 0, 0, 0, 1
-0.999998, -0.000599674, -0.00172968, 0.290873, 0.00172751, 0.00359404, -0.999992, 0.848696, 0.000605885, -0.999993, -0.00359299, 1.02152, 0, 0, 0, 1
-0.999998, -0.000594719, -0.00175314, 0.290873, 0.00175094, 0.00367377, -0.999992, 0.84871, 0.000601154, -0.999993, -0.00367272, 1.02152, 0, 0, 0, 1
-0.999998, -0.000589704, -0.00177689, 0.290872, 0.00177466, 0.00375449, -0.999991, 0.848725, 0.00059637, -0.999993, -0.00375343, 1.02151, 0, 0, 0, 1
-0.999998, -0.000584628, -0.00180093, 0.290871, 0.00179867, 0.0038362, -0.999991, 0.848739, 0.000591531, -0.999992, -0.00383514, 1.0215, 0, 0, 0, 1
-0.999998, -0.000579491, -0.00182526, 0.290871, 0.00182297, 0.0039189, -0.999991, 0.848754, 0.000586639, -0.999992, -0.00391784, 1.02149, 0, 0, 0, 1
-0.999998, -0.000574295, -0.00184988, 0.29087, 0.00184757, 0.00400259, -0.99999, 0.848769, 0.000581694, -0.999992, -0.00400152, 1.02148, 0, 0, 0, 1
-0.999998, -0.000569038, -0.0018748, 0.290869, 0.00187246, 0.00408728, -0.99999, 0.848785, 0.000576695, -0.999991, -0.0040862, 1.02148, 0, 0, 0, 1
-0.999998, -0.00056372, -0.0019, 0.290868, 0.00189764, 0.00417295, -0.999989, 0.8488, 0.000571643, -0.999991, -0.00417187, 1.02147, 0, 0, 0, 1
-0.999998, -0.000558343, -0.0019255, 0.290868, 0.00192311, 0.00425961, -0.999989, 0.848816, 0.000566538, -0.999991, -0.00425853, 1.02146, 0, 0, 0, 1
-0.999998, -0.000552905, -0.00195129, 0.290867, 0.00194887, 0.00434727, -0.999989, 0.848832, 0.000561381, -0.99999, -0.00434618, 1.02145, 0, 0, 0, 1
-0.999998, -0.000547406, -0.00197737, 0.290866, 0.00197492, 0.00443591, -0.999988, 0.848848, 0.000556171, -0.99999, -0.00443482, 1.02144, 0, 0, 0, 1
-0.999998, -0.000541848, -0.00200374, 0.290865, 0.00200127, 0.00452555, -0.999988, 0.848864, 0.000550909, -0.99999, -0.00452445, 1.02143, 0, 0, 0, 1
-0.999998, -0.000536229, -0.00203041, 0.290865, 0.00202791, 0.00461617, -0.999987, 0.84888, 0.000545595, -0.999989, -0.00461507, 1.02142, 0, 0, 0, 1
-0.999998, -0.000530551, -0.00205736, 0.290864, 0.00205484, 0.00470779, -0.999987, 0.848897, 0.000540229, -0.999989, -0.00470669, 1.02142, 0, 0, 0, 1
-0.999998, -0.000524812, -0.00208461, 0.290863, 0.00208206, 0.0048004, -0.999986, 0.848913, 0.000534812, -0.999988, -0.00479929, 1.02141, 0, 0, 0, 1
-0.999998, -0.000519013, -0.00211214, 0.290862, 0.00210958, 0.00489399, -0.999986, 0.84893, 0.000529343, -0.999988, -0.00489289, 1.0214, 0, 0, 0, 1
-0.999998, -0.000513154, -0.00213997, 0.290861, 0.00213739, 0.00498858, -0.999985, 0.848947, 0.000523822, -0.999987, -0.00498747, 1.02139, 0, 0, 0, 1
-0.999998, -0.000507236, -0.00216809, 0.29086, 0.00216549, 0.00508416, -0.999985, 0.848965, 0.000518251, -0.999987, -0.00508305, 1.02138, 0, 0, 0, 1
-0.999997, -0.000501257, -0.0021965, 0.29086, 0.00219388, 0.00518073, -0.999984, 0.848982, 0.000512629, -0.999986, -0.00517961, 1.02137, 0, 0, 0, 1
-0.999997, -0.000495219, -0.00222521, 0.290859, 0.00222256, 0.00527829, -0.999984, 0.849, 0.000506956, -0.999986, -0.00527717, 1.02136, 0, 0, 0, 1
-0.999997, -0.000489121, -0.0022542, 0.290858, 0.00225154, 0.00537684, -0.999983, 0.849017, 0.000501233, -0.999985, -0.00537572, 1.02135, 0, 0, 0, 1
-0.999997, -0.000482963, -0.00228349, 0.290857, 0.00228081, 0.00547638, -0.999982, 0.849035, 0.000495459, -0.999985, -0.00547526, 1.02134, 0, 0, 0, 1
-0.999997, -0.000476745, -0.00231306, 0.290856, 0.00231037, 0.00557691, -0.999982, 0.849054, 0.000489636, -0.999984, -0.00557579, 1.02133, 0, 0, 0, 1
-0.999997, -0.000470468, -0.00234293, 0.290855, 0.00234022, 0.00567843, -0.999981, 0.849072, 0.000483763, -0.999984, -0.00567731, 1.02132, 0, 0, 0, 1
-0.999997, -0.000464131, -0.00237309, 0.290854, 0.00237037, 0.00578094, -0.99998, 0.84909, 0.00047784, -0.999983, -0.00577982, 1.02131, 0, 0, 0, 1
-0.999997, -0.000457734, -0.00240354, 0.290853, 0.00240081, 0.00588444, -0.99998, 0.849109, 0.000471868, -0.999983, -0.00588332, 1.0213, 0, 0, 0, 1
-0.999997, -0.000451278, -0.00243429, 0.290852, 0.00243154, 0.00598893, -0.999979, 0.849128, 0.000465848, -0.999982, -0.00598782, 1.02129, 0, 0, 0, 1
-0.999997, -0.000444763, -0.00246532, 0.290852, 0.00246257, 0.00609442, -0.999978, 0.849147, 0.000459778, -0.999981, -0.0060933, 1.02128, 0, 0, 0, 1
-0.999997, -0.000438188, -0.00249665, 0.290851, 0.00249388, 0.00620089, -0.999978, 0.849166, 0.000453659, -0.999981, -0.00619978, 1.02127, 0, 0, 0, 1
-0.999997, -0.000431554, -0.00252826, 0.29085, 0.00252549, 0.00630835, -0.999977, 0.849186, 0.000447493, -0.99998, -0.00630724, 1.02126, 0, 0, 0, 1
-0.999997, -0.00042486, -0.00256017, 0.290849, 0.00255739, 0.00641681, -0.999976, 0.849205, 0.000441278, -0.999979, -0.0064157, 1.02125, 0, 0, 0, 1
-0.999997, -0.000418107, -0.00259237, 0.290848, 0.00258959, 0.00652625, -0.999975, 0.849225, 0.000435015, -0.999979, -0.00652515, 1.02124, 0, 0, 0, 1
-0.999996, -0.000411295, -0.00262486, 0.290847, 0.00262208, 0.00663669, -0.999975, 0.849245, 0.000428705, -0.999978, -0.00663559, 1.02123, 0, 0, 0, 1
-0.999996, -0.000404424, -0.00265765, 0.290846, 0.00265486, 0.00674811, -0.999974, 0.849265, 0.000422347, -0.999977, -0.00674702, 1.02122, 0, 0, 0, 1
-0.999996, -0.000397493, -0.00269072, 0.290845, 0.00268793, 0.00686053, -0.999973, 0.849286, 0.000415942, -0.999976, -0.00685944, 1.02121, 0, 0, 0, 1
-0.999996, -0.000390504, -0.00272409, 0.290844, 0.0027213, 0.00697394, -0.999972, 0.849306, 0.000409491, -0.999976, -0.00697285, 1.0212, 0, 0, 0, 1
-0.999996, -0.000383455, -0.00275774, 0.290843, 0.00275496, 0.00708833, -0.999971, 0.849327, 0.000402992, -0.999975, -0.00708725, 1.02118, 0, 0, 0, 1
-0.999996, -0.000376348, -0.00279169, 0.290842, 0.00278891, 0.00720372, -0.99997, 0.849348, 0.000396447, -0.999974, -0.00720264, 1.02117, 0, 0, 0, 1
-0.999996, -0.000369182, -0.00282593, 0.290841, 0.00282315, 0.0073201, -0.999969, 0.849369, 0.000389856, -0.999973, -0.00731903, 1.02116, 0, 0, 0, 1
-0.999996, -0.000361956, -0.00286046, 0.29084, 0.00285769, 0.00743747, -0.999968, 0.84939, 0.00038322, -0.999972, -0.0074364, 1.02115, 0, 0, 0, 1
-0.999996, -0.000354672, -0.00289528, 0.290839, 0.00289252, 0.00755583, -0.999967, 0.849411, 0.000376537, -0.999971, -0.00755477, 1.02114, 0, 0, 0, 1
-0.999996, -0.00034733, -0.0029304, 0.290838, 0.00292765, 0.00767518, -0.999966, 0.849433, 0.000369809, -0.99997, -0.00767413, 1.02113, 0, 0, 0, 1
-0.999996, -0.000339928, -0.0029658, 0.290837, 0.00296306, 0.00779552, -0.999965, 0.849455, 0.000363036, -0.99997, -0.00779448, 1.02112, 0, 0, 0, 1
-0.999995, -0.000332468, -0.0030015, 0.290835, 0.00299877, 0.00791685, -0.999964, 0.849477, 0.000356219, -0.999969, -0.00791582, 1.0211, 0, 0, 0, 1
-0.999995, -0.00032495, -0.00303749, 0.290834, 0.00303478, 0.00803917, -0.999963, 0.849499, 0.000349357, -0.999968, -0.00803815, 1.02109, 0, 0, 0, 1
-0.999995, -0.000317372, -0.00307377, 0.290833, 0.00307107, 0.00816248, -0.999962, 0.849521, 0.00034245, -0.999967, -0.00816147, 1.02108, 0, 0, 0, 1
-0.999995, -0.000309737, -0.00311034, 0.290832, 0.00310767, 0.00828679, -0.999961, 0.849543, 0.000335499, -0.999966, -0.00828578, 1.02107, 0, 0, 0, 1
-0.999995, -0.000302043, -0.0031472, 0.290831, 0.00314455, 0.00841208, -0.99996, 0.849566, 0.000328505, -0.999965, -0.00841109, 1.02106, 0, 0, 0, 1
-0.999995, -0.00029429, -0.00318435, 0.29083, 0.00318173, 0.00853836, -0.999958, 0.849589, 0.000321467, -0.999964, -0.00853738, 1.02104, 0, 0, 0, 1
-0.999995, -0.00028648, -0.0032218, 0.290829, 0.0032192, 0.00866564, -0.999957, 0.849612, 0.000314387, -0.999962, -0.00866467, 1.02103, 0, 0, 0, 1
-0.999995, -0.000278611, -0.00325954, 0.290828, 0.00325696, 0.0087939, -0.999956, 0.849635, 0.000307263, -0.999961, -0.00879294, 1.02102, 0, 0, 0, 1
-0.999995, -0.000270684, -0.00329756, 0.290827, 0.00329502, 0.00892315, -0.999955, 0.849659, 0.000300096, -0.99996, -0.00892221, 1.02101, 0, 0, 0, 1
-0.999994, -0.000262699, -0.00333588, 0.290825, 0.00333337, 0.0090534, -0.999953, 0.849682, 0.000292888, -0.999959, -0.00905247, 1.021, 0, 0, 0, 1
-0.999994, -0.000254655, -0.0033745, 0.290824, 0.00337201, 0.00918463, -0.999952, 0.849706, 0.000285637, -0.999958, -0.00918372, 1.02098, 0, 0, 0, 1
-0.999994, -0.000246554, -0.0034134, 0.290823, 0.00341095, 0.00931686, -0.999951, 0.84973, 0.000278344, -0.999957, -0.00931596, 1.02097, 0, 0, 0, 1
-0.999994, -0.000238395, -0.00345259, 0.290822, 0.00345018, 0.00945008, -0.999949, 0.849754, 0.00027101, -0.999955, -0.0094492, 1.02096, 0, 0, 0, 1
-0.999994, -0.000230178, -0.00349208, 0.290821, 0.00348971, 0.00958428, -0.999948, 0.849778, 0.000263635, -0.999954, -0.00958342, 1.02094, 0, 0, 0, 1
-0.999994, -0.000221903, -0.00353185, 0.290819, 0.00352953, 0.00971948, -0.999947, 0.849803, 0.000256219, -0.999953, -0.00971864, 1.02093, 0, 0, 0, 1
-0.999994, -0.000213571, -0.00357192, 0.290818, 0.00356964, 0.00985567, -0.999945, 0.849827, 0.000248763, -0.999951, -0.00985484, 1.02092, 0, 0, 0, 1
-0.999993, -0.00020518, -0.00361228, 0.290817, 0.00361005, 0.00999285, -0.999944, 0.849852, 0.000241266, -0.99995, -0.00999204, 1.0209, 0, 0, 0, 1
-0.999993, -0.000196733, -0.00365293, 0.290816, 0.00365075, 0.010131, -0.999942, 0.849877, 0.000233729, -0.999949, -0.0101302, 1.02089, 0, 0, 0, 1
-0.999993, -0.000188227, -0.00369387, 0.290815, 0.00369175, 0.0102702, -0.99994, 0.849902, 0.000226153, -0.999947, -0.0102694, 1.02088, 0, 0, 0, 1
-0.999993, -0.000179664, -0.00373511, 0.290813, 0.00373303, 0.0104103, -0.999939, 0.849928, 0.000218537, -0.999946, -0.0104096, 1.02086, 0, 0, 0, 1
-0.999993, -0.000171044, -0.00377663, 0.290812, 0.00377462, 0.0105515, -0.999937, 0.849953, 0.000210882, -0.999944, -0.0105507, 1.02085, 0, 0, 0, 1
-0.999993, -0.000162366, -0.00381845, 0.290811, 0.00381649, 0.0106936, -0.999936, 0.849979, 0.000203189, -0.999943, -0.0106929, 1.02084, 0, 0, 0, 1
-0.999993, -0.000153631, -0.00386056, 0.290809, 0.00385867, 0.0108367, -0.999934, 0.850005, 0.000195457, -0.999941, -0.010836, 1.02082, 0, 0, 0, 1
-0.999992, -0.000144839, -0.00390296, 0.290808, 0.00390113, 0.0109808, -0.999932, 0.850031, 0.000187687, -0.99994, -0.0109802, 1.02081, 0, 0, 0, 1
-0.999992, -0.00013599, -0.00394565, 0.290807, 0.00394389, 0.0111259, -0.99993, 0.850057, 0.000179879, -0.999938, -0.0111253, 1.0208, 0, 0, 0, 1
-0.999992, -0.000127083, -0.00398863, 0.290806, 0.00398694, 0.011272, -0.999929, 0.850084, 0.000172034, -0.999936, -0.0112714, 1.02078, 0, 0, 0, 1
-0.999992, -0.00011812, -0.0040319, 0.290804, 0.00403029, 0.0114191, -0.999927, 0.85011, 0.000164152, -0.999935, -0.0114185, 1.02077, 0, 0, 0, 1
-0.999992, -0.000109099, -0.00407547, 0.290803, 0.00407393, 0.0115672, -0.999925, 0.850137, 0.000156233, -0.999933, -0.0115666, 1.02075, 0, 0, 0, 1
-0.999992, -0.000100022, -0.00411933, 0.290802, 0.00411787, 0.0117162, -0.999923, 0.850164, 0.000148277, -0.999931, -0.0117157, 1.02074, 0, 0, 0, 1
-0.999991, -9.08876e-05, -0.00416347, 0.2908, 0.0041621, 0.0118663, -0.999921, 0.850191, 0.000140285, -0.99993, -0.0118658, 1.02073, 0, 0, 0, 1
-0.999991, -8.16967e-05, -0.00420791, 0.290799, 0.00420663, 0.0120173, -0.999919, 0.850219, 0.000132258, -0.999928, -0.0120169, 1.02071, 0, 0, 0, 1
-0.999991, -7.24491e-05, -0.00425264, 0.290798, 0.00425145, 0.0121694, -0.999917, 0.850246, 0.000124195, -0.999926, -0.012169, 1.0207, 0, 0, 0, 1
-0.999991, -6.31449e-05, -0.00429767, 0.290796, 0.00429656, 0.0123224, -0.999915, 0.850274, 0.000116097, -0.999924, -0.012322, 1.02068, 0, 0, 0, 1
-0.999991, -5.37842e-05, -0.00434298, 0.290795, 0.00434197, 0.0124764, -0.999913, 0.850302, 0.000107964, -0.999922, -0.0124761, 1.02067, 0, 0, 0, 1
-0.99999, -4.4367e-05, -0.00438859, 0.290793, 0.00438768, 0.0126314, -0.999911, 0.85033, 9.97971e-05, -0.99992, -0.0126311, 1.02065, 0, 0, 0, 1
-0.99999, -3.48934e-05, -0.00443448, 0.290792, 0.00443367, 0.0127874, -0.999908, 0.850358, 9.15958e-05, -0.999918, -0.0127871, 1.02064, 0, 0, 0, 1
-0.99999, -2.53635e-05, -0.00448067, 0.290791, 0.00447997, 0.0129444, -0.999906, 0.850387, 8.33607e-05, -0.999916, -0.0129442, 1.02062, 0, 0, 0, 1
-0.99999, -1.57773e-05, -0.00452715, 0.290789, 0.00452656, 0.0131024, -0.999904, 0.850416, 7.50922e-05, -0.999914, -0.0131022, 1.02061, 0, 0, 0, 1
-0.99999, -6.13491e-06, -0.00457392, 0.290788, 0.00457344, 0.0132613, -0.999902, 0.850444, 6.67907e-05, -0.999912, -0.0132612, 1.02059, 0, 0, 0, 1
-0.999989, 3.56355e-06, -0.00462098, 0.290786, 0.00462062, 0.0134213, -0.999899, 0.850473, 5.84564e-05, -0.99991, -0.0134212, 1.02058, 0, 0, 0, 1
-0.999989, 1.3318e-05, -0.00466834, 0.290785, 0.00466809, 0.0135823, -0.999897, 0.850503, 5.00899e-05, -0.999908, -0.0135822, 1.02056, 0, 0, 0, 1
-0.999989, 2.31285e-05, -0.00471598, 0.290783, 0.00471586, 0.0137442, -0.999894, 0.850532, 4.16913e-05, -0.999906, -0.0137441, 1.02055, 0, 0, 0, 1
-0.999989, 3.29948e-05, -0.00476392, 0.290782, 0.00476392, 0.0139071, -0.999892, 0.850561, 3.32611e-05, -0.999903, -0.0139071, 1.02053, 0, 0, 0, 1
-0.999988, 4.2917e-05, -0.00481215, 0.29078, 0.00481228, 0.014071, -0.999889, 0.850591, 2.47997e-05, -0.999901, -0.0140711, 1.02051, 0, 0, 0, 1
-0.999988, 5.28948e-05, -0.00486067, 0.290779, 0.00486093, 0.0142359, -0.999887, 0.850621, 1.63074e-05, -0.999899, -0.014236, 1.0205, 0, 0, 0, 1
-0.999988, 6.29284e-05, -0.00490948, 0.290777, 0.00490988, 0.0144018, -0.999884, 0.850651, 7.7845e-06, -0.999896, -0.014402, 1.02048, 0, 0, 0, 1
-0.999988, 7.30175e-05, -0.00495858, 0.290776, 0.00495912, 0.0145687, -0.999882, 0.850682, -7.68529e-07, -0.999894, -0.0145689, 1.02047, 0, 0, 0, 1
-0.999987, 8.31621e-05, -0.00500798, 0.290774, 0.00500866, 0.0147366, -0.999879, 0.850712, -9.35135e-06, -0.999891, -0.0147368, 1.02045, 0, 0, 0, 1
-0.999987, 9.33621e-05, -0.00505766, 0.290773, 0.00505849, 0.0149055, -0.999876, 0.850743, -1.79636e-05, -0.999889, -0.0149058, 1.02044, 0, 0, 0, 1
-0.999987, 0.000103617, -0.00510764, 0.290771, 0.00510862, 0.0150753, -0.999873, 0.850773, -2.66049e-05, -0.999886, -0.0150757, 1.02042, 0, 0, 0, 1
-0.999987, 0.000113928, -0.00515791, 0.29077, 0.00515905, 0.0152462, -0.99987, 0.850804, -3.52748e-05, -0.999884, -0.0152466, 1.0204, 0, 0, 0, 1
-0.999986, 0.000124294, -0.00520847, 0.290768, 0.00520977, 0.015418, -0.999868, 0.850836, -4.39731e-05, -0.999881, -0.0154185, 1.02039, 0, 0, 0, 1
-0.999986, 0.000134715, -0.00525932, 0.290767, 0.00526078, 0.0155909, -0.999865, 0.850867, -5.26992e-05, -0.999878, -0.0155914, 1.02037, 0, 0, 0, 1
-0.999986, 0.000145191, -0.00531046, 0.290765, 0.00531209, 0.0157647, -0.999862, 0.850899, -6.14529e-05, -0.999876, -0.0157652, 1.02035, 0, 0, 0, 1
-0.999986, 0.000155722, -0.0053619, 0.290763, 0.0053637, 0.0159395, -0.999859, 0.85093, -7.02337e-05, -0.999873, -0.0159401, 1.02034, 0, 0, 0, 1
-0.999985, 0.000166307, -0.00541363, 0.290762, 0.0054156, 0.0161153, -0.999855, 0.850962, -7.90412e-05, -0.99987, -0.016116, 1.02032, 0, 0, 0, 1
-0.999985, 0.000176948, -0.00546564, 0.29076, 0.0054678, 0.0162921, -0.999852, 0.850994, -8.78751e-05, -0.999867, -0.0162928, 1.0203, 0, 0, 0, 1
-0.999985, 0.000187643, -0.00551795, 0.290759, 0.00552029, 0.0164699, -0.999849, 0.851027, -9.6735e-05, -0.999864, -0.0164707, 1.02029, 0, 0, 0, 1
-0.999984, 0.000198393, -0.00557055, 0.290757, 0.00557308, 0.0166487, -0.999846, 0.851059, -0.00010562, -0.999861, -0.0166495, 1.02027, 0, 0, 0, 1
-0.999984, 0.000209198, -0.00562344, 0.290755, 0.00562617, 0.0168284, -0.999843, 0.851092, -0.000114531, -0.999858, -0.0168293, 1.02025, 0, 0, 0, 1
-0.999984, 0.000220056, -0.00567663, 0.290754, 0.00567955, 0.0170092, -0.999839, 0.851125, -0.000123466, -0.999855, -0.0170102, 1.02024, 0, 0, 0, 1
-0.999984, 0.00023097, -0.0057301, 0.290752, 0.00573323, 0.0171909, -0.999836, 0.851158, -0.000132426, -0.999852, -0.017192, 1.02022, 0, 0, 0, 1
-0.999983, 0.000241937, -0.00578387, 0.29075, 0.0057872, 0.0173737, -0.999832, 0.851191, -0.00014141, -0.999849, -0.0173748, 1.0202, 0, 0, 0, 1
-0.999983, 0.000252959, -0.00583793, 0.290749, 0.00584147, 0.0175574, -0.999829, 0.851224, -0.000150417, -0.999846, -0.0175586, 1.02018, 0, 0, 0, 1
-0.999983, 0.000264035, -0.00589228, 0.290747, 0.00589604, 0.0177421, -0.999825, 0.851258, -0.000159447, -0.999843, -0.0177433, 1.02017, 0, 0, 0, 1
-0.999982, 0.000275165, -0.00594692, 0.290745, 0.0059509, 0.0179278, -0.999822, 0.851292, -0.0001685, -0.999839, -0.0179291, 1.02015, 0, 0, 0, 1
-0.999982, 0.000286349, -0.00600185, 0.290744, 0.00600605, 0.0181145, -0.999818, 0.851326, -0.000177576, -0.999836, -0.0181159, 1.02013, 0, 0, 0, 1
-0.999982, 0.000297586, -0.00605708, 0.290742, 0.00606151, 0.0183022, -0.999814, 0.85136, -0.000186673, -0.999832, -0.0183036, 1.02011, 0, 0, 0, 1
-0.999981, 0.000308878, -0.00611259, 0.29074, 0.00611726, 0.0184908, -0.99981, 0.851394, -0.000195792, -0.999829, -0.0184924, 1.0201, 0, 0, 0, 1
-0.999981, 0.000320223, -0.0061684, 0.290738, 0.0061733, 0.0186805, -0.999806, 0.851428, -0.000204932, -0.999825, -0.0186821, 1.02008, 0, 0, 0, 1
-0.999981, 0.000331622, -0.0062245, 0.290737, 0.00622965, 0.0188712, -0.999803, 0.851463, -0.000214093, -0.999822, -0.0188729, 1.02006, 0, 0, 0, 1
-0.99998, 0.000343074, -0.00628089, 0.290735, 0.00628629, 0.0190628, -0.999799, 0.851498, -0.000223273, -0.999818, -0.0190646, 1.02004, 0, 0, 0, 1
-0.99998, 0.00035458, -0.00633757, 0.290733, 0.00634322, 0.0192554, -0.999794, 0.851533, -0.000232474, -0.999815, -0.0192573, 1.02002, 0, 0, 0, 1
-0.999979, 0.000366139, -0.00639454, 0.290731, 0.00640046, 0.0194491, -0.99979, 0.851568, -0.000241694, -0.999811, -0.019451, 1.02001, 0, 0, 0, 1
-0.999979, 0.000377751, -0.00645181, 0.29073, 0.00645798, 0.0196437, -0.999786, 0.851604, -0.000250933, -0.999807, -0.0196457, 1.01999, 0, 0, 0, 1
-0.999979, 0.000389416, -0.00650936, 0.290728, 0.00651581, 0.0198393, -0.999782, 0.851639, -0.00026019, -0.999803, -0.0198414, 1.01997, 0, 0, 0, 1
-0.999978, 0.000401135, -0.00656721, 0.290726, 0.00657393, 0.0200359, -0.999778, 0.851675, -0.000269466, -0.999799, -0.0200381, 1.01995, 0, 0, 0, 1
-0.999978, 0.000412906, -0.00662535, 0.290724, 0.00663235, 0.0202335, -0.999773, 0.851711, -0.000278759, -0.999795, -0.0202358, 1.01993, 0, 0, 0, 1
-0.999978, 0.00042473, -0.00668378, 0.290722, 0.00669107, 0.020432, -0.999769, 0.851747, -0.000288069, -0.999791, -0.0204344, 1.01991, 0, 0, 0, 1
-0.999977, 0.000436608, -0.00674251, 0.29072, 0.00675008, 0.0206316, -0.999764, 0.851783, -0.000297396, -0.999787, -0.0206341, 1.0199, 0, 0, 0, 1
-0.999977, 0.000448537, -0.00680152, 0.290719, 0.00680939, 0.0208322, -0.99976, 0.85182, -0.000306739, -0.999783, -0.0208347, 1.01988, 0, 0, 0, 1
-0.999976, 0.00046052, -0.00686083, 0.290717, 0.006869, 0.0210337, -0.999755, 0.851857, -0.000316098, -0.999779, -0.0210364, 1.01986, 0, 0, 0, 1
-0.999976, 0.000472555, -0.00692042, 0.290715, 0.0069289, 0.0212362, -0.99975, 0.851893, -0.000325473, -0.999774, -0.021239, 1.01984, 0, 0, 0, 1
-0.999976, 0.000484642, -0.00698031, 0.290713, 0.0069891, 0.0214398, -0.999746, 0.851931, -0.000334862, -0.99977, -0.0214426, 1.01982, 0, 0, 0, 1
-0.999975, 0.000496782, -0.00704049, 0.290711, 0.0070496, 0.0216443, -0.999741, 0.851968, -0.000344267, -0.999766, -0.0216472, 1.0198, 0, 0, 0, 1
-0.999975, 0.000508974, -0.00710097, 0.290709, 0.00711039, 0.0218498, -0.999736, 0.852005, -0.000353685, -0.999761, -0.0218529, 1.01978, 0, 0, 0, 1
-0.999974, 0.000521218, -0.00716173, 0.290707, 0.00717148, 0.0220563, -0.999731, 0.852043, -0.000363116, -0.999757, -0.0220595, 1.01976, 0, 0, 0, 1
-0.999974, 0.000533514, -0.00722278, 0.290705, 0.00723287, 0.0222638, -0.999726, 0.852081, -0.000372561, -0.999752, -0.022267, 1.01974, 0, 0, 0, 1
-0.999973, 0.000545862, -0.00728413, 0.290703, 0.00729456, 0.0224722, -0.999721, 0.852119, -0.000382018, -0.999747, -0.0224756, 1.01972, 0, 0, 0, 1
-0.999973, 0.000558261, -0.00734577, 0.290702, 0.00735654, 0.0226817, -0.999716, 0.852157, -0.000391488, -0.999743, -0.0226852, 1.0197, 0, 0, 0, 1
-0.999972, 0.000570713, -0.0074077, 0.2907, 0.00741882, 0.0228922, -0.99971, 0.852195, -0.00040097, -0.999738, -0.0228958, 1.01968, 0, 0, 0, 1
-0.999972, 0.000583216, -0.00746992, 0.290698, 0.0074814, 0.0231036, -0.999705, 0.852234, -0.000410462, -0.999733, -0.0231073, 1.01966, 0, 0, 0, 1
-0.999971, 0.000595771, -0.00753243, 0.290696, 0.00754428, 0.023316, -0.9997, 0.852272, -0.000419966, -0.999728, -0.0233199, 1.01964, 0, 0, 0, 1
-0.999971, 0.000608377, -0.00759524, 0.290694, 0.00760745, 0.0235295, -0.999694, 0.852311, -0.000429479, -0.999723, -0.0235334, 1.01963, 0, 0, 0, 1
-0.99997, 0.000621035, -0.00765834, 0.290692, 0.00767092, 0.0237439, -0.999689, 0.85235, -0.000439003, -0.999718, -0.0237479, 1.01961, 0, 0, 0, 1
-0.99997, 0.000633744, -0.00772172, 0.29069, 0.00773469, 0.0239593, -0.999683, 0.85239, -0.000448536, -0.999713, -0.0239634, 1.01959, 0, 0, 0, 1
-0.999969, 0.000646504, -0.0077854, 0.290688, 0.00779876, 0.0241757, -0.999677, 0.852429, -0.000458078, -0.999708, -0.02418, 1.01956, 0, 0, 0, 1
-0.999969, 0.000659315, -0.00784938, 0.290686, 0.00786312, 0.024393, -0.999672, 0.852469, -0.000467628, -0.999702, -0.0243975, 1.01954, 0, 0, 0, 1
-0.999968, 0.000672177, -0.00791364, 0.290684, 0.00792779, 0.0246114, -0.999666, 0.852509, -0.000477186, -0.999697, -0.024616, 1.01952, 0, 0, 0, 1
-0.999968, 0.00068509, -0.00797819, 0.290681, 0.00799275, 0.0248308, -0.99966, 0.852549, -0.000486752, -0.999691, -0.0248355, 1.0195, 0, 0, 0, 1
-0.999967, 0.000698053, -0.00804304, 0.290679, 0.008058, 0.0250511, -0.999654, 0.852589, -0.000496324, -0.999686, -0.0250559, 1.01948, 0, 0, 0, 1
-0.999967, 0.000711068, -0.00810818, 0.290677, 0.00812356, 0.0252725, -0.999648, 0.852629, -0.000505903, -0.99968, -0.0252774, 1.01946, 0, 0, 0, 1
-0.999966, 0.000724132, -0.00817361, 0.290675, 0.00818941, 0.0254948, -0.999641, 0.85267, -0.000515488, -0.999675, -0.0254999, 1.01944, 0, 0, 0, 1
-0.999966, 0.000737248, -0.00823933, 0.290673, 0.00825557, 0.0257181, -0.999635, 0.85271, -0.000525079, -0.999669, -0.0257233, 1.01942, 0, 0, 0, 1
-0.999965, 0.000750413, -0.00830534, 0.290671, 0.00832202, 0.0259424, -0.999629, 0.852751, -0.000534674, -0.999663, -0.0259478, 1.0194, 0, 0, 0, 1
-0.999965, 0.000763629, -0.00837165, 0.290669, 0.00838876, 0.0261677, -0.999622, 0.852793, -0.000544274, -0.999657, -0.0261732, 1.01938, 0, 0, 0, 1
-0.999964, 0.000776895, -0.00843824, 0.290667, 0.00845581, 0.026394, -0.999616, 0.852834, -0.000553878, -0.999651, -0.0263996, 1.01936, 0, 0, 0, 1
-0.999964, 0.000790211, -0.00850513, 0.290665, 0.00852315, 0.0266213, -0.999609, 0.852875, -0.000563485, -0.999645, -0.026627, 1.01934, 0, 0, 0, 1
-0.999963, 0.000803577, -0.00857231, 0.290663, 0.0085908, 0.0268495, -0.999603, 0.852917, -0.000573095, -0.999639, -0.0268555, 1.01932, 0, 0, 0, 1
-0.999962, 0.000816993, -0.00863978, 0.29066, 0.00865874, 0.0270788, -0.999596, 0.852959, -0.000582708, -0.999633, -0.0270849, 1.0193, 0, 0, 0, 1
-0.999962, 0.000830459, -0.00870755, 0.290658, 0.00872698, 0.027309, -0.999589, 0.853001, -0.000592322, -0.999627, -0.0273152, 1.01928, 0, 0, 0, 1
-0.999961, 0.000843974, -0.0087756, 0.290656, 0.00879552, 0.0275403, -0.999582, 0.853043, -0.000601938, -0.99962, -0.0275466, 1.01925, 0, 0, 0, 1
-0.999961, 0.000857538, -0.00884395, 0.290654, 0.00886435, 0.0277725, -0.999575, 0.853086, -0.000611555, -0.999614, -0.027779, 1.01923, 0, 0, 0, 1
-0.99996, 0.000871152, -0.00891258, 0.290652, 0.00893349, 0.0280057, -0.999568, 0.853128, -0.000621173, -0.999607, -0.0280124, 1.01921, 0, 0, 0, 1
-0.999959, 0.000884816, -0.00898151, 0.290649, 0.00900292, 0.0282399, -0.999561, 0.853171, -0.00063079, -0.999601, -0.0282467, 1.01919, 0, 0, 0, 1
-0.999959, 0.000898528, -0.00905074, 0.290647, 0.00907265, 0.0284751, -0.999553, 0.853214, -0.000640406, -0.999594, -0.0284821, 1.01917, 0, 0, 0, 1
-0.999958, 0.00091229, -0.00912025, 0.290645, 0.00914269, 0.0287113, -0.999546, 0.853257, -0.000650021, -0.999587, -0.0287184, 1.01915, 0, 0, 0, 1
-0.999957, 0.0009261, -0.00919006, 0.290643, 0.00921302, 0.0289485, -0.999538, 0.8533, -0.000659635, -0.99958, -0.0289558, 1.01912, 0, 0, 0, 1
-0.999957, 0.000939959, -0.00926015, 0.29064, 0.00928364, 0.0291866, -0.999531, 0.853344, -0.000669246, -0.999574, -0.0291941, 1.0191, 0, 0, 0, 1
-0.999956, 0.000953867, -0.00933054, 0.290638, 0.00935457, 0.0294258, -0.999523, 0.853388, -0.000678854, -0.999567, -0.0294334, 1.01908, 0, 0, 0, 1
-0.999955, 0.000967824, -0.00940122, 0.290636, 0.0094258, 0.0296659, -0.999515, 0.853432, -0.00068846, -0.999559, -0.0296737, 1.01906, 0, 0, 0, 1
-0.999955, 0.000981829, -0.00947219, 0.290634, 0.00949732, 0.029907, -0.999508, 0.853476, -0.000698061, -0.999552, -0.029915, 1.01904, 0, 0, 0, 1
-0.999954, 0.000995883, -0.00954346, 0.290631, 0.00956915, 0.0301491, -0.9995, 0.85352, -0.000707658, -0.999545, -0.0301573, 1.01901, 0, 0, 0, 1
-0.999953, 0.00100999, -0.00961501, 0.290629, 0.00964127, 0.0303922, -0.999492, 0.853564, -0.00071725, -0.999538, -0.0304006, 1.01899, 0, 0, 0, 1
-0.999953, 0.00102414, -0.00968686, 0.290627, 0.00971369, 0.0306363, -0.999483, 0.853609, -0.000726836, -0.99953, -0.0306448, 1.01897, 0, 0, 0, 1
-0.999952, 0.00103833, -0.009759, 0.290624, 0.00978641, 0.0308814, -0.999475, 0.853654, -0.000736417, -0.999523, -0.0308901, 1.01895, 0, 0, 0, 1
-0.999951, 0.00105258, -0.00983143, 0.290622, 0.00985944, 0.0311275, -0.999467, 0.853699, -0.000745991, -0.999515, -0.0311363, 1.01893, 0, 0, 0, 1
-0.99995, 0.00106687, -0.00990415, 0.29062, 0.00993276, 0.0313745, -0.999458, 0.853744, -0.000755557, -0.999507, -0.0313836, 1.0189, 0, 0, 0, 1
-0.99995, 0.00108122, -0.00997717, 0.290617, 0.0100064, 0.0316226, -0.99945, 0.85379, -0.000765116, -0.999499, -0.0316318, 1.01888, 0, 0, 0, 1
-0.999949, 0.0010956, -0.0100505, 0.290615, 0.0100803, 0.0318716, -0.999441, 0.853835, -0.000774667, -0.999491, -0.031881, 1.01886, 0, 0, 0, 1
-0.999948, 0.00111004, -0.0101241, 0.290613, 0.0101545, 0.0321217, -0.999432, 0.853881, -0.000784209, -0.999483, -0.0321313, 1.01883, 0, 0, 0, 1
-0.999947, 0.00112453, -0.010198, 0.29061, 0.010229, 0.0323727, -0.999424, 0.853927, -0.000793742, -0.999475, -0.0323825, 1.01881, 0, 0, 0, 1
-0.999947, 0.00113906, -0.0102721, 0.290608, 0.0103038, 0.0326247, -0.999415, 0.853973, -0.000803265, -0.999467, -0.0326347, 1.01879, 0, 0, 0, 1
-0.999946, 0.00115364, -0.0103466, 0.290605, 0.010379, 0.0328777, -0.999405, 0.854019, -0.000812777, -0.999459, -0.0328879, 1.01877, 0, 0, 0, 1
-0.999945, 0.00116826, -0.0104214, 0.290603, 0.0104544, 0.0331316, -0.999396, 0.854066, -0.000822278, -0.99945, -0.033142, 1.01874, 0, 0, 0, 1
-0.999944, 0.00118293, -0.0104964, 0.2906, 0.0105301, 0.0333866, -0.999387, 0.854113, -0.000831768, -0.999442, -0.0333972, 1.01872, 0, 0, 0, 1
-0.999943, 0.00119765, -0.0105718, 0.290598, 0.0106061, 0.0336426, -0.999378, 0.854159, -0.000841246, -0.999433, -0.0336534, 1.0187, 0, 0, 0, 1
-0.999943, 0.00121242, -0.0106474, 0.290595, 0.0106824, 0.0338995, -0.999368, 0.854207, -0.000850711, -0.999425, -0.0339105, 1.01867, 0, 0, 0, 1
-0.999942, 0.00122723, -0.0107234, 0.290593, 0.010759, 0.0341575, -0.999359, 0.854254, -0.000860162, -0.999416, -0.0341687, 1.01865, 0, 0, 0, 1
-0.999941, 0.00124209, -0.0107996, 0.29059, 0.010836, 0.0344164, -0.999349, 0.854301, -0.0008696, -0.999407, -0.0344278, 1.01863, 0, 0, 0, 1
-0.99994, 0.001257, -0.0108761, 0.290588, 0.0109132, 0.0346763, -0.999339, 0.854349, -0.000879023, -0.999398, -0.0346879, 1.0186, 0, 0, 0, 1
-0.999939, 0.00127195, -0.0109529, 0.290585, 0.0109907, 0.0349372, -0.999329, 0.854397, -0.000888431, -0.999389, -0.034949, 1.01858, 0, 0, 0, 1
-0.999938, 0.00128695, -0.01103, 0.290583, 0.0110685, 0.0351991, -0.999319, 0.854445, -0.000897823, -0.999379, -0.0352111, 1.01856, 0, 0, 0, 1
-0.999937, 0.00130199, -0.0111074, 0.29058, 0.0111466, 0.035462, -0.999309, 0.854493, -0.000907199, -0.99937, -0.0354742, 1.01853, 0, 0, 0, 1
-0.999937, 0.00131708, -0.0111851, 0.290578, 0.011225, 0.0357258, -0.999299, 0.854541, -0.000916558, -0.999361, -0.0357383, 1.01851, 0, 0, 0, 1
-0.999936, 0.00133221, -0.0112631, 0.290575, 0.0113037, 0.0359907, -0.999288, 0.85459, -0.0009259, -0.999351, -0.0360034, 1.01848, 0, 0, 0, 1
-0.999935, 0.0013474, -0.0113413, 0.290573, 0.0113827, 0.0362565, -0.999278, 0.854639, -0.000935224, -0.999342, -0.0362695, 1.01846, 0, 0, 0, 1
-0.999934, 0.00136262, -0.0114199, 0.29057, 0.0114621, 0.0365233, -0.999267, 0.854688, -0.00094453, -0.999332, -0.0365365, 1.01844, 0, 0, 0, 1
-0.999933, 0.00137789, -0.0114988, 0.290568, 0.0115417, 0.0367912, -0.999256, 0.854737, -0.000953816, -0.999322, -0.0368046, 1.01841, 0, 0, 0, 1
