-0.999999, -0.000797434, -0.000797196, 0.290901, 0.000796858, 0.000424669, -1, 0.848124, 0.000797772, -1, -0.000424033, 1.02183, 0, 0, 0, 1
-0.999999, -0.000797354, -0.000797353, 0.290901, 0.000797014, 0.000425404, -1, 0.848124, 0.000797692, -1, -0.000424768, 1.02183, 0, 0, 0, 1
-0.999999, -0.000797112, -0.000797822, 0.290901, 0.000797482, 0.00042761, -1, 0.848125, 0.000797453, -1, -0.000426974, 1.02183, 0, 0, 0, 1
-0.999999, -0.000796709, -0.000798605, 0.290901, 0.000798262, 0.000431286, -1, 0.848125, 0.000797053, -1, -0.00043065, 1.02183, 0, 0, 0, 1
-0.999999, -0.000796145, -0.000799701, 0.290901, 0.000799354, 0.000436432, -1, 0.848126, 0.000796493, -1, -0.000435796, 1.02183, 0, 0, 0, 1
-0.999999, -0.000795419, -0.000801111, 0.2909, 0.000800758, 0.00044305, -1, 0.848127, 0.000795774, -1, -0.000442412, 1.02184, 0, 0, 0, 1
-0.999999, -0.000794533, -0.000802833, 0.2909, 0.000802475, 0.000451137, -1, 0.848128, 0.000794895, -1, -0.000450499, 1.02184, 0, 0, 0, 1
-0.999999, -0.000793485, -0.000804869, 0.290899, 0.000804503, 0.000460695, -1, 0.848129, 0.000793856, -1, -0.000460056, 1.02184, 0, 0, 0, 1
-0.999999, -0.000792276, -0.000807218, 0.290899, 0.000806844, 0.000471723, -1, 0.848131, 0.000792657, -1, -0.000471084, 1.02184, 0, 0, 0, 1
-0.999999, -0.000790906, -0.00080988, 0.290898, 0.000809497, 0.000484222, -1, 0.848132, 0.000791298, -1, -0.000483582, 1.02184, 0, 0, 0, 1
-0.999999, -0.000789375, -0.000812855, 0.290898, 0.000812462, 0.000498192, -1, 0.848134, 0.00078978, -1, -0.00049755, 1.02184, 0, 0, 0, 1
-0.999999, -0.000787683, -0.000816143, 0.290897, 0.000815739, 0.000513632, -1, 0.848136, 0.000788102, -1, -0.000512989, 1.02184, 0, 0, 0, 1
-0.999999, -0.00078583, -0.000819745, 0.290896, 0.000819328, 0.000530542, -1, 0.848139, 0.000786265, -1, -0.000529898, 1.02184, 0, 0, 0, 1
-0.999999, -0.000783816, -0.000823659, 0.290896, 0.000823229, 0.000548923, -1, 0.848141, 0.000784268, -1, -0.000548277, 1.02184, 0, 0, 0, 1
-0.999999, -0.000781641, -0.000827887, 0.290895, 0.000827443, 0.000568774, -0.999999, 0.848144, 0.000782112, -1, -0.000568127, 1.02184, 0, 0, 0, 1
-0.999999, -0.000779305, -0.000832428, 0.290894, 0.000831968, 0.000590096, -0.999999, 0.848147, 0.000779796, -1, -0.000589447, 1.02184, 0, 0, 0, 1
-0.999999, -0.000776808, -0.000837282, 0.290893, 0.000836806, 0.000612888, -0.999999, 0.84815, 0.000777321, -1, -0.000612237, 1.02184, 0, 0, 0, 1
-0.999999, -0.000774151, -0.00084245, 0.290892, 0.000841957, 0.000637151, -0.999999, 0.848153, 0.000774687, -0.999999, -0.000636498, 1.02184, 0, 0, 0, 1
-0.999999, -0.000771332, -0.00084793, 0.290891, 0.000847419, 0.000662884, -0.999999, 0.848156, 0.000771894, -0.999999, -0.00066223, 1.02184, 0, 0, 0, 1
-0.999999, -0.000768353, -0.000853724, 0.29089, 0.000853194, 0.000690088, -0.999999, 0.84816, 0.000768942, -0.999999, -0.000689432, 1.02184, 0, 0, 0, 1
-0.999999, -0.000765214, -0.000859831, 0.290888, 0.000859281, 0.000718762, -0.999999, 0.848164, 0.000765831, -0.999999, -0.000718104, 1.02184, 0, 0, 0, 1
-0.999999, -0.000761913, -0.000866251, 0.290887, 0.00086568, 0.000748907, -0.999999, 0.848168, 0.000762561, -0.999999, -0.000748247, 1.02184, 0, 0, 0, 1
-0.999999, -0.000758452, -0.000872984, 0.290886, 0.000872392, 0.000780522, -0.999999, 0.848172, 0.000759133, -0.999999, -0.00077986, 1.02185, 0, 0, 0, 1
-0.999999, -0.000754831, -0.000880031, 0.290884, 0.000879416, 0.000813608, -0.999999, 0.848177, 0.000755546, -0.999999, -0.000812943, 1.02185, 0, 0, 0, 1
-0.999999, -0.000751049, -0.00088739, 0.290883, 0.000886753, 0.000848164, -0.999999, 0.848182, 0.000751801, -0.999999, -0.000847498, 1.02185, 0, 0, 0, 1
-0.999999, -0.000747107, -0.000895063, 0.290881, 0.000894402, 0.000884191, -0.999999, 0.848186, 0.000747898, -0.999999, -0.000883522, 1.02185, 0, 0, 0, 1
-0.999999, -0.000743004, -0.000903049, 0.29088, 0.000902364, 0.000921689, -0.999999, 0.848191, 0.000743836, -0.999999, -0.000921017, 1.02185, 0, 0, 0, 1
-0.999999, -0.000738742, -0.000911348, 0.290878, 0.000910638, 0.000960657, -0.999999, 0.848197, 0.000739617, -0.999999, -0.000959983, 1.02185, 0, 0, 0, 1
-0.999999, -0.000734319, -0.00091996, 0.290876, 0.000919225, 0.0010011, -0.999999, 0.848202, 0.000735239, -0.999999, -0.00100042, 1.02185, 0, 0, 0, 1
-0.999999, -0.000729736, -0.000928886, 0.290874, 0.000928124, 0.001043, -0.999999, 0.848208, 0.000730704, -0.999999, -0.00104233, 1.02185, 0, 0, 0, 1
-0.999999, -0.000724994, -0.000938124, 0.290873, 0.000937337, 0.00108638, -0.999999, 0.848214, 0.000726012, -0.999999, -0.0010857, 1.02186, 0, 0, 0, 1
-0.999999, -0.000720091, -0.000947676, 0.290871, 0.000946861, 0.00113123, -0.999999, 0.84822, 0.000721162, -0.999999, -0.00113055, 1.02186, 0, 0, 0, 1
-0.999999, -0.000715029, -0.000957541, 0.290869, 0.000956699, 0.00117756, -0.999999, 0.848226, 0.000716155, -0.999999, -0.00117687, 1.02186, 0, 0, 0, 1
-0.999999, -0.000709807, -0.000967719, 0.290867, 0.000966849, 0.00122535, -0.999999, 0.848233, 0.000710991, -0.999999, -0.00122466, 1.02186, 0, 0, 0, 1
-0.999999, -0.000704425, -0.000978211, 0.290865, 0.000977312, 0.00127461, -0.999999, 0.848239, 0.000705671, -0.999999, -0.00127392, 1.02186, 0, 0, 0, 1
-0.999999, -0.000698884, -0.000989015, 0.290862, 0.000988088, 0.00132534, -0.999999, 0.848246, 0.000700194, -0.999999, -0.00132465, 1.02186, 0, 0, 0, 1
-0.999999, -0.000693183, -0.00100013, 0.29086, 0.000999177, 0.00137755, -0.999999, 0.848253, 0.00069456, -0.999999, -0.00137685, 1.02186, 0, 0, 0, 1
-0.999999, -0.000687324, -0.00101156, 0.290858, 0.00101058, 0.00143122, -0.999998, 0.84826, 0.00068877, -0.999999, -0.00143052, 1.02187, 0, 0, 0, 1
-0.999999, -0.000681305, -0.00102331, 0.290855, 0.00102229, 0.00148636, -0.999998, 0.848268, 0.000682825, -0.999999, -0.00148567, 1.02187, 0, 0, 0, 1
-0.999999, -0.000675127, -0.00103537, 0.290853, 0.00103432, 0.00154298, -0.999998, 0.848276, 0.000676723, -0.999999, -0.00154228, 1.02187, 0, 0, 0, 1
-0.999999, -0.00066879, -0.00104774, 0.29085, 0.00104666, 0.00160107, -0.999998, 0.848283, 0.000670466, -0.999998, -0.00160037, 1.02187, 0, 0, 0, 1
-0.999999, -0.000662294, -0.00106042, 0.290848, 0.00105932, 0.00166062, -0.999998, 0.848291, 0.000664054, -0.999998, -0.00165992, 1.02187, 0, 0, 0, 1
-0.999999, -0.00065564, -0.00107342, 0.290845, 0.00107229, 0.00172165, -0.999998, 0.8483, 0.000657486, -0.999998, -0.00172095, 1.02188, 0, 0, 0, 1
-0.999999, -0.000648827, -0.00108673, 0.290843, 0.00108557, 0.00178415, -0.999998, 0.848308, 0.000650764, -0.999998, -0.00178344, 1.02188, 0, 0, 0, 1
-0.999999, -0.000641855, -0.00110035, 0.29084, 0.00109916, 0.00184812, -0.999998, 0.848317, 0.000643887, -0.999998, -0.00184741, 1.02188, 0, 0, 0, 1
-0.999999, -0.000634725, -0.00111428, 0.290837, 0.00111307, 0.00191356, -0.999998, 0.848326, 0.000636856, -0.999998, -0.00191285, 1.02188, 0, 0, 0, 1
-0.999999, -0.000627437, -0.00112853, 0.290834, 0.00112729, 0.00198047, -0.999997, 0.848335, 0.000629671, -0.999998, -0.00197976, 1.02188, 0, 0, 0, 1
-0.999999, -0.000619991, -0.0011431, 0.290831, 0.00114182, 0.00204885, -0.999997, 0.848344, 0.000622332, -0.999998, -0.00204814, 1.02189, 0, 0, 0, 1
-0.999999, -0.000612388, -0.00115797, 0.290828, 0.00115667, 0.0021187, -0.999997, 0.848353, 0.000614839, -0.999998, -0.00211799, 1.02189, 0, 0, 0, 1
-0.999999, -0.000604626, -0.00117316, 0.290825, 0.00117183, 0.00219003, -0.999997, 0.848363, 0.000607193, -0.999997, -0.00218932, 1.02189, 0, 0, 0, 1
-0.999999, -0.000596706, -0.00118866, 0.290822, 0.00118731, 0.00226282, -0.999997, 0.848373, 0.000599394, -0.999997, -0.00226211, 1.02189, 0, 0, 0, 1
-0.999999, -0.00058863, -0.00120448, 0.290819, 0.0012031, 0.00233709, -0.999997, 0.848383, 0.000591443, -0.999997, -0.00233637, 1.02189, 0, 0, 0, 1
-0.999999, -0.000580396, -0.00122061, 0.290816, 0.0012192, 0.00241282, -0.999996, 0.848393, 0.000583339, -0.999997, -0.00241211, 1.0219, 0, 0, 0, 1
-0.999999, -0.000572004, -0.00123705, 0.290812, 0.00123562, 0.00249003, -0.999996, 0.848404, 0.000575082, -0.999997, -0.00248932, 1.0219, 0, 0, 0, 1
-0.999999, -0.000563456, -0.0012538, 0.290809, 0.00125235, 0.0025687, -0.999996, 0.848414, 0.000566674, -0.999997, -0.002568, 1.0219, 0, 0, 0, 1
-0.999999, -0.000554751, -0.00127087, 0.290805, 0.0012694, 0.00264885, -0.999996, 0.848425, 0.000558115, -0.999996, -0.00264815, 1.0219, 0, 0, 0, 1
-0.999999, -0.000545889, -0.00128825, 0.290802, 0.00128676, 0.00273047, -0.999995, 0.848436, 0.000549404, -0.999996, -0.00272977, 1.02191, 0, 0, 0, 1
-0.999999, -0.00053687, -0.00130595, 0.290798, 0.00130443, 0.00281356, -0.999995, 0.848448, 0.000540542, -0.999996, -0.00281286, 1.02191, 0, 0, 0, 1
-0.999999, -0.000527696, -0.00132396, 0.290795, 0.00132242, 0.00289812, -0.999995, 0.848459, 0.00053153, -0.999996, -0.00289742, 1.02191, 0, 0, 0, 1
-0.999999, -0.000518365, -0.00134228, 0.290791, 0.00134072, 0.00298416, -0.999995, 0.848471, 0.000522367, -0.999995, -0.00298346, 1.02191, 0, 0, 0, 1
-0.999999, -0.000508878, -0.00136091, 0.290787, 0.00135934, 0.00307166, -0.999994, 0.848482, 0.000513055, -0.999995, -0.00307096, 1.02192, 0, 0, 0, 1
-0.999999, -0.000499235, -0.00137986, 0.290783, 0.00137827, 0.00316063, -0.999994, 0.848495, 0.000503593, -0.999995, -0.00315994, 1.02192, 0, 0, 0, 1
-0.999999, -0.000489436, -0.00139912, 0.290779, 0.00139752, 0.00325108, -0.999994, 0.848507, 0.000493982, -0.999995, -0.00325039, 1.02192, 0, 0, 0, 1
-0.999999, -0.000479482, -0.00141869, 0.290776, 0.00141708, 0.00334299, -0.999993, 0.848519, 0.000484222, -0.999994, -0.00334231, 1.02193, 0, 0, 0, 1
-0.999999, -0.000469373, -0.00143858, 0.290771, 0.00143696, 0.00343638, -0.999993, 0.848532, 0.000474313, -0.999994, -0.0034357, 1.02193, 0, 0, 0, 1
-0.999999, -0.000459109, -0.00145878, 0.290767, 0.00145715, 0.00353124, -0.999993, 0.848545, 0.000464257, -0.999994, -0.00353057, 1.02193, 0, 0, 0, 1
-0.999999, -0.000448689, -0.00147929, 0.290763, 0.00147765, 0.00362757, -0.999992, 0.848558, 0.000454052, -0.999993, -0.0036269, 1.02194, 0, 0, 0, 1
-0.999999, -0.000438115, -0.00150012, 0.290759, 0.00149847, 0.00372537, -0.999992, 0.848571, 0.0004437, -0.999993, -0.00372471, 1.02194, 0, 0, 0, 1
-0.999999, -0.000427387, -0.00152126, 0.290755, 0.00151961, 0.00382464, -0.999992, 0.848584, 0.000433202, -0.999993, -0.00382399, 1.02194, 0, 0, 0, 1
-0.999999, -0.000416504, -0.00154271, 0.29075, 0.00154106, 0.00392538, -0.999991, 0.848598, 0.000422556, -0.999992, -0.00392474, 1.02194, 0, 0, 0, 1
-0.999999, -0.000405467, -0.00156447, 0.290746, 0.00156283, 0.0040276, -0.999991, 0.848612, 0.000411764, -0.999992, -0.00402696, 1.02195, 0, 0, 0, 1
-0.999999, -0.000394276, -0.00158655, 0.290742, 0.00158491, 0.00413128, -0.99999, 0.848626, 0.000400827, -0.999991, -0.00413065, 1.02195, 0, 0, 0, 1
-0.999999, -0.000382932, -0.00160895, 0.290737, 0.00160731, 0.00423644, -0.99999, 0.84864, 0.000389744, -0.999991, -0.00423582, 1.02195, 0, 0, 0, 1
-0.999999, -0.000371434, -0.00163165, 0.290732, 0.00163002, 0.00434307, -0.999989, 0.848655, 0.000378516, -0.99999, -0.00434246, 1.02196, 0, 0, 0, 1
-0.999999, -0.000359782, -0.00165467, 0.290728, 0.00165305, 0.00445117, -0.999989, 0.848669, 0.000367144, -0.99999, -0.00445056, 1.02196, 0, 0, 0, 1
-0.999999, -0.000347978, -0.001678, 0.290723, 0.0016764, 0.00456074, -0.999988, 0.848684, 0.000355627, -0.99999, -0.00456015, 1.02196, 0, 0, 0, 1
-0.999998, -0.000336021, -0.00170165, 0.290718, 0.00170006, 0.00467178, -0.999988, 0.848699, 0.000343966, -0.999989, -0.0046712, 1.02197, 0, 0, 0, 1
-0.999998, -0.000323911, -0.00172561, 0.290713, 0.00172404, 0.00478429, -0.999987, 0.848714, 0.000332163, -0.999989, -0.00478372, 1.02197, 0, 0, 0, 1
-0.999998, -0.000311649, -0.00174988, 0.290708, 0.00174833, 0.00489827, -0.999986, 0.84873, 0.000320216, -0.999988, -0.00489772, 1.02198, 0, 0, 0, 1
-0.999998, -0.000299235, -0.00177446, 0.290703, 0.00177294, 0.00501373, -0.999986, 0.848746, 0.000308127, -0.999987, -0.00501319, 1.02198, 0, 0, 0, 1
-0.999998, -0.000286668, -0.00179936, 0.290698, 0.00179787, 0.00513066, -0.999985, 0.848761, 0.000295896, -0.999987, -0.00513013, 1.02198, 0, 0, 0, 1
-0.999998, -0.000273951, -0.00182457, 0.290693, 0.00182311, 0.00524906, -0.999985, 0.848777, 0.000283524, -0.999986, -0.00524855, 1.02199, 0, 0, 0, 1
-0.999998, -0.000261081, -0.0018501, 0.290688, 0.00184867, 0.00536892, -0.999984, 0.848794, 0.00027101, -0.999986, -0.00536843, 1.02199, 0, 0, 0, 1
-0.999998, -0.000248061, -0.00187593, 0.290683, 0.00187454, 0.00549027, -0.999983, 0.84881, 0.000258356, -0.999985, -0.00548979, 1.02199, 0, 0, 0, 1
-0.999998, -0.000234889, -0.00190208, 0.290677, 0.00190074, 0.00561308, -0.999982, 0.848827, 0.000245562, -0.999984, -0.00561262, 1.022, 0, 0, 0, 1
-0.999998, -0.000221567, -0.00192855, 0.290672, 0.00192724, 0.00573736, -0.999982, 0.848844, 0.000232628, -0.999984, -0.00573692, 1.022, 0, 0, 0, 1
-0.999998, -0.000208095, -0.00195532, 0.290667, 0.00195407, 0.00586312, -0.999981, 0.848861, 0.000219555, -0.999983, -0.0058627, 1.02201, 0, 0, 0, 1
-0.999998, -0.000194472, -0.00198242, 0.290661, 0.00198121, 0.00599034, -0.99998, 0.848878, 0.000206343, -0.999982, -0.00598995, 1.02201, 0, 0, 0, 1
-0.999998, -0.000180699, -0.00200982, 0.290656, 0.00200868, 0.00611904, -0.999979, 0.848895, 0.000192994, -0.999981, -0.00611867, 1.02202, 0, 0, 0, 1
-0.999998, -0.000166777, -0.00203754, 0.29065, 0.00203645, 0.00624921, -0.999978, 0.848913, 0.000179506, -0.99998, -0.00624886, 1.02202, 0, 0, 0, 1
-0.999998, -0.000152705, -0.00206557, 0.290644, 0.00206455, 0.00638086, -0.999978, 0.848931, 0.000165882, -0.99998, -0.00638053, 1.02202, 0, 0, 0, 1
-0.999998, -0.000138484, -0.00209391, 0.290638, 0.00209296, 0.00651397, -0.999977, 0.848949, 0.00015212, -0.999979, -0.00651366, 1.02203, 0, 0, 0, 1
-0.999998, -0.000124114, -0.00212257, 0.290633, 0.00212169, 0.00664855, -0.999976, 0.848967, 0.000138223, -0.999978, -0.00664828, 1.02203, 0, 0, 0, 1
-0.999998, -0.000109596, -0.00215154, 0.290627, 0.00215074, 0.00678461, -0.999975, 0.848986, 0.00012419, -0.999977, -0.00678436, 1.02204, 0, 0, 0, 1
-0.999998, -9.49292e-05, -0.00218082, 0.290621, 0.00218011, 0.00692214, -0.999974, 0.849004, 0.000110023, -0.999976, -0.00692192, 1.02204, 0, 0, 0, 1
-0.999998, -8.01144e-05, -0.00221042, 0.290615, 0.00220979, 0.00706114, -0.999973, 0.849023, 9.57203e-05, -0.999975, -0.00706094, 1.02205, 0, 0, 0, 1
-0.999997, -6.51519e-05, -0.00224033, 0.290609, 0.0022398, 0.00720161, -0.999972, 0.849042, 8.1284e-05, -0.999974, -0.00720145, 1.02205, 0, 0, 0, 1
-0.999997, -5.00419e-05, -0.00227055, 0.290603, 0.00227012, 0.00734355, -0.99997, 0.849061, 6.67144e-05, -0.999973, -0.00734342, 1.02205, 0, 0, 0, 1
-0.999997, -3.47848e-05, -0.00230108, 0.290596, 0.00230076, 0.00748697, -0.999969, 0.849081, 5.20118e-05, -0.999972, -0.00748687, 1.02206, 0, 0, 0, 1
-0.999997, -1.93807e-05, -0.00233193, 0.29059, 0.00233172, 0.00763186, -0.999968, 0.8491, 3.7177e-05, -0.999971, -0.00763179, 1.02206, 0, 0, 0, 1
-0.999997, -3.82999e-06, -0.0023631, 0.290584, 0.002363, 0.00777822, -0.999967, 0.84912, 2.22105e-05, -0.99997, -0.00777818, 1.02207, 0, 0, 0, 1
-0.999997, 1.1867e-05, -0.00239457, 0.290577, 0.00239459, 0.00792605, -0.999966, 0.84914, 7.1129e-06, -0.999969, -0.00792605, 1.02207, 0, 0, 0, 1
-0.999997, 2.771e-05, -0.00242636, 0.290571, 0.00242651, 0.00807535, -0.999964, 0.849161, -8.1153e-06, -0.999967, -0.00807539, 1.02208, 0, 0, 0, 1
-0.999997, 4.36987e-05, -0.00245847, 0.290564, 0.00245874, 0.00822612, -0.999963, 0.849181, -2.34735e-05, -0.999966, -0.00822621, 1.02208, 0, 0, 0, 1
-0.999997, 5.98329e-05, -0.00249088, 0.290558, 0.0024913, 0.00837837, -0.999962, 0.849202, -3.8961e-05, -0.999965, -0.00837849, 1.02209, 0, 0, 0, 1
-0.999997, 7.61121e-05, -0.00252361, 0.290551, 0.00252417, 0.00853209, -0.99996, 0.849222, -5.45774e-05, -0.999964, -0.00853225, 1.02209, 0, 0, 0, 1
-0.999997, 9.25361e-05, -0.00255665, 0.290544, 0.00255736, 0.00868728, -0.999959, 0.849244, -7.03219e-05, -0.999962, -0.00868749, 1.0221, 0, 0, 0, 1
-0.999997, 0.000109105, -0.00259001, 0.290537, 0.00259087, 0.00884394, -0.999958, 0.849265, -8.6194e-05, -0.999961, -0.00884419, 1.0221, 0, 0, 0, 1
-0.999997, 0.000125817, -0.00262368, 0.290531, 0.0026247, 0.00900208, -0.999956, 0.849286, -0.000102193, -0.999959, -0.00900237, 1.02211, 0, 0, 0, 1
-0.999996, 0.000142674, -0.00265766, 0.290524, 0.00265886, 0.00916168, -0.999954, 0.849308, -0.000118318, -0.999958, -0.00916203, 1.02211, 0, 0, 0, 1
-0.999996, 0.000159674, -0.00269196, 0.290517, 0.00269333, 0.00932276, -0.999953, 0.84933, -0.00013457, -0.999957, -0.00932316, 1.02212, 0, 0, 0, 1
-0.999996, 0.000176817, -0.00272657, 0.290509, 0.00272812, 0.00948531, -0.999951, 0.849352, -0.000150946, -0.999955, -0.00948576, 1.02213, 0, 0, 0, 1
-0.999996, 0.000194103, -0.00276149, 0.290502, 0.00276323, 0.00964933, -0.99995, 0.849374, -0.000167446, -0.999953, -0.00964983, 1.02213, 0, 0, 0, 1
-0.999996, 0.000211531, -0.00279673, 0.290495, 0.00279867, 0.00981483, -0.999948, 0.849397, -0.000184071, -0.999952, -0.00981538, 1.02214, 0, 0, 0, 1
-0.999996, 0.000229102, -0.00283227, 0.290488, 0.00283442, 0.00998179, -0.999946, 0.849419, -0.000200818, -0.99995, -0.0099824, 1.02214, 0, 0, 0, 1
-0.999996, 0.000246814, -0.00286814, 0.290481, 0.00287049, 0.0101502, -0.999944, 0.849442, -0.000217688, -0.999948, -0.0101509, 1.02215, 0, 0, 0, 1
-0.999996, 0.000264669, -0.00290431, 0.290473, 0.00290689, 0.0103201, -0.999943, 0.849465, -0.00023468, -0.999947, -0.0103209, 1.02215, 0, 0, 0, 1
-0.999996, 0.000282664, -0.0029408, 0.290466, 0.00294361, 0.0104915, -0.999941, 0.849488, -0.000251793, -0.999945, -0.0104923, 1.02216, 0, 0, 0, 1
-0.999996, 0.0003008, -0.00297761, 0.290458, 0.00298064, 0.0106644, -0.999939, 0.849512, -0.000269027, -0.999943, -0.0106652, 1.02216, 0, 0, 0, 1
-0.999995, 0.000319076, -0.00301472, 0.290451, 0.003018, 0.0108387, -0.999937, 0.849535, -0.00028638, -0.999941, -0.0108396, 1.02217, 0, 0, 0, 1
-0.999995, 0.000337493, -0.00305215, 0.290443, 0.00305568, 0.0110145, -0.999935, 0.849559, -0.000303853, -0.999939, -0.0110155, 1.02218, 0, 0, 0, 1
-0.999995, 0.000356049, -0.0030899, 0.290435, 0.00309369, 0.0111918, -0.999933, 0.849583, -0.000321444, -0.999937, -0.0111928, 1.02218, 0, 0, 0, 1
-0.999995, 0.000374745, -0.00312795, 0.290427, 0.00313201, 0.0113705, -0.99993, 0.849608, -0.000339152, -0.999935, -0.0113716, 1.02219, 0, 0, 0, 1
-0.999995, 0.00039358, -0.00316632, 0.290419, 0.00317066, 0.0115507, -0.999928, 0.849632, -0.000356978, -0.999933, -0.0115519, 1.02219, 0, 0, 0, 1
-0.999995, 0.000412553, -0.00320501, 0.290412, 0.00320963, 0.0117324, -0.999926, 0.849657, -0.00037492, -0.999931, -0.0117337, 1.0222, 0, 0, 0, 1
-0.999995, 0.000431665, -0.003244, 0.290404, 0.00324892, 0.0119156, -0.999924, 0.849682, -0.000392978, -0.999929, -0.0119169, 1.02221, 0, 0, 0, 1
-0.999995, 0.000450915, -0.00328331, 0.290395, 0.00328853, 0.0121002, -0.999921, 0.849707, -0.00041115, -0.999927, -0.0121016, 1.02221, 0, 0, 0, 1
-0.999994, 0.000470302, -0.00332294, 0.290387, 0.00332846, 0.0122863, -0.999919, 0.849732, -0.000429437, -0.999924, -0.0122878, 1.02222, 0, 0, 0, 1
-0.999994, 0.000489826, -0.00336287, 0.290379, 0.00336872, 0.0124739, -0.999917, 0.849757, -0.000447837, -0.999922, -0.0124755, 1.02222, 0, 0, 0, 1
-0.999994, 0.000509488, -0.00340312, 0.290371, 0.0034093, 0.012663, -0.999914, 0.849783, -0.00046635, -0.99992, -0.0126646, 1.02223, 0, 0, 0, 1
-0.999994, 0.000529285, -0.00344369, 0.290363, 0.00345021, 0.0128535, -0.999911, 0.849809, -0.000484975, -0.999917, -0.0128552, 1.02224, 0, 0, 0, 1
-0.999994, 0.000549219, -0.00348457, 0.290354, 0.00349144, 0.0130455, -0.999909, 0.849835, -0.000503711, -0.999915, -0.0130473, 1.02224, 0, 0, 0, 1
-0.999994, 0.000569288, -0.00352576, 0.290346, 0.00353299, 0.013239, -0.999906, 0.849861, -0.000522558, -0.999912, -0.0132409, 1.02225, 0, 0, 0, 1
-0.999993, 0.000589493, -0.00356726, 0.290337, 0.00357486, 0.0134339, -0.999903, 0.849888, -0.000541514, -0.99991, -0.0134359, 1.02226, 0, 0, 0, 1
-0.999993, 0.000609832, -0.00360908, 0.290329, 0.00361706, 0.0136303, -0.999901, 0.849915, -0.000560579, -0.999907, -0.0136324, 1.02226, 0, 0, 0, 1
-0.999993, 0.000630306, -0.00365121, 0.29032, 0.00365958, 0.0138282, -0.999898, 0.849941, -0.000579752, -0.999904, -0.0138304, 1.02227, 0, 0, 0, 1
-0.999993, 0.000650914, -0.00369366, 0.290311, 0.00370243, 0.0140276, -0.999895, 0.849969, -0.000599033, -0.999901, -0.0140299, 1.02228, 0, 0, 0, 1
-0.999993, 0.000671656, -0.00373642, 0.290302, 0.0037456, 0.0142284, -0.999892, 0.849996, -0.00061842, -0.999899, -0.0142308, 1.02228, 0, 0, 0, 1
-0.999993, 0.000692531, -0.00377949, 0.290293, 0.00378909, 0.0144307, -0.999889, 0.850023, -0.000637913, -0.999896, -0.0144332, 1.02229, 0, 0, 0, 1
-0.999992, 0.000713539, -0.00382288, 0.290285, 0.00383291, 0.0146345, -0.999886, 0.850051, -0.000657511, -0.999893, -0.0146371, 1.0223, 0, 0, 0, 1
-0.999992, 0.000734679, -0.00386658, 0.290276, 0.00387706, 0.0148397, -0.999882, 0.850079, -0.000677213, -0.99989, -0.0148425, 1.02231, 0, 0, 0, 1
-0.999992, 0.000755951, -0.00391059, 0.290266, 0.00392153, 0.0150465, -0.999879, 0.850107, -0.000697019, -0.999887, -0.0150493, 1.02231, 0, 0, 0, 1
-0.999992, 0.000777355, -0.00395492, 0.290257, 0.00396632, 0.0152546, -0.999876, 0.850135, -0.000716927, -0.999883, -0.0152576, 1.02232, 0, 0, 0, 1
-0.999992, 0.000798889, -0.00399956, 0.290248, 0.00401144, 0.0154643, -0.999872, 0.850164, -0.000736937, -0.99988, -0.0154674, 1.02233, 0, 0, 0, 1
-0.999991, 0.000820555, -0.00404452, 0.290239, 0.00405688, 0.0156755, -0.999869, 0.850193, -0.000757048, -0.999877, -0.0156787, 1.02233, 0, 0, 0, 1
-0.999991, 0.000842351, -0.00408978, 0.29023, 0.00410265, 0.0158881, -0.999865, 0.850221, -0.000777259, -0.999873, -0.0158914, 1.02234, 0, 0, 0, 1
-0.999991, 0.000864277, -0.00413537, 0.29022, 0.00414875, 0.0161022, -0.999862, 0.850251, -0.000797569, -0.99987, -0.0161056, 1.02235, 0, 0, 0, 1
-0.999991, 0.000886332, -0.00418126, 0.290211, 0.00419517, 0.0163177, -0.999858, 0.85028, -0.000817978, -0.999866, -0.0163213, 1.02236, 0, 0, 0, 1
-0.999991, 0.000908517, -0.00422747, 0.290201, 0.00424192, 0.0165347, -0.999854, 0.850309, -0.000838484, -0.999863, -0.0165384, 1.02236, 0, 0, 0, 1
-0.99999, 0.00093083, -0.004274, 0.290191, 0.00428899, 0.0167533, -0.99985, 0.850339, -0.000859087, -0.999859, -0.0167571, 1.02237, 0, 0, 0, 1
-0.99999, 0.000953271, -0.00432083, 0.290182, 0.00433639, 0.0169732, -0.999847, 0.850369, -0.000879786, -0.999855, -0.0169772, 1.02238, 0, 0, 0, 1
-0.99999, 0.000975839, -0.00436798, 0.290172, 0.00438412, 0.0171947, -0.999843, 0.850399, -0.00090058, -0.999852, -0.0171988, 1.02239, 0, 0, 0, 1
-0.99999, 0.000998535, -0.00441545, 0.290162, 0.00443217, 0.0174176, -0.999838, 0.850429, -0.000921467, -0.999848, -0.0174219, 1.02239, 0, 0, 0, 1
-0.99999, 0.00102136, -0.00446323, 0.290152, 0.00448055, 0.017642, -0.999834, 0.85046, -0.000942449, -0.999844, -0.0176464, 1.0224, 0, 0, 0, 1
-0.999989, 0.00104431, -0.00451132, 0.290142, 0.00452926, 0.0178679, -0.99983, 0.850491, -0.000963522, -0.99984, -0.0178724, 1.02241, 0, 0, 0, 1
-0.999989, 0.00106738, -0.00455973, 0.290132, 0.0045783, 0.0180952, -0.999826, 0.850522, -0.000984687, -0.999836, -0.0180999, 1.02242, 0, 0, 0, 1
-0.999989, 0.00109058, -0.00460845, 0.290122, 0.00462766, 0.018324, -0.999821, 0.850553, -0.00100594, -0.999832, -0.0183289, 1.02243, 0, 0, 0, 1
-0.999989, 0.00111391, -0.00465748, 0.290112, 0.00467735, 0.0185543, -0.999817, 0.850584, -0.00102729, -0.999827, -0.0185593, 1.02243, 0, 0, 0, 1
-0.999988, 0.00113736, -0.00470683, 0.290102, 0.00472737, 0.0187861, -0.999812, 0.850616, -0.00104872, -0.999823, -0.0187912, 1.02244, 0, 0, 0, 1
-0.999988, 0.00116093, -0.00475649, 0.290092, 0.00477771, 0.0190193, -0.999808, 0.850647, -0.00107024, -0.999818, -0.0190246, 1.02245, 0, 0, 0, 1
-0.999988, 0.00118463, -0.00480647, 0.290081, 0.00482839, 0.019254, -0.999803, 0.850679, -0.00109185, -0.999814, -0.0192595, 1.02246, 0, 0, 0, 1
-0.999987, 0.00120845, -0.00485676, 0.290071, 0.00487939, 0.0194902, -0.999798, 0.850711, -0.00111355, -0.999809, -0.0194959, 1.02247, 0, 0, 0, 1
-0.999987, 0.00123239, -0.00490736, 0.29006, 0.00493072, 0.0197279, -0.999793, 0.850744, -0.00113533, -0.999805, -0.0197337, 1.02248, 0, 0, 0, 1
-0.999987, 0.00125646, -0.00495828, 0.29005, 0.00498238, 0.019967, -0.999788, 0.850776, -0.00115719, -0.9998, -0.019973, 1.02248, 0, 0, 0, 1
-0.999987, 0.00128064, -0.00500951, 0.290039, 0.00503437, 0.0202076, -0.999783, 0.850809, -0.00117914, -0.999795, -0.0202138, 1.02249, 0, 0, 0, 1
-0.999986, 0.00130495, -0.00506106, 0.290028, 0.00508669, 0.0204497, -0.999778, 0.850842, -0.00120117, -0.99979, -0.020456, 1.0225, 0, 0, 0, 1
-0.999986, 0.00132938, -0.00511292, 0.290018, 0.00513934, 0.0206932, -0.999773, 0.850875, -0.00122328, -0.999785, -0.0206998, 1.02251, 0, 0, 0, 1
-0.999986, 0.00135393, -0.00516509, 0.290007, 0.00519231, 0.0209382, -0.999767, 0.850909, -0.00124547, -0.99978, -0.020945, 1.02252, 0, 0, 0, 1
-0.999985, 0.0013786, -0.00521758, 0.289996, 0.00524562, 0.0211847, -0.999762, 0.850942, -0.00126774, -0.999775, -0.0211917, 1.02253, 0, 0, 0, 1
-0.999985, 0.00140339, -0.00527039, 0.289985, 0.00529926, 0.0214327, -0.999756, 0.850976, -0.00129009, -0.999769, -0.0214398, 1.02254, 0, 0, 0, 1
-0.999985, 0.00142829, -0.0053235, 0.289974, 0.00535322, 0.0216821, -0.999751, 0.85101, -0.00131251, -0.999764, -0.0216894, 1.02255, 0, 0, 0, 1
-0.999984, 0.00145332, -0.00537693, 0.289963, 0.00540752, 0.021933, -0.999745, 0.851044, -0.00133501, -0.999758, -0.0219406, 1.02255, 0, 0, 0, 1
-0.999984, 0.00147846, -0.00543068, 0.289951, 0.00546215, 0.0221854, -0.999739, 0.851078, -0.00135759, -0.999753, -0.0221932, 1.02256, 0, 0, 0, 1
-0.999984, 0.00150372, -0.00548474, 0.28994, 0.00551711, 0.0224393, -0.999733, 0.851113, -0.00138024, -0.999747, -0.0224472, 1.02257, 0, 0, 0, 1
-0.999983, 0.00152909, -0.00553911, 0.289929, 0.00557239, 0.0226946, -0.999727, 0.851148, -0.00140297, -0.999741, -0.0227028, 1.02258, 0, 0, 0, 1
-0.999983, 0.00155459, -0.0055938, 0.289917, 0.00562801, 0.0229514, -0.999721, 0.851183, -0.00142577, -0.999735, -0.0229598, 1.02259, 0, 0, 0, 1
-0.999983, 0.00158019, -0.0056488, 0.289906, 0.00568397, 0.0232097, -0.999714, 0.851218, -0.00144864, -0.999729, -0.0232183, 1.0226, 0, 0, 0, 1
-0.999982, 0.00160592, -0.00570412, 0.289894, 0.00574025, 0.0234695, -0.999708, 0.851253, -0.00147157, -0.999723, -0.0234783, 1.02261, 0, 0, 0, 1
-0.999982, 0.00163175, -0.00575975, 0.289883, 0.00579686, 0.0237307, -0.999702, 0.851289, -0.00149458, -0.999717, -0.0237397, 1.02262, 0, 0, 0, 1
-0.999982, 0.0016577, -0.0058157, 0.289871, 0.00585381, 0.0239934, -0.999695, 0.851325, -0.00151766, -0.999711, -0.0240026, 1.02263, 0, 0, 0, 1
-0.999981, 0.00168377, -0.00587196, 0.289859, 0.00591108, 0.0242576, -0.999688, 0.851361, -0.0015408, -0.999704, -0.0242671, 1.02264, 0, 0, 0, 1
-0.999981, 0.00170995, -0.00592854, 0.289848, 0.00596869, 0.0245232, -0.999681, 0.851397, -0.00156402, -0.999698, -0.0245329, 1.02265, 0, 0, 0, 1
-0.999981, 0.00173624, -0.00598542, 0.289836, 0.00602664, 0.0247903, -0.999675, 0.851433, -0.00158729, -0.999691, -0.0248003, 1.02266, 0, 0, 0, 1
-0.99998, 0.00176264, -0.00604263, 0.289824, 0.00608491, 0.0250589, -0.999667, 0.85147, -0.00161063, -0.999684, -0.0250691, 1.02267, 0, 0, 0, 1
-0.99998, 0.00178915, -0.00610015, 0.289812, 0.00614352, 0.025329, -0.99966, 0.851507, -0.00163403, -0.999678, -0.0253394, 1.02268, 0, 0, 0, 1
-0.999979, 0.00181578, -0.00615798, 0.2898, 0.00620246, 0.0256005, -0.999653, 0.851544, -0.0016575, -0.999671, -0.0256112, 1.02269, 0, 0, 0, 1
-0.999979, 0.00184251, -0.00621613, 0.289787, 0.00626173, 0.0258735, -0.999646, 0.851581, -0.00168102, -0.999664, -0.0258845, 1.0227, 0, 0, 0, 1
-0.999979, 0.00186935, -0.00627459, 0.289775, 0.00632134, 0.026148, -0.999638, 0.851618, -0.00170461, -0.999656, -0.0261593, 1.02271, 0, 0, 0, 1
-0.999978, 0.00189631, -0.00633337, 0.289763, 0.00638128, 0.026424, -0.99963, 0.851656, -0.00172825, -0.999649, -0.0264355, 1.02272, 0, 0, 0, 1
-0.999978, 0.00192337, -0.00639246, 0.28975, 0.00644155, 0.0267014, -0.999623, 0.851694, -0.00175195, -0.999642, -0.0267132, 1.02273, 0, 0, 0, 1
-0.999977, 0.00195054, -0.00645187, 0.289738, 0.00650216, 0.0269803, -0.999615, 0.851732, -0.00177571, -0.999634, -0.0269924, 1.02274, 0, 0, 0, 1
-0.999977, 0.00197781, -0.00651159, 0.289725, 0.0065631, 0.0272607, -0.999607, 0.85177, -0.00179953, -0.999626, -0.027273, 1.02275, 0, 0, 0, 1
-0.999976, 0.0020052, -0.00657163, 0.289713, 0.00662437, 0.0275425, -0.999599, 0.851809, -0.00182339, -0.999619, -0.0275552, 1.02276, 0, 0, 0, 1
-0.999976, 0.00203269, -0.00663198, 0.2897, 0.00668598, 0.0278258, -0.99959, 0.851847, -0.00184732, -0.999611, -0.0278388, 1.02277, 0, 0, 0, 1
-0.999975, 0.00206028, -0.00669265, 0.289687, 0.00674793, 0.0281106, -0.999582, 0.851886, -0.00187129, -0.999603, -0.0281239, 1.02278, 0, 0, 0, 1
-0.999975, 0.00208799, -0.00675363, 0.289675, 0.00681021, 0.0283969, -0.999574, 0.851925, -0.00189531, -0.999595, -0.0284104, 1.02279, 0, 0, 0, 1
-0.999975, 0.00211579, -0.00681492, 0.289662, 0.00687282, 0.0286847, -0.999565, 0.851965, -0.00191939, -0.999586, -0.0286985, 1.0228, 0, 0, 0, 1
-0.999974, 0.0021437, -0.00687654, 0.289649, 0.00693577, 0.0289739, -0.999556, 0.852004, -0.00194351, -0.999578, -0.028988, 1.02281, 0, 0, 0, 1
-0.999974, 0.00217171, -0.00693846, 0.289636, 0.00699906, 0.0292646, -0.999547, 0.852044, -0.00196768, -0.999569, -0.029279, 1.02282, 0, 0, 0, 1
-0.999973, 0.00219983, -0.0070007, 0.289623, 0.00706268, 0.0295567, -0.999538, 0.852084, -0.0019919, -0.999561, -0.0295715, 1.02283, 0, 0, 0, 1
-0.999973, 0.00222805, -0.00706326, 0.289609, 0.00712664, 0.0298504, -0.999529, 0.852124, -0.00201616, -0.999552, -0.0298654, 1.02285, 0, 0, 0, 1
-0.999972, 0.00225637, -0.00712613, 0.289596, 0.00719093, 0.0301455, -0.99952, 0.852164, -0.00204046, -0.999543, -0.0301608, 1.02286, 0, 0, 0, 1
-0.999972, 0.00228479, -0.00718932, 0.289583, 0.00725556, 0.030442, -0.99951, 0.852204, -0.00206481, -0.999534, -0.0304578, 1.02287, 0, 0, 0, 1
-0.999971, 0.00231331, -0.00725282, 0.289569, 0.00732052, 0.0307401, -0.999501, 0.852245, -0.0020892, -0.999525, -0.0307561, 1.02288, 0, 0, 0, 1
-0.99997, 0.00234193, -0.00731664, 0.289556, 0.00738583, 0.0310396, -0.999491, 0.852286, -0.00211363, -0.999515, -0.031056, 1.02289, 0, 0, 0, 1
-0.99997, 0.00237065, -0.00738078, 0.289542, 0.00745147, 0.0313406, -0.999481, 0.852327, -0.0021381, -0.999506, -0.0313574, 1.0229, 0, 0, 0, 1
-0.999969, 0.00239947, -0.00744522, 0.289529, 0.00751744, 0.0316431, -0.999471, 0.852368, -0.00216261, -0.999496, -0.0316602, 1.02291, 0, 0, 0, 1
-0.999969, 0.00242839, -0.00750999, 0.289515, 0.00758376, 0.0319471, -0.999461, 0.85241, -0.00218715, -0.999487, -0.0319645, 1.02292, 0, 0, 0, 1
-0.999968, 0.0024574, -0.00757507, 0.289501, 0.00765041, 0.0322525, -0.99945, 0.852452, -0.00221173, -0.999477, -0.0322702, 1.02294, 0, 0, 0, 1
-0.999968, 0.00248651, -0.00764046, 0.289488, 0.00771739, 0.0325594, -0.99944, 0.852494, -0.00223635, -0.999467, -0.0325775, 1.02295, 0, 0, 0, 1
-0.999967, 0.00251572, -0.00770618, 0.289474, 0.00778472, 0.0328677, -0.999429, 0.852536, -0.002261, -0.999457, -0.0328862, 1.02296, 0, 0, 0, 1
-0.999967, 0.00254502, -0.0077722, 0.28946, 0.00785238, 0.0331776, -0.999419, 0.852578, -0.00228568, -0.999446, -0.0331964, 1.02297, 0, 0, 0, 1
-0.999966, 0.00257442, -0.00783855, 0.289446, 0.00792039, 0.0334889, -0.999408, 0.852621, -0.00231039, -0.999436, -0.0335081, 1.02298, 0, 0, 0, 1
-0.999965, 0.00260391, -0.0079052, 0.289432, 0.00798873, 0.0338017, -0.999397, 0.852663, -0.00233513, -0.999425, -0.0338213, 1.023, 0, 0, 0, 1
-0.999965, 0.0026335, -0.00797218, 0.289417, 0.00805741, 0.0341159, -0.999385, 0.852706, -0.0023599, -0.999414, -0.0341359, 1.02301, 0, 0, 0, 1
-0.999964, 0.00266317, -0.00803947, 0.289403, 0.00812642, 0.0344317, -0.999374, 0.85275, -0.00238469, -0.999404, -0.0344521, 1.02302, 0, 0, 0, 1
-0.999964, 0.00269294, -0.00810707, 0.289389, 0.00819578, 0.0347489, -0.999362, 0.852793, -0.00240952, -0.999392, -0.0347697, 1.02303, 0, 0, 0, 1
-0.999963, 0.00272281, -0.008175, 0.289374, 0.00826548, 0.0350675, -0.999351, 0.852837, -0.00243436, -0.999381, -0.0350887, 1.02304, 0, 0, 0, 1
-0.999962, 0.00275276, -0.00824323, 0.28936, 0.00833551, 0.0353877, -0.999339, 0.85288, -0.00245923, -0.99937, -0.0354093, 1.02306, 0, 0, 0, 1
-0.999962, 0.0027828, -0.00831179, 0.289345, 0.00840589, 0.0357093, -0.999327, 0.852924, -0.00248412, -0.999358, -0.0357313, 1.02307, 0, 0, 0, 1
-0.999961, 0.00281294, -0.00838066, 0.289331, 0.0084766, 0.0360324, -0.999315, 0.852968, -0.00250904, -0.999347, -0.0360548, 1.02308, 0, 0, 0, 1
-0.99996, 0.00284316, -0.00844984, 0.289316, 0.00854766, 0.036357, -0.999302, 0.853013, -0.00253397, -0.999335, -0.0363798, 1.02309, 0, 0, 0, 1
-0.99996, 0.00287347, -0.00851935, 0.289301, 0.00861905, 0.036683, -0.99929, 0.853057, -0.00255892, -0.999323, -0.0367063, 1.02311, 0, 0, 0, 1
-0.999959, 0.00290387, -0.00858917, 0.289286, 0.00869079, 0.0370105, -0.999277, 0.853102, -0.00258388, -0.999311, -0.0370342, 1.02312, 0, 0, 0, 1
-0.999958, 0.00293436, -0.0086593, 0.289271, 0.00876286, 0.0373395, -0.999264, 0.853147, -0.00260886, -0.999298, -0.0373637, 1.02313, 0, 0, 0, 1
-0.999957, 0.00296493, -0.00872975, 0.289256, 0.00883528, 0.03767, -0.999251, 0.853192, -0.00263386, -0.999286, -0.0376946, 1.02315, 0, 0, 0, 1
-0.999957, 0.00299559, -0.00880052, 0.289241, 0.00890804, 0.0380019, -0.999238, 0.853238, -0.00265887, -0.999273, -0.038027, 1.02316, 0, 0, 0, 1
-0.999956, 0.00302633, -0.00887161, 0.289226, 0.00898114, 0.0383353, -0.999225, 0.853284, -0.00268389, -0.99926, -0.0383608, 1.02317, 0, 0, 0, 1
-0.999955, 0.00305716, -0.00894301, 0.289211, 0.00905458, 0.0386702, -0.999211, 0.853329, -0.00270892, -0.999247, -0.0386961, 1.02319, 0, 0, 0, 1
-0.999955, 0.00308807, -0.00901473, 0.289196, 0.00912836, 0.0390065, -0.999197, 0.853375, -0.00273396, -0.999234, -0.039033, 1.0232, 0, 0, 0, 1
-0.999954, 0.00311907, -0.00908676, 0.28918, 0.00920248, 0.0393444, -0.999183, 0.853422, -0.00275901, -0.999221, -0.0393712, 1.02321, 0, 0, 0, 1
-0.999953, 0.00315015, -0.00915911, 0.289165, 0.00927695, 0.0396837, -0.999169, 0.853468, -0.00278406, -0.999207, -0.039711, 1.02323, 0, 0, 0, 1
-0.999952, 0.00318131, -0.00923178, 0.289149, 0.00935175, 0.0400244, -0.999155, 0.853515, -0.00280912, -0.999194, -0.0400523, 1.02324, 0, 0, 0, 1
-0.999952, 0.00321255, -0.00930477, 0.289134, 0.0094269, 0.0403667, -0.99914, 0.853562, -0.00283418, -0.99918, -0.040395, 1.02325, 0, 0, 0, 1
-0.999951, 0.00324387, -0.00937807, 0.289118, 0.0095024, 0.0407104, -0.999126, 0.853609, -0.00285925, -0.999166, -0.0407392, 1.02327, 0, 0, 0, 1
-0.99995, 0.00327527, -0.00945169, 0.289102, 0.00957823, 0.0410556, -0.999111, 0.853656, -0.00288431, -0.999151, -0.0410849, 1.02328, 0, 0, 0, 1
-0.999949, 0.00330675, -0.00952562, 0.289086, 0.00965441, 0.0414022, -0.999096, 0.853703, -0.00290938, -0.999137, -0.041432, 1.02329, 0, 0, 0, 1
-0.999948, 0.0033383, -0.00959988, 0.289071, 0.00973093, 0.0417503, -0.999081, 0.853751, -0.00293444, -0.999122, -0.0417807, 1.02331, 0, 0, 0, 1
-0.999948, 0.00336994, -0.00967445, 0.289055, 0.00980779, 0.0420999, -0.999065, 0.853799, -0.0029595, -0.999108, -0.0421308, 1.02332, 0, 0, 0, 1
-0.999947, 0.00340165, -0.00974934, 0.289038, 0.009885, 0.042451, -0.99905, 0.853847, -0.00298455, -0.999093, -0.0424824, 1.02334, 0, 0, 0, 1
-0.999946, 0.00343344, -0.00982454, 0.289022, 0.00996255, 0.0428036, -0.999034, 0.853895, -0.0030096, -0.999078, -0.0428354, 1.02335, 0, 0, 0, 1
-0.999945, 0.0034653, -0.00990006, 0.289006, 0.0100404, 0.0431576, -0.999018, 0.853944, -0.00303464, -0.999062, -0.04319, 1.02337, 0, 0, 0, 1
-0.999944, 0.00349724, -0.00997591, 0.28899, 0.0101187, 0.0435131, -0.999002, 0.853993, -0.00305967, -0.999047, -0.043546, 1.02338, 0, 0, 0, 1
-0.999943, 0.00352926, -0.0100521, 0.288973, 0.0101973, 0.04387, -0.998985, 0.854042, -0.00308469, -0.999031, -0.0439035, 1.02339, 0, 0, 0, 1
-0.999942, 0.00356134, -0.0101285, 0.288957, 0.0102762, 0.0442284, -0.998969, 0.854091, -0.0031097, -0.999015, -0.0442625, 1.02341, 0, 0, 0, 1
-0.999941, 0.0035935, -0.0102053, 0.288941, 0.0103555, 0.0445884, -0.998952, 0.85414, -0.00313469, -0.998999, -0.044623, 1.02342, 0, 0, 0, 1
-0.999941, 0.00362573, -0.0102824, 0.288924, 0.0104351, 0.0449497, -0.998935, 0.85419, -0.00315967, -0.998983, -0.0449849, 1.02344, 0, 0, 0, 1
-0.99994, 0.00365803, -0.0103599, 0.288907, 0.010515, 0.0453126, -0.998918, 0.854239, -0.00318464, -0.998966, -0.0453483, 1.02345, 0, 0, 0, 1
-0.999939, 0.0036904, -0.0104376, 0.288891, 0.0105954, 0.0456769, -0.9989, 0.854289, -0.00320959, -0.998949, -0.0457132, 1.02347, 0, 0, 0, 1
-0.999938, 0.00372284, -0.0105157, 0.288874, 0.010676, 0.0460427, -0.998882, 0.85434, -0.00323451, -0.998933, -0.0460796, 1.02348, 0, 0, 0, 1
-0.999937, 0.00375535, -0.0105941, 0.288857, 0.010757, 0.0464099, -0.998865, 0.85439, -0.00325942, -0.998915, -0.0464474, 1.0235, 0, 0, 0, 1
-0.999936, 0.00378793, -0.0106728, 0.28884, 0.0108384, 0.0467787, -0.998846, 0.854441, -0.00328431, -0.998898, -0.0468167, 1.02351, 0, 0, 0, 1
-0.999935, 0.00382058, -0.0107518, 0.288823, 0.01092, 0.0471489, -0.998828, 0.854491, -0.00330917, -0.998881, -0.0471875, 1.02353, 0, 0, 0, 1
-0.999934, 0.00385329, -0.0108311, 0.288806, 0.0110021, 0.0475205, -0.99881, 0.854542, -0.003334, -0.998863, -0.0475598, 1.02355, 0, 0, 0, 1
-0.999933, 0.00388607, -0.0109108, 0.288788, 0.0110845, 0.0478937, -0.998791, 0.854594, -0.00335881, -0.998845, -0.0479336, 1.02356, 0, 0, 0, 1
-0.999932, 0.00391891, -0.0109908, 0.288771, 0.0111672, 0.0482683, -0.998772, 0.854645, -0.0033836, -0.998827, -0.0483088, 1.02358, 0, 0, 0, 1
-0.999931, 0.00395182, -0.0110711, 0.288754, 0.0112503, 0.0486444, -0.998753, 0.854697, -0.00340835, -0.998808, -0.0486855, 1.02359, 0, 0, 0, 1
-0.99993, 0.00398479, -0.0111517, 0.288736, 0.0113337, 0.049022, -0.998733, 0.854748, -0.00343307, -0.99879, -0.0490637, 1.02361, 0, 0, 0, 1
-0.999929, 0.00401783, -0.0112326, 0.288719, 0.0114175, 0.049401, -0.998714, 0.8548, -0.00345776, -0.998771, -0.0494433, 1.02362, 0, 0, 0, 1
-0.999928, 0.00405092, -0.0113139, 0.288701, 0.0115016, 0.0497815, -0.998694, 0.854853, -0.00348241, -0.998752, -0.0498245, 1.02364, 0, 0, 0, 1
-0.999927, 0.00408408, -0.0113954, 0.288684, 0.011586, 0.0501635, -0.998674, 0.854905, -0.00350703, -0.998733, -0.0502071, 1.02366, 0, 0, 0, 1
-0.999926, 0.0041173, -0.0114773, 0.288666, 0.0116708, 0.0505469, -0.998653, 0.854958, -0.00353161, -0.998713, -0.0505912, 1.02367, 0, 0, 0, 1
-0.999925, 0.00415058, -0.0115595, 0.288648, 0.011756, 0.0509318, -0.998633, 0.855011, -0.00355616, -0.998694, -0.0509768, 1.02369, 0, 0, 0, 1
-0.999923, 0.00418392, -0.0116421, 0.28863, 0.0118415, 0.0513182, -0.998612, 0.855064, -0.00358066, -0.998674, -0.0513638, 1.0237, 0, 0, 0, 1
-0.999922, 0.00421731, -0.0117249, 0.288612, 0.0119274, 0.051706, -0.998591, 0.855117, -0.00360512, -0.998653, -0.0517523, 1.02372, 0, 0, 0, 1
-0.999921, 0.00425077, -0.0118081, 0.288594, 0.0120136, 0.0520954, -0.99857, 0.855171, -0.00362954, -0.998633, -0.0521423, 1.02374, 0, 0, 0, 1
-0.99992, 0.00428428, -0.0118916, 0.288576, 0.0121001, 0.0524862, -0.998548, 0.855224, -0.00365391, -0.998612, -0.0525338, 1.02375, 0, 0, 0, 1
-0.999919, 0.00431784, -0.0119754, 0.288558, 0.012187, 0.0528784, -0.998527, 0.855278, -0.00367824, -0.998592, -0.0529268, 1.02377, 0, 0, 0, 1
-0.999918, 0.00435146, -0.0120595, 0.288539, 0.0122743, 0.0532722, -0.998505, 0.855332, -0.00370252, -0.998571, -0.0533212, 1.02379, 0, 0, 0, 1
-0.999917, 0.00438514, -0.0121439, 0.288521, 0.0123619, 0.0536674, -0.998482, 0.855387, -0.00372675, -0.998549, -0.0537171, 1.02381, 0, 0, 0, 1
-0.999915, 0.00441887, -0.0122287, 0.288503, 0.0124498, 0.054064, -0.99846, 0.855441, -0.00375093, -0.998528, -0.0541145, 1.02382, 0, 0, 0, 1
-0.999914, 0.00445265, -0.0123138, 0.288484, 0.0125381, 0.0544622, -0.998437, 0.855496, -0.00377505, -0.998506, -0.0545133, 1.02384, 0, 0, 0, 1
-0.999913, 0.00448648, -0.0123992, 0.288465, 0.0126268, 0.0548618, -0.998414, 0.855551, -0.00379912, -0.998484, -0.0549137, 1.02386, 0, 0, 0, 1
