-0.999999, -0.000797434, -0.000797196, 0.290901, 0.000796858, 0.000424669, -1, 0.848124, 0.000797772, -1, -0.000424033, 1.02183, 0, 0, 0, 1
-0.999999, -0.000797438, -0.000797649, 0.290901, 0.000797311, 0.000424999, -1, 0.848124, 0.000797777, -1, -0.000424362, 1.02183, 0, 0, 0, 1
-0.999999, -0.000797449, -0.000799009, 0.290901, 0.000798669, 0.000425988, -1, 0.848124, 0.000797789, -1, -0.000425351, 1.02183, 0, 0, 0, 1
-0.999999, -0.000797468, -0.000801275, 0.290901, 0.000800934, 0.000427636, -1, 0.848125, 0.00079781, -1, -0.000426997, 1.02183, 0, 0, 0, 1
-0.999999, -0.000797493, -0.000804448, 0.290901, 0.000804105, 0.000429944, -1, 0.848125, 0.000797839, -1, -0.000429303, 1.02183, 0, 0, 0, 1
-0.999999, -0.000797527, -0.000808527, 0.290901, 0.000808182, 0.000432912, -1, 0.848126, 0.000797877, -1, -0.000432267, 1.02183, 0, 0, 0, 1
-0.999999, -0.000797568, -0.000813512, 0.2909, 0.000813164, 0.000436539, -1, 0.848126, 0.000797922, -1, -0.00043589, 1.02183, 0, 0, 0, 1
-0.999999, -0.000797616, -0.000819404, 0.2909, 0.000819053, 0.000440825, -1, 0.848127, 0.000797977, -1, -0.000440172, 1.02183, 0, 0, 0, 1
-0.999999, -0.000797671, -0.000826202, 0.2909, 0.000825847, 0.000445771, -1, 0.848128, 0.000798039, -1, -0.000445112, 1.02183, 0, 0, 0, 1
-0.999999, -0.000797734, -0.000833907, 0.2909, 0.000833547, 0.000451376, -1, 0.848129, 0.00079811, -1, -0.000450711, 1.02183, 0, 0, 0, 1
-0.999999, -0.000797805, -0.000842519, 0.2909, 0.000842154, 0.000457641, -1, 0.84813, 0.00079819, -1, -0.000456969, 1.02183, 0, 0, 0, 1
-0.999999, -0.000797883, -0.000852036, 0.290899, 0.000851666, 0.000464565, -1, 0.848131, 0.000798278, -1, -0.000463885, 1.02183, 0, 0, 0, 1
-0.999999, -0.000797968, -0.00086246, 0.290899, 0.000862084, 0.000472149, -1, 0.848132, 0.000798375, -1, -0.00047146, 1.02183, 0, 0, 0, 1
-0.999999, -0.000798061, -0.000873791, 0.290899, 0.000873408, 0.000480392, -1, 0.848134, 0.00079848, -1, -0.000479694, 1.02183, 0, 0, 0, 1
-0.999999, -0.000798161, -0.000886028, 0.290898, 0.000885638, 0.000489294, -0.999999, 0.848135, 0.000798594, -1, -0.000488587, 1.02182, 0, 0, 0, 1
-0.999999, -0.000798268, -0.000899172, 0.290898, 0.000898774, 0.000498856, -0.999999, 0.848137, 0.000798717, -1, -0.000498138, 1.02182, 0, 0, 0, 1
-0.999999, -0.000798384, -0.000913222, 0.290897, 0.000912815, 0.000509077, -0.999999, 0.848139, 0.000798848, -1, -0.000508348, 1.02182, 0, 0, 0, 1
-0.999999, -0.000798506, -0.000928178, 0.290897, 0.000927763, 0.000519958, -0.999999, 0.84814, 0.000798988, -1, -0.000519217, 1.02182, 0, 0, 0, 1
-0.999999, -0.000798636, -0.000944041, 0.290896, 0.000943617, 0.000531498, -0.999999, 0.848142, 0.000799137, -1, -0.000530744, 1.02182, 0, 0, 0, 1
-0.999999, -0.000798774, -0.00096081, 0.290896, 0.000960376, 0.000543698, -0.999999, 0.848145, 0.000799295, -1, -0.000542931, 1.02181, 0, 0, 0, 1
-0.999999, -0.000798918, -0.000978486, 0.290895, 0.000978042, 0.000556557, -0.999999, 0.848147, 0.000799463, -1, -0.000555775, 1.02181, 0, 0, 0, 1
-0.999999, -0.000799071, -0.000997068, 0.290894, 0.000996613, 0.000570076, -0.999999, 0.848149, 0.000799639, -1, -0.000569279, 1.02181, 0, 0, 0, 1
-0.999999, -0.000799231, -0.00101656, 0.290894, 0.00101609, 0.000584254, -0.999999, 0.848151, 0.000799824, -1, -0.000583441, 1.02181, 0, 0, 0, 1
-0.999999, -0.000799398, -0.00103695, 0.290893, 0.00103647, 0.000599091, -0.999999, 0.848154, 0.000800019, -1, -0.000598262, 1.02181, 0, 0, 0, 1
-0.999999, -0.000799573, -0.00105825, 0.290892, 0.00105776, 0.000614588, -0.999999, 0.848157, 0.000800223, -0.999999, -0.000613742, 1.0218, 0, 0, 0, 1
-0.999999, -0.000799756, -0.00108046, 0.290892, 0.00107996, 0.000630745, -0.999999, 0.848159, 0.000800436, -0.999999, -0.00062988, 1.0218, 0, 0, 0, 1
-0.999999, -0.000799945, -0.00110358, 0.290891, 0.00110306, 0.00064756, -0.999999, 0.848162, 0.000800659, -0.999999, -0.000646677, 1.0218, 0, 0, 0, 1
-0.999999, -0.000800143, -0.0011276, 0.29089, 0.00112706, 0.000665035, -0.999999, 0.848165, 0.000800892, -0.999999, -0.000664133, 1.02179, 0, 0, 0, 1
-0.999999, -0.000800348, -0.00115252, 0.290889, 0.00115198, 0.00068317, -0.999999, 0.848168, 0.000801135, -0.999999, -0.000682247, 1.02179, 0, 0, 0, 1
-0.999999, -0.000800561, -0.00117836, 0.290889, 0.0011778, 0.000701964, -0.999999, 0.848172, 0.000801387, -0.999999, -0.000701021, 1.02179, 0, 0, 0, 1
-0.999999, -0.000800781, -0.0012051, 0.290888, 0.00120452, 0.000721418, -0.999999, 0.848175, 0.000801649, -0.999999, -0.000720452, 1.02179, 0, 0, 0, 1
-0.999999, -0.000801008, -0.00123275, 0.290887, 0.00123215, 0.000741531, -0.999999, 0.848178, 0.000801922, -0.999999, -0.000740543, 1.02178, 0, 0, 0, 1
-0.999999, -0.000801244, -0.0012613, 0.290886, 0.00126069, 0.000762303, -0.999999, 0.848182, 0.000802204, -0.999999, -0.000761292, 1.02178, 0, 0, 0, 1
-0.999999, -0.000801487, -0.00129076, 0.290885, 0.00129013, 0.000783735, -0.999999, 0.848185, 0.000802497, -0.999999, -0.0007827, 1.02177, 0, 0, 0, 1
-0.999999, -0.000801737, -0.00132112, 0.290884, 0.00132048, 0.000805826, -0.999999, 0.848189, 0.000802801, -0.999999, -0.000804767, 1.02177, 0, 0, 0, 1
-0.999999, -0.000801995, -0.0013524, 0.290883, 0.00135173, 0.000828577, -0.999999, 0.848193, 0.000803115, -0.999999, -0.000827492, 1.02177, 0, 0, 0, 1
-0.999999, -0.000802261, -0.00138458, 0.290882, 0.00138389, 0.000851987, -0.999999, 0.848197, 0.00080344, -0.999999, -0.000850876, 1.02176, 0, 0, 0, 1
-0.999999, -0.000802534, -0.00141766, 0.290881, 0.00141696, 0.000876057, -0.999999, 0.848201, 0.000803775, -0.999999, -0.000874918, 1.02176, 0, 0, 0, 1
-0.999999, -0.000802816, -0.00145165, 0.29088, 0.00145093, 0.000900786, -0.999999, 0.848205, 0.000804122, -0.999999, -0.00089962, 1.02176, 0, 0, 0, 1
-0.999999, -0.000803104, -0.00148655, 0.290878, 0.00148581, 0.000926174, -0.999998, 0.84821, 0.00080448, -0.999999, -0.00092498, 1.02175, 0, 0, 0, 1
-0.999999, -0.000803401, -0.00152236, 0.290877, 0.00152159, 0.000952222, -0.999998, 0.848214, 0.000804849, -0.999999, -0.000950998, 1.02175, 0, 0, 0, 1
-0.999998, -0.000803705, -0.00155907, 0.290876, 0.00155828, 0.00097893, -0.999998, 0.848219, 0.00080523, -0.999999, -0.000977676, 1.02174, 0, 0, 0, 1
-0.999998, -0.000804017, -0.00159668, 0.290875, 0.00159587, 0.0010063, -0.999998, 0.848223, 0.000805622, -0.999999, -0.00100501, 1.02174, 0, 0, 0, 1
-0.999998, -0.000804336, -0.00163521, 0.290874, 0.00163438, 0.00103432, -0.999998, 0.848228, 0.000806026, -0.999999, -0.00103301, 1.02173, 0, 0, 0, 1
-0.999998, -0.000804664, -0.00167464, 0.290872, 0.00167378, 0.00106301, -0.999998, 0.848233, 0.000806442, -0.999999, -0.00106166, 1.02173, 0, 0, 0, 1
-0.999998, -0.000804999, -0.00171498, 0.290871, 0.0017141, 0.00109235, -0.999998, 0.848238, 0.000806871, -0.999999, -0.00109097, 1.02172, 0, 0, 0, 1
-0.999998, -0.000805342, -0.00175622, 0.29087, 0.00175531, 0.00112236, -0.999998, 0.848243, 0.000807311, -0.999999, -0.00112094, 1.02172, 0, 0, 0, 1
-0.999998, -0.000805693, -0.00179837, 0.290868, 0.00179744, 0.00115302, -0.999998, 0.848248, 0.000807764, -0.999999, -0.00115157, 1.02171, 0, 0, 0, 1
-0.999998, -0.000806051, -0.00184143, 0.290867, 0.00184047, 0.00118435, -0.999998, 0.848254, 0.00080823, -0.999999, -0.00118286, 1.02171, 0, 0, 0, 1
-0.999998, -0.000806417, -0.00188539, 0.290865, 0.00188441, 0.00121633, -0.999997, 0.848259, 0.000808709, -0.999999, -0.00121481, 1.0217, 0, 0, 0, 1
-0.999998, -0.000806792, -0.00193026, 0.290864, 0.00192925, 0.00124897, -0.999997, 0.848265, 0.0008092, -0.999999, -0.00124741, 1.0217, 0, 0, 0, 1
-0.999998, -0.000807174, -0.00197603, 0.290862, 0.001975, 0.00128227, -0.999997, 0.848271, 0.000809705, -0.999999, -0.00128068, 1.02169, 0, 0, 0, 1
-0.999998, -0.000807564, -0.00202272, 0.290861, 0.00202165, 0.00131623, -0.999997, 0.848276, 0.000810224, -0.999999, -0.0013146, 1.02169, 0, 0, 0, 1
-0.999998, -0.000807962, -0.0020703, 0.290859, 0.00206921, 0.00135085, -0.999997, 0.848282, 0.000810756, -0.999999, -0.00134918, 1.02168, 0, 0, 0, 1
-0.999997, -0.000808368, -0.0021188, 0.290858, 0.00211768, 0.00138613, -0.999997, 0.848288, 0.000811302, -0.999999, -0.00138442, 1.02167, 0, 0, 0, 1
-0.999997, -0.000808781, -0.0021682, 0.290856, 0.00216705, 0.00142207, -0.999997, 0.848294, 0.000811862, -0.999999, -0.00142032, 1.02167, 0, 0, 0, 1
-0.999997, -0.000809203, -0.00221851, 0.290855, 0.00221733, 0.00145867, -0.999996, 0.848301, 0.000812436, -0.999999, -0.00145687, 1.02166, 0, 0, 0, 1
-0.999997, -0.000809633, -0.00226972, 0.290853, 0.00226851, 0.00149593, -0.999996, 0.848307, 0.000813025, -0.999999, -0.00149409, 1.02166, 0, 0, 0, 1
-0.999997, -0.00081007, -0.00232184, 0.290851, 0.0023206, 0.00153385, -0.999996, 0.848313, 0.000813629, -0.999998, -0.00153196, 1.02165, 0, 0, 0, 1
-0.999997, -0.000810516, -0.00237487, 0.290849, 0.00237359, 0.00157243, -0.999996, 0.84832, 0.000814247, -0.999998, -0.0015705, 1.02164, 0, 0, 0, 1
-0.999997, -0.00081097, -0.0024288, 0.290848, 0.00242749, 0.00161166, -0.999996, 0.848327, 0.000814881, -0.999998, -0.00160969, 1.02164, 0, 0, 0, 1
-0.999997, -0.000811432, -0.00248364, 0.290846, 0.0024823, 0.00165156, -0.999996, 0.848334, 0.00081553, -0.999998, -0.00164954, 1.02163, 0, 0, 0, 1
-0.999996, -0.000811902, -0.00253939, 0.290844, 0.00253801, 0.00169211, -0.999995, 0.848341, 0.000816195, -0.999998, -0.00169005, 1.02162, 0, 0, 0, 1
-0.999996, -0.00081238, -0.00259604, 0.290842, 0.00259463, 0.00173333, -0.999995, 0.848348, 0.000816876, -0.999998, -0.00173121, 1.02162, 0, 0, 0, 1
-0.999996, -0.000812866, -0.0026536, 0.29084, 0.00265216, 0.0017752, -0.999995, 0.848355, 0.000817573, -0.999998, -0.00177304, 1.02161, 0, 0, 0, 1
-0.999996, -0.000813361, -0.00271207, 0.290838, 0.00271059, 0.00181774, -0.999995, 0.848362, 0.000818286, -0.999998, -0.00181553, 1.0216, 0, 0, 0, 1
-0.999996, -0.000813863, -0.00277144, 0.290836, 0.00276992, 0.00186093, -0.999994, 0.848369, 0.000819016, -0.999998, -0.00185867, 1.0216, 0, 0, 0, 1
-0.999996, -0.000814374, -0.00283172, 0.290834, 0.00283016, 0.00190478, -0.999994, 0.848377, 0.000819763, -0.999998, -0.00190247, 1.02159, 0, 0, 0, 1
-0.999995, -0.000814893, -0.0028929, 0.290832, 0.00289131, 0.00194929, -0.999994, 0.848384, 0.000820527, -0.999998, -0.00194693, 1.02158, 0, 0, 0, 1
-0.999995, -0.000815421, -0.002955, 0.29083, 0.00295336, 0.00199447, -0.999994, 0.848392, 0.000821309, -0.999998, -0.00199205, 1.02157, 0, 0, 0, 1
-0.999995, -0.000815956, -0.00301799, 0.290828, 0.00301632, 0.0020403, -0.999993, 0.8484, 0.000822108, -0.999998, -0.00203783, 1.02157, 0, 0, 0, 1
-0.999995, -0.0008165, -0.0030819, 0.290826, 0.00308019, 0.00208679, -0.999993, 0.848408, 0.000822926, -0.999997, -0.00208426, 1.02156, 0, 0, 0, 1
-0.999995, -0.000817053, -0.00314671, 0.290824, 0.00314496, 0.00213394, -0.999993, 0.848416, 0.000823762, -0.999997, -0.00213136, 1.02155, 0, 0, 0, 1
-0.999995, -0.000817613, -0.00321243, 0.290822, 0.00321064, 0.00218175, -0.999992, 0.848424, 0.000824616, -0.999997, -0.00217911, 1.02154, 0, 0, 0, 1
-0.999994, -0.000818182, -0.00327905, 0.29082, 0.00327722, 0.00223022, -0.999992, 0.848432, 0.000825489, -0.999997, -0.00222752, 1.02153, 0, 0, 0, 1
-0.999994, -0.00081876, -0.00334658, 0.290818, 0.00334471, 0.00227934, -0.999992, 0.848441, 0.000826381, -0.999997, -0.00227659, 1.02153, 0, 0, 0, 1
-0.999994, -0.000819346, -0.00341502, 0.290815, 0.0034131, 0.00232913, -0.999991, 0.848449, 0.000827293, -0.999997, -0.00232632, 1.02152, 0, 0, 0, 1
-0.999994, -0.00081994, -0.00348436, 0.290813, 0.0034824, 0.00237958, -0.999991, 0.848458, 0.000828224, -0.999997, -0.00237671, 1.02151, 0, 0, 0, 1
-0.999993, -0.000820543, -0.00355461, 0.290811, 0.00355261, 0.00243068, -0.999991, 0.848467, 0.000829175, -0.999997, -0.00242775, 1.0215, 0, 0, 0, 1
-0.999993, -0.000821154, -0.00362576, 0.290808, 0.00362372, 0.00248245, -0.99999, 0.848475, 0.000830147, -0.999997, -0.00247946, 1.02149, 0, 0, 0, 1
-0.999993, -0.000821774, -0.00369783, 0.290806, 0.00369573, 0.00253487, -0.99999, 0.848484, 0.00083114, -0.999996, -0.00253182, 1.02148, 0, 0, 0, 1
-0.999993, -0.000822403, -0.0037708, 0.290804, 0.00376866, 0.00258796, -0.99999, 0.848493, 0.000832153, -0.999996, -0.00258484, 1.02147, 0, 0, 0, 1
-0.999992, -0.00082304, -0.00384467, 0.290801, 0.00384248, 0.0026417, -0.999989, 0.848503, 0.000833188, -0.999996, -0.00263852, 1.02147, 0, 0, 0, 1
-0.999992, -0.000823686, -0.00391945, 0.290799, 0.00391722, 0.00269611, -0.999989, 0.848512, 0.000834244, -0.999996, -0.00269286, 1.02146, 0, 0, 0, 1
-0.999992, -0.000824341, -0.00399514, 0.290796, 0.00399286, 0.00275117, -0.999988, 0.848521, 0.000835322, -0.999996, -0.00274786, 1.02145, 0, 0, 0, 1
-0.999991, -0.000825004, -0.00407173, 0.290794, 0.0040694, 0.00280689, -0.999988, 0.848531, 0.000836423, -0.999996, -0.00280351, 1.02144, 0, 0, 0, 1
-0.999991, -0.000825676, -0.00414924, 0.290791, 0.00414686, 0.00286327, -0.999987, 0.84854, 0.000837546, -0.999996, -0.00285982, 1.02143, 0, 0, 0, 1
-0.999991, -0.000826357, -0.00422764, 0.290789, 0.00422521, 0.00292031, -0.999987, 0.84855, 0.000838692, -0.999995, -0.0029168, 1.02142, 0, 0, 0, 1
-0.99999, -0.000827046, -0.00430696, 0.290786, 0.00430448, 0.00297802, -0.999986, 0.84856, 0.000839861, -0.999995, -0.00297443, 1.02141, 0, 0, 0, 1
-0.99999, -0.000827745, -0.00438718, 0.290783, 0.00438464, 0.00303638, -0.999986, 0.84857, 0.000841054, -0.999995, -0.00303272, 1.0214, 0, 0, 0, 1
-0.99999, -0.000828452, -0.0044683, 0.290781, 0.00446572, 0.00309539, -0.999985, 0.84858, 0.000842271, -0.999995, -0.00309166, 1.02139, 0, 0, 0, 1
-0.999989, -0.000829168, -0.00455034, 0.290778, 0.0045477, 0.00315507, -0.999985, 0.84859, 0.000843512, -0.999995, -0.00315127, 1.02138, 0, 0, 0, 1
-0.999989, -0.000829894, -0.00463328, 0.290775, 0.00463058, 0.00321541, -0.999984, 0.848601, 0.000844778, -0.999994, -0.00321153, 1.02137, 0, 0, 0, 1
-0.999989, -0.000830628, -0.00471712, 0.290773, 0.00471438, 0.00327641, -0.999984, 0.848611, 0.000846069, -0.999994, -0.00327246, 1.02136, 0, 0, 0, 1
-0.999988, -0.000831371, -0.00480187, 0.29077, 0.00479907, 0.00333807, -0.999983, 0.848622, 0.000847386, -0.999994, -0.00333404, 1.02135, 0, 0, 0, 1
-0.999988, -0.000832123, -0.00488753, 0.290767, 0.00488468, 0.00340038, -0.999982, 0.848632, 0.000848728, -0.999994, -0.00339628, 1.02134, 0, 0, 0, 1
-0.999987, -0.000832884, -0.0049741, 0.290764, 0.00497118, 0.00346336, -0.999982, 0.848643, 0.000850096, -0.999994, -0.00345917, 1.02133, 0, 0, 0, 1
-0.999987, -0.000833655, -0.00506157, 0.290761, 0.0050586, 0.00352699, -0.999981, 0.848654, 0.000851491, -0.999993, -0.00352273, 1.02132, 0, 0, 0, 1
-0.999986, -0.000834434, -0.00514995, 0.290758, 0.00514692, 0.00359129, -0.99998, 0.848665, 0.000852913, -0.999993, -0.00358694, 1.02131, 0, 0, 0, 1
-0.999986, -0.000835223, -0.00523923, 0.290756, 0.00523614, 0.00365624, -0.99998, 0.848676, 0.000854362, -0.999993, -0.00365182, 1.0213, 0, 0, 0, 1
-0.999985, -0.000836021, -0.00532942, 0.290753, 0.00532627, 0.00372185, -0.999979, 0.848687, 0.000855839, -0.999993, -0.00371735, 1.02129, 0, 0, 0, 1
-0.999985, -0.000836828, -0.00542052, 0.29075, 0.00541731, 0.00378813, -0.999978, 0.848698, 0.000857344, -0.999992, -0.00378354, 1.02127, 0, 0, 0, 1
-0.999984, -0.000837645, -0.00551252, 0.290747, 0.00550925, 0.00385506, -0.999977, 0.84871, 0.000858877, -0.999992, -0.00385039, 1.02126, 0, 0, 0, 1
-0.999984, -0.000838471, -0.00560543, 0.290744, 0.0056021, 0.00392265, -0.999977, 0.848721, 0.000860439, -0.999992, -0.00391789, 1.02125, 0, 0, 0, 1
-0.999983, -0.000839306, -0.00569925, 0.29074, 0.00569585, 0.0039909, -0.999976, 0.848733, 0.000862031, -0.999992, -0.00398606, 1.02124, 0, 0, 0, 1
-0.999983, -0.00084015, -0.00579397, 0.290737, 0.00579051, 0.00405981, -0.999975, 0.848745, 0.000863652, -0.999991, -0.00405488, 1.02123, 0, 0, 0, 1
-0.999982, -0.000841004, -0.0058896, 0.290734, 0.00588608, 0.00412938, -0.999974, 0.848757, 0.000865303, -0.999991, -0.00412436, 1.02122, 0, 0, 0, 1
-0.999982, -0.000841868, -0.00598613, 0.290731, 0.00598255, 0.00419961, -0.999973, 0.848769, 0.000866985, -0.999991, -0.0041945, 1.02121, 0, 0, 0, 1
-0.999981, -0.000842741, -0.00608357, 0.290728, 0.00607992, 0.0042705, -0.999972, 0.848781, 0.000868698, -0.999991, -0.0042653, 1.02119, 0, 0, 0, 1
-0.999981, -0.000843624, -0.00618192, 0.290725, 0.0061782, 0.00434205, -0.999971, 0.848793, 0.000870442, -0.99999, -0.00433675, 1.02118, 0, 0, 0, 1
-0.99998, -0.000844516, -0.00628118, 0.290721, 0.00627739, 0.00441426, -0.999971, 0.848805, 0.000872218, -0.99999, -0.00440887, 1.02117, 0, 0, 0, 1
-0.999979, -0.000845418, -0.00638134, 0.290718, 0.00637748, 0.00448712, -0.99997, 0.848818, 0.000874026, -0.99999, -0.00448164, 1.02116, 0, 0, 0, 1
-0.999979, -0.00084633, -0.00648241, 0.290715, 0.00647848, 0.00456065, -0.999969, 0.84883, 0.000875867, -0.999989, -0.00455507, 1.02115, 0, 0, 0, 1
-0.999978, -0.000847251, -0.00658438, 0.290711, 0.00658038, 0.00463483, -0.999968, 0.848843, 0.000877741, -0.999989, -0.00462916, 1.02113, 0, 0, 0, 1
-0.999977, -0.000848182, -0.00668726, 0.290708, 0.00668319, 0.00470968, -0.999967, 0.848856, 0.000879649, -0.999989, -0.0047039, 1.02112, 0, 0, 0, 1
-0.999977, -0.000849123, -0.00679104, 0.290705, 0.00678691, 0.00478518, -0.999966, 0.848869, 0.00088159, -0.999988, -0.00477931, 1.02111, 0, 0, 0, 1
-0.999976, -0.000850074, -0.00689574, 0.290701, 0.00689153, 0.00486135, -0.999964, 0.848882, 0.000883566, -0.999988, -0.00485537, 1.0211, 0, 0, 0, 1
-0.999975, -0.000851034, -0.00700134, 0.290698, 0.00699705, 0.00493817, -0.999963, 0.848895, 0.000885577, -0.999987, -0.00493209, 1.02108, 0, 0, 0, 1
-0.999974, -0.000852005, -0.00710784, 0.290694, 0.00710348, 0.00501565, -0.999962, 0.848908, 0.000887623, -0.999987, -0.00500947, 1.02107, 0, 0, 0, 1
-0.999974, -0.000852986, -0.00721525, 0.290691, 0.00721082, 0.00509379, -0.999961, 0.848922, 0.000889705, -0.999987, -0.00508751, 1.02106, 0, 0, 0, 1
-0.999973, -0.000853976, -0.00732357, 0.290687, 0.00731906, 0.00517259, -0.99996, 0.848935, 0.000891824, -0.999986, -0.0051662, 1.02105, 0, 0, 0, 1
-0.999972, -0.000854977, -0.0074328, 0.290684, 0.00742821, 0.00525206, -0.999959, 0.848949, 0.000893979, -0.999986, -0.00524556, 1.02103, 0, 0, 0, 1
-0.999971, -0.000855988, -0.00754293, 0.29068, 0.00753826, 0.00533217, -0.999957, 0.848962, 0.000896172, -0.999985, -0.00532557, 1.02102, 0, 0, 0, 1
-0.99997, -0.000857009, -0.00765396, 0.290676, 0.00764922, 0.00541295, -0.999956, 0.848976, 0.000898402, -0.999985, -0.00540624, 1.02101, 0, 0, 0, 1
-0.999969, -0.00085804, -0.00776591, 0.290673, 0.00776108, 0.00549439, -0.999955, 0.84899, 0.00090067, -0.999985, -0.00548757, 1.02099, 0, 0, 0, 1
-0.999969, -0.000859082, -0.00787876, 0.290669, 0.00787385, 0.00557649, -0.999953, 0.849004, 0.000902977, -0.999984, -0.00556955, 1.02098, 0, 0, 0, 1
-0.999968, -0.000860133, -0.00799251, 0.290665, 0.00798752, 0.00565925, -0.999952, 0.849018, 0.000905324, -0.999984, -0.00565219, 1.02096, 0, 0, 0, 1
-0.999967, -0.000861195, -0.00810718, 0.290661, 0.0081021, 0.00574266, -0.999951, 0.849033, 0.00090771, -0.999983, -0.0057355, 1.02095, 0, 0, 0, 1
-0.999966, -0.000862268, -0.00822274, 0.290658, 0.00821758, 0.00582674, -0.999949, 0.849047, 0.000910136, -0.999983, -0.00581946, 1.02094, 0, 0, 0, 1
-0.999965, -0.000863351, -0.00833922, 0.290654, 0.00833397, 0.00591148, -0.999948, 0.849061, 0.000912603, -0.999982, -0.00590407, 1.02092, 0, 0, 0, 1
-0.999964, -0.000864444, -0.0084566, 0.29065, 0.00845127, 0.00599687, -0.999946, 0.849076, 0.000915111, -0.999982, -0.00598935, 1.02091, 0, 0, 0, 1
-0.999963, -0.000865548, -0.00857489, 0.290646, 0.00856947, 0.00608292, -0.999945, 0.849091, 0.000917661, -0.999981, -0.00607528, 1.02089, 0, 0, 0, 1
-0.999962, -0.000866663, -0.00869408, 0.290642, 0.00868857, 0.00616964, -0.999943, 0.849106, 0.000920253, -0.999981, -0.00616187, 1.02088, 0, 0, 0, 1
-0.999961, -0.000867788, -0.00881418, 0.290638, 0.00880858, 0.00625701, -0.999942, 0.849121, 0.000922888, -0.99998, -0.00624912, 1.02087, 0, 0, 0, 1
-0.99996, -0.000868924, -0.00893519, 0.290634, 0.0089295, 0.00634504, -0.99994, 0.849136, 0.000925566, -0.999979, -0.00633703, 1.02085, 0, 0, 0, 1
-0.999959, -0.000870071, -0.0090571, 0.29063, 0.00905132, 0.00643373, -0.999938, 0.849151, 0.000928288, -0.999979, -0.00642559, 1.02084, 0, 0, 0, 1
-0.999957, -0.000871228, -0.00917992, 0.290626, 0.00917405, 0.00652308, -0.999937, 0.849166, 0.000931054, -0.999978, -0.00651481, 1.02082, 0, 0, 0, 1
-0.999956, -0.000872396, -0.00930365, 0.290622, 0.00929768, 0.0066131, -0.999935, 0.849181, 0.000933865, -0.999978, -0.0066047, 1.02081, 0, 0, 0, 1
-0.999955, -0.000873575, -0.00942828, 0.290618, 0.00942221, 0.00670376, -0.999933, 0.849197, 0.000936722, -0.999977, -0.00669523, 1.02079, 0, 0, 0, 1
-0.999954, -0.000874765, -0.00955382, 0.290614, 0.00954766, 0.00679509, -0.999931, 0.849213, 0.000939624, -0.999977, -0.00678643, 1.02078, 0, 0, 0, 1
-0.999953, -0.000875966, -0.00968026, 0.29061, 0.009674, 0.00688708, -0.999929, 0.849228, 0.000942573, -0.999976, -0.00687828, 1.02076, 0, 0, 0, 1
-0.999952, -0.000877178, -0.00980761, 0.290605, 0.00980125, 0.00697973, -0.999928, 0.849244, 0.000945569, -0.999975, -0.00697079, 1.02075, 0, 0, 0, 1
-0.99995, -0.000878402, -0.00993587, 0.290601, 0.00992941, 0.00707304, -0.999926, 0.84926, 0.000948613, -0.999975, -0.00706396, 1.02073, 0, 0, 0, 1
-0.999949, -0.000879636, -0.010065, 0.290597, 0.0100585, 0.007167, -0.999924, 0.849276, 0.000951705, -0.999974, -0.00715779, 1.02071, 0, 0, 0, 1
-0.999948, -0.000880881, -0.0101951, 0.290593, 0.0101884, 0.00726163, -0.999922, 0.849292, 0.000954845, -0.999973, -0.00725227, 1.0207, 0, 0, 0, 1
-0.999946, -0.000882138, -0.0103261, 0.290588, 0.0103193, 0.00735691, -0.99992, 0.849309, 0.000958035, -0.999973, -0.00734741, 1.02068, 0, 0, 0, 1
-0.999945, -0.000883406, -0.010458, 0.290584, 0.0104511, 0.00745286, -0.999918, 0.849325, 0.000961275, -0.999972, -0.00744321, 1.02067, 0, 0, 0, 1
-0.999944, -0.000884685, -0.0105907, 0.29058, 0.0105838, 0.00754946, -0.999915, 0.849342, 0.000964565, -0.999971, -0.00753967, 1.02065, 0, 0, 0, 1
-0.999942, -0.000885976, -0.0107244, 0.290575, 0.0107174, 0.00764672, -0.999913, 0.849358, 0.000967906, -0.99997, -0.00763678, 1.02064, 0, 0, 0, 1
-0.999941, -0.000887278, -0.010859, 0.290571, 0.0108518, 0.00774464, -0.999911, 0.849375, 0.000971299, -0.99997, -0.00773455, 1.02062, 0, 0, 0, 1
-0.999939, -0.000888592, -0.0109945, 0.290566, 0.0109872, 0.00784322, -0.999909, 0.849392, 0.000974744, -0.999969, -0.00783298, 1.0206, 0, 0, 0, 1
-0.999938, -0.000889918, -0.011131, 0.290562, 0.0111235, 0.00794246, -0.999907, 0.849409, 0.000978242, -0.999968, -0.00793207, 1.02059, 0, 0, 0, 1
-0.999936, -0.000891255, -0.0112683, 0.290557, 0.0112608, 0.00804236, -0.999904, 0.849426, 0.000981793, -0.999967, -0.00803181, 1.02057, 0, 0, 0, 1
-0.999935, -0.000892603, -0.0114065, 0.290553, 0.0113989, 0.00814292, -0.999902, 0.849443, 0.000985398, -0.999966, -0.00813222, 1.02055, 0, 0, 0, 1
-0.999933, -0.000893964, -0.0115456, 0.290548, 0.0115379, 0.00824414, -0.999899, 0.849461, 0.000989058, -0.999966, -0.00823327, 1.02054, 0, 0, 0, 1
-0.999931, -0.000895336, -0.0116857, 0.290543, 0.0116778, 0.00834602, -0.999897, 0.849478, 0.000992772, -0.999965, -0.00833499, 1.02052, 0, 0, 0, 1
-0.99993, -0.00089672, -0.0118266, 0.290539, 0.0118186, 0.00844856, -0.999894, 0.849496, 0.000996543, -0.999964, -0.00843736, 1.0205, 0, 0, 0, 1
-0.999928, -0.000898116, -0.0119685, 0.290534, 0.0119604, 0.00855175, -0.999892, 0.849513, 0.00100037, -0.999963, -0.00854039, 1.02049, 0, 0, 0, 1
-0.999926, -0.000899524, -0.0121112, 0.290529, 0.012103, 0.00865561, -0.999889, 0.849531, 0.00100425, -0.999962, -0.00864408, 1.02047, 0, 0, 0, 1
-0.999925, -0.000900944, -0.0122549, 0.290525, 0.0122465, 0.00876012, -0.999887, 0.849549, 0.0010082, -0.999961, -0.00874843, 1.02045, 0, 0, 0, 1
-0.999923, -0.000902376, -0.0123995, 0.29052, 0.012391, 0.0088653, -0.999884, 0.849567, 0.0010122, -0.99996, -0.00885343, 1.02043, 0, 0, 0, 1
-0.999921, -0.00090382, -0.0125449, 0.290515, 0.0125363, 0.00897113, -0.999881, 0.849585, 0.00101625, -0.999959, -0.00895909, 1.02042, 0, 0, 0, 1
-0.999919, -0.000905276, -0.0126913, 0.29051, 0.0126826, 0.00907762, -0.999878, 0.849603, 0.00102037, -0.999958, -0.00906541, 1.0204, 0, 0, 0, 1
-0.999917, -0.000906745, -0.0128386, 0.290505, 0.0128297, 0.00918477, -0.999876, 0.849622, 0.00102455, -0.999957, -0.00917238, 1.02038, 0, 0, 0, 1
-0.999915, -0.000908226, -0.0129868, 0.290501, 0.0129778, 0.00929258, -0.999873, 0.84964, 0.00102879, -0.999956, -0.00928001, 1.02036, 0, 0, 0, 1
-0.999913, -0.000909719, -0.0131359, 0.290496, 0.0131268, 0.00940106, -0.99987, 0.849659, 0.00103309, -0.999955, -0.0093883, 1.02035, 0, 0, 0, 1
-0.999911, -0.000911225, -0.0132859, 0.290491, 0.0132766, 0.00951018, -0.999867, 0.849677, 0.00103746, -0.999954, -0.00949724, 1.02033, 0, 0, 0, 1
-0.999909, -0.000912744, -0.0134368, 0.290486, 0.0134274, 0.00961997, -0.999864, 0.849696, 0.00104188, -0.999953, -0.00960684, 1.02031, 0, 0, 0, 1
-0.999907, -0.000914274, -0.0135886, 0.290481, 0.0135791, 0.00973042, -0.99986, 0.849715, 0.00104637, -0.999952, -0.0097171, 1.02029, 0, 0, 0, 1
-0.999905, -0.000915818, -0.0137414, 0.290476, 0.0137317, 0.00984153, -0.999857, 0.849734, 0.00105092, -0.999951, -0.00982802, 1.02027, 0, 0, 0, 1
-0.999903, -0.000917374, -0.013895, 0.290471, 0.0138852, 0.00995329, -0.999854, 0.849753, 0.00105554, -0.99995, -0.00993959, 1.02026, 0, 0, 0, 1
-0.999901, -0.000918943, -0.0140495, 0.290465, 0.0140396, 0.0100657, -0.999851, 0.849773, 0.00106022, -0.999949, -0.0100518, 1.02024, 0, 0, 0, 1
-0.999899, -0.000920525, -0.014205, 0.29046, 0.0141949, 0.0101788, -0.999847, 0.849792, 0.00106497, -0.999948, -0.0101647, 1.02022, 0, 0, 0, 1
-0.999896, -0.00092212, -0.0143613, 0.290455, 0.0143511, 0.0102925, -0.999844, 0.849811, 0.00106979, -0.999947, -0.0102782, 1.0202, 0, 0, 0, 1
-0.999894, -0.000923727, -0.0145186, 0.29045, 0.0145082, 0.010407, -0.999841, 0.849831, 0.00107467, -0.999945, -0.0103924, 1.02018, 0, 0, 0, 1
-0.999892, -0.000925348, -0.0146767, 0.290445, 0.0146662, 0.010522, -0.999837, 0.849851, 0.00107963, -0.999944, -0.0105073, 1.02016, 0, 0, 0, 1
-0.99989, -0.000926982, -0.0148358, 0.290439, 0.0148251, 0.0106377, -0.999834, 0.849871, 0.00108465, -0.999943, -0.0106228, 1.02014, 0, 0, 0, 1
-0.999887, -0.000928629, -0.0149958, 0.290434, 0.0149849, 0.0107541, -0.99983, 0.84989, 0.00108974, -0.999942, -0.010739, 1.02012, 0, 0, 0, 1
-0.999885, -0.000930289, -0.0151566, 0.290429, 0.0151456, 0.0108712, -0.999826, 0.849911, 0.0010949, -0.99994, -0.0108558, 1.0201, 0, 0, 0, 1
-0.999882, -0.000931962, -0.0153184, 0.290423, 0.0153073, 0.0109889, -0.999822, 0.849931, 0.00110013, -0.999939, -0.0109733, 1.02008, 0, 0, 0, 1
-0.99988, -0.000933649, -0.0154811, 0.290418, 0.0154698, 0.0111072, -0.999819, 0.849951, 0.00110543, -0.999938, -0.0110914, 1.02007, 0, 0, 0, 1
-0.999877, -0.000935349, -0.0156447, 0.290413, 0.0156332, 0.0112262, -0.999815, 0.849971, 0.00111081, -0.999937, -0.0112102, 1.02005, 0, 0, 0, 1
-0.999875, -0.000937062, -0.0158092, 0.290407, 0.0157976, 0.0113459, -0.999811, 0.849992, 0.00111626, -0.999935, -0.0113297, 1.02003, 0, 0, 0, 1
-0.999872, -0.00093879, -0.0159746, 0.290402, 0.0159628, 0.0114662, -0.999807, 0.850013, 0.00112178, -0.999934, -0.0114498, 1.02001, 0, 0, 0, 1
-0.999869, -0.00094053, -0.0161409, 0.290396, 0.016129, 0.0115872, -0.999803, 0.850033, 0.00112737, -0.999932, -0.0115706, 1.01999, 0, 0, 0, 1
-0.999867, -0.000942285, -0.0163082, 0.290391, 0.016296, 0.0117089, -0.999799, 0.850054, 0.00113305, -0.999931, -0.011692, 1.01997, 0, 0, 0, 1
-0.999864, -0.000944053, -0.0164763, 0.290385, 0.016464, 0.0118312, -0.999794, 0.850075, 0.00113879, -0.99993, -0.0118141, 1.01995, 0, 0, 0, 1
-0.999861, -0.000945835, -0.0166453, 0.29038, 0.0166328, 0.0119542, -0.99979, 0.850096, 0.00114462, -0.999928, -0.0119368, 1.01993, 0, 0, 0, 1
-0.999858, -0.000947631, -0.0168153, 0.290374, 0.0168026, 0.0120778, -0.999786, 0.850117, 0.00115052, -0.999927, -0.0120602, 1.01991, 0, 0, 0, 1
-0.999855, -0.00094944, -0.0169861, 0.290368, 0.0169733, 0.0122021, -0.999781, 0.850139, 0.0011565, -0.999925, -0.0121842, 1.01989, 0, 0, 0, 1
-0.999852, -0.000951264, -0.0171578, 0.290363, 0.0171448, 0.012327, -0.999777, 0.85016, 0.00116256, -0.999924, -0.0123089, 1.01986, 0, 0, 0, 1
-0.999849, -0.000953102, -0.0173305, 0.290357, 0.0173173, 0.0124527, -0.999772, 0.850182, 0.0011687, -0.999922, -0.0124343, 1.01984, 0, 0, 0, 1
-0.999846, -0.000954954, -0.0175041, 0.290351, 0.0174907, 0.0125789, -0.999768, 0.850203, 0.00117491, -0.99992, -0.0125603, 1.01982, 0, 0, 0, 1
-0.999843, -0.00095682, -0.0176785, 0.290345, 0.017665, 0.0127059, -0.999763, 0.850225, 0.00118121, -0.999919, -0.012687, 1.0198, 0, 0, 0, 1
-0.99984, -0.000958701, -0.0178539, 0.29034, 0.0178401, 0.0128334, -0.999758, 0.850247, 0.0011876, -0.999917, -0.0128143, 1.01978, 0, 0, 0, 1
-0.999837, -0.000960596, -0.0180302, 0.290334, 0.0180162, 0.0129617, -0.999754, 0.850269, 0.00119406, -0.999916, -0.0129423, 1.01976, 0, 0, 0, 1
-0.999834, -0.000962505, -0.0182074, 0.290328, 0.0181932, 0.0130906, -0.999749, 0.850291, 0.00120061, -0.999914, -0.0130709, 1.01974, 0, 0, 0, 1
-0.999831, -0.000964429, -0.0183855, 0.290322, 0.0183711, 0.0132202, -0.999744, 0.850313, 0.00120724, -0.999912, -0.0132002, 1.01972, 0, 0, 0, 1
-0.999827, -0.000966368, -0.0185645, 0.290316, 0.0185499, 0.0133504, -0.999739, 0.850336, 0.00121396, -0.99991, -0.0133301, 1.0197, 0, 0, 0, 1
-0.999824, -0.000968321, -0.0187444, 0.29031, 0.0187296, 0.0134813, -0.999734, 0.850358, 0.00122076, -0.999909, -0.0134607, 1.01968, 0, 0, 0, 1
-0.99982, -0.000970289, -0.0189252, 0.290304, 0.0189102, 0.0136128, -0.999729, 0.850381, 0.00122765, -0.999907, -0.013592, 1.01965, 0, 0, 0, 1
-0.999817, -0.000972271, -0.0191069, 0.290298, 0.0190917, 0.013745, -0.999723, 0.850403, 0.00123463, -0.999905, -0.0137239, 1.01963, 0, 0, 0, 1
-0.999813, -0.000974269, -0.0192895, 0.290292, 0.0192741, 0.0138779, -0.999718, 0.850426, 0.00124169, -0.999903, -0.0138565, 1.01961, 0, 0, 0, 1
-0.99981, -0.000976282, -0.019473, 0.290286, 0.0194575, 0.0140114, -0.999713, 0.850449, 0.00124884, -0.999901, -0.0139897, 1.01959, 0, 0, 0, 1
-0.999806, -0.000978309, -0.0196575, 0.29028, 0.0196417, 0.0141455, -0.999707, 0.850472, 0.00125609, -0.999899, -0.0141236, 1.01957, 0, 0, 0, 1
-0.999803, -0.000980352, -0.0198428, 0.290274, 0.0198268, 0.0142804, -0.999701, 0.850495, 0.00126342, -0.999898, -0.0142581, 1.01954, 0, 0, 0, 1
-0.999799, -0.00098241, -0.020029, 0.290267, 0.0200128, 0.0144159, -0.999696, 0.850519, 0.00127085, -0.999896, -0.0143933, 1.01952, 0, 0, 0, 1
-0.999795, -0.000984483, -0.0202162, 0.290261, 0.0201997, 0.014552, -0.99969, 0.850542, 0.00127836, -0.999894, -0.0145292, 1.0195, 0, 0, 0, 1
-0.999791, -0.000986571, -0.0204042, 0.290255, 0.0203876, 0.0146888, -0.999684, 0.850565, 0.00128597, -0.999892, -0.0146657, 1.01948, 0, 0, 0, 1
-0.999787, -0.000988675, -0.0205932, 0.290249, 0.0205763, 0.0148263, -0.999678, 0.850589, 0.00129368, -0.99989, -0.0148028, 1.01946, 0, 0, 0, 1
-0.999784, -0.000990795, -0.0207831, 0.290242, 0.0207659, 0.0149644, -0.999672, 0.850613, 0.00130148, -0.999888, -0.0149406, 1.01943, 0, 0, 0, 1
-0.99978, -0.00099293, -0.0209738, 0.290236, 0.0209565, 0.0151032, -0.999666, 0.850637, 0.00130937, -0.999885, -0.0150791, 1.01941, 0, 0, 0, 1
-0.999775, -0.00099508, -0.0211655, 0.29023, 0.0211479, 0.0152427, -0.99966, 0.85066, 0.00131736, -0.999883, -0.0152182, 1.01939, 0, 0, 0, 1
-0.999771, -0.000997247, -0.0213581, 0.290223, 0.0213402, 0.0153828, -0.999654, 0.850685, 0.00132545, -0.999881, -0.015358, 1.01936, 0, 0, 0, 1
-0.999767, -0.000999429, -0.0215516, 0.290217, 0.0215335, 0.0155236, -0.999648, 0.850709, 0.00133363, -0.999879, -0.0154984, 1.01934, 0, 0, 0, 1
-0.999763, -0.00100163, -0.021746, 0.29021, 0.0217276, 0.015665, -0.999641, 0.850733, 0.00134192, -0.999877, -0.0156395, 1.01932, 0, 0, 0, 1
-0.999759, -0.00100384, -0.0219413, 0.290204, 0.0219227, 0.0158071, -0.999635, 0.850757, 0.0013503, -0.999875, -0.0157812, 1.0193, 0, 0, 0, 1
-0.999754, -0.00100607, -0.0221375, 0.290197, 0.0221186, 0.0159498, -0.999628, 0.850782, 0.00135879, -0.999872, -0.0159236, 1.01927, 0, 0, 0, 1
-0.99975, -0.00100832, -0.0223346, 0.290191, 0.0223155, 0.0160932, -0.999621, 0.850807, 0.00136737, -0.99987, -0.0160667, 1.01925, 0, 0, 0, 1
-0.999746, -0.00101058, -0.0225326, 0.290184, 0.0225132, 0.0162373, -0.999615, 0.850831, 0.00137606, -0.999868, -0.0162104, 1.01922, 0, 0, 0, 1
-0.999741, -0.00101286, -0.0227315, 0.290177, 0.0227119, 0.016382, -0.999608, 0.850856, 0.00138485, -0.999865, -0.0163548, 1.0192, 0, 0, 0, 1
-0.999737, -0.00101515, -0.0229314, 0.290171, 0.0229115, 0.0165274, -0.999601, 0.850881, 0.00139374, -0.999863, -0.0164998, 1.01918, 0, 0, 0, 1
-0.999732, -0.00101746, -0.0231321, 0.290164, 0.0231119, 0.0166734, -0.999594, 0.850906, 0.00140274, -0.99986, -0.0166454, 1.01915, 0, 0, 0, 1
-0.999727, -0.00101979, -0.0233337, 0.290157, 0.0233133, 0.0168201, -0.999587, 0.850931, 0.00141185, -0.999858, -0.0167917, 1.01913, 0, 0, 0, 1
-0.999722, -0.00102214, -0.0235363, 0.290151, 0.0235156, 0.0169675, -0.999579, 0.850957, 0.00142106, -0.999856, -0.0169387, 1.01911, 0, 0, 0, 1
-0.999718, -0.0010245, -0.0237397, 0.290144, 0.0237187, 0.0171155, -0.999572, 0.850982, 0.00143038, -0.999853, -0.0170863, 1.01908, 0, 0, 0, 1
-0.999713, -0.00102688, -0.0239441, 0.290137, 0.0239228, 0.0172642, -0.999565, 0.851008, 0.0014398, -0.99985, -0.0172346, 1.01906, 0, 0, 0, 1
-0.999708, -0.00102927, -0.0241493, 0.29013, 0.0241278, 0.0174135, -0.999557, 0.851033, 0.00144934, -0.999848, -0.0173836, 1.01903, 0, 0, 0, 1
-0.999703, -0.00103168, -0.0243555, 0.290123, 0.0243336, 0.0175635, -0.99955, 0.851059, 0.00145899, -0.999845, -0.0175331, 1.01901, 0, 0, 0, 1
-0.999698, -0.00103411, -0.0245626, 0.290117, 0.0245404, 0.0177141, -0.999542, 0.851085, 0.00146874, -0.999843, -0.0176834, 1.01898, 0, 0, 0, 1
-0.999693, -0.00103656, -0.0247705, 0.29011, 0.0247481, 0.0178654, -0.999534, 0.851111, 0.00147861, -0.99984, -0.0178343, 1.01896, 0, 0, 0, 1
-0.999687, -0.00103902, -0.0249794, 0.290103, 0.0249567, 0.0180174, -0.999526, 0.851137, 0.00148859, -0.999837, -0.0179858, 1.01893, 0, 0, 0, 1
-0.999682, -0.0010415, -0.0251892, 0.290096, 0.0251661, 0.01817, -0.999518, 0.851163, 0.00149869, -0.999834, -0.018138, 1.01891, 0, 0, 0, 1
-0.999677, -0.001044, -0.0253999, 0.290089, 0.0253765, 0.0183233, -0.99951, 0.85119, 0.0015089, -0.999832, -0.0182909, 1.01888, 0, 0, 0, 1
-0.999671, -0.00104651, -0.0256115, 0.290082, 0.0255878, 0.0184773, -0.999502, 0.851216, 0.00151922, -0.999829, -0.0184444, 1.01886, 0, 0, 0, 1
-0.999666, -0.00104905, -0.025824, 0.290074, 0.0258, 0.0186319, -0.999493, 0.851243, 0.00152967, -0.999826, -0.0185986, 1.01883, 0, 0, 0, 1
-0.99966, -0.0010516, -0.0260374, 0.290067, 0.0260131, 0.0187871, -0.999485, 0.85127, 0.00154022, -0.999823, -0.0187534, 1.01881, 0, 0, 0, 1
-0.999655, -0.00105417, -0.0262517, 0.29006, 0.026227, 0.018943, -0.999477, 0.851296, 0.0015509, -0.99982, -0.0189088, 1.01878, 0, 0, 0, 1
-0.999649, -0.00105675, -0.0264669, 0.290053, 0.0264419, 0.0190996, -0.999468, 0.851323, 0.0015617, -0.999817, -0.019065, 1.01876, 0, 0, 0, 1
-0.999643, -0.00105936, -0.026683, 0.290046, 0.0266577, 0.0192569, -0.999459, 0.85135, 0.00157261, -0.999814, -0.0192217, 1.01873, 0, 0, 0, 1
-0.999638, -0.00106198, -0.0269001, 0.290039, 0.0268744, 0.0194147, -0.99945, 0.851378, 0.00158365, -0.999811, -0.0193792, 1.01871, 0, 0, 0, 1
-0.999632, -0.00106462, -0.027118, 0.290031, 0.027092, 0.0195733, -0.999441, 0.851405, 0.00159481, -0.999808, -0.0195372, 1.01868, 0, 0, 0, 1
-0.999626, -0.00106728, -0.0273368, 0.290024, 0.0273105, 0.0197325, -0.999432, 0.851432, 0.00160609, -0.999805, -0.019696, 1.01866, 0, 0, 0, 1
-0.99962, -0.00106995, -0.0275566, 0.290017, 0.0275299, 0.0198924, -0.999423, 0.85146, 0.0016175, -0.999802, -0.0198554, 1.01863, 0, 0, 0, 1
-0.999614, -0.00107265, -0.0277772, 0.290009, 0.0277502, 0.0200529, -0.999414, 0.851487, 0.00162903, -0.999798, -0.0200154, 1.0186, 0, 0, 0, 1
-0.999607, -0.00107536, -0.0279988, 0.290002, 0.0279713, 0.0202141, -0.999404, 0.851515, 0.00164069, -0.999795, -0.0201761, 1.01858, 0, 0, 0, 1
-0.999601, -0.00107809, -0.0282212, 0.289994, 0.0281934, 0.020376, -0.999395, 0.851543, 0.00165247, -0.999792, -0.0203374, 1.01855, 0, 0, 0, 1
-0.999595, -0.00108084, -0.0284446, 0.289987, 0.0284164, 0.0205385, -0.999385, 0.851571, 0.00166439, -0.999788, -0.0204994, 1.01852, 0, 0, 0, 1
-0.999588, -0.00108361, -0.0286689, 0.289979, 0.0286403, 0.0207016, -0.999375, 0.851599, 0.00167643, -0.999785, -0.0206621, 1.0185, 0, 0, 0, 1
-0.999582, -0.0010864, -0.028894, 0.289972, 0.0288651, 0.0208654, -0.999366, 0.851627, 0.0016886, -0.999782, -0.0208254, 1.01847, 0, 0, 0, 1
-0.999575, -0.00108921, -0.0291201, 0.289964, 0.0290908, 0.0210299, -0.999356, 0.851655, 0.0017009, -0.999778, -0.0209893, 1.01845, 0, 0, 0, 1
-0.999569, -0.00109203, -0.0293471, 0.289957, 0.0293174, 0.0211951, -0.999345, 0.851684, 0.00171333, -0.999775, -0.0211539, 1.01842, 0, 0, 0, 1
-0.999562, -0.00109488, -0.029575, 0.289949, 0.0295449, 0.0213609, -0.999335, 0.851712, 0.00172589, -0.999771, -0.0213192, 1.01839, 0, 0, 0, 1
-0.999555, -0.00109774, -0.0298038, 0.289941, 0.0297733, 0.0215273, -0.999325, 0.851741, 0.00173859, -0.999768, -0.0214851, 1.01836, 0, 0, 0, 1
-0.999548, -0.00110062, -0.0300335, 0.289934, 0.0300026, 0.0216944, -0.999314, 0.85177, 0.00175143, -0.999764, -0.0216516, 1.01834, 0, 0, 0, 1
-0.999541, -0.00110352, -0.0302641, 0.289926, 0.0302327, 0.0218622, -0.999304, 0.851799, 0.0017644, -0.99976, -0.0218188, 1.01831, 0, 0, 0, 1
-0.999534, -0.00110645, -0.0304956, 0.289918, 0.0304638, 0.0220306, -0.999293, 0.851828, 0.0017775, -0.999757, -0.0219867, 1.01828, 0, 0, 0, 1
-0.999527, -0.00110939, -0.030728, 0.28991, 0.0306958, 0.0221997, -0.999282, 0.851857, 0.00179074, -0.999753, -0.0221552, 1.01826, 0, 0, 0, 1
-0.99952, -0.00111235, -0.0309613, 0.289903, 0.0309287, 0.0223695, -0.999271, 0.851886, 0.00180413, -0.999749, -0.0223243, 1.01823, 0, 0, 0, 1
-0.999513, -0.00111533, -0.0311955, 0.289895, 0.0311625, 0.0225399, -0.99926, 0.851915, 0.00181765, -0.999745, -0.0224942, 1.0182, 0, 0, 0, 1
-0.999505, -0.00111833, -0.0314306, 0.289887, 0.0313972, 0.022711, -0.999249, 0.851945, 0.00183131, -0.999741, -0.0226646, 1.01817, 0, 0, 0, 1
-0.999498, -0.00112135, -0.0316667, 0.289879, 0.0316328, 0.0228827, -0.999238, 0.851975, 0.00184511, -0.999738, -0.0228357, 1.01815, 0, 0, 0, 1
-0.99949, -0.00112439, -0.0319036, 0.289871, 0.0318692, 0.0230551, -0.999226, 0.852004, 0.00185906, -0.999734, -0.0230075, 1.01812, 0, 0, 0, 1
-0.999483, -0.00112745, -0.0321414, 0.289863, 0.0321066, 0.0232281, -0.999215, 0.852034, 0.00187315, -0.99973, -0.0231799, 1.01809, 0, 0, 0, 1
-0.999475, -0.00113053, -0.0323802, 0.289855, 0.0323449, 0.0234018, -0.999203, 0.852064, 0.00188739, -0.999726, -0.023353, 1.01806, 0, 0, 0, 1
-0.999467, -0.00113363, -0.0326198, 0.289847, 0.0325841, 0.0235762, -0.999191, 0.852094, 0.00190177, -0.999721, -0.0235267, 1.01803, 0, 0, 0, 1
-0.999459, -0.00113675, -0.0328604, 0.289839, 0.0328241, 0.0237512, -0.999179, 0.852124, 0.00191629, -0.999717, -0.023701, 1.018, 0, 0, 0, 1
-0.999451, -0.0011399, -0.0331018, 0.289831, 0.0330651, 0.0239269, -0.999167, 0.852154, 0.00193097, -0.999713, -0.023876, 1.01798, 0, 0, 0, 1
-0.999443, -0.00114306, -0.0333442, 0.289823, 0.033307, 0.0241032, -0.999154, 0.852185, 0.00194579, -0.999709, -0.0240517, 1.01795, 0, 0, 0, 1
-0.999435, -0.00114624, -0.0335875, 0.289815, 0.0335498, 0.0242802, -0.999142, 0.852215, 0.00196077, -0.999705, -0.024228, 1.01792, 0, 0, 0, 1
-0.999427, -0.00114945, -0.0338316, 0.289806, 0.0337934, 0.0244578, -0.99913, 0.852246, 0.00197589, -0.9997, -0.024405, 1.01789, 0, 0, 0, 1
-0.999419, -0.00115267, -0.0340767, 0.289798, 0.034038, 0.0246362, -0.999117, 0.852277, 0.00199117, -0.999696, -0.0245826, 1.01786, 0, 0, 0, 1
-0.99941, -0.00115592, -0.0343227, 0.28979, 0.0342835, 0.0248151, -0.999104, 0.852308, 0.0020066, -0.999691, -0.0247609, 1.01783, 0, 0, 0, 1
-0.999402, -0.00115918, -0.0345696, 0.289782, 0.0345298, 0.0249947, -0.999091, 0.852339, 0.00202219, -0.999687, -0.0249398, 1.0178, 0, 0, 0, 1
