-0.999999, -0.000797434, -0.000797196, 0.290901, 0.000796858, 0.000424669, -1, 0.848124, 0.000797772, -1, -0.000424033, 1.02183, 0, 0, 0, 1
-0.999999, -0.000797358, -0.000796612, 0.290901, 0.000796273, 0.000424953, -1, 0.848124, 0.000797696, -1, -0.000424318, 1.02183, 0, 0, 0, 1
-0.999999, -0.000797128, -0.000794858, 0.290901, 0.000794519, 0.000425805, -1, 0.848124, 0.000797466, -1, -0.000425171, 1.02183, 0, 0, 0, 1
-0.999999, -0.000796744, -0.000791936, 0.290901, 0.000791595, 0.000427225, -1, 0.848125, 0.000797082, -1, -0.000426594, 1.02183, 0, 0, 0, 1
-0.999999, -0.000796208, -0.000787844, 0.290901, 0.000787503, 0.000429213, -1, 0.848125, 0.000796546, -1, -0.000428586, 1.02183, 0, 0, 0, 1
-0.999999, -0.000795518, -0.000782584, 0.290901, 0.000782241, 0.00043177, -1, 0.848126, 0.000795856, -1, -0.000431147, 1.02183, 0, 0, 0, 1
-0.999999, -0.000794675, -0.000776155, 0.290901, 0.000775809, 0.000434894, -1, 0.848126, 0.000795012, -1, -0.000434277, 1.02183, 0, 0, 0, 1
-0.999999, -0.000793678, -0.000768556, 0.290901, 0.000768208, 0.000438587, -1, 0.848127, 0.000794015, -1, -0.000437977, 1.02183, 0, 0, 0, 1
-0.999999, -0.000792529, -0.000759789, 0.290901, 0.000759438, 0.000442847, -1, 0.848128, 0.000792865, -1, -0.000442245, 1.02183, 0, 0, 0, 1
-0.999999, -0.000791226, -0.000749853, 0.2909, 0.000749499, 0.000447676, -1, 0.848128, 0.000791561, -1, -0.000447083, 1.02183, 0, 0, 0, 1
-0.999999, -0.000789769, -0.000738748, 0.2909, 0.00073839, 0.000453073, -1, 0.848129, 0.000790104, -1, -0.000452489, 1.02183, 0, 0, 0, 1
-0.999999, -0.00078816, -0.000726474, 0.2909, 0.000726112, 0.000459038, -1, 0.84813, 0.000788493, -1, -0.000458465, 1.02183, 0, 0, 0, 1
-0.999999, -0.000786397, -0.00071303, 0.2909, 0.000712664, 0.000465571, -1, 0.848132, 0.000786729, -1, -0.00046501, 1.02183, 0, 0, 0, 1
-0.999999, -0.000784481, -0.000698418, 0.2909, 0.000698048, 0.000472672, -1, 0.848133, 0.000784811, -1, -0.000472124, 1.02183, 0, 0, 0, 1
-0.999999, -0.000782412, -0.000682637, 0.2909, 0.000682262, 0.000480341, -1, 0.848134, 0.000782739, -1, -0.000479807, 1.02182, 0, 0, 0, 1
-0.999999, -0.000780189, -0.000665687, 0.290899, 0.000665306, 0.000488578, -1, 0.848136, 0.000780514, -1, -0.000488059, 1.02182, 0, 0, 0, 1
-0.999999, -0.000777813, -0.000647568, 0.290899, 0.000647182, 0.000497383, -1, 0.848137, 0.000778135, -1, -0.00049688, 1.02182, 0, 0, 0, 1
-1, -0.000775284, -0.00062828, 0.290899, 0.000627888, 0.000506757, -1, 0.848139, 0.000775602, -1, -0.00050627, 1.02182, 0, 0, 0, 1
-1, -0.000772602, -0.000607823, 0.290899, 0.000607424, 0.000516698, -1, 0.848141, 0.000772916, -1, -0.000516229, 1.02182, 0, 0, 0, 1
-1, -0.000769766, -0.000586198, 0.290898, 0.000585792, 0.000527208, -1, 0.848143, 0.000770075, -1, -0.000526757, 1.02181, 0, 0, 0, 1
-1, -0.000766778, -0.000563403, 0.290898, 0.00056299, 0.000538286, -1, 0.848145, 0.000767081, -1, -0.000537854, 1.02181, 0, 0, 0, 1
-1, -0.000763636, -0.000539439, 0.290898, 0.000539019, 0.000549931, -1, 0.848147, 0.000763932, -1, -0.00054952, 1.02181, 0, 0, 0, 1
-1, -0.000760341, -0.000514306, 0.290897, 0.000513879, 0.000562145, -1, 0.848149, 0.00076063, -1, -0.000561754, 1.02181, 0, 0, 0, 1
-1, -0.000756893, -0.000488004, 0.290897, 0.000487569, 0.000574927, -1, 0.848152, 0.000757173, -1, -0.000574558, 1.02181, 0, 0, 0, 1
-1, -0.000753291, -0.000460534, 0.290897, 0.000460091, 0.000588278, -1, 0.848154, 0.000753562, -1, -0.000587931, 1.0218, 0, 0, 0, 1
-1, -0.000749537, -0.000431894, 0.290896, 0.000431443, 0.000602196, -1, 0.848157, 0.000749797, -1, -0.000601872, 1.0218, 0, 0, 0, 1
-1, -0.000745629, -0.000402085, 0.290896, 0.000401626, 0.000616682, -1, 0.848159, 0.000745877, -1, -0.000616383, 1.0218, 0, 0, 0, 1
-1, -0.000741568, -0.000371108, 0.290896, 0.000370639, 0.000631737, -1, 0.848162, 0.000741803, -1, -0.000631462, 1.02179, 0, 0, 0, 1
-1, -0.000737355, -0.000338961, 0.290895, 0.000338484, 0.00064736, -1, 0.848165, 0.000737574, -1, -0.00064711, 1.02179, 0, 0, 0, 1
-1, -0.000732988, -0.000305646, 0.290895, 0.000305159, 0.00066355, -1, 0.848168, 0.00073319, -1, -0.000663326, 1.02179, 0, 0, 0, 1
-1, -0.000728468, -0.000271161, 0.290894, 0.000270665, 0.000680309, -1, 0.848171, 0.000728652, -1, -0.000680112, 1.02179, 0, 0, 0, 1
-1, -0.000723795, -0.000235508, 0.290894, 0.000235003, 0.000697636, -1, 0.848174, 0.000723959, -0.999999, -0.000697466, 1.02178, 0, 0, 0, 1
-1, -0.000718969, -0.000198685, 0.290894, 0.000198171, 0.000715532, -1, 0.848177, 0.000719111, -0.999999, -0.000715389, 1.02178, 0, 0, 0, 1
-1, -0.00071399, -0.000160694, 0.290893, 0.00016017, 0.000733995, -1, 0.848181, 0.000714107, -0.999999, -0.000733881, 1.02177, 0, 0, 0, 1
-1, -0.000708858, -0.000121533, 0.290893, 0.000121, 0.000753027, -1, 0.848184, 0.000708949, -0.999999, -0.000752941, 1.02177, 0, 0, 0, 1
-1, -0.000703573, -8.12039e-05, 0.290892, 8.06603e-05, 0.000772627, -1, 0.848188, 0.000703635, -0.999999, -0.00077257, 1.02177, 0, 0, 0, 1
-1, -0.000698135, -3.97056e-05, 0.290892, 3.91521e-05, 0.000792794, -1, 0.848191, 0.000698166, -0.999999, -0.000792767, 1.02176, 0, 0, 0, 1
-1, -0.000692544, 2.96167e-06, 0.290891, -3.52508e-06, 0.000813531, -1, 0.848195, 0.000692541, -0.999999, -0.000813533, 1.02176, 0, 0, 0, 1
-1, -0.0006868, 4.67979e-05, 0.29089, -4.73713e-05, 0.000834835, -1, 0.848199, 0.000686761, -0.999999, -0.000834867, 1.02176, 0, 0, 0, 1
-1, -0.000680904, 9.18032e-05, 0.29089, -9.23865e-05, 0.000856707, -1, 0.848203, 0.000680825, -0.999999, -0.00085677, 1.02175, 0, 0, 0, 1
-1, -0.000674854, 0.000137977, 0.290889, -0.000138571, 0.000879148, -1, 0.848207, 0.000674732, -0.999999, -0.000879241, 1.02175, 0, 0, 0, 1
-1, -0.000668652, 0.000185321, 0.290889, -0.000185924, 0.000902157, -1, 0.848211, 0.000668484, -0.999999, -0.000902281, 1.02174, 0, 0, 0, 1
-1, -0.000662297, 0.000233833, 0.290888, -0.000234446, 0.000925734, -1, 0.848216, 0.00066208, -0.999999, -0.000925889, 1.02174, 0, 0, 0, 1
-1, -0.000655789, 0.000283514, 0.290887, -0.000284137, 0.000949879, -1, 0.84822, 0.000655519, -0.999999, -0.000950065, 1.02173, 0, 0, 0, 1
-1, -0.000649128, 0.000334364, 0.290887, -0.000334996, 0.000974593, -0.999999, 0.848225, 0.000648802, -0.999999, -0.00097481, 1.02173, 0, 0, 0, 1
-1, -0.000642314, 0.000386383, 0.290886, -0.000387025, 0.000999875, -0.999999, 0.848229, 0.000641928, -0.999999, -0.00100012, 1.02172, 0, 0, 0, 1
-1, -0.000635348, 0.000439571, 0.290886, -0.000440222, 0.00102572, -0.999999, 0.848234, 0.000634897, -0.999999, -0.001026, 1.02172, 0, 0, 0, 1
-1, -0.000628229, 0.000493928, 0.290885, -0.000494589, 0.00105214, -0.999999, 0.848239, 0.000627709, -0.999999, -0.00105245, 1.02171, 0, 0, 0, 1
-1, -0.000620958, 0.000549454, 0.290884, -0.000550124, 0.00107913, -0.999999, 0.848244, 0.000620364, -0.999999, -0.00107947, 1.02171, 0, 0, 0, 1
-1, -0.000613534, 0.000606149, 0.290883, -0.000606827, 0.00110668, -0.999999, 0.848249, 0.000612862, -0.999999, -0.00110706, 1.0217, 0, 0, 0, 1
-1, -0.000605957, 0.000664012, 0.290883, -0.0006647, 0.00113481, -0.999999, 0.848254, 0.000605203, -0.999999, -0.00113521, 1.0217, 0, 0, 0, 1
-1, -0.000598227, 0.000723045, 0.290882, -0.000723741, 0.0011635, -0.999999, 0.848259, 0.000597385, -0.999999, -0.00116393, 1.02169, 0, 0, 0, 1
-1, -0.000590345, 0.000783247, 0.290881, -0.000783951, 0.00119276, -0.999999, 0.848265, 0.000589411, -0.999999, -0.00119322, 1.02169, 0, 0, 0, 1
-0.999999, -0.000582311, 0.000844618, 0.29088, -0.000845329, 0.00122259, -0.999999, 0.84827, 0.000581278, -0.999999, -0.00122308, 1.02168, 0, 0, 0, 1
-0.999999, -0.000574124, 0.000907158, 0.29088, -0.000907876, 0.00125298, -0.999999, 0.848276, 0.000572987, -0.999999, -0.0012535, 1.02167, 0, 0, 0, 1
-0.999999, -0.000565785, 0.000970866, 0.290879, -0.000971592, 0.00128395, -0.999999, 0.848281, 0.000564537, -0.999999, -0.0012845, 1.02167, 0, 0, 0, 1
-0.999999, -0.000557293, 0.00103574, 0.290878, -0.00103648, 0.00131548, -0.999999, 0.848287, 0.000555929, -0.999999, -0.00131606, 1.02166, 0, 0, 0, 1
-0.999999, -0.000548648, 0.00110179, 0.290877, -0.00110253, 0.00134758, -0.999998, 0.848293, 0.000547163, -0.999999, -0.00134818, 1.02166, 0, 0, 0, 1
-0.999999, -0.000539852, 0.00116901, 0.290876, -0.00116975, 0.00138025, -0.999998, 0.848299, 0.000538237, -0.999999, -0.00138088, 1.02165, 0, 0, 0, 1
-0.999999, -0.000530903, 0.00123739, 0.290875, -0.00123814, 0.00141349, -0.999998, 0.848305, 0.000529153, -0.999999, -0.00141414, 1.02164, 0, 0, 0, 1
-0.999999, -0.000521802, 0.00130694, 0.290875, -0.0013077, 0.00144729, -0.999998, 0.848311, 0.000519909, -0.999999, -0.00144797, 1.02164, 0, 0, 0, 1
-0.999999, -0.000512548, 0.00137767, 0.290874, -0.00137842, 0.00148167, -0.999998, 0.848317, 0.000510506, -0.999999, -0.00148237, 1.02163, 0, 0, 0, 1
-0.999999, -0.000503142, 0.00144956, 0.290873, -0.00145032, 0.00151661, -0.999998, 0.848324, 0.000500943, -0.999999, -0.00151734, 1.02162, 0, 0, 0, 1
-0.999999, -0.000493584, 0.00152262, 0.290872, -0.00152338, 0.00155212, -0.999998, 0.84833, 0.00049122, -0.999999, -0.00155287, 1.02162, 0, 0, 0, 1
-0.999999, -0.000483874, 0.00159685, 0.290871, -0.00159761, 0.0015882, -0.999997, 0.848337, 0.000481337, -0.999999, -0.00158897, 1.02161, 0, 0, 0, 1
-0.999998, -0.000474012, 0.00167225, 0.29087, -0.00167301, 0.00162485, -0.999997, 0.848344, 0.000471294, -0.999999, -0.00162564, 1.0216, 0, 0, 0, 1
-0.999998, -0.000463998, 0.00174881, 0.290869, -0.00174958, 0.00166207, -0.999997, 0.84835, 0.00046109, -0.999999, -0.00166288, 1.0216, 0, 0, 0, 1
-0.999998, -0.000453831, 0.00182655, 0.290868, -0.00182732, 0.00169985, -0.999997, 0.848357, 0.000450725, -0.999998, -0.00170068, 1.02159, 0, 0, 0, 1
-0.999998, -0.000443513, 0.00190545, 0.290867, -0.00190622, 0.0017382, -0.999997, 0.848364, 0.0004402, -0.999998, -0.00173905, 1.02158, 0, 0, 0, 1
-0.999998, -0.000433043, 0.00198553, 0.290866, -0.0019863, 0.00177713, -0.999996, 0.848371, 0.000429513, -0.999998, -0.00177798, 1.02157, 0, 0, 0, 1
-0.999998, -0.000422421, 0.00206677, 0.290865, -0.00206754, 0.00181662, -0.999996, 0.848379, 0.000418664, -0.999998, -0.00181749, 1.02157, 0, 0, 0, 1
-0.999998, -0.000411646, 0.00214918, 0.290864, -0.00214994, 0.00185667, -0.999996, 0.848386, 0.000407654, -0.999998, -0.00185755, 1.02156, 0, 0, 0, 1
-0.999997, -0.00040072, 0.00223276, 0.290863, -0.00223352, 0.0018973, -0.999996, 0.848393, 0.000396482, -0.999998, -0.00189819, 1.02155, 0, 0, 0, 1
-0.999997, -0.000389643, 0.00231751, 0.290862, -0.00231827, 0.0019385, -0.999995, 0.848401, 0.000385148, -0.999998, -0.00193939, 1.02154, 0, 0, 0, 1
-0.999997, -0.000378413, 0.00240343, 0.290861, -0.00240418, 0.00198026, -0.999995, 0.848408, 0.000373652, -0.999998, -0.00198116, 1.02153, 0, 0, 0, 1
-0.999997, -0.000367032, 0.00249052, 0.29086, -0.00249126, 0.00202259, -0.999995, 0.848416, 0.000361992, -0.999998, -0.0020235, 1.02153, 0, 0, 0, 1
-0.999997, -0.000355499, 0.00257878, 0.290859, -0.00257951, 0.00206549, -0.999995, 0.848424, 0.00035017, -0.999998, -0.0020664, 1.02152, 0, 0, 0, 1
-0.999996, -0.000343814, 0.0026682, 0.290857, -0.00266892, 0.00210896, -0.999994, 0.848432, 0.000338185, -0.999998, -0.00210987, 1.02151, 0, 0, 0, 1
-0.999996, -0.000331978, 0.0027588, 0.290856, -0.00275951, 0.002153, -0.999994, 0.84844, 0.000326036, -0.999998, -0.00215391, 1.0215, 0, 0, 0, 1
-0.999996, -0.00031999, 0.00285056, 0.290855, -0.00285126, 0.00219761, -0.999994, 0.848448, 0.000313724, -0.999998, -0.00219851, 1.02149, 0, 0, 0, 1
-0.999996, -0.000307851, 0.00294349, 0.290854, -0.00294418, 0.00224278, -0.999993, 0.848456, 0.000301247, -0.999997, -0.00224368, 1.02148, 0, 0, 0, 1
-0.999995, -0.00029556, 0.0030376, 0.290853, -0.00303826, 0.00228853, -0.999993, 0.848465, 0.000288606, -0.999997, -0.00228941, 1.02147, 0, 0, 0, 1
-0.999995, -0.000283118, 0.00313287, 0.290852, -0.00313352, 0.00233484, -0.999992, 0.848473, 0.000275801, -0.999997, -0.00233572, 1.02147, 0, 0, 0, 1
-0.999995, -0.000270524, 0.0032293, 0.29085, -0.00322994, 0.00238172, -0.999992, 0.848482, 0.000262831, -0.999997, -0.00238258, 1.02146, 0, 0, 0, 1
-0.999994, -0.00025778, 0.00332691, 0.290849, -0.00332753, 0.00242917, -0.999992, 0.848491, 0.000249696, -0.999997, -0.00243001, 1.02145, 0, 0, 0, 1
-0.999994, -0.000244884, 0.00342569, 0.290848, -0.00342629, 0.00247719, -0.999991, 0.848499, 0.000236395, -0.999997, -0.00247801, 1.02144, 0, 0, 0, 1
-0.999994, -0.000231836, 0.00352564, 0.290847, -0.00352621, 0.00252577, -0.999991, 0.848508, 0.000222929, -0.999997, -0.00252658, 1.02143, 0, 0, 0, 1
-0.999993, -0.000218638, 0.00362675, 0.290845, -0.0036273, 0.00257493, -0.99999, 0.848517, 0.000209297, -0.999997, -0.00257571, 1.02142, 0, 0, 0, 1
-0.999993, -0.000205288, 0.00372904, 0.290844, -0.00372956, 0.00262465, -0.99999, 0.848526, 0.000195499, -0.999997, -0.0026254, 1.02141, 0, 0, 0, 1
-0.999993, -0.000191787, 0.00383249, 0.290843, -0.00383299, 0.00267495, -0.999989, 0.848535, 0.000181534, -0.999996, -0.00267566, 1.0214, 0, 0, 0, 1
-0.999992, -0.000178136, 0.00393711, 0.290841, -0.00393758, 0.00272581, -0.999989, 0.848545, 0.000167402, -0.999996, -0.00272649, 1.02139, 0, 0, 0, 1
-0.999992, -0.000164333, 0.0040429, 0.29084, -0.00404334, 0.00277724, -0.999988, 0.848554, 0.000153103, -0.999996, -0.00277788, 1.02138, 0, 0, 0, 1
-0.999991, -0.00015038, 0.00414986, 0.290839, -0.00415027, 0.00282924, -0.999987, 0.848564, 0.000138637, -0.999996, -0.00282984, 1.02137, 0, 0, 0, 1
-0.999991, -0.000136275, 0.00425799, 0.290837, -0.00425836, 0.0028818, -0.999987, 0.848573, 0.000124003, -0.999996, -0.00288236, 1.02136, 0, 0, 0, 1
-0.99999, -0.00012202, 0.00436729, 0.290836, -0.00436762, 0.00293494, -0.999986, 0.848583, 0.0001092, -0.999996, -0.00293545, 1.02135, 0, 0, 0, 1
-0.99999, -0.000107614, 0.00447775, 0.290835, -0.00447805, 0.00298865, -0.999986, 0.848593, 9.42298e-05, -0.999996, -0.0029891, 1.02134, 0, 0, 0, 1
-0.999989, -9.30571e-05, 0.00458939, 0.290833, -0.00458965, 0.00304292, -0.999985, 0.848603, 7.90905e-05, -0.999995, -0.00304331, 1.02133, 0, 0, 0, 1
-0.999989, -7.83497e-05, 0.00470219, 0.290832, -0.00470241, 0.00309776, -0.999984, 0.848613, 6.37822e-05, -0.999995, -0.0030981, 1.02132, 0, 0, 0, 1
-0.999988, -6.34917e-05, 0.00481616, 0.29083, -0.00481634, 0.00315317, -0.999983, 0.848623, 4.83045e-05, -0.999995, -0.00315344, 1.02131, 0, 0, 0, 1
-0.999988, -4.84833e-05, 0.00493131, 0.290829, -0.00493144, 0.00320915, -0.999983, 0.848633, 3.26571e-05, -0.999995, -0.00320935, 1.0213, 0, 0, 0, 1
-0.999987, -3.33243e-05, 0.00504762, 0.290827, -0.0050477, 0.0032657, -0.999982, 0.848643, 1.68397e-05, -0.999995, -0.00326583, 1.02129, 0, 0, 0, 1
-0.999987, -1.80149e-05, 0.0051651, 0.290826, -0.00516513, 0.00332282, -0.999981, 0.848654, 8.51863e-07, -0.999994, -0.00332287, 1.02128, 0, 0, 0, 1
-0.999986, -2.55513e-06, 0.00528374, 0.290824, -0.00528372, 0.00338051, -0.99998, 0.848664, -1.53067e-05, -0.999994, -0.00338047, 1.02126, 0, 0, 0, 1
-0.999985, 1.30549e-05, 0.00540356, 0.290823, -0.00540348, 0.00343876, -0.999979, 0.848675, -3.16362e-05, -0.999994, -0.00343864, 1.02125, 0, 0, 0, 1
-0.999985, 2.88152e-05, 0.00552455, 0.290821, -0.00552441, 0.00349759, -0.999979, 0.848686, -4.81372e-05, -0.999994, -0.00349737, 1.02124, 0, 0, 0, 1
-0.999984, 4.47257e-05, 0.0056467, 0.29082, -0.00564651, 0.00355698, -0.999978, 0.848697, -6.48099e-05, -0.999994, -0.00355667, 1.02123, 0, 0, 0, 1
-0.999983, 6.07863e-05, 0.00577003, 0.290818, -0.00576977, 0.00361694, -0.999977, 0.848708, -8.16548e-05, -0.999993, -0.00361653, 1.02122, 0, 0, 0, 1
-0.999983, 7.6997e-05, 0.00589452, 0.290817, -0.0058942, 0.00367747, -0.999976, 0.848719, -9.86721e-05, -0.999993, -0.00367696, 1.02121, 0, 0, 0, 1
-0.999982, 9.33577e-05, 0.00602018, 0.290815, -0.00601979, 0.00373857, -0.999975, 0.84873, -0.000115862, -0.999993, -0.00373794, 1.0212, 0, 0, 0, 1
-0.999981, 0.000109868, 0.00614701, 0.290813, -0.00614655, 0.00380024, -0.999974, 0.848741, -0.000133226, -0.999993, -0.0037995, 1.02118, 0, 0, 0, 1
-0.99998, 0.000126529, 0.00627501, 0.290812, -0.00627447, 0.00386248, -0.999973, 0.848753, -0.000150763, -0.999993, -0.00386161, 1.02117, 0, 0, 0, 1
-0.999979, 0.000143339, 0.00640418, 0.29081, -0.00640357, 0.00392529, -0.999972, 0.848764, -0.000168473, -0.999992, -0.00392429, 1.02116, 0, 0, 0, 1
-0.999979, 0.000160299, 0.00653452, 0.290808, -0.00653382, 0.00398866, -0.999971, 0.848776, -0.000186359, -0.999992, -0.00398753, 1.02115, 0, 0, 0, 1
-0.999978, 0.000177409, 0.00666602, 0.290807, -0.00666525, 0.00405261, -0.99997, 0.848787, -0.000204418, -0.999992, -0.00405134, 1.02113, 0, 0, 0, 1
-0.999977, 0.000194668, 0.0067987, 0.290805, -0.00679784, 0.00411712, -0.999968, 0.848799, -0.000222653, -0.999992, -0.0041157, 1.02112, 0, 0, 0, 1
-0.999976, 0.000212077, 0.00693254, 0.290803, -0.00693159, 0.00418221, -0.999967, 0.848811, -0.000241064, -0.999991, -0.00418064, 1.02111, 0, 0, 0, 1
-0.999975, 0.000229636, 0.00706755, 0.290802, -0.00706651, 0.00424786, -0.999966, 0.848823, -0.00025965, -0.999991, -0.00424613, 1.0211, 0, 0, 0, 1
-0.999974, 0.000247344, 0.00720373, 0.2908, -0.0072026, 0.00431408, -0.999965, 0.848835, -0.000278412, -0.999991, -0.00431219, 1.02108, 0, 0, 0, 1
-0.999973, 0.000265201, 0.00734108, 0.290798, -0.00733985, 0.00438087, -0.999963, 0.848847, -0.000297351, -0.99999, -0.00437881, 1.02107, 0, 0, 0, 1
-0.999972, 0.000283207, 0.0074796, 0.290796, -0.00747827, 0.00444823, -0.999962, 0.84886, -0.000316468, -0.99999, -0.00444599, 1.02106, 0, 0, 0, 1
-0.999971, 0.000301363, 0.00761929, 0.290795, -0.00761785, 0.00451616, -0.999961, 0.848872, -0.000335761, -0.99999, -0.00451373, 1.02105, 0, 0, 0, 1
-0.99997, 0.000319668, 0.00776014, 0.290793, -0.0077586, 0.00458466, -0.999959, 0.848885, -0.000355233, -0.999989, -0.00458204, 1.02103, 0, 0, 0, 1
-0.999969, 0.000338122, 0.00790217, 0.290791, -0.00790051, 0.00465372, -0.999958, 0.848897, -0.000374882, -0.999989, -0.00465091, 1.02102, 0, 0, 0, 1
-0.999968, 0.000356725, 0.00804536, 0.290789, -0.00804359, 0.00472336, -0.999956, 0.84891, -0.000394711, -0.999989, -0.00472034, 1.02101, 0, 0, 0, 1
-0.999966, 0.000375477, 0.00818972, 0.290787, -0.00818783, 0.00479357, -0.999955, 0.848923, -0.000414718, -0.999988, -0.00479033, 1.02099, 0, 0, 0, 1
-0.999965, 0.000394378, 0.00833525, 0.290785, -0.00833324, 0.00486434, -0.999953, 0.848936, -0.000434905, -0.999988, -0.00486088, 1.02098, 0, 0, 0, 1
-0.999964, 0.000413427, 0.00848195, 0.290784, -0.00847981, 0.00493568, -0.999952, 0.848949, -0.000455272, -0.999988, -0.004932, 1.02096, 0, 0, 0, 1
-0.999963, 0.000432626, 0.00862982, 0.290782, -0.00862755, 0.0050076, -0.99995, 0.848962, -0.000475819, -0.999987, -0.00500368, 1.02095, 0, 0, 0, 1
-0.999961, 0.000451973, 0.00877886, 0.29078, -0.00877645, 0.00508008, -0.999949, 0.848975, -0.000496547, -0.999987, -0.00507592, 1.02094, 0, 0, 0, 1
-0.99996, 0.000471468, 0.00892906, 0.290778, -0.00892652, 0.00515313, -0.999947, 0.848989, -0.000517456, -0.999987, -0.00514872, 1.02092, 0, 0, 0, 1
-0.999959, 0.000491112, 0.00908044, 0.290776, -0.00907775, 0.00522675, -0.999945, 0.849002, -0.000538546, -0.999986, -0.00522208, 1.02091, 0, 0, 0, 1
-0.999957, 0.000510905, 0.00923298, 0.290774, -0.00923015, 0.00530094, -0.999943, 0.849016, -0.000559819, -0.999986, -0.005296, 1.02089, 0, 0, 0, 1
-0.999956, 0.000530846, 0.00938669, 0.290772, -0.00938371, 0.0053757, -0.999942, 0.849029, -0.000581275, -0.999985, -0.00537048, 1.02088, 0, 0, 0, 1
-0.999954, 0.000550935, 0.00954157, 0.29077, -0.00953843, 0.00545103, -0.99994, 0.849043, -0.000602913, -0.999985, -0.00544553, 1.02087, 0, 0, 0, 1
-0.999953, 0.000571172, 0.00969762, 0.290768, -0.00969432, 0.00552693, -0.999938, 0.849057, -0.000624735, -0.999985, -0.00552113, 1.02085, 0, 0, 0, 1
-0.999951, 0.000591558, 0.00985484, 0.290766, -0.00985137, 0.0056034, -0.999936, 0.849071, -0.00064674, -0.999984, -0.0055973, 1.02084, 0, 0, 0, 1
-0.99995, 0.000612091, 0.0100132, 0.290764, -0.0100096, 0.00568044, -0.999934, 0.849085, -0.00066893, -0.999984, -0.00567402, 1.02082, 0, 0, 0, 1
-0.999948, 0.000632773, 0.0101728, 0.290762, -0.010169, 0.00575804, -0.999932, 0.849099, -0.000691305, -0.999983, -0.00575131, 1.02081, 0, 0, 0, 1
-0.999946, 0.000653602, 0.0103335, 0.29076, -0.0103295, 0.00583622, -0.99993, 0.849114, -0.000713865, -0.999983, -0.00582916, 1.02079, 0, 0, 0, 1
-0.999945, 0.000674579, 0.0104954, 0.290758, -0.0104912, 0.00591497, -0.999927, 0.849128, -0.00073661, -0.999982, -0.00590756, 1.02078, 0, 0, 0, 1
-0.999943, 0.000695704, 0.0106585, 0.290756, -0.0106541, 0.00599428, -0.999925, 0.849143, -0.000759542, -0.999982, -0.00598653, 1.02076, 0, 0, 0, 1
-0.999941, 0.000716977, 0.0108227, 0.290754, -0.0108181, 0.00607417, -0.999923, 0.849157, -0.00078266, -0.999981, -0.00606605, 1.02075, 0, 0, 0, 1
-0.999939, 0.000738397, 0.0109881, 0.290751, -0.0109833, 0.00615462, -0.999921, 0.849172, -0.000805966, -0.999981, -0.00614614, 1.02073, 0, 0, 0, 1
-0.999937, 0.000759964, 0.0111547, 0.290749, -0.0111497, 0.00623565, -0.999918, 0.849187, -0.000829459, -0.99998, -0.00622678, 1.02072, 0, 0, 0, 1
-0.999936, 0.00078168, 0.0113224, 0.290747, -0.0113172, 0.00631724, -0.999916, 0.849202, -0.00085314, -0.99998, -0.00630799, 1.0207, 0, 0, 0, 1
-0.999934, 0.000803542, 0.0114913, 0.290745, -0.0114859, 0.0063994, -0.999914, 0.849217, -0.00087701, -0.999979, -0.00638975, 1.02068, 0, 0, 0, 1
-0.999932, 0.000825552, 0.0116614, 0.290743, -0.0116558, 0.00648214, -0.999911, 0.849232, -0.000901069, -0.999979, -0.00647207, 1.02067, 0, 0, 0, 1
-0.99993, 0.000847708, 0.0118326, 0.290741, -0.0118268, 0.00656544, -0.999909, 0.849247, -0.000925317, -0.999978, -0.00655495, 1.02065, 0, 0, 0, 1
-0.999928, 0.000870012, 0.012005, 0.290738, -0.011999, 0.00664931, -0.999906, 0.849262, -0.000949755, -0.999978, -0.00663839, 1.02064, 0, 0, 0, 1
-0.999925, 0.000892463, 0.0121786, 0.290736, -0.0121723, 0.00673375, -0.999903, 0.849278, -0.000974384, -0.999977, -0.00672239, 1.02062, 0, 0, 0, 1
-0.999923, 0.000915061, 0.0123533, 0.290734, -0.0123468, 0.00681876, -0.999901, 0.849293, -0.000999204, -0.999976, -0.00680694, 1.0206, 0, 0, 0, 1
-0.999921, 0.000937805, 0.0125293, 0.290732, -0.0125225, 0.00690435, -0.999898, 0.849309, -0.00102422, -0.999976, -0.00689206, 1.02059, 0, 0, 0, 1
-0.999919, 0.000960697, 0.0127063, 0.290729, -0.0126993, 0.0069905, -0.999895, 0.849325, -0.00104942, -0.999975, -0.00697773, 1.02057, 0, 0, 0, 1
-0.999917, 0.000983735, 0.0128846, 0.290727, -0.0128773, 0.00707722, -0.999892, 0.849341, -0.00107482, -0.999974, -0.00706396, 1.02055, 0, 0, 0, 1
-0.999914, 0.00100692, 0.013064, 0.290725, -0.0130565, 0.00716451, -0.999889, 0.849357, -0.0011004, -0.999974, -0.00715075, 1.02054, 0, 0, 0, 1
-0.999912, 0.00103025, 0.0132446, 0.290722, -0.0132368, 0.00725237, -0.999886, 0.849373, -0.00112619, -0.999973, -0.00723809, 1.02052, 0, 0, 0, 1
-0.999909, 0.00105373, 0.0134263, 0.29072, -0.0134183, 0.0073408, -0.999883, 0.849389, -0.00115216, -0.999973, -0.007326, 1.0205, 0, 0, 0, 1
-0.999907, 0.00107735, 0.0136093, 0.290718, -0.0136009, 0.0074298, -0.99988, 0.849405, -0.00117834, -0.999972, -0.00741446, 1.02049, 0, 0, 0, 1
-0.999904, 0.00110112, 0.0137934, 0.290715, -0.0137847, 0.00751937, -0.999877, 0.849422, -0.0012047, -0.999971, -0.00750347, 1.02047, 0, 0, 0, 1
-0.999902, 0.00112504, 0.0139786, 0.290713, -0.0139697, 0.00760951, -0.999873, 0.849438, -0.00123127, -0.99997, -0.00759305, 1.02045, 0, 0, 0, 1
-0.999899, 0.0011491, 0.0141651, 0.29071, -0.0141558, 0.00770022, -0.99987, 0.849455, -0.00125802, -0.99997, -0.00768318, 1.02043, 0, 0, 0, 1
-0.999896, 0.00117331, 0.0143527, 0.290708, -0.0143431, 0.0077915, -0.999867, 0.849472, -0.00128498, -0.999969, -0.00777386, 1.02042, 0, 0, 0, 1
-0.999894, 0.00119766, 0.0145414, 0.290706, -0.0145315, 0.00788335, -0.999863, 0.849488, -0.00131213, -0.999968, -0.00786511, 1.0204, 0, 0, 0, 1
-0.999891, 0.00122216, 0.0147314, 0.290703, -0.0147212, 0.00797577, -0.99986, 0.849505, -0.00133948, -0.999967, -0.00795691, 1.02038, 0, 0, 0, 1
-0.999888, 0.00124681, 0.0149225, 0.290701, -0.0149119, 0.00806876, -0.999856, 0.849522, -0.00136703, -0.999967, -0.00804926, 1.02036, 0, 0, 0, 1
-0.999885, 0.0012716, 0.0151147, 0.290698, -0.0151039, 0.00816232, -0.999853, 0.849539, -0.00139478, -0.999966, -0.00814218, 1.02035, 0, 0, 0, 1
-0.999882, 0.00129653, 0.0153082, 0.290696, -0.015297, 0.00825645, -0.999849, 0.849557, -0.00142273, -0.999965, -0.00823564, 1.02033, 0, 0, 0, 1
-0.999879, 0.00132161, 0.0155028, 0.290693, -0.0154912, 0.00835115, -0.999845, 0.849574, -0.00145087, -0.999964, -0.00832967, 1.02031, 0, 0, 0, 1
-0.999876, 0.00134684, 0.0156985, 0.290691, -0.0156866, 0.00844642, -0.999841, 0.849591, -0.00147922, -0.999963, -0.00842425, 1.02029, 0, 0, 0, 1
-0.999873, 0.00137221, 0.0158955, 0.290688, -0.0158832, 0.00854226, -0.999837, 0.849609, -0.00150777, -0.999963, -0.00851938, 1.02027, 0, 0, 0, 1
-0.99987, 0.00139773, 0.0160936, 0.290685, -0.0160809, 0.00863867, -0.999833, 0.849627, -0.00153652, -0.999962, -0.00861507, 1.02026, 0, 0, 0, 1
-0.999866, 0.00142339, 0.0162929, 0.290683, -0.0162798, 0.00873565, -0.999829, 0.849644, -0.00156548, -0.999961, -0.00871131, 1.02024, 0, 0, 0, 1
-0.999863, 0.0014492, 0.0164933, 0.29068, -0.0164799, 0.00883321, -0.999825, 0.849662, -0.00159463, -0.99996, -0.00880811, 1.02022, 0, 0, 0, 1
-0.99986, 0.00147515, 0.0166949, 0.290678, -0.0166811, 0.00893133, -0.999821, 0.84968, -0.00162399, -0.999959, -0.00890547, 1.0202, 0, 0, 0, 1
-0.999856, 0.00150125, 0.0168977, 0.290675, -0.0168835, 0.00903002, -0.999817, 0.849698, -0.00165356, -0.999958, -0.00900337, 1.02018, 0, 0, 0, 1
-0.999853, 0.00152749, 0.0171017, 0.290672, -0.017087, 0.00912928, -0.999812, 0.849717, -0.00168333, -0.999957, -0.00910183, 1.02016, 0, 0, 0, 1
-0.999849, 0.00155387, 0.0173068, 0.29067, -0.0172917, 0.00922911, -0.999808, 0.849735, -0.0017133, -0.999956, -0.00920085, 1.02014, 0, 0, 0, 1
-0.999845, 0.0015804, 0.0175131, 0.290667, -0.0174976, 0.00932951, -0.999803, 0.849753, -0.00174348, -0.999955, -0.00930042, 1.02012, 0, 0, 0, 1
-0.999842, 0.00160708, 0.0177205, 0.290664, -0.0177046, 0.00943049, -0.999799, 0.849772, -0.00177387, -0.999954, -0.00940054, 1.0201, 0, 0, 0, 1
-0.999838, 0.00163389, 0.0179292, 0.290661, -0.0179128, 0.00953203, -0.999794, 0.84979, -0.00180446, -0.999953, -0.00950122, 1.02008, 0, 0, 0, 1
-0.999834, 0.00166086, 0.018139, 0.290659, -0.0181221, 0.00963414, -0.999789, 0.849809, -0.00183526, -0.999952, -0.00960245, 1.02007, 0, 0, 0, 1
-0.99983, 0.00168796, 0.0183499, 0.290656, -0.0183326, 0.00973683, -0.999785, 0.849828, -0.00186627, -0.999951, -0.00970423, 1.02005, 0, 0, 0, 1
-0.999826, 0.00171521, 0.018562, 0.290653, -0.0185443, 0.00984008, -0.99978, 0.849847, -0.00189749, -0.99995, -0.00980657, 1.02003, 0, 0, 0, 1
-0.999822, 0.00174261, 0.0187753, 0.29065, -0.0187571, 0.00994391, -0.999775, 0.849866, -0.00192891, -0.999949, -0.00990945, 1.02001, 0, 0, 0, 1
-0.999818, 0.00177014, 0.0189898, 0.290648, -0.0189711, 0.0100483, -0.99977, 0.849885, -0.00196055, -0.999948, -0.0100129, 1.01999, 0, 0, 0, 1
-0.999814, 0.00179782, 0.0192054, 0.290645, -0.0191862, 0.0101533, -0.999764, 0.849904, -0.0019924, -0.999947, -0.0101169, 1.01997, 0, 0, 0, 1
-0.99981, 0.00182565, 0.0194222, 0.290642, -0.0194025, 0.0102588, -0.999759, 0.849923, -0.00202446, -0.999946, -0.0102214, 1.01995, 0, 0, 0, 1
-0.999805, 0.00185362, 0.0196402, 0.290639, -0.01962, 0.0103649, -0.999754, 0.849943, -0.00205673, -0.999945, -0.0103265, 1.01993, 0, 0, 0, 1
-0.999801, 0.00188173, 0.0198593, 0.290636, -0.0198386, 0.0104716, -0.999748, 0.849962, -0.00208921, -0.999943, -0.0104322, 1.01991, 0, 0, 0, 1
-0.999797, 0.00190998, 0.0200796, 0.290633, -0.0200583, 0.0105788, -0.999743, 0.849982, -0.00212191, -0.999942, -0.0105384, 1.01989, 0, 0, 0, 1
-0.999792, 0.00193838, 0.0203011, 0.29063, -0.0202793, 0.0106867, -0.999737, 0.850002, -0.00215482, -0.999941, -0.0106451, 1.01986, 0, 0, 0, 1
-0.999787, 0.00196692, 0.0205237, 0.290628, -0.0205013, 0.010795, -0.999732, 0.850022, -0.00218794, -0.99994, -0.0107524, 1.01984, 0, 0, 0, 1
-0.999783, 0.0019956, 0.0207475, 0.290625, -0.0207246, 0.010904, -0.999726, 0.850042, -0.00222128, -0.999939, -0.0108603, 1.01982, 0, 0, 0, 1
-0.999778, 0.00202443, 0.0209725, 0.290622, -0.020949, 0.0110135, -0.99972, 0.850062, -0.00225484, -0.999937, -0.0109687, 1.0198, 0, 0, 0, 1
-0.999773, 0.00205339, 0.0211986, 0.290619, -0.0211745, 0.0111236, -0.999714, 0.850082, -0.00228861, -0.999936, -0.0110776, 1.01978, 0, 0, 0, 1
-0.999768, 0.0020825, 0.021426, 0.290616, -0.0214013, 0.0112343, -0.999708, 0.850102, -0.0023226, -0.999935, -0.0111871, 1.01976, 0, 0, 0, 1
-0.999763, 0.00211176, 0.0216544, 0.290613, -0.0216291, 0.0113456, -0.999702, 0.850123, -0.00235681, -0.999933, -0.0112972, 1.01974, 0, 0, 0, 1
-0.999758, 0.00214115, 0.0218841, 0.29061, -0.0218582, 0.0114574, -0.999695, 0.850143, -0.00239123, -0.999932, -0.0114078, 1.01972, 0, 0, 0, 1
-0.999753, 0.00217069, 0.0221149, 0.290607, -0.0220883, 0.0115698, -0.999689, 0.850164, -0.00242588, -0.999931, -0.0115189, 1.0197, 0, 0, 0, 1
-0.999748, 0.00220037, 0.0223468, 0.290604, -0.0223197, 0.0116827, -0.999683, 0.850184, -0.00246074, -0.999929, -0.0116307, 1.01967, 0, 0, 0, 1
-0.999743, 0.00223019, 0.02258, 0.2906, -0.0225522, 0.0117962, -0.999676, 0.850205, -0.00249583, -0.999928, -0.0117429, 1.01965, 0, 0, 0, 1
-0.999737, 0.00226015, 0.0228143, 0.290597, -0.0227858, 0.0119103, -0.999669, 0.850226, -0.00253113, -0.999927, -0.0118557, 1.01963, 0, 0, 0, 1
-0.999732, 0.00229026, 0.0230498, 0.290594, -0.0230206, 0.012025, -0.999663, 0.850247, -0.00256666, -0.999925, -0.0119691, 1.01961, 0, 0, 0, 1
-0.999726, 0.0023205, 0.0232864, 0.290591, -0.0232566, 0.0121402, -0.999656, 0.850268, -0.00260241, -0.999924, -0.0120829, 1.01959, 0, 0, 0, 1
-0.999721, 0.00235089, 0.0235242, 0.290588, -0.0234937, 0.0122561, -0.999649, 0.850289, -0.00263838, -0.999922, -0.0121974, 1.01957, 0, 0, 0, 1
-0.999715, 0.00238142, 0.0237632, 0.290585, -0.023732, 0.0123724, -0.999642, 0.850311, -0.00267457, -0.999921, -0.0123124, 1.01954, 0, 0, 0, 1
-0.999709, 0.00241209, 0.0240034, 0.290582, -0.0239714, 0.0124894, -0.999635, 0.850332, -0.00271099, -0.999919, -0.0124279, 1.01952, 0, 0, 0, 1
-0.999703, 0.0024429, 0.0242447, 0.290578, -0.024212, 0.0126069, -0.999627, 0.850354, -0.00274764, -0.999918, -0.012544, 1.0195, 0, 0, 0, 1
-0.999697, 0.00247385, 0.0244871, 0.290575, -0.0244538, 0.012725, -0.99962, 0.850375, -0.00278451, -0.999916, -0.0126607, 1.01948, 0, 0, 0, 1
-0.999691, 0.00250494, 0.0247308, 0.290572, -0.0246967, 0.0128437, -0.999612, 0.850397, -0.00282161, -0.999914, -0.0127778, 1.01945, 0, 0, 0, 1
-0.999685, 0.00253618, 0.0249756, 0.290569, -0.0249407, 0.0129629, -0.999605, 0.850419, -0.00285893, -0.999913, -0.0128956, 1.01943, 0, 0, 0, 1
-0.999679, 0.00256755, 0.0252216, 0.290566, -0.0251859, 0.0130827, -0.999597, 0.850441, -0.00289648, -0.999911, -0.0130138, 1.01941, 0, 0, 0, 1
-0.999672, 0.00259906, 0.0254687, 0.290562, -0.0254323, 0.0132031, -0.999589, 0.850463, -0.00293426, -0.999909, -0.0131327, 1.01939, 0, 0, 0, 1
-0.999666, 0.00263072, 0.025717, 0.290559, -0.0256798, 0.013324, -0.999581, 0.850485, -0.00297227, -0.999908, -0.013252, 1.01936, 0, 0, 0, 1
-0.999659, 0.00266251, 0.0259665, 0.290556, -0.0259285, 0.0134456, -0.999573, 0.850507, -0.00301051, -0.999906, -0.0133719, 1.01934, 0, 0, 0, 1
-0.999653, 0.00269445, 0.0262172, 0.290552, -0.0261783, 0.0135677, -0.999565, 0.85053, -0.00304898, -0.999904, -0.0134924, 1.01932, 0, 0, 0, 1
-0.999646, 0.00272652, 0.026469, 0.290549, -0.0264293, 0.0136903, -0.999557, 0.850552, -0.00308769, -0.999903, -0.0136134, 1.01929, 0, 0, 0, 1
-0.999639, 0.00275874, 0.026722, 0.290546, -0.0266814, 0.0138136, -0.999549, 0.850575, -0.00312662, -0.999901, -0.013735, 1.01927, 0, 0, 0, 1
-0.999632, 0.00279109, 0.0269761, 0.290542, -0.0269347, 0.0139374, -0.99954, 0.850598, -0.00316579, -0.999899, -0.0138571, 1.01925, 0, 0, 0, 1
-0.999625, 0.00282359, 0.0272314, 0.290539, -0.0271892, 0.0140617, -0.999531, 0.85062, -0.00320519, -0.999897, -0.0139797, 1.01922, 0, 0, 0, 1
-0.999618, 0.00285622, 0.0274879, 0.290535, -0.0274447, 0.0141867, -0.999523, 0.850643, -0.00324482, -0.999895, -0.0141029, 1.0192, 0, 0, 0, 1
-0.999611, 0.00288899, 0.0277456, 0.290532, -0.0277015, 0.0143122, -0.999514, 0.850666, -0.00328469, -0.999893, -0.0142266, 1.01918, 0, 0, 0, 1
-0.999604, 0.00292191, 0.0280044, 0.290529, -0.0279594, 0.0144383, -0.999505, 0.85069, -0.0033248, -0.999891, -0.0143509, 1.01915, 0, 0, 0, 1
-0.999596, 0.00295496, 0.0282643, 0.290525, -0.0282184, 0.014565, -0.999496, 0.850713, -0.00336514, -0.99989, -0.0144757, 1.01913, 0, 0, 0, 1
-0.999589, 0.00298815, 0.0285255, 0.290522, -0.0284787, 0.0146922, -0.999486, 0.850736, -0.00340572, -0.999888, -0.0146011, 1.0191, 0, 0, 0, 1
-0.999581, 0.00302148, 0.0287878, 0.290518, -0.02874, 0.01482, -0.999477, 0.85076, -0.00344653, -0.999886, -0.014727, 1.01908, 0, 0, 0, 1
-0.999573, 0.00305495, 0.0290513, 0.290515, -0.0290025, 0.0149484, -0.999468, 0.850783, -0.00348759, -0.999884, -0.0148534, 1.01905, 0, 0, 0, 1
-0.999565, 0.00308855, 0.0293159, 0.290511, -0.0292662, 0.0150773, -0.999458, 0.850807, -0.00352888, -0.999882, -0.0149804, 1.01903, 0, 0, 0, 1
-0.999557, 0.0031223, 0.0295817, 0.290507, -0.029531, 0.0152069, -0.999448, 0.850831, -0.00357042, -0.999879, -0.0151079, 1.01901, 0, 0, 0, 1
-0.999549, 0.00315618, 0.0298487, 0.290504, -0.029797, 0.015337, -0.999438, 0.850854, -0.0036122, -0.999877, -0.015236, 1.01898, 0, 0, 0, 1
-0.999541, 0.0031902, 0.0301168, 0.2905, -0.0300641, 0.0154676, -0.999428, 0.850878, -0.00365421, -0.999875, -0.0153646, 1.01896, 0, 0, 0, 1
-0.999533, 0.00322436, 0.0303862, 0.290497, -0.0303323, 0.0155989, -0.999418, 0.850902, -0.00369647, -0.999873, -0.0154938, 1.01893, 0, 0, 0, 1
-0.999525, 0.00325866, 0.0306566, 0.290493, -0.0306018, 0.0157307, -0.999408, 0.850927, -0.00373898, -0.999871, -0.0156235, 1.01891, 0, 0, 0, 1
-0.999516, 0.00329309, 0.0309283, 0.290489, -0.0308723, 0.0158631, -0.999397, 0.850951, -0.00378173, -0.999869, -0.0157537, 1.01888, 0, 0, 0, 1
-0.999508, 0.00332767, 0.0312011, 0.290486, -0.031144, 0.015996, -0.999387, 0.850975, -0.00382472, -0.999867, -0.0158845, 1.01886, 0, 0, 0, 1
-0.999499, 0.00336238, 0.031475, 0.290482, -0.0314169, 0.0161295, -0.999376, 0.851, -0.00386796, -0.999864, -0.0160158, 1.01883, 0, 0, 0, 1
-0.99949, 0.00339722, 0.0317502, 0.290478, -0.0316909, 0.0162636, -0.999365, 0.851024, -0.00391144, -0.999862, -0.0161477, 1.01881, 0, 0, 0, 1
-0.999481, 0.00343221, 0.0320265, 0.290475, -0.0319661, 0.0163983, -0.999354, 0.851049, -0.00395517, -0.99986, -0.0162801, 1.01878, 0, 0, 0, 1
-0.999472, 0.00346733, 0.0323039, 0.290471, -0.0322424, 0.0165335, -0.999343, 0.851074, -0.00399915, -0.999857, -0.016413, 1.01876, 0, 0, 0, 1
-0.999463, 0.00350259, 0.0325826, 0.290467, -0.0325199, 0.0166693, -0.999332, 0.851099, -0.00404338, -0.999855, -0.0165465, 1.01873, 0, 0, 0, 1
-0.999454, 0.00353798, 0.0328624, 0.290463, -0.0327985, 0.0168057, -0.999321, 0.851124, -0.00408786, -0.999853, -0.0166805, 1.0187, 0, 0, 0, 1
-0.999444, 0.00357352, 0.0331433, 0.29046, -0.0330783, 0.0169427, -0.999309, 0.851149, -0.00413258, -0.99985, -0.0168151, 1.01868, 0, 0, 0, 1
-0.999435, 0.00360919, 0.0334255, 0.290456, -0.0333592, 0.0170802, -0.999297, 0.851174, -0.00417756, -0.999848, -0.0169502, 1.01865, 0, 0, 0, 1
-0.999425, 0.00364499, 0.0337088, 0.290452, -0.0336413, 0.0172183, -0.999286, 0.8512, -0.00422279, -0.999845, -0.0170858, 1.01863, 0, 0, 0, 1
-0.999415, 0.00368093, 0.0339932, 0.290448, -0.0339245, 0.017357, -0.999274, 0.851225, -0.00426828, -0.999843, -0.017222, 1.0186, 0, 0, 0, 1
-0.999405, 0.00371701, 0.0342788, 0.290444, -0.0342088, 0.0174962, -0.999262, 0.851251, -0.00431402, -0.99984, -0.0173587, 1.01857, 0, 0, 0, 1
-0.999395, 0.00375322, 0.0345656, 0.29044, -0.0344943, 0.017636, -0.999249, 0.851276, -0.00436001, -0.999837, -0.0174959, 1.01855, 0, 0, 0, 1
-0.999385, 0.00378957, 0.0348536, 0.290436, -0.034781, 0.0177764, -0.999237, 0.851302, -0.00440625, -0.999835, -0.0176337, 1.01852, 0, 0, 0, 1
-0.999375, 0.00382606, 0.0351427, 0.290433, -0.0350688, 0.0179174, -0.999224, 0.851328, -0.00445276, -0.999832, -0.017772, 1.01849, 0, 0, 0, 1
-0.999365, 0.00386268, 0.035433, 0.290429, -0.0353578, 0.0180589, -0.999212, 0.851354, -0.00449952, -0.999829, -0.0179109, 1.01847, 0, 0, 0, 1
-0.999354, 0.00389944, 0.0357244, 0.290425, -0.0356479, 0.018201, -0.999199, 0.85138, -0.00454653, -0.999827, -0.0180503, 1.01844, 0, 0, 0, 1
-0.999343, 0.00393633, 0.036017, 0.290421, -0.0359391, 0.0183437, -0.999186, 0.851406, -0.00459381, -0.999824, -0.0181902, 1.01841, 0, 0, 0, 1
-0.999333, 0.00397335, 0.0363108, 0.290417, -0.0362315, 0.018487, -0.999172, 0.851433, -0.00464134, -0.999821, -0.0183307, 1.01839, 0, 0, 0, 1
-0.999322, 0.00401051, 0.0366058, 0.290413, -0.036525, 0.0186308, -0.999159, 0.851459, -0.00468914, -0.999818, -0.0184717, 1.01836, 0, 0, 0, 1
-0.999311, 0.00404781, 0.0369019, 0.290409, -0.0368197, 0.0187752, -0.999146, 0.851485, -0.00473719, -0.999816, -0.0186132, 1.01833, 0, 0, 0, 1
-0.9993, 0.00408524, 0.0371991, 0.290405, -0.0371156, 0.0189201, -0.999132, 0.851512, -0.00478551, -0.999813, -0.0187553, 1.01831, 0, 0, 0, 1
-0.999288, 0.00412281, 0.0374976, 0.290401, -0.0374125, 0.0190657, -0.999118, 0.851539, -0.00483409, -0.99981, -0.0188979, 1.01828, 0, 0, 0, 1
-0.999277, 0.00416051, 0.0377972, 0.290396, -0.0377107, 0.0192118, -0.999104, 0.851566, -0.00488293, -0.999807, -0.019041, 1.01825, 0, 0, 0, 1
-0.999265, 0.00419834, 0.0380979, 0.290392, -0.0380099, 0.0193585, -0.99909, 0.851593, -0.00493204, -0.999804, -0.0191847, 1.01822, 0, 0, 0, 1
-0.999253, 0.00423631, 0.0383999, 0.290388, -0.0383103, 0.0195057, -0.999075, 0.85162, -0.00498141, -0.999801, -0.0193289, 1.01819, 0, 0, 0, 1
-0.999242, 0.00427441, 0.038703, 0.290384, -0.0386119, 0.0196536, -0.999061, 0.851647, -0.00503105, -0.999798, -0.0194736, 1.01817, 0, 0, 0, 1
-0.99923, 0.00431265, 0.0390072, 0.29038, -0.0389146, 0.019802, -0.999046, 0.851674, -0.00508095, -0.999795, -0.0196189, 1.01814, 0, 0, 0, 1
-0.999217, 0.00435102, 0.0393126, 0.290376, -0.0392184, 0.0199509, -0.999031, 0.851701, -0.00513113, -0.999791, -0.0197647, 1.01811, 0, 0, 0, 1
-0.999205, 0.00438952, 0.0396192, 0.290372, -0.0395234, 0.0201005, -0.999016, 0.851729, -0.00518157, -0.999788, -0.019911, 1.01808, 0, 0, 0, 1
-0.999193, 0.00442816, 0.039927, 0.290367, -0.0398296, 0.0202506, -0.999001, 0.851756, -0.00523228, -0.999785, -0.0200579, 1.01805, 0, 0, 0, 1
-0.99918, 0.00446693, 0.0402359, 0.290363, -0.0401368, 0.0204013, -0.998986, 0.851784, -0.00528326, -0.999782, -0.0202053, 1.01803, 0, 0, 0, 1
-0.999168, 0.00450583, 0.0405459, 0.290359, -0.0404453, 0.0205526, -0.99897, 0.851812, -0.00533451, -0.999779, -0.0203532, 1.018, 0, 0, 0, 1
-0.999155, 0.00454487, 0.0408572, 0.290355, -0.0407548, 0.0207044, -0.998955, 0.85184, -0.00538604, -0.999775, -0.0205017, 1.01797, 0, 0, 0, 1
-0.999142, 0.00458403, 0.0411696, 0.29035, -0.0410655, 0.0208568, -0.998939, 0.851868, -0.00543784, -0.999772, -0.0206507, 1.01794, 0, 0, 0, 1
-0.999129, 0.00462334, 0.0414831, 0.290346, -0.0413774, 0.0210098, -0.998923, 0.851896, -0.00548991, -0.999769, -0.0208002, 1.01791, 0, 0, 0, 1
-0.999115, 0.00466277, 0.0417979, 0.290342, -0.0416904, 0.0211633, -0.998906, 0.851924, -0.00554225, -0.999765, -0.0209502, 1.01788, 0, 0, 0, 1
-0.999102, 0.00470233, 0.0421138, 0.290337, -0.0420045, 0.0213175, -0.99889, 0.851952, -0.00559487, -0.999762, -0.0211008, 1.01785, 0, 0, 0, 1
-0.999088, 0.00474203, 0.0424308, 0.290333, -0.0423198, 0.0214722, -0.998873, 0.851981, -0.00564777, -0.999758, -0.0212519, 1.01783, 0, 0, 0, 1
-0.999074, 0.00478186, 0.042749, 0.290329, -0.0426362, 0.0216275, -0.998857, 0.852009, -0.00570095, -0.999755, -0.0214036, 1.0178, 0, 0, 0, 1
-0.99906, 0.00482182, 0.0430684, 0.290324, -0.0429537, 0.0217833, -0.99884, 0.852038, -0.0057544, -0.999751, -0.0215557, 1.01777, 0, 0, 0, 1
-0.999046, 0.00486192, 0.0433889, 0.29032, -0.0432724, 0.0219397, -0.998822, 0.852067, -0.00580813, -0.999747, -0.0217084, 1.01774, 0, 0, 0, 1
-0.999032, 0.00490214, 0.0437107, 0.290315, -0.0435923, 0.0220967, -0.998805, 0.852096, -0.00586214, -0.999744, -0.0218616, 1.01771, 0, 0, 0, 1
