-0.999999, -0.000797434, -0.000797196, 0.290901, 0.000796858, 0.000424669, -1, 0.848124, 0.000797772, -1, -0.000424033, 1.02183, 0, 0, 0, 1
-0.999999, -0.000797357, -0.000797628, 0.290901, 0.000797289, 0.000425045, -1, 0.848124, 0.000797695, -1, -0.000424409, 1.02183, 0, 0, 0, 1
-0.999999, -0.000797124, -0.000798925, 0.290901, 0.000798585, 0.000426175, -1, 0.848125, 0.000797465, -1, -0.000425539, 1.02183, 0, 0, 0, 1
-0.999999, -0.000796737, -0.000801086, 0.290901, 0.000800745, 0.000428059, -1, 0.848125, 0.00079708, -1, -0.00042742, 1.02183, 0, 0, 0, 1
-0.999999, -0.000796195, -0.000804111, 0.290901, 0.000803768, 0.000430695, -1, 0.848126, 0.000796541, -1, -0.000430055, 1.02183, 0, 0, 0, 1
-0.999999, -0.000795498, -0.000808001, 0.290901, 0.000807655, 0.000434085, -1, 0.848126, 0.000795849, -1, -0.000433442, 1.02183, 0, 0, 0, 1
-0.999999, -0.000794647, -0.000812755, 0.290901, 0.000812406, 0.000438228, -1, 0.848127, 0.000795003, -1, -0.000437582, 1.02183, 0, 0, 0, 1
-0.999999, -0.00079364, -0.000818373, 0.290901, 0.000818021, 0.000443124, -1, 0.848128, 0.000794002, -1, -0.000442475, 1.02183, 0, 0, 0, 1
-0.999999, -0.000792479, -0.000824856, 0.290901, 0.0008245, 0.000448774, -1, 0.848129, 0.000792849, -1, -0.00044812, 1.02183, 0, 0, 0, 1
-0.999999, -0.000791162, -0.000832203, 0.290901, 0.000831843, 0.000455176, -1, 0.848131, 0.000791541, -1, -0.000454518, 1.02183, 0, 0, 0, 1
-0.999999, -0.000789691, -0.000840414, 0.290901, 0.000840049, 0.000462332, -1, 0.848132, 0.00079008, -1, -0.000461669, 1.02183, 0, 0, 0, 1
-0.999999, -0.000788065, -0.00084949, 0.290901, 0.000849119, 0.000470242, -1, 0.848134, 0.000788465, -1, -0.000469572, 1.02183, 0, 0, 0, 1
-0.999999, -0.000786285, -0.00085943, 0.290901, 0.000859054, 0.000478905, -1, 0.848136, 0.000786696, -1, -0.000478229, 1.02183, 0, 0, 0, 1
-0.999999, -0.000784349, -0.000870234, 0.290901, 0.000869852, 0.00048832, -1, 0.848138, 0.000784774, -1, -0.000487638, 1.02182, 0, 0, 0, 1
-0.999999, -0.000782259, -0.000881903, 0.290901, 0.000881513, 0.00049849, -0.999999, 0.84814, 0.000782698, -1, -0.0004978, 1.02182, 0, 0, 0, 1
-0.999999, -0.000780014, -0.000894436, 0.290901, 0.000894039, 0.000509412, -0.999999, 0.848143, 0.000780469, -1, -0.000508715, 1.02182, 0, 0, 0, 1
-0.999999, -0.000777614, -0.000907834, 0.2909, 0.000907429, 0.000521088, -0.999999, 0.848145, 0.000778086, -1, -0.000520382, 1.02182, 0, 0, 0, 1
-0.999999, -0.000775059, -0.000922096, 0.2909, 0.000921683, 0.000533517, -0.999999, 0.848148, 0.00077555, -1, -0.000532802, 1.02182, 0, 0, 0, 1
-0.999999, -0.000772349, -0.000937222, 0.2909, 0.0009368, 0.000546699, -0.999999, 0.848151, 0.000772861, -1, -0.000545976, 1.02181, 0, 0, 0, 1
-0.999999, -0.000769485, -0.000953213, 0.2909, 0.000952782, 0.000560635, -0.999999, 0.848154, 0.000770019, -1, -0.000559902, 1.02181, 0, 0, 0, 1
-0.999999, -0.000766466, -0.000970068, 0.2909, 0.000969627, 0.000575324, -0.999999, 0.848157, 0.000767024, -1, -0.000574581, 1.02181, 0, 0, 0, 1
-0.999999, -0.000763292, -0.000987787, 0.2909, 0.000987336, 0.000590766, -0.999999, 0.84816, 0.000763875, -1, -0.000590012, 1.02181, 0, 0, 0, 1
-0.999999, -0.000759964, -0.00100637, 0.2909, 0.00100591, 0.000606962, -0.999999, 0.848164, 0.000760574, -1, -0.000606197, 1.0218, 0, 0, 0, 1
-0.999999, -0.00075648, -0.00102582, 0.2909, 0.00102535, 0.000623911, -0.999999, 0.848167, 0.00075712, -1, -0.000623135, 1.0218, 0, 0, 0, 1
-0.999999, -0.000752842, -0.00104613, 0.2909, 0.00104565, 0.000641613, -0.999999, 0.848171, 0.000753513, -1, -0.000640825, 1.0218, 0, 0, 0, 1
-0.999999, -0.00074905, -0.00106731, 0.2909, 0.00106681, 0.000660068, -0.999999, 0.848175, 0.000749754, -1, -0.000659269, 1.02179, 0, 0, 0, 1
-0.999999, -0.000745103, -0.00108935, 0.2909, 0.00108884, 0.000679277, -0.999999, 0.848179, 0.000745842, -0.999999, -0.000678465, 1.02179, 0, 0, 0, 1
-0.999999, -0.000741001, -0.00111225, 0.290899, 0.00111174, 0.000699239, -0.999999, 0.848184, 0.000741778, -0.999999, -0.000698415, 1.02179, 0, 0, 0, 1
-0.999999, -0.000736744, -0.00113602, 0.290899, 0.00113549, 0.000719955, -0.999999, 0.848188, 0.000737561, -0.999999, -0.000719118, 1.02178, 0, 0, 0, 1
-0.999999, -0.000732333, -0.00116066, 0.290899, 0.00116012, 0.000741424, -0.999999, 0.848193, 0.000733193, -0.999999, -0.000740573, 1.02178, 0, 0, 0, 1
-0.999999, -0.000727767, -0.00118616, 0.290899, 0.0011856, 0.000763646, -0.999999, 0.848198, 0.000728672, -0.999999, -0.000762782, 1.02178, 0, 0, 0, 1
-0.999999, -0.000723047, -0.00121252, 0.290899, 0.00121195, 0.000786621, -0.999999, 0.848203, 0.000724, -0.999999, -0.000785744, 1.02177, 0, 0, 0, 1
-0.999999, -0.000718172, -0.00123975, 0.290899, 0.00123917, 0.00081035, -0.999999, 0.848208, 0.000719176, -0.999999, -0.000809459, 1.02177, 0, 0, 0, 1
-0.999999, -0.000713142, -0.00126784, 0.290899, 0.00126724, 0.000834832, -0.999999, 0.848213, 0.0007142, -0.999999, -0.000833927, 1.02176, 0, 0, 0, 1
-0.999999, -0.000707958, -0.0012968, 0.290899, 0.00129619, 0.000860067, -0.999999, 0.848218, 0.000709073, -0.999999, -0.000859149, 1.02176, 0, 0, 0, 1
-0.999999, -0.00070262, -0.00132662, 0.290898, 0.00132599, 0.000886056, -0.999999, 0.848224, 0.000703794, -0.999999, -0.000885123, 1.02176, 0, 0, 0, 1
-0.999999, -0.000697127, -0.0013573, 0.290898, 0.00135666, 0.000912798, -0.999999, 0.84823, 0.000698365, -0.999999, -0.000911851, 1.02175, 0, 0, 0, 1
-0.999999, -0.000691479, -0.00138885, 0.290898, 0.0013882, 0.000940294, -0.999999, 0.848236, 0.000692784, -0.999999, -0.000939332, 1.02175, 0, 0, 0, 1
-0.999999, -0.000685677, -0.00142126, 0.290898, 0.0014206, 0.000968542, -0.999999, 0.848242, 0.000687053, -0.999999, -0.000967567, 1.02174, 0, 0, 0, 1
-0.999999, -0.000679721, -0.00145454, 0.290898, 0.00145386, 0.000997545, -0.999998, 0.848248, 0.000681171, -0.999999, -0.000996555, 1.02174, 0, 0, 0, 1
-0.999999, -0.00067361, -0.00148868, 0.290898, 0.00148799, 0.0010273, -0.999998, 0.848255, 0.000675138, -0.999999, -0.0010263, 1.02173, 0, 0, 0, 1
-0.999999, -0.000667345, -0.00152369, 0.290897, 0.00152298, 0.00105781, -0.999998, 0.848261, 0.000668956, -0.999999, -0.00105679, 1.02173, 0, 0, 0, 1
-0.999999, -0.000660925, -0.00155956, 0.290897, 0.00155884, 0.00108907, -0.999998, 0.848268, 0.000662623, -0.999999, -0.00108804, 1.02172, 0, 0, 0, 1
-0.999999, -0.000654352, -0.0015963, 0.290897, 0.00159556, 0.00112109, -0.999998, 0.848275, 0.00065614, -0.999999, -0.00112004, 1.02172, 0, 0, 0, 1
-0.999998, -0.000647624, -0.0016339, 0.290897, 0.00163315, 0.00115386, -0.999998, 0.848282, 0.000649508, -0.999999, -0.0011528, 1.02171, 0, 0, 0, 1
-0.999998, -0.000640741, -0.00167236, 0.290897, 0.0016716, 0.00118738, -0.999998, 0.848289, 0.000642726, -0.999999, -0.00118631, 1.0217, 0, 0, 0, 1
-0.999998, -0.000633705, -0.00171169, 0.290896, 0.00171091, 0.00122165, -0.999998, 0.848297, 0.000635794, -0.999999, -0.00122057, 1.0217, 0, 0, 0, 1
-0.999998, -0.000626514, -0.00175188, 0.290896, 0.00175109, 0.00125668, -0.999998, 0.848304, 0.000628714, -0.999999, -0.00125558, 1.02169, 0, 0, 0, 1
-0.999998, -0.000619169, -0.00179294, 0.290896, 0.00179214, 0.00129247, -0.999998, 0.848312, 0.000621485, -0.999999, -0.00129135, 1.02169, 0, 0, 0, 1
-0.999998, -0.00061167, -0.00183486, 0.290896, 0.00183404, 0.001329, -0.999997, 0.84832, 0.000614107, -0.999999, -0.00132788, 1.02168, 0, 0, 0, 1
-0.999998, -0.000604016, -0.00187764, 0.290896, 0.00187682, 0.00136629, -0.999997, 0.848328, 0.00060658, -0.999999, -0.00136516, 1.02167, 0, 0, 0, 1
-0.999998, -0.000596209, -0.00192129, 0.290895, 0.00192046, 0.00140433, -0.999997, 0.848336, 0.000598905, -0.999999, -0.00140319, 1.02167, 0, 0, 0, 1
-0.999998, -0.000588248, -0.00196581, 0.290895, 0.00196496, 0.00144313, -0.999997, 0.848345, 0.000591083, -0.999999, -0.00144197, 1.02166, 0, 0, 0, 1
-0.999998, -0.000580132, -0.00201119, 0.290895, 0.00201033, 0.00148268, -0.999997, 0.848353, 0.000583112, -0.999999, -0.00148151, 1.02165, 0, 0, 0, 1
-0.999998, -0.000571863, -0.00205743, 0.290895, 0.00205656, 0.00152298, -0.999997, 0.848362, 0.000574994, -0.999999, -0.0015218, 1.02165, 0, 0, 0, 1
-0.999998, -0.000563439, -0.00210454, 0.290894, 0.00210366, 0.00156404, -0.999997, 0.848371, 0.000566729, -0.999999, -0.00156285, 1.02164, 0, 0, 0, 1
-0.999998, -0.000554862, -0.00215251, 0.290894, 0.00215162, 0.00160585, -0.999996, 0.84838, 0.000558316, -0.999999, -0.00160465, 1.02163, 0, 0, 0, 1
-0.999997, -0.000546131, -0.00220135, 0.290894, 0.00220044, 0.00164841, -0.999996, 0.848389, 0.000549757, -0.999998, -0.00164721, 1.02163, 0, 0, 0, 1
-0.999997, -0.000537245, -0.00225105, 0.290894, 0.00225014, 0.00169173, -0.999996, 0.848398, 0.000541051, -0.999998, -0.00169052, 1.02162, 0, 0, 0, 1
-0.999997, -0.000528206, -0.00230161, 0.290893, 0.00230069, 0.0017358, -0.999996, 0.848408, 0.000532199, -0.999998, -0.00173458, 1.02161, 0, 0, 0, 1
-0.999997, -0.000519014, -0.00235304, 0.290893, 0.00235211, 0.00178063, -0.999996, 0.848418, 0.000523201, -0.999998, -0.0017794, 1.0216, 0, 0, 0, 1
-0.999997, -0.000509667, -0.00240533, 0.290893, 0.0024044, 0.0018262, -0.999995, 0.848428, 0.000514057, -0.999998, -0.00182497, 1.02159, 0, 0, 0, 1
-0.999997, -0.000500167, -0.00245849, 0.290893, 0.00245755, 0.00187254, -0.999995, 0.848438, 0.000504768, -0.999998, -0.0018713, 1.02159, 0, 0, 0, 1
-0.999997, -0.000490513, -0.00251252, 0.290892, 0.00251157, 0.00191962, -0.999995, 0.848448, 0.000495334, -0.999998, -0.00191838, 1.02158, 0, 0, 0, 1
-0.999997, -0.000480705, -0.0025674, 0.290892, 0.00256645, 0.00196746, -0.999995, 0.848458, 0.000485754, -0.999998, -0.00196622, 1.02157, 0, 0, 0, 1
-0.999996, -0.000470744, -0.00262315, 0.290892, 0.0026222, 0.00201605, -0.999995, 0.848469, 0.00047603, -0.999998, -0.00201481, 1.02156, 0, 0, 0, 1
-0.999996, -0.00046063, -0.00267977, 0.290891, 0.00267881, 0.00206539, -0.999994, 0.848479, 0.000466162, -0.999998, -0.00206415, 1.02155, 0, 0, 0, 1
-0.999996, -0.000450361, -0.00273725, 0.290891, 0.00273629, 0.00211549, -0.999994, 0.84849, 0.000456149, -0.999998, -0.00211425, 1.02155, 0, 0, 0, 1
-0.999996, -0.00043994, -0.00279559, 0.290891, 0.00279463, 0.00216635, -0.999994, 0.848501, 0.000445993, -0.999998, -0.00216511, 1.02154, 0, 0, 0, 1
-0.999996, -0.000429364, -0.0028548, 0.290891, 0.00285384, 0.00221795, -0.999993, 0.848512, 0.000435693, -0.999997, -0.00221672, 1.02153, 0, 0, 0, 1
-0.999996, -0.000418636, -0.00291487, 0.29089, 0.00291392, 0.00227031, -0.999993, 0.848524, 0.000425251, -0.999997, -0.00226908, 1.02152, 0, 0, 0, 1
-0.999995, -0.000407754, -0.00297581, 0.29089, 0.00297486, 0.00232342, -0.999993, 0.848535, 0.000414665, -0.999997, -0.0023222, 1.02151, 0, 0, 0, 1
-0.999995, -0.000396718, -0.00303761, 0.29089, 0.00303666, 0.00237729, -0.999993, 0.848547, 0.000403937, -0.999997, -0.00237607, 1.0215, 0, 0, 0, 1
-0.999995, -0.00038553, -0.00310028, 0.290889, 0.00309933, 0.00243191, -0.999992, 0.848559, 0.000393067, -0.999997, -0.0024307, 1.02149, 0, 0, 0, 1
-0.999995, -0.000374188, -0.00316381, 0.290889, 0.00316287, 0.00248728, -0.999992, 0.848571, 0.000382054, -0.999997, -0.00248609, 1.02148, 0, 0, 0, 1
-0.999995, -0.000362693, -0.0032282, 0.290889, 0.00322727, 0.00254341, -0.999992, 0.848583, 0.000370901, -0.999997, -0.00254223, 1.02147, 0, 0, 0, 1
-0.999995, -0.000351045, -0.00329346, 0.290888, 0.00329254, 0.00260029, -0.999991, 0.848595, 0.000359606, -0.999997, -0.00259912, 1.02146, 0, 0, 0, 1
-0.999994, -0.000339244, -0.00335958, 0.290888, 0.00335867, 0.00265793, -0.999991, 0.848608, 0.00034817, -0.999996, -0.00265677, 1.02145, 0, 0, 0, 1
-0.999994, -0.00032729, -0.00342657, 0.290888, 0.00342567, 0.00271631, -0.99999, 0.84862, 0.000336594, -0.999996, -0.00271518, 1.02144, 0, 0, 0, 1
-0.999994, -0.000315182, -0.00349442, 0.290887, 0.00349354, 0.00277546, -0.99999, 0.848633, 0.000324878, -0.999996, -0.00277434, 1.02143, 0, 0, 0, 1
-0.999994, -0.000302922, -0.00356314, 0.290887, 0.00356227, 0.00283535, -0.99999, 0.848646, 0.000313022, -0.999996, -0.00283426, 1.02142, 0, 0, 0, 1
-0.999993, -0.000290509, -0.00363272, 0.290887, 0.00363186, 0.002896, -0.999989, 0.848659, 0.000301026, -0.999996, -0.00289493, 1.02141, 0, 0, 0, 1
-0.999993, -0.000277943, -0.00370317, 0.290886, 0.00370233, 0.0029574, -0.999989, 0.848672, 0.000288892, -0.999996, -0.00295635, 1.0214, 0, 0, 0, 1
-0.999993, -0.000265224, -0.00377447, 0.290886, 0.00377366, 0.00301956, -0.999988, 0.848686, 0.000276619, -0.999995, -0.00301854, 1.02139, 0, 0, 0, 1
-0.999993, -0.000252353, -0.00384665, 0.290885, 0.00384585, 0.00308247, -0.999988, 0.8487, 0.000264207, -0.999995, -0.00308148, 1.02138, 0, 0, 0, 1
-0.999992, -0.000239329, -0.00391969, 0.290885, 0.00391891, 0.00314613, -0.999987, 0.848713, 0.000251658, -0.999995, -0.00314517, 1.02137, 0, 0, 0, 1
-0.999992, -0.000226152, -0.00399359, 0.290885, 0.00399284, 0.00321055, -0.999987, 0.848727, 0.000238971, -0.999995, -0.00320962, 1.02136, 0, 0, 0, 1
-0.999992, -0.000212823, -0.00406835, 0.290884, 0.00406764, 0.00327572, -0.999986, 0.848741, 0.000226146, -0.999995, -0.00327483, 1.02135, 0, 0, 0, 1
-0.999991, -0.000199341, -0.00414399, 0.290884, 0.0041433, 0.00334165, -0.999986, 0.848756, 0.000213185, -0.999994, -0.00334079, 1.02134, 0, 0, 0, 1
-0.999991, -0.000185706, -0.00422048, 0.290883, 0.00421982, 0.00340833, -0.999985, 0.84877, 0.000200088, -0.999994, -0.00340751, 1.02132, 0, 0, 0, 1
-0.999991, -0.000171919, -0.00429784, 0.290883, 0.00429722, 0.00347576, -0.999985, 0.848785, 0.000186855, -0.999994, -0.00347499, 1.02131, 0, 0, 0, 1
-0.99999, -0.00015798, -0.00437606, 0.290883, 0.00437548, 0.00354395, -0.999984, 0.8488, 0.000173486, -0.999994, -0.00354322, 1.0213, 0, 0, 0, 1
-0.99999, -0.000143888, -0.00445515, 0.290882, 0.0044546, 0.00361289, -0.999984, 0.848814, 0.000159982, -0.999993, -0.00361221, 1.02129, 0, 0, 0, 1
-0.99999, -0.000129645, -0.0045351, 0.290882, 0.0045346, 0.00368258, -0.999983, 0.84883, 0.000146343, -0.999993, -0.00368195, 1.02128, 0, 0, 0, 1
-0.999989, -0.000115248, -0.00461592, 0.290881, 0.00461546, 0.00375303, -0.999982, 0.848845, 0.00013257, -0.999993, -0.00375246, 1.02127, 0, 0, 0, 1
-0.999989, -0.0001007, -0.0046976, 0.290881, 0.00469718, 0.00382423, -0.999982, 0.84886, 0.000118663, -0.999993, -0.00382371, 1.02125, 0, 0, 0, 1
-0.999989, -8.59999e-05, -0.00478015, 0.290881, 0.00477978, 0.00389618, -0.999981, 0.848876, 0.000104623, -0.999992, -0.00389573, 1.02124, 0, 0, 0, 1
-0.999988, -7.11476e-05, -0.00486356, 0.29088, 0.00486324, 0.00396889, -0.99998, 0.848892, 9.04491e-05, -0.999992, -0.0039685, 1.02123, 0, 0, 0, 1
-0.999988, -5.61432e-05, -0.00494783, 0.29088, 0.00494757, 0.00404236, -0.99998, 0.848908, 7.6143e-05, -0.999992, -0.00404203, 1.02122, 0, 0, 0, 1
-0.999987, -4.0987e-05, -0.00503297, 0.290879, 0.00503276, 0.00411657, -0.999979, 0.848924, 6.17047e-05, -0.999992, -0.00411631, 1.0212, 0, 0, 0, 1
-0.999987, -2.56789e-05, -0.00511897, 0.290879, 0.00511882, 0.00419154, -0.999978, 0.84894, 4.71347e-05, -0.999991, -0.00419136, 1.02119, 0, 0, 0, 1
-0.999986, -1.0219e-05, -0.00520584, 0.290878, 0.00520575, 0.00426727, -0.999977, 0.848956, 3.24335e-05, -0.999991, -0.00426716, 1.02118, 0, 0, 0, 1
-0.999986, 5.39263e-06, -0.00529357, 0.290878, 0.00529355, 0.00434375, -0.999977, 0.848973, 1.76014e-05, -0.999991, -0.00434371, 1.02117, 0, 0, 0, 1
-0.999986, 2.11559e-05, -0.00538217, 0.290877, 0.00538221, 0.00442098, -0.999976, 0.84899, 2.63903e-06, -0.99999, -0.00442103, 1.02115, 0, 0, 0, 1
-0.999985, 3.70708e-05, -0.00547163, 0.290877, 0.00547174, 0.00449897, -0.999975, 0.849006, -1.24533e-05, -0.99999, -0.0044991, 1.02114, 0, 0, 0, 1
-0.999985, 5.31373e-05, -0.00556195, 0.290876, 0.00556214, 0.00457771, -0.999974, 0.849023, -2.76749e-05, -0.99999, -0.00457793, 1.02113, 0, 0, 0, 1
-0.999984, 6.93552e-05, -0.00565314, 0.290876, 0.0056534, 0.0046572, -0.999973, 0.849041, -4.30256e-05, -0.999989, -0.00465752, 1.02111, 0, 0, 0, 1
-0.999983, 8.57246e-05, -0.00574519, 0.290875, 0.00574554, 0.00473745, -0.999972, 0.849058, -5.85047e-05, -0.999989, -0.00473786, 1.0211, 0, 0, 0, 1
-0.999983, 0.000102245, -0.00583811, 0.290875, 0.00583854, 0.00481845, -0.999971, 0.849076, -7.41117e-05, -0.999988, -0.00481896, 1.02108, 0, 0, 0, 1
-0.999982, 0.000118917, -0.00593189, 0.290874, 0.0059324, 0.00490021, -0.99997, 0.849093, -8.98463e-05, -0.999988, -0.00490082, 1.02107, 0, 0, 0, 1
-0.999982, 0.000135741, -0.00602654, 0.290874, 0.00602714, 0.00498271, -0.999969, 0.849111, -0.000105708, -0.999988, -0.00498344, 1.02106, 0, 0, 0, 1
-0.999981, 0.000152715, -0.00612205, 0.290873, 0.00612274, 0.00506598, -0.999968, 0.849129, -0.000121696, -0.999987, -0.00506682, 1.02104, 0, 0, 0, 1
-0.999981, 0.00016984, -0.00621842, 0.290873, 0.00621922, 0.00515, -0.999967, 0.849148, -0.00013781, -0.999987, -0.00515095, 1.02103, 0, 0, 0, 1
-0.99998, 0.000187117, -0.00631566, 0.290872, 0.00631656, 0.00523477, -0.999966, 0.849166, -0.000154049, -0.999986, -0.00523585, 1.02101, 0, 0, 0, 1
-0.999979, 0.000204544, -0.00641377, 0.290872, 0.00641476, 0.00532029, -0.999965, 0.849184, -0.000170414, -0.999986, -0.0053215, 1.021, 0, 0, 0, 1
-0.999979, 0.000222123, -0.00651273, 0.290871, 0.00651384, 0.00540657, -0.999964, 0.849203, -0.000186903, -0.999985, -0.00540791, 1.02098, 0, 0, 0, 1
-0.999978, 0.000239852, -0.00661257, 0.290871, 0.00661378, 0.00549361, -0.999963, 0.849222, -0.000203516, -0.999985, -0.00549507, 1.02097, 0, 0, 0, 1
-0.999977, 0.000257731, -0.00671326, 0.29087, 0.0067146, 0.0055814, -0.999962, 0.849241, -0.000220252, -0.999984, -0.005583, 1.02095, 0, 0, 0, 1
-0.999977, 0.000275762, -0.00681482, 0.29087, 0.00681628, 0.00566994, -0.999961, 0.84926, -0.000237111, -0.999984, -0.00567169, 1.02094, 0, 0, 0, 1
-0.999976, 0.000293943, -0.00691725, 0.290869, 0.00691882, 0.00575923, -0.999959, 0.84928, -0.000254093, -0.999983, -0.00576113, 1.02092, 0, 0, 0, 1
-0.999975, 0.000312275, -0.00702053, 0.290869, 0.00702224, 0.00584928, -0.999958, 0.849299, -0.000271197, -0.999983, -0.00585133, 1.02091, 0, 0, 0, 1
-0.999975, 0.000330757, -0.00712469, 0.290868, 0.00712653, 0.00594009, -0.999957, 0.849319, -0.000288421, -0.999982, -0.00594229, 1.02089, 0, 0, 0, 1
-0.999974, 0.000349389, -0.00722971, 0.290867, 0.00723168, 0.00603165, -0.999956, 0.849339, -0.000305767, -0.999982, -0.00603402, 1.02088, 0, 0, 0, 1
-0.999973, 0.000368172, -0.00733559, 0.290867, 0.0073377, 0.00612396, -0.999954, 0.849359, -0.000323232, -0.999981, -0.0061265, 1.02086, 0, 0, 0, 1
-0.999972, 0.000387105, -0.00744233, 0.290866, 0.0074446, 0.00621703, -0.999953, 0.849379, -0.000340817, -0.999981, -0.00621974, 1.02085, 0, 0, 0, 1
-0.999971, 0.000406188, -0.00754994, 0.290866, 0.00755236, 0.00631085, -0.999952, 0.849399, -0.000358522, -0.99998, -0.00631373, 1.02083, 0, 0, 0, 1
-0.999971, 0.000425421, -0.00765842, 0.290865, 0.00766099, 0.00640542, -0.99995, 0.84942, -0.000376344, -0.999979, -0.00640849, 1.02081, 0, 0, 0, 1
-0.99997, 0.000444804, -0.00776776, 0.290865, 0.00777048, 0.00650075, -0.999949, 0.84944, -0.000394285, -0.999979, -0.00650401, 1.0208, 0, 0, 0, 1
-0.999969, 0.000464337, -0.00787796, 0.290864, 0.00788085, 0.00659684, -0.999947, 0.849461, -0.000412343, -0.999978, -0.00660029, 1.02078, 0, 0, 0, 1
-0.999968, 0.00048402, -0.00798903, 0.290863, 0.00799209, 0.00669367, -0.999946, 0.849482, -0.000430518, -0.999977, -0.00669733, 1.02077, 0, 0, 0, 1
-0.999967, 0.000503853, -0.00810096, 0.290863, 0.00810419, 0.00679127, -0.999944, 0.849503, -0.000448809, -0.999977, -0.00679512, 1.02075, 0, 0, 0, 1
-0.999966, 0.000523835, -0.00821375, 0.290862, 0.00821717, 0.00688961, -0.999943, 0.849525, -0.000467216, -0.999976, -0.00689368, 1.02073, 0, 0, 0, 1
-0.999965, 0.000543967, -0.00832741, 0.290861, 0.00833101, 0.00698871, -0.999941, 0.849546, -0.000485737, -0.999975, -0.006993, 1.02072, 0, 0, 0, 1
-0.999964, 0.000564249, -0.00844194, 0.290861, 0.00844573, 0.00708857, -0.999939, 0.849568, -0.000504373, -0.999975, -0.00709308, 1.0207, 0, 0, 0, 1
-0.999963, 0.00058468, -0.00855733, 0.29086, 0.00856131, 0.00718918, -0.999938, 0.84959, -0.000523123, -0.999974, -0.00719392, 1.02068, 0, 0, 0, 1
-0.999962, 0.00060526, -0.00867358, 0.29086, 0.00867776, 0.00729054, -0.999936, 0.849612, -0.000541986, -0.999973, -0.00729552, 1.02066, 0, 0, 0, 1
-0.999961, 0.000625989, -0.0087907, 0.290859, 0.00879509, 0.00739266, -0.999934, 0.849634, -0.000560962, -0.999972, -0.00739787, 1.02065, 0, 0, 0, 1
-0.99996, 0.000646868, -0.00890868, 0.290858, 0.00891328, 0.00749553, -0.999932, 0.849656, -0.000580049, -0.999972, -0.007501, 1.02063, 0, 0, 0, 1
-0.999959, 0.000667896, -0.00902752, 0.290858, 0.00903234, 0.00759915, -0.99993, 0.849679, -0.000599248, -0.999971, -0.00760488, 1.02061, 0, 0, 0, 1
-0.999958, 0.000689073, -0.00914723, 0.290857, 0.00915227, 0.00770354, -0.999928, 0.849701, -0.000618558, -0.99997, -0.00770952, 1.02059, 0, 0, 0, 1
-0.999957, 0.000710399, -0.00926781, 0.290856, 0.00927307, 0.00780867, -0.999927, 0.849724, -0.000637977, -0.999969, -0.00781492, 1.02058, 0, 0, 0, 1
-0.999956, 0.000731873, -0.00938925, 0.290856, 0.00939475, 0.00791456, -0.999925, 0.849747, -0.000657506, -0.999968, -0.00792108, 1.02056, 0, 0, 0, 1
-0.999954, 0.000753497, -0.00951155, 0.290855, 0.00951729, 0.0080212, -0.999923, 0.84977, -0.000677144, -0.999968, -0.00802801, 1.02054, 0, 0, 0, 1
-0.999953, 0.000775269, -0.00963471, 0.290854, 0.0096407, 0.0081286, -0.99992, 0.849793, -0.00069689, -0.999967, -0.0081357, 1.02052, 0, 0, 0, 1
-0.999952, 0.00079719, -0.00975875, 0.290854, 0.00976498, 0.00823675, -0.999918, 0.849817, -0.000716744, -0.999966, -0.00824414, 1.0205, 0, 0, 0, 1
-0.999951, 0.000819259, -0.00988364, 0.290853, 0.00989014, 0.00834566, -0.999916, 0.84984, -0.000736705, -0.999965, -0.00835335, 1.02049, 0, 0, 0, 1
-0.99995, 0.000841476, -0.0100094, 0.290852, 0.0100162, 0.00845532, -0.999914, 0.849864, -0.000756771, -0.999964, -0.00846332, 1.02047, 0, 0, 0, 1
-0.999948, 0.000863842, -0.010136, 0.290851, 0.0101431, 0.00856574, -0.999912, 0.849888, -0.000776944, -0.999963, -0.00857406, 1.02045, 0, 0, 0, 1
-0.999947, 0.000886356, -0.0102635, 0.290851, 0.0102708, 0.00867691, -0.99991, 0.849912, -0.000797221, -0.999962, -0.00868555, 1.02043, 0, 0, 0, 1
-0.999946, 0.000909019, -0.0103919, 0.29085, 0.0103995, 0.00878883, -0.999907, 0.849937, -0.000817602, -0.999961, -0.00879781, 1.02041, 0, 0, 0, 1
-0.999944, 0.000931829, -0.0105211, 0.290849, 0.010529, 0.00890151, -0.999905, 0.849961, -0.000838087, -0.99996, -0.00891083, 1.02039, 0, 0, 0, 1
-0.999943, 0.000954787, -0.0106512, 0.290849, 0.0106593, 0.00901495, -0.999903, 0.849986, -0.000858675, -0.999959, -0.00902461, 1.02037, 0, 0, 0, 1
-0.999941, 0.000977894, -0.0107821, 0.290848, 0.0107906, 0.00912914, -0.9999, 0.85001, -0.000879365, -0.999958, -0.00913915, 1.02035, 0, 0, 0, 1
-0.99994, 0.00100115, -0.0109139, 0.290847, 0.0109227, 0.00924408, -0.999898, 0.850035, -0.000900156, -0.999957, -0.00925446, 1.02033, 0, 0, 0, 1
-0.999938, 0.00102455, -0.0110466, 0.290846, 0.0110557, 0.00935978, -0.999895, 0.850061, -0.000921048, -0.999956, -0.00937053, 1.02031, 0, 0, 0, 1
-0.999937, 0.0010481, -0.0111801, 0.290846, 0.0111896, 0.00947623, -0.999892, 0.850086, -0.00094204, -0.999955, -0.00948736, 1.02029, 0, 0, 0, 1
-0.999935, 0.0010718, -0.0113145, 0.290845, 0.0113243, 0.00959344, -0.99989, 0.850111, -0.000963132, -0.999953, -0.00960495, 1.02027, 0, 0, 0, 1
-0.999934, 0.00109564, -0.0114498, 0.290844, 0.0114599, 0.0097114, -0.999887, 0.850137, -0.000984322, -0.999952, -0.00972331, 1.02025, 0, 0, 0, 1
-0.999932, 0.00111963, -0.0115859, 0.290843, 0.0115964, 0.00983011, -0.999884, 0.850163, -0.00100561, -0.999951, -0.00984243, 1.02023, 0, 0, 0, 1
-0.999931, 0.00114377, -0.0117229, 0.290842, 0.0117337, 0.00994958, -0.999882, 0.850189, -0.001027, -0.99995, -0.00996231, 1.02021, 0, 0, 0, 1
-0.999929, 0.00116806, -0.0118608, 0.290842, 0.0118719, 0.0100698, -0.999879, 0.850215, -0.00104848, -0.999949, -0.010083, 1.02019, 0, 0, 0, 1
-0.999927, 0.00119249, -0.0119995, 0.290841, 0.012011, 0.0101908, -0.999876, 0.850241, -0.00107006, -0.999947, -0.0102044, 1.02017, 0, 0, 0, 1
-0.999926, 0.00121707, -0.0121391, 0.29084, 0.012151, 0.0103125, -0.999873, 0.850267, -0.00109173, -0.999946, -0.0103265, 1.02015, 0, 0, 0, 1
-0.999924, 0.00124179, -0.0122795, 0.290839, 0.0122918, 0.010435, -0.99987, 0.850294, -0.0011135, -0.999945, -0.0104495, 1.02013, 0, 0, 0, 1
-0.999922, 0.00126667, -0.0124208, 0.290838, 0.0124335, 0.0105583, -0.999867, 0.850321, -0.00113536, -0.999943, -0.0105732, 1.02011, 0, 0, 0, 1
-0.99992, 0.00129169, -0.012563, 0.290838, 0.0125761, 0.0106823, -0.999864, 0.850348, -0.00115731, -0.999942, -0.0106976, 1.02009, 0, 0, 0, 1
-0.999918, 0.00131685, -0.0127061, 0.290837, 0.0127196, 0.010807, -0.999861, 0.850375, -0.00117936, -0.999941, -0.0108229, 1.02007, 0, 0, 0, 1
-0.999917, 0.00134217, -0.01285, 0.290836, 0.0128639, 0.0109325, -0.999857, 0.850402, -0.00120149, -0.999939, -0.0109489, 1.02005, 0, 0, 0, 1
-0.999915, 0.00136763, -0.0129947, 0.290835, 0.0130091, 0.0110588, -0.999854, 0.850429, -0.00122372, -0.999938, -0.0110756, 1.02003, 0, 0, 0, 1
-0.999913, 0.00139323, -0.0131404, 0.290834, 0.0131551, 0.0111858, -0.999851, 0.850457, -0.00124604, -0.999936, -0.0112031, 1.02001, 0, 0, 0, 1
-0.999911, 0.00141898, -0.0132869, 0.290833, 0.0133021, 0.0113136, -0.999848, 0.850485, -0.00126844, -0.999935, -0.0113314, 1.01998, 0, 0, 0, 1
-0.999909, 0.00144488, -0.0134342, 0.290833, 0.0134499, 0.0114421, -0.999844, 0.850513, -0.00129094, -0.999933, -0.0114605, 1.01996, 0, 0, 0, 1
-0.999907, 0.00147092, -0.0135825, 0.290832, 0.0135986, 0.0115714, -0.999841, 0.850541, -0.00131352, -0.999932, -0.0115903, 1.01994, 0, 0, 0, 1
-0.999905, 0.00149711, -0.0137316, 0.290831, 0.0137481, 0.0117014, -0.999837, 0.850569, -0.00133619, -0.99993, -0.0117209, 1.01992, 0, 0, 0, 1
-0.999902, 0.00152345, -0.0138815, 0.29083, 0.0138986, 0.0118322, -0.999833, 0.850597, -0.00135894, -0.999929, -0.0118522, 1.0199, 0, 0, 0, 1
-0.9999, 0.00154993, -0.0140323, 0.290829, 0.0140499, 0.0119638, -0.99983, 0.850626, -0.00138178, -0.999927, -0.0119843, 1.01988, 0, 0, 0, 1
-0.999898, 0.00157655, -0.014184, 0.290828, 0.0142021, 0.0120961, -0.999826, 0.850655, -0.00140471, -0.999926, -0.0121172, 1.01985, 0, 0, 0, 1
-0.999896, 0.00160332, -0.0143366, 0.290827, 0.0143551, 0.0122291, -0.999822, 0.850684, -0.00142771, -0.999924, -0.0122509, 1.01983, 0, 0, 0, 1
-0.999894, 0.00163024, -0.01449, 0.290826, 0.014509, 0.0123629, -0.999818, 0.850713, -0.00145081, -0.999922, -0.0123853, 1.01981, 0, 0, 0, 1
-0.999891, 0.0016573, -0.0146442, 0.290826, 0.0146638, 0.0124975, -0.999814, 0.850742, -0.00147398, -0.999921, -0.0125204, 1.01979, 0, 0, 0, 1
-0.999889, 0.00168451, -0.0147994, 0.290825, 0.0148195, 0.0126328, -0.99981, 0.850771, -0.00149723, -0.999919, -0.0126564, 1.01976, 0, 0, 0, 1
-0.999887, 0.00171186, -0.0149554, 0.290824, 0.014976, 0.0127689, -0.999806, 0.850801, -0.00152056, -0.999917, -0.0127931, 1.01974, 0, 0, 0, 1
-0.999884, 0.00173936, -0.0151123, 0.290823, 0.0151335, 0.0129057, -0.999802, 0.850831, -0.00154398, -0.999915, -0.0129306, 1.01972, 0, 0, 0, 1
-0.999882, 0.001767, -0.01527, 0.290822, 0.0152918, 0.0130433, -0.999798, 0.85086, -0.00156747, -0.999913, -0.0130688, 1.01969, 0, 0, 0, 1
-0.999879, 0.00179478, -0.0154286, 0.290821, 0.0154509, 0.0131817, -0.999794, 0.85089, -0.00159104, -0.999912, -0.0132078, 1.01967, 0, 0, 0, 1
-0.999877, 0.00182271, -0.015588, 0.29082, 0.015611, 0.0133207, -0.999789, 0.850921, -0.00161468, -0.99991, -0.0133476, 1.01965, 0, 0, 0, 1
-0.999874, 0.00185079, -0.0157484, 0.290819, 0.0157719, 0.0134606, -0.999785, 0.850951, -0.00163841, -0.999908, -0.0134881, 1.01962, 0, 0, 0, 1
-0.999872, 0.00187901, -0.0159095, 0.290818, 0.0159337, 0.0136012, -0.999781, 0.850982, -0.0016622, -0.999906, -0.0136294, 1.0196, 0, 0, 0, 1
-0.999869, 0.00190737, -0.0160716, 0.290817, 0.0160963, 0.0137426, -0.999776, 0.851012, -0.00168608, -0.999904, -0.0137715, 1.01958, 0, 0, 0, 1
-0.999866, 0.00193587, -0.0162345, 0.290816, 0.0162599, 0.0138847, -0.999771, 0.851043, -0.00171002, -0.999902, -0.0139143, 1.01955, 0, 0, 0, 1
-0.999864, 0.00196453, -0.0163983, 0.290815, 0.0164243, 0.0140276, -0.999767, 0.851074, -0.00173404, -0.9999, -0.0140579, 1.01953, 0, 0, 0, 1
-0.999861, 0.00199332, -0.0165629, 0.290814, 0.0165895, 0.0141712, -0.999762, 0.851106, -0.00175813, -0.999898, -0.0142023, 1.0195, 0, 0, 0, 1
-0.999858, 0.00202226, -0.0167284, 0.290813, 0.0167557, 0.0143156, -0.999757, 0.851137, -0.00178229, -0.999895, -0.0143474, 1.01948, 0, 0, 0, 1
-0.999855, 0.00205134, -0.0168948, 0.290812, 0.0169227, 0.0144607, -0.999752, 0.851168, -0.00180652, -0.999893, -0.0144933, 1.01946, 0, 0, 0, 1
-0.999852, 0.00208057, -0.017062, 0.290811, 0.0170906, 0.0146066, -0.999747, 0.8512, -0.00183082, -0.999891, -0.01464, 1.01943, 0, 0, 0, 1
-0.999849, 0.00210993, -0.0172301, 0.29081, 0.0172594, 0.0147532, -0.999742, 0.851232, -0.00185519, -0.999889, -0.0147874, 1.01941, 0, 0, 0, 1
-0.999846, 0.00213945, -0.0173991, 0.290809, 0.0174291, 0.0149006, -0.999737, 0.851264, -0.00187962, -0.999887, -0.0149356, 1.01938, 0, 0, 0, 1
-0.999843, 0.0021691, -0.0175689, 0.290808, 0.0175996, 0.0150488, -0.999732, 0.851296, -0.00190413, -0.999884, -0.0150846, 1.01936, 0, 0, 0, 1
-0.99984, 0.0021989, -0.0177396, 0.290807, 0.017771, 0.0151977, -0.999727, 0.851329, -0.00192869, -0.999882, -0.0152344, 1.01933, 0, 0, 0, 1
-0.999837, 0.00222884, -0.0179112, 0.290806, 0.0179433, 0.0153474, -0.999721, 0.851361, -0.00195333, -0.99988, -0.0153849, 1.01931, 0, 0, 0, 1
-0.999834, 0.00225892, -0.0180836, 0.290805, 0.0181165, 0.0154978, -0.999716, 0.851394, -0.00197802, -0.999877, -0.0155362, 1.01928, 0, 0, 0, 1
-0.999831, 0.00228915, -0.0182569, 0.290804, 0.0182905, 0.015649, -0.99971, 0.851427, -0.00200278, -0.999875, -0.0156882, 1.01926, 0, 0, 0, 1
-0.999827, 0.00231952, -0.018431, 0.290803, 0.0184654, 0.0158009, -0.999705, 0.85146, -0.0020276, -0.999872, -0.015841, 1.01923, 0, 0, 0, 1
-0.999824, 0.00235003, -0.018606, 0.290802, 0.0186412, 0.0159536, -0.999699, 0.851493, -0.00205249, -0.99987, -0.0159946, 1.01921, 0, 0, 0, 1
-0.999821, 0.00238068, -0.0187819, 0.290801, 0.0188179, 0.0161071, -0.999693, 0.851526, -0.00207743, -0.999867, -0.016149, 1.01918, 0, 0, 0, 1
-0.999817, 0.00241147, -0.0189586, 0.2908, 0.0189954, 0.0162613, -0.999687, 0.85156, -0.00210243, -0.999865, -0.0163041, 1.01915, 0, 0, 0, 1
-0.999814, 0.00244241, -0.0191362, 0.290799, 0.0191738, 0.0164162, -0.999681, 0.851594, -0.00212749, -0.999862, -0.01646, 1.01913, 0, 0, 0, 1
-0.99981, 0.00247349, -0.0193147, 0.290797, 0.0193531, 0.0165719, -0.999675, 0.851628, -0.00215261, -0.99986, -0.0166167, 1.0191, 0, 0, 0, 1
-0.999807, 0.00250471, -0.019494, 0.290796, 0.0195333, 0.0167284, -0.999669, 0.851662, -0.00217778, -0.999857, -0.0167741, 1.01908, 0, 0, 0, 1
-0.999803, 0.00253607, -0.0196742, 0.290795, 0.0197143, 0.0168856, -0.999663, 0.851696, -0.00220301, -0.999854, -0.0169323, 1.01905, 0, 0, 0, 1
-0.9998, 0.00256758, -0.0198553, 0.290794, 0.0198962, 0.0170436, -0.999657, 0.85173, -0.00222829, -0.999851, -0.0170913, 1.01902, 0, 0, 0, 1
-0.999796, 0.00259922, -0.0200372, 0.290793, 0.020079, 0.0172023, -0.99965, 0.851765, -0.00225363, -0.999849, -0.017251, 1.019, 0, 0, 0, 1
-0.999792, 0.00263101, -0.02022, 0.290792, 0.0202627, 0.0173618, -0.999644, 0.851799, -0.00227902, -0.999846, -0.0174115, 1.01897, 0, 0, 0, 1
-0.999788, 0.00266293, -0.0204036, 0.290791, 0.0204472, 0.0175221, -0.999637, 0.851834, -0.00230446, -0.999843, -0.0175728, 1.01894, 0, 0, 0, 1
-0.999784, 0.002695, -0.0205881, 0.29079, 0.0206326, 0.0176831, -0.999631, 0.851869, -0.00232995, -0.99984, -0.0177348, 1.01892, 0, 0, 0, 1
-0.99978, 0.00272721, -0.0207735, 0.290788, 0.0208189, 0.0178448, -0.999624, 0.851905, -0.00235549, -0.999837, -0.0178977, 1.01889, 0, 0, 0, 1
-0.999777, 0.00275956, -0.0209598, 0.290787, 0.0210061, 0.0180073, -0.999617, 0.85194, -0.00238108, -0.999834, -0.0180613, 1.01886, 0, 0, 0, 1
-0.999772, 0.00279205, -0.0211469, 0.290786, 0.0211942, 0.0181706, -0.99961, 0.851975, -0.00240671, -0.999831, -0.0182256, 1.01884, 0, 0, 0, 1
-0.999768, 0.00282468, -0.0213348, 0.290785, 0.0213831, 0.0183346, -0.999603, 0.852011, -0.0024324, -0.999828, -0.0183908, 1.01881, 0, 0, 0, 1
-0.999764, 0.00285745, -0.0215236, 0.290784, 0.0215729, 0.0184994, -0.999596, 0.852047, -0.00245812, -0.999825, -0.0185567, 1.01878, 0, 0, 0, 1
-0.99976, 0.00289036, -0.0217133, 0.290782, 0.0217636, 0.0186649, -0.999589, 0.852083, -0.0024839, -0.999822, -0.0187233, 1.01875, 0, 0, 0, 1
-0.999756, 0.00292341, -0.0219039, 0.290781, 0.0219551, 0.0188312, -0.999582, 0.852119, -0.00250972, -0.999818, -0.0188908, 1.01872, 0, 0, 0, 1
-0.999751, 0.00295661, -0.0220953, 0.29078, 0.0221476, 0.0189982, -0.999574, 0.852156, -0.00253557, -0.999815, -0.019059, 1.0187, 0, 0, 0, 1
-0.999747, 0.00298994, -0.0222876, 0.290779, 0.0223409, 0.019166, -0.999567, 0.852192, -0.00256148, -0.999812, -0.019228, 1.01867, 0, 0, 0, 1
-0.999743, 0.00302341, -0.0224807, 0.290778, 0.0225351, 0.0193346, -0.999559, 0.852229, -0.00258742, -0.999808, -0.0193977, 1.01864, 0, 0, 0, 1
-0.999738, 0.00305702, -0.0226748, 0.290776, 0.0227302, 0.0195039, -0.999551, 0.852266, -0.0026134, -0.999805, -0.0195683, 1.01861, 0, 0, 0, 1
-0.999734, 0.00309077, -0.0228696, 0.290775, 0.0229261, 0.019674, -0.999544, 0.852303, -0.00263942, -0.999802, -0.0197396, 1.01858, 0, 0, 0, 1
-0.999729, 0.00312465, -0.0230654, 0.290774, 0.0231229, 0.0198448, -0.999536, 0.85234, -0.00266548, -0.999798, -0.0199117, 1.01856, 0, 0, 0, 1
-0.999724, 0.00315868, -0.023262, 0.290773, 0.0233206, 0.0200164, -0.999528, 0.852377, -0.00269157, -0.999795, -0.0200845, 1.01853, 0, 0, 0, 1
-0.99972, 0.00319285, -0.0234594, 0.290771, 0.0235192, 0.0201887, -0.99952, 0.852415, -0.0027177, -0.999791, -0.0202581, 1.0185, 0, 0, 0, 1
-0.999715, 0.00322715, -0.0236578, 0.29077, 0.0237187, 0.0203618, -0.999511, 0.852453, -0.00274386, -0.999787, -0.0204325, 1.01847, 0, 0, 0, 1
-0.99971, 0.0032616, -0.0238569, 0.290769, 0.023919, 0.0205356, -0.999503, 0.85249, -0.00277006, -0.999784, -0.0206077, 1.01844, 0, 0, 0, 1
-0.999705, 0.00329618, -0.024057, 0.290767, 0.0241202, 0.0207102, -0.999495, 0.852528, -0.00279629, -0.99978, -0.0207836, 1.01841, 0, 0, 0, 1
-0.9997, 0.0033309, -0.0242579, 0.290766, 0.0243223, 0.0208856, -0.999486, 0.852567, -0.00282255, -0.999776, -0.0209603, 1.01838, 0, 0, 0, 1
-0.999695, 0.00336576, -0.0244597, 0.290765, 0.0245253, 0.0210617, -0.999477, 0.852605, -0.00284883, -0.999773, -0.0211378, 1.01835, 0, 0, 0, 1
-0.99969, 0.00340075, -0.0246623, 0.290764, 0.0247291, 0.0212386, -0.999469, 0.852644, -0.00287515, -0.999769, -0.0213161, 1.01832, 0, 0, 0, 1
-0.999685, 0.00343589, -0.0248659, 0.290762, 0.0249339, 0.0214162, -0.99946, 0.852682, -0.0029015, -0.999765, -0.0214951, 1.0183, 0, 0, 0, 1
-0.99968, 0.00347116, -0.0250702, 0.290761, 0.0251395, 0.0215946, -0.999451, 0.852721, -0.00292787, -0.999761, -0.0216749, 1.01827, 0, 0, 0, 1
-0.999674, 0.00350657, -0.0252755, 0.29076, 0.025346, 0.0217737, -0.999442, 0.85276, -0.00295427, -0.999757, -0.0218555, 1.01824, 0, 0, 0, 1
-0.999669, 0.00354212, -0.0254816, 0.290758, 0.0255533, 0.0219536, -0.999432, 0.852799, -0.0029807, -0.999753, -0.0220368, 1.01821, 0, 0, 0, 1
-0.999664, 0.0035778, -0.0256885, 0.290757, 0.0257616, 0.0221342, -0.999423, 0.852839, -0.00300714, -0.999749, -0.022219, 1.01818, 0, 0, 0, 1
-0.999658, 0.00361362, -0.0258963, 0.290755, 0.0259707, 0.0223156, -0.999414, 0.852878, -0.00303361, -0.999744, -0.0224018, 1.01815, 0, 0, 0, 1
-0.999653, 0.00364958, -0.026105, 0.290754, 0.0261807, 0.0224978, -0.999404, 0.852918, -0.0030601, -0.99974, -0.0225855, 1.01812, 0, 0, 0, 1
-0.999647, 0.00368568, -0.0263146, 0.290753, 0.0263916, 0.0226807, -0.999394, 0.852958, -0.00308661, -0.999736, -0.02277, 1.01809, 0, 0, 0, 1
-0.999641, 0.00372191, -0.026525, 0.290751, 0.0266033, 0.0228644, -0.999385, 0.852998, -0.00311314, -0.999732, -0.0229552, 1.01806, 0, 0, 0, 1
-0.999635, 0.00375828, -0.0267363, 0.29075, 0.026816, 0.0230488, -0.999375, 0.853038, -0.00313969, -0.999727, -0.0231412, 1.01802, 0, 0, 0, 1
-0.99963, 0.00379479, -0.0269484, 0.290748, 0.0270295, 0.023234, -0.999365, 0.853078, -0.00316626, -0.999723, -0.0233279, 1.01799, 0, 0, 0, 1
-0.999624, 0.00383143, -0.0271614, 0.290747, 0.0272439, 0.0234199, -0.999354, 0.853119, -0.00319284, -0.999718, -0.0235155, 1.01796, 0, 0, 0, 1
-0.999618, 0.00386821, -0.0273753, 0.290746, 0.0274591, 0.0236066, -0.999344, 0.85316, -0.00321943, -0.999714, -0.0237038, 1.01793, 0, 0, 0, 1
-0.999612, 0.00390512, -0.02759, 0.290744, 0.0276753, 0.023794, -0.999334, 0.8532, -0.00324604, -0.999709, -0.0238929, 1.0179, 0, 0, 0, 1
-0.999606, 0.00394217, -0.0278056, 0.290743, 0.0278923, 0.0239823, -0.999323, 0.853242, -0.00327266, -0.999705, -0.0240828, 1.01787, 0, 0, 0, 1
-0.999599, 0.00397936, -0.0280221, 0.290741, 0.0281103, 0.0241712, -0.999313, 0.853283, -0.00329929, -0.9997, -0.0242734, 1.01784, 0, 0, 0, 1
-0.999593, 0.00401668, -0.0282394, 0.29074, 0.0283291, 0.0243609, -0.999302, 0.853324, -0.00332594, -0.999695, -0.0244648, 1.01781, 0, 0, 0, 1
-0.999587, 0.00405414, -0.0284576, 0.290738, 0.0285487, 0.0245514, -0.999291, 0.853366, -0.00335259, -0.99969, -0.024657, 1.01778, 0, 0, 0, 1
-0.99958, 0.00409173, -0.0286766, 0.290737, 0.0287693, 0.0247426, -0.99928, 0.853407, -0.00337925, -0.999685, -0.02485, 1.01774, 0, 0, 0, 1
-0.999574, 0.00412945, -0.0288965, 0.290735, 0.0289907, 0.0249346, -0.999269, 0.853449, -0.00340591, -0.999681, -0.0250437, 1.01771, 0, 0, 0, 1
-0.999567, 0.00416732, -0.0291173, 0.290734, 0.029213, 0.0251274, -0.999257, 0.853491, -0.00343258, -0.999676, -0.0252382, 1.01768, 0, 0, 0, 1
-0.999561, 0.00420531, -0.0293389, 0.290732, 0.0294362, 0.0253208, -0.999246, 0.853533, -0.00345925, -0.999671, -0.0254335, 1.01765, 0, 0, 0, 1
-0.999554, 0.00424344, -0.0295614, 0.290731, 0.0296603, 0.0255151, -0.999234, 0.853576, -0.00348593, -0.999665, -0.0256296, 1.01762, 0, 0, 0, 1
-0.999547, 0.00428171, -0.0297848, 0.290729, 0.0298853, 0.0257101, -0.999223, 0.853618, -0.00351261, -0.99966, -0.0258264, 1.01758, 0, 0, 0, 1
-0.99954, 0.00432011, -0.030009, 0.290728, 0.0301111, 0.0259059, -0.999211, 0.853661, -0.00353929, -0.999655, -0.026024, 1.01755, 0, 0, 0, 1
-0.999533, 0.00435864, -0.0302341, 0.290726, 0.0303378, 0.0261024, -0.999199, 0.853704, -0.00356597, -0.99965, -0.0262224, 1.01752, 0, 0, 0, 1
-0.999526, 0.00439731, -0.0304601, 0.290725, 0.0305654, 0.0262997, -0.999187, 0.853747, -0.00359265, -0.999644, -0.0264216, 1.01749, 0, 0, 0, 1
-0.999519, 0.00443611, -0.0306869, 0.290723, 0.0307939, 0.0264977, -0.999174, 0.85379, -0.00361932, -0.999639, -0.0266216, 1.01746, 0, 0, 0, 1
-0.999512, 0.00447505, -0.0309145, 0.290722, 0.0310232, 0.0266965, -0.999162, 0.853834, -0.00364599, -0.999634, -0.0268223, 1.01742, 0, 0, 0, 1
-0.999505, 0.00451412, -0.0311431, 0.29072, 0.0312535, 0.026896, -0.99915, 0.853877, -0.00367265, -0.999628, -0.0270238, 1.01739, 0, 0, 0, 1
-0.999497, 0.00455332, -0.0313725, 0.290718, 0.0314846, 0.0270963, -0.999137, 0.853921, -0.00369931, -0.999622, -0.0272261, 1.01736, 0, 0, 0, 1
-0.99949, 0.00459265, -0.0316027, 0.290717, 0.0317166, 0.0272974, -0.999124, 0.853965, -0.00372596, -0.999617, -0.0274291, 1.01732, 0, 0, 0, 1
-0.999482, 0.00463212, -0.0318339, 0.290715, 0.0319495, 0.0274992, -0.999111, 0.854009, -0.0037526, -0.999611, -0.027633, 1.01729, 0, 0, 0, 1
-0.999475, 0.00467172, -0.0320659, 0.290714, 0.0321833, 0.0277018, -0.999098, 0.854053, -0.00377923, -0.999605, -0.0278376, 1.01726, 0, 0, 0, 1
-0.999467, 0.00471146, -0.0322987, 0.290712, 0.0324179, 0.0279051, -0.999085, 0.854097, -0.00380585, -0.999599, -0.028043, 1.01722, 0, 0, 0, 1
-0.999459, 0.00475132, -0.0325324, 0.29071, 0.0326534, 0.0281092, -0.999071, 0.854142, -0.00383245, -0.999594, -0.0282491, 1.01719, 0, 0, 0, 1
-0.999452, 0.00479132, -0.032767, 0.290709, 0.0328898, 0.028314, -0.999058, 0.854187, -0.00385904, -0.999588, -0.0284561, 1.01716, 0, 0, 0, 1
-0.999444, 0.00483145, -0.0330024, 0.290707, 0.0331271, 0.0285196, -0.999044, 0.854232, -0.00388562, -0.999582, -0.0286638, 1.01712, 0, 0, 0, 1
-0.999436, 0.00487172, -0.0332388, 0.290705, 0.0333653, 0.028726, -0.99903, 0.854277, -0.00391218, -0.999575, -0.0288723, 1.01709, 0, 0, 0, 1
