-0.999999, -0.000797434, -0.000797196, 0.290901, 0.000796858, 0.000424669, -1, 0.848124, 0.000797772, -1, -0.000424033, 1.02183, 0, 0, 0, 1
-0.999999, -0.000797367, -0.000796569, 0.290901, 0.00079623, 0.000424964, -1, 0.848124, 0.000797705, -1, -0.000424329, 1.02183, 0, 0, 0, 1
-0.999999, -0.000797165, -0.000794688, 0.290901, 0.000794348, 0.000425849, -1, 0.848124, 0.000797503, -1, -0.000425216, 1.02183, 0, 0, 0, 1
-0.999999, -0.000796828, -0.000791552, 0.290901, 0.000791212, 0.000427325, -1, 0.848125, 0.000797166, -1, -0.000426695, 1.02183, 0, 0, 0, 1
-0.999999, -0.000796356, -0.000787163, 0.290901, 0.000786821, 0.000429391, -1, 0.848125, 0.000796694, -1, -0.000428765, 1.02183, 0, 0, 0, 1
-0.999999, -0.00079575, -0.000781519, 0.2909, 0.000781176, 0.000432048, -1, 0.848125, 0.000796087, -1, -0.000431426, 1.02183, 0, 0, 0, 1
-0.999999, -0.000795009, -0.000774622, 0.2909, 0.000774276, 0.000435295, -1, 0.848126, 0.000795346, -1, -0.000434679, 1.02183, 0, 0, 0, 1
-0.999999, -0.000794133, -0.00076647, 0.2909, 0.000766121, 0.000439132, -1, 0.848126, 0.000794469, -1, -0.000438523, 1.02183, 0, 0, 0, 1
-0.999999, -0.000793123, -0.000757064, 0.2909, 0.000756712, 0.000443559, -1, 0.848127, 0.000793458, -1, -0.000442959, 1.02183, 0, 0, 0, 1
-0.999999, -0.000791977, -0.000746404, 0.290899, 0.000746049, 0.000448577, -1, 0.848127, 0.000792312, -1, -0.000447986, 1.02183, 0, 0, 0, 1
-0.999999, -0.000790697, -0.00073449, 0.290899, 0.000734131, 0.000454185, -1, 0.848128, 0.000791031, -1, -0.000453604, 1.02183, 0, 0, 0, 1
-0.999999, -0.000789283, -0.000721321, 0.290898, 0.000720958, 0.000460383, -1, 0.848129, 0.000789615, -1, -0.000459814, 1.02182, 0, 0, 0, 1
-0.999999, -0.000787733, -0.000706899, 0.290898, 0.000706531, 0.000467172, -1, 0.848129, 0.000788063, -1, -0.000466615, 1.02182, 0, 0, 0, 1
-0.999999, -0.00078605, -0.000691222, 0.290897, 0.000690849, 0.000474551, -1, 0.84813, 0.000786377, -1, -0.000474008, 1.02182, 0, 0, 0, 1
-0.999999, -0.000784231, -0.000674291, 0.290897, 0.000673913, 0.000482521, -1, 0.848131, 0.000784556, -1, -0.000481992, 1.02182, 0, 0, 0, 1
-0.999999, -0.000782278, -0.000656106, 0.290896, 0.000655722, 0.000491081, -1, 0.848132, 0.000782599, -1, -0.000490567, 1.02181, 0, 0, 0, 1
-0.999999, -0.00078019, -0.000636667, 0.290895, 0.000636277, 0.000500231, -1, 0.848134, 0.000780508, -1, -0.000499734, 1.02181, 0, 0, 0, 1
-1, -0.000777967, -0.000615974, 0.290895, 0.000615578, 0.000509971, -1, 0.848135, 0.000778281, -1, -0.000509492, 1.02181, 0, 0, 0, 1
-1, -0.00077561, -0.000594027, 0.290894, 0.000593623, 0.000520302, -1, 0.848136, 0.000775919, -1, -0.000519841, 1.02181, 0, 0, 0, 1
-1, -0.000773118, -0.000570825, 0.290893, 0.000570415, 0.000531223, -1, 0.848137, 0.000773421, -1, -0.000530782, 1.0218, 0, 0, 0, 1
-1, -0.000770492, -0.00054637, 0.290892, 0.000545952, 0.000542735, -1, 0.848139, 0.000770788, -1, -0.000542314, 1.0218, 0, 0, 0, 1
-1, -0.000767731, -0.00052066, 0.290891, 0.000520234, 0.000554837, -1, 0.84814, 0.000768019, -1, -0.000554437, 1.0218, 0, 0, 0, 1
-1, -0.000764835, -0.000493696, 0.29089, 0.000493262, 0.000567529, -1, 0.848142, 0.000765115, -1, -0.000567151, 1.02179, 0, 0, 0, 1
-1, -0.000761805, -0.000465478, 0.290889, 0.000465036, 0.000580812, -1, 0.848144, 0.000762075, -1, -0.000580457, 1.02179, 0, 0, 0, 1
-1, -0.000758641, -0.000436006, 0.290888, 0.000435555, 0.000594685, -1, 0.848145, 0.0007589, -1, -0.000594354, 1.02178, 0, 0, 0, 1
-1, -0.000755342, -0.00040528, 0.290887, 0.00040482, 0.000609148, -1, 0.848147, 0.000755588, -1, -0.000608842, 1.02178, 0, 0, 0, 1
-1, -0.000751908, -0.0003733, 0.290886, 0.000372831, 0.000624202, -1, 0.848149, 0.000752141, -1, -0.000623921, 1.02177, 0, 0, 0, 1
-1, -0.00074834, -0.000340065, 0.290885, 0.000339587, 0.000639846, -1, 0.848151, 0.000748558, -1, -0.000639592, 1.02177, 0, 0, 0, 1
-1, -0.000744638, -0.000305577, 0.290884, 0.000305088, 0.000656081, -1, 0.848153, 0.000744838, -1, -0.000655853, 1.02177, 0, 0, 0, 1
-1, -0.000740801, -0.000269834, 0.290882, 0.000269336, 0.000672906, -1, 0.848155, 0.000740983, -0.999999, -0.000672706, 1.02176, 0, 0, 0, 1
-1, -0.00073683, -0.000232837, 0.290881, 0.000232329, 0.000690321, -1, 0.848157, 0.000736991, -0.999999, -0.00069015, 1.02175, 0, 0, 0, 1
-1, -0.000732725, -0.000194586, 0.29088, 0.000194067, 0.000708327, -1, 0.848159, 0.000732862, -0.999999, -0.000708184, 1.02175, 0, 0, 0, 1
-1, -0.000728485, -0.000155081, 0.290878, 0.000154552, 0.000726923, -1, 0.848162, 0.000728598, -0.999999, -0.00072681, 1.02174, 0, 0, 0, 1
-1, -0.000724111, -0.000114322, 0.290877, 0.000113782, 0.00074611, -1, 0.848164, 0.000724196, -0.999999, -0.000746027, 1.02174, 0, 0, 0, 1
-1, -0.000719603, -7.23084e-05, 0.290875, 7.17573e-05, 0.000765887, -1, 0.848167, 0.000719658, -0.999999, -0.000765835, 1.02173, 0, 0, 0, 1
-1, -0.00071496, -2.90409e-05, 0.290874, 2.84788e-05, 0.000786254, -1, 0.848169, 0.000714983, -0.999999, -0.000786234, 1.02173, 0, 0, 0, 1
-1, -0.000710184, 1.54808e-05, 0.290872, -1.6054e-05, 0.000807212, -1, 0.848172, 0.000710171, -0.999999, -0.000807223, 1.02172, 0, 0, 0, 1
-1, -0.000705273, 6.12565e-05, 0.290871, -6.1841e-05, 0.000828761, -1, 0.848174, 0.000705222, -0.999999, -0.000828804, 1.02171, 0, 0, 0, 1
-1, -0.000700228, 0.000108286, 0.290869, -0.000108882, 0.0008509, -1, 0.848177, 0.000700136, -0.999999, -0.000850976, 1.02171, 0, 0, 0, 1
-1, -0.000695049, 0.000156571, 0.290867, -0.000157178, 0.000873629, -1, 0.84818, 0.000694912, -0.999999, -0.000873738, 1.0217, 0, 0, 0, 1
-1, -0.000689736, 0.000206109, 0.290866, -0.000206727, 0.000896949, -1, 0.848183, 0.000689551, -0.999999, -0.000897091, 1.02169, 0, 0, 0, 1
-1, -0.000684289, 0.000256901, 0.290864, -0.000257531, 0.000920859, -1, 0.848186, 0.000684052, -0.999999, -0.000921035, 1.02169, 0, 0, 0, 1
-1, -0.000678708, 0.000308947, 0.290862, -0.000309589, 0.00094536, -1, 0.848189, 0.000678415, -0.999999, -0.00094557, 1.02168, 0, 0, 0, 1
-1, -0.000672993, 0.000362248, 0.29086, -0.000362901, 0.000970451, -0.999999, 0.848192, 0.000672641, -0.999999, -0.000970695, 1.02167, 0, 0, 0, 1
-1, -0.000667144, 0.000416803, 0.290858, -0.000417467, 0.000996133, -0.999999, 0.848195, 0.000666728, -0.999999, -0.000996411, 1.02166, 0, 0, 0, 1
-1, -0.000661161, 0.000472612, 0.290856, -0.000473287, 0.00102241, -0.999999, 0.848198, 0.000660677, -0.999999, -0.00102272, 1.02166, 0, 0, 0, 1
-1, -0.000655044, 0.000529674, 0.290854, -0.000530362, 0.00104927, -0.999999, 0.848202, 0.000654488, -0.999999, -0.00104962, 1.02165, 0, 0, 0, 1
-1, -0.000648794, 0.000587992, 0.290852, -0.00058869, 0.00107672, -0.999999, 0.848205, 0.00064816, -0.999999, -0.0010771, 1.02164, 0, 0, 0, 1
-1, -0.000642409, 0.000647563, 0.29085, -0.000648272, 0.00110477, -0.999999, 0.848209, 0.000641694, -0.999999, -0.00110518, 1.02163, 0, 0, 0, 1
-1, -0.000635892, 0.000708388, 0.290848, -0.000709109, 0.0011334, -0.999999, 0.848212, 0.000635088, -0.999999, -0.00113385, 1.02162, 0, 0, 0, 1
-1, -0.00062924, 0.000770468, 0.290846, -0.000771199, 0.00116263, -0.999999, 0.848216, 0.000628344, -0.999999, -0.00116311, 1.02161, 0, 0, 0, 1
-0.999999, -0.000622455, 0.000833801, 0.290843, -0.000834543, 0.00119244, -0.999999, 0.84822, 0.00062146, -0.999999, -0.00119296, 1.0216, 0, 0, 0, 1
-0.999999, -0.000615536, 0.000898389, 0.290841, -0.000899141, 0.00122285, -0.999999, 0.848223, 0.000614437, -0.999999, -0.0012234, 1.02159, 0, 0, 0, 1
-0.999999, -0.000608484, 0.000964231, 0.290839, -0.000964993, 0.00125384, -0.999999, 0.848227, 0.000607274, -0.999999, -0.00125443, 1.02159, 0, 0, 0, 1
-0.999999, -0.000601298, 0.00103133, 0.290836, -0.0010321, 0.00128543, -0.999999, 0.848231, 0.000599971, -0.999999, -0.00128605, 1.02158, 0, 0, 0, 1
-0.999999, -0.000593979, 0.00109968, 0.290834, -0.00110046, 0.00131761, -0.999999, 0.848235, 0.000592529, -0.999999, -0.00131826, 1.02157, 0, 0, 0, 1
-0.999999, -0.000586526, 0.00116928, 0.290831, -0.00117007, 0.00135038, -0.999998, 0.848239, 0.000584946, -0.999999, -0.00135106, 1.02156, 0, 0, 0, 1
-0.999999, -0.00057894, 0.00124014, 0.290829, -0.00124094, 0.00138374, -0.999998, 0.848243, 0.000577223, -0.999999, -0.00138446, 1.02155, 0, 0, 0, 1
-0.999999, -0.000571221, 0.00131225, 0.290826, -0.00131306, 0.00141769, -0.999998, 0.848247, 0.00056936, -0.999999, -0.00141844, 1.02154, 0, 0, 0, 1
-0.999999, -0.000563369, 0.00138562, 0.290824, -0.00138644, 0.00145223, -0.999998, 0.848252, 0.000561355, -0.999999, -0.00145301, 1.02153, 0, 0, 0, 1
-0.999999, -0.000555383, 0.00146024, 0.290821, -0.00146106, 0.00148736, -0.999998, 0.848256, 0.00055321, -0.999999, -0.00148817, 1.02152, 0, 0, 0, 1
-0.999999, -0.000547264, 0.00153611, 0.290818, -0.00153695, 0.00152308, -0.999998, 0.848261, 0.000544923, -0.999999, -0.00152392, 1.0215, 0, 0, 0, 1
-0.999999, -0.000539013, 0.00161324, 0.290816, -0.00161408, 0.0015594, -0.999997, 0.848265, 0.000536496, -0.999999, -0.00156026, 1.02149, 0, 0, 0, 1
-0.999998, -0.000530628, 0.00169163, 0.290813, -0.00169247, 0.0015963, -0.999997, 0.84827, 0.000527926, -0.999999, -0.00159719, 1.02148, 0, 0, 0, 1
-0.999998, -0.00052211, 0.00177126, 0.29081, -0.00177211, 0.00163379, -0.999997, 0.848274, 0.000519215, -0.999999, -0.00163472, 1.02147, 0, 0, 0, 1
-0.999998, -0.000513459, 0.00185215, 0.290807, -0.00185301, 0.00167188, -0.999997, 0.848279, 0.000510361, -0.999998, -0.00167283, 1.02146, 0, 0, 0, 1
-0.999998, -0.000504676, 0.0019343, 0.290804, -0.00193516, 0.00171055, -0.999997, 0.848284, 0.000501365, -0.999998, -0.00171153, 1.02145, 0, 0, 0, 1
-0.999998, -0.00049576, 0.0020177, 0.290801, -0.00201856, 0.00174982, -0.999996, 0.848289, 0.000492227, -0.999998, -0.00175082, 1.02144, 0, 0, 0, 1
-0.999998, -0.000486711, 0.00210235, 0.290798, -0.00210322, 0.00178968, -0.999996, 0.848294, 0.000482946, -0.999998, -0.0017907, 1.02142, 0, 0, 0, 1
-0.999997, -0.000477529, 0.00218826, 0.290795, -0.00218913, 0.00183013, -0.999996, 0.848299, 0.000473522, -0.999998, -0.00183117, 1.02141, 0, 0, 0, 1
-0.999997, -0.000468215, 0.00227542, 0.290792, -0.0022763, 0.00187116, -0.999996, 0.848304, 0.000463955, -0.999998, -0.00187222, 1.0214, 0, 0, 0, 1
-0.999997, -0.000458768, 0.00236384, 0.290789, -0.00236471, 0.00191279, -0.999995, 0.848309, 0.000454244, -0.999998, -0.00191387, 1.02139, 0, 0, 0, 1
-0.999997, -0.000449189, 0.00245351, 0.290786, -0.00245438, 0.00195501, -0.999995, 0.848314, 0.00044439, -0.999998, -0.00195611, 1.02138, 0, 0, 0, 1
-0.999997, -0.000439477, 0.00254443, 0.290783, -0.00254531, 0.00199783, -0.999995, 0.848319, 0.000434391, -0.999998, -0.00199894, 1.02136, 0, 0, 0, 1
-0.999996, -0.000429633, 0.00263661, 0.290779, -0.00263748, 0.00204123, -0.999994, 0.848325, 0.000424249, -0.999998, -0.00204235, 1.02135, 0, 0, 0, 1
-0.999996, -0.000419657, 0.00273004, 0.290776, -0.00273091, 0.00208522, -0.999994, 0.84833, 0.000413961, -0.999998, -0.00208636, 1.02134, 0, 0, 0, 1
-0.999996, -0.000409548, 0.00282473, 0.290773, -0.0028256, 0.0021298, -0.999994, 0.848336, 0.000403529, -0.999998, -0.00213095, 1.02132, 0, 0, 0, 1
-0.999996, -0.000399307, 0.00292067, 0.290769, -0.00292153, 0.00217498, -0.999993, 0.848341, 0.000392952, -0.999998, -0.00217614, 1.02131, 0, 0, 0, 1
-0.999995, -0.000388935, 0.00301787, 0.290766, -0.00301872, 0.00222075, -0.999993, 0.848347, 0.00038223, -0.999997, -0.00222191, 1.0213, 0, 0, 0, 1
-0.999995, -0.00037843, 0.00311631, 0.290762, -0.00311716, 0.0022671, -0.999993, 0.848353, 0.000371362, -0.999997, -0.00226827, 1.02128, 0, 0, 0, 1
-0.999995, -0.000367793, 0.00321602, 0.290759, -0.00321686, 0.00231405, -0.999992, 0.848359, 0.000360348, -0.999997, -0.00231522, 1.02127, 0, 0, 0, 1
-0.999994, -0.000357025, 0.00331697, 0.290755, -0.00331781, 0.00236159, -0.999992, 0.848365, 0.000349189, -0.999997, -0.00236276, 1.02125, 0, 0, 0, 1
-0.999994, -0.000346125, 0.00341919, 0.290752, -0.00342001, 0.00240972, -0.999991, 0.848371, 0.000337882, -0.999997, -0.00241089, 1.02124, 0, 0, 0, 1
-0.999994, -0.000335092, 0.00352265, 0.290748, -0.00352346, 0.00245844, -0.999991, 0.848377, 0.000326429, -0.999997, -0.0024596, 1.02122, 0, 0, 0, 1
-0.999993, -0.000323929, 0.00362737, 0.290744, -0.00362817, 0.00250775, -0.99999, 0.848383, 0.000314829, -0.999997, -0.00250891, 1.02121, 0, 0, 0, 1
-0.999993, -0.000312634, 0.00373334, 0.29074, -0.00373413, 0.00255765, -0.99999, 0.848389, 0.000303082, -0.999997, -0.0025588, 1.02119, 0, 0, 0, 1
-0.999993, -0.000301207, 0.00384057, 0.290737, -0.00384134, 0.00260815, -0.999989, 0.848395, 0.000291187, -0.999997, -0.00260928, 1.02118, 0, 0, 0, 1
-0.999992, -0.000289649, 0.00394905, 0.290733, -0.00394981, 0.00265923, -0.999989, 0.848402, 0.000279144, -0.999996, -0.00266036, 1.02116, 0, 0, 0, 1
-0.999992, -0.000277959, 0.00405879, 0.290729, -0.00405953, 0.00271091, -0.999988, 0.848408, 0.000266953, -0.999996, -0.00271201, 1.02115, 0, 0, 0, 1
-0.999991, -0.000266139, 0.00416978, 0.290725, -0.0041705, 0.00276318, -0.999987, 0.848414, 0.000254613, -0.999996, -0.00276426, 1.02113, 0, 0, 0, 1
-0.999991, -0.000254187, 0.00428202, 0.290721, -0.00428272, 0.00281603, -0.999987, 0.848421, 0.000242125, -0.999996, -0.0028171, 1.02112, 0, 0, 0, 1
-0.99999, -0.000242104, 0.00439552, 0.290717, -0.00439619, 0.00286948, -0.999986, 0.848428, 0.000229487, -0.999996, -0.00287052, 1.0211, 0, 0, 0, 1
-0.99999, -0.00022989, 0.00451027, 0.290713, -0.00451092, 0.00292352, -0.999986, 0.848434, 0.0002167, -0.999996, -0.00292453, 1.02108, 0, 0, 0, 1
-0.999989, -0.000217545, 0.00462628, 0.290709, -0.0046269, 0.00297815, -0.999985, 0.848441, 0.000203764, -0.999996, -0.00297913, 1.02107, 0, 0, 0, 1
-0.999989, -0.000205069, 0.00474354, 0.290705, -0.00474414, 0.00303338, -0.999984, 0.848448, 0.000190677, -0.999995, -0.00303432, 1.02105, 0, 0, 0, 1
-0.999988, -0.000192462, 0.00486205, 0.2907, -0.00486262, 0.00308919, -0.999983, 0.848455, 0.000177439, -0.999995, -0.00309009, 1.02104, 0, 0, 0, 1
-0.999988, -0.000179725, 0.00498182, 0.290696, -0.00498236, 0.0031456, -0.999983, 0.848462, 0.000164051, -0.999995, -0.00314645, 1.02102, 0, 0, 0, 1
-0.999987, -0.000166857, 0.00510284, 0.290692, -0.00510335, 0.00320259, -0.999982, 0.848469, 0.000150512, -0.999995, -0.0032034, 1.021, 0, 0, 0, 1
-0.999986, -0.000153859, 0.00522511, 0.290687, -0.00522559, 0.00326018, -0.999981, 0.848476, 0.000136821, -0.999995, -0.00326094, 1.02098, 0, 0, 0, 1
-0.999986, -0.00014073, 0.00534864, 0.290683, -0.00534908, 0.00331836, -0.99998, 0.848483, 0.000122979, -0.999994, -0.00331907, 1.02097, 0, 0, 0, 1
-0.999985, -0.000127471, 0.00547343, 0.290679, -0.00547383, 0.00337713, -0.999979, 0.848491, 0.000108984, -0.999994, -0.00337778, 1.02095, 0, 0, 0, 1
-0.999984, -0.000114082, 0.00559947, 0.290674, -0.00559983, 0.00343649, -0.999978, 0.848498, 9.48367e-05, -0.999994, -0.00343708, 1.02093, 0, 0, 0, 1
-0.999984, -0.000100562, 0.00572676, 0.29067, -0.00572708, 0.00349645, -0.999977, 0.848505, 8.05367e-05, -0.999994, -0.00349696, 1.02091, 0, 0, 0, 1
-0.999983, -8.69127e-05, 0.0058553, 0.290665, -0.00585558, 0.00355699, -0.999977, 0.848513, 6.60834e-05, -0.999994, -0.00355744, 1.02089, 0, 0, 0, 1
-0.999982, -7.31332e-05, 0.0059851, 0.29066, -0.00598533, 0.00361813, -0.999976, 0.84852, 5.14766e-05, -0.999993, -0.0036185, 1.02088, 0, 0, 0, 1
-0.999981, -5.92238e-05, 0.00611616, 0.290656, -0.00611634, 0.00367985, -0.999975, 0.848528, 3.67158e-05, -0.999993, -0.00368015, 1.02086, 0, 0, 0, 1
-0.99998, -4.51847e-05, 0.00624847, 0.290651, -0.00624859, 0.00374217, -0.999973, 0.848536, 2.18007e-05, -0.999993, -0.00374238, 1.02084, 0, 0, 0, 1
-0.99998, -3.10159e-05, 0.00638203, 0.290646, -0.0063821, 0.00380508, -0.999972, 0.848544, 6.73086e-06, -0.999993, -0.0038052, 1.02082, 0, 0, 0, 1
-0.999979, -1.67174e-05, 0.00651684, 0.290641, -0.00651686, 0.00386858, -0.999971, 0.848552, -8.494e-06, -0.999993, -0.00386861, 1.0208, 0, 0, 0, 1
-0.999978, -2.28953e-06, 0.00665291, 0.290637, -0.00665287, 0.00393268, -0.99997, 0.848559, -2.38743e-05, -0.999992, -0.0039326, 1.02078, 0, 0, 0, 1
-0.999977, 1.22678e-05, 0.00679024, 0.290632, -0.00679014, 0.00399736, -0.999969, 0.848567, -3.94104e-05, -0.999992, -0.00399719, 1.02076, 0, 0, 0, 1
-0.999976, 2.69544e-05, 0.00692882, 0.290627, -0.00692865, 0.00406264, -0.999968, 0.848576, -5.51028e-05, -0.999992, -0.00406235, 1.02074, 0, 0, 0, 1
-0.999975, 4.17702e-05, 0.00706865, 0.290622, -0.00706842, 0.0041285, -0.999966, 0.848584, -7.09517e-05, -0.999991, -0.00412811, 1.02072, 0, 0, 0, 1
-0.999974, 5.6715e-05, 0.00720973, 0.290617, -0.00720943, 0.00419496, -0.999965, 0.848592, -8.69576e-05, -0.999991, -0.00419445, 1.0207, 0, 0, 0, 1
-0.999973, 7.17889e-05, 0.00735207, 0.290612, -0.0073517, 0.00426202, -0.999964, 0.8486, -0.000103121, -0.999991, -0.00426137, 1.02068, 0, 0, 0, 1
-0.999972, 8.69917e-05, 0.00749567, 0.290607, -0.00749522, 0.00432966, -0.999963, 0.848609, -0.000119442, -0.999991, -0.00432888, 1.02066, 0, 0, 0, 1
-0.999971, 0.000102323, 0.00764051, 0.290601, -0.00763999, 0.00439789, -0.999961, 0.848617, -0.000135921, -0.99999, -0.00439698, 1.02064, 0, 0, 0, 1
-0.99997, 0.000117783, 0.00778662, 0.290596, -0.00778601, 0.00446672, -0.99996, 0.848626, -0.000152559, -0.99999, -0.00446566, 1.02062, 0, 0, 0, 1
-0.999969, 0.000133372, 0.00793397, 0.290591, -0.00793328, 0.00453613, -0.999958, 0.848634, -0.000169356, -0.99999, -0.00453493, 1.0206, 0, 0, 0, 1
-0.999967, 0.00014909, 0.00808258, 0.290586, -0.00808181, 0.00460614, -0.999957, 0.848643, -0.000186313, -0.999989, -0.00460479, 1.02058, 0, 0, 0, 1
-0.999966, 0.000164935, 0.00823244, 0.29058, -0.00823158, 0.00467674, -0.999955, 0.848652, -0.000203429, -0.999989, -0.00467523, 1.02056, 0, 0, 0, 1
-0.999965, 0.000180909, 0.00838356, 0.290575, -0.00838261, 0.00474794, -0.999954, 0.848661, -0.000220705, -0.999989, -0.00474625, 1.02054, 0, 0, 0, 1
-0.999964, 0.000197011, 0.00853593, 0.29057, -0.00853488, 0.00481972, -0.999952, 0.848669, -0.000238143, -0.999988, -0.00481786, 1.02052, 0, 0, 0, 1
-0.999962, 0.000213241, 0.00868955, 0.290564, -0.00868841, 0.0048921, -0.99995, 0.848678, -0.000255741, -0.999988, -0.00489006, 1.0205, 0, 0, 0, 1
-0.999961, 0.000229599, 0.00884443, 0.290559, -0.00884318, 0.00496507, -0.999949, 0.848687, -0.000273501, -0.999988, -0.00496284, 1.02047, 0, 0, 0, 1
-0.999959, 0.000246085, 0.00900057, 0.290553, -0.00899921, 0.00503863, -0.999947, 0.848697, -0.000291423, -0.999987, -0.00503621, 1.02045, 0, 0, 0, 1
-0.999958, 0.000262699, 0.00915795, 0.290547, -0.00915649, 0.00511278, -0.999945, 0.848706, -0.000309507, -0.999987, -0.00511016, 1.02043, 0, 0, 0, 1
-0.999957, 0.00027944, 0.00931659, 0.290542, -0.00931502, 0.00518752, -0.999943, 0.848715, -0.000327754, -0.999987, -0.00518469, 1.02041, 0, 0, 0, 1
-0.999955, 0.000296309, 0.00947649, 0.290536, -0.0094748, 0.00526286, -0.999941, 0.848724, -0.000346164, -0.999986, -0.00525981, 1.02038, 0, 0, 0, 1
-0.999954, 0.000313304, 0.00963763, 0.29053, -0.00963582, 0.00533879, -0.999939, 0.848734, -0.000364739, -0.999986, -0.00533552, 1.02036, 0, 0, 0, 1
-0.999952, 0.000330428, 0.00980003, 0.290525, -0.0097981, 0.0054153, -0.999937, 0.848743, -0.000383477, -0.999985, -0.00541181, 1.02034, 0, 0, 0, 1
-0.99995, 0.000347678, 0.00996369, 0.290519, -0.00996163, 0.00549242, -0.999935, 0.848753, -0.00040238, -0.999985, -0.00548868, 1.02032, 0, 0, 0, 1
-0.999949, 0.000365055, 0.0101286, 0.290513, -0.0101264, 0.00557012, -0.999933, 0.848762, -0.000421449, -0.999984, -0.00556614, 1.02029, 0, 0, 0, 1
-0.999947, 0.00038256, 0.0102948, 0.290507, -0.0102924, 0.00564842, -0.999931, 0.848772, -0.000440682, -0.999984, -0.00564418, 1.02027, 0, 0, 0, 1
-0.999945, 0.000400191, 0.0104622, 0.290501, -0.0104597, 0.0057273, -0.999929, 0.848782, -0.000460082, -0.999984, -0.0057228, 1.02025, 0, 0, 0, 1
-0.999943, 0.000417949, 0.0106308, 0.290495, -0.0106282, 0.00580678, -0.999927, 0.848792, -0.000479649, -0.999983, -0.00580201, 1.02022, 0, 0, 0, 1
-0.999942, 0.000435833, 0.0108008, 0.290489, -0.010798, 0.00588685, -0.999924, 0.848802, -0.000499382, -0.999983, -0.0058818, 1.0202, 0, 0, 0, 1
-0.99994, 0.000453843, 0.0109719, 0.290483, -0.010969, 0.00596752, -0.999922, 0.848812, -0.000519283, -0.999982, -0.00596218, 1.02017, 0, 0, 0, 1
-0.999938, 0.00047198, 0.0111444, 0.290477, -0.0111413, 0.00604877, -0.99992, 0.848822, -0.000539352, -0.999982, -0.00604314, 1.02015, 0, 0, 0, 1
-0.999936, 0.000490243, 0.0113181, 0.29047, -0.0113148, 0.00613062, -0.999917, 0.848832, -0.00055959, -0.999981, -0.00612468, 1.02013, 0, 0, 0, 1
-0.999934, 0.000508633, 0.011493, 0.290464, -0.0114896, 0.00621306, -0.999915, 0.848842, -0.000579996, -0.999981, -0.00620681, 1.0201, 0, 0, 0, 1
-0.999932, 0.000527148, 0.0116692, 0.290458, -0.0116656, 0.0062961, -0.999912, 0.848852, -0.000600572, -0.99998, -0.00628952, 1.02008, 0, 0, 0, 1
-0.99993, 0.000545788, 0.0118466, 0.290451, -0.0118429, 0.00637972, -0.99991, 0.848863, -0.000621317, -0.99998, -0.00637281, 1.02005, 0, 0, 0, 1
-0.999928, 0.000564555, 0.0120253, 0.290445, -0.0120214, 0.00646394, -0.999907, 0.848873, -0.000642233, -0.999979, -0.00645668, 1.02003, 0, 0, 0, 1
-0.999925, 0.000583447, 0.0122053, 0.290439, -0.0122012, 0.00654875, -0.999904, 0.848884, -0.00066332, -0.999978, -0.00654114, 1.02, 0, 0, 0, 1
-0.999923, 0.000602464, 0.0123865, 0.290432, -0.0123822, 0.00663415, -0.999901, 0.848894, -0.000684579, -0.999978, -0.00662618, 1.01997, 0, 0, 0, 1
-0.999921, 0.000621607, 0.012569, 0.290426, -0.0125645, 0.00672015, -0.999898, 0.848905, -0.000706009, -0.999977, -0.0067118, 1.01995, 0, 0, 0, 1
-0.999918, 0.000640875, 0.0127527, 0.290419, -0.012748, 0.00680673, -0.999896, 0.848916, -0.000727612, -0.999977, -0.00679801, 1.01992, 0, 0, 0, 1
-0.999916, 0.000660268, 0.0129376, 0.290412, -0.0129328, 0.00689391, -0.999893, 0.848926, -0.000749388, -0.999976, -0.00688479, 1.0199, 0, 0, 0, 1
-0.999914, 0.000679786, 0.0131239, 0.290406, -0.0131188, 0.00698168, -0.99989, 0.848937, -0.000771337, -0.999975, -0.00697216, 1.01987, 0, 0, 0, 1
-0.999911, 0.000699428, 0.0133113, 0.290399, -0.0133061, 0.00707005, -0.999886, 0.848948, -0.00079346, -0.999975, -0.00706011, 1.01984, 0, 0, 0, 1
-0.999909, 0.000719195, 0.0135001, 0.290392, -0.0134946, 0.00715901, -0.999883, 0.848959, -0.000815758, -0.999974, -0.00714865, 1.01982, 0, 0, 0, 1
-0.999906, 0.000739087, 0.01369, 0.290385, -0.0136843, 0.00724855, -0.99988, 0.84897, -0.000838231, -0.999973, -0.00723776, 1.01979, 0, 0, 0, 1
-0.999903, 0.000759103, 0.0138813, 0.290379, -0.0138753, 0.0073387, -0.999877, 0.848981, -0.00086088, -0.999973, -0.00732745, 1.01976, 0, 0, 0, 1
-0.999901, 0.000779243, 0.0140738, 0.290372, -0.0140676, 0.00742943, -0.999873, 0.848993, -0.000883704, -0.999972, -0.00741773, 1.01974, 0, 0, 0, 1
-0.999898, 0.000799507, 0.0142675, 0.290365, -0.0142611, 0.00752076, -0.99987, 0.849004, -0.000906705, -0.999971, -0.00750859, 1.01971, 0, 0, 0, 1
-0.999895, 0.000819895, 0.0144625, 0.290358, -0.0144558, 0.00761268, -0.999867, 0.849015, -0.000929884, -0.999971, -0.00760003, 1.01968, 0, 0, 0, 1
-0.999892, 0.000840407, 0.0146587, 0.290351, -0.0146518, 0.00770519, -0.999863, 0.849027, -0.00095324, -0.99997, -0.00769205, 1.01965, 0, 0, 0, 1
-0.999889, 0.000861042, 0.0148562, 0.290344, -0.0148491, 0.0077983, -0.999859, 0.849038, -0.000976774, -0.999969, -0.00778465, 1.01963, 0, 0, 0, 1
-0.999886, 0.000881801, 0.015055, 0.290337, -0.0150476, 0.00789199, -0.999856, 0.84905, -0.00100049, -0.999968, -0.00787783, 1.0196, 0, 0, 0, 1
-0.999883, 0.000902684, 0.015255, 0.290329, -0.0152473, 0.00798629, -0.999852, 0.849062, -0.00102438, -0.999968, -0.00797159, 1.01957, 0, 0, 0, 1
-0.99988, 0.000923689, 0.0154563, 0.290322, -0.0154483, 0.00808117, -0.999848, 0.849073, -0.00104845, -0.999967, -0.00806593, 1.01954, 0, 0, 0, 1
-0.999877, 0.000944818, 0.0156588, 0.290315, -0.0156505, 0.00817665, -0.999844, 0.849085, -0.00107271, -0.999966, -0.00816085, 1.01951, 0, 0, 0, 1
-0.999874, 0.000966069, 0.0158625, 0.290308, -0.015854, 0.00827272, -0.99984, 0.849097, -0.00109714, -0.999965, -0.00825635, 1.01949, 0, 0, 0, 1
-0.99987, 0.000987443, 0.0160676, 0.2903, -0.0160587, 0.00836938, -0.999836, 0.849109, -0.00112176, -0.999964, -0.00835244, 1.01946, 0, 0, 0, 1
-0.999867, 0.00100894, 0.0162738, 0.290293, -0.0162647, 0.00846663, -0.999832, 0.849121, -0.00114656, -0.999964, -0.0084491, 1.01943, 0, 0, 0, 1
-0.999864, 0.00103056, 0.0164814, 0.290285, -0.0164719, 0.00856448, -0.999828, 0.849133, -0.00117154, -0.999963, -0.00854634, 1.0194, 0, 0, 0, 1
-0.99986, 0.0010523, 0.0166901, 0.290278, -0.0166804, 0.00866292, -0.999823, 0.849145, -0.0011967, -0.999962, -0.00864416, 1.01937, 0, 0, 0, 1
-0.999857, 0.00107417, 0.0169002, 0.29027, -0.0168901, 0.00876196, -0.999819, 0.849158, -0.00122205, -0.999961, -0.00874256, 1.01934, 0, 0, 0, 1
-0.999853, 0.00109615, 0.0171115, 0.290263, -0.0171011, 0.00886158, -0.999814, 0.84917, -0.00124758, -0.99996, -0.00884154, 1.01931, 0, 0, 0, 1
-0.999849, 0.00111826, 0.017324, 0.290255, -0.0173133, 0.0089618, -0.99981, 0.849182, -0.0012733, -0.999959, -0.00894109, 1.01928, 0, 0, 0, 1
-0.999846, 0.00114049, 0.0175378, 0.290248, -0.0175268, 0.00906262, -0.999805, 0.849195, -0.0012992, -0.999958, -0.00904123, 1.01925, 0, 0, 0, 1
-0.999842, 0.00116284, 0.0177528, 0.29024, -0.0177415, 0.00916402, -0.999801, 0.849207, -0.0013253, -0.999957, -0.00914194, 1.01922, 0, 0, 0, 1
-0.999838, 0.00118531, 0.0179691, 0.290232, -0.0179574, 0.00926602, -0.999796, 0.84922, -0.00135157, -0.999956, -0.00924324, 1.01919, 0, 0, 0, 1
-0.999834, 0.00120791, 0.0181867, 0.290224, -0.0181746, 0.00936862, -0.999791, 0.849233, -0.00137804, -0.999955, -0.00934511, 1.01916, 0, 0, 0, 1
-0.99983, 0.00123062, 0.0184055, 0.290216, -0.018393, 0.0094718, -0.999786, 0.849245, -0.00140469, -0.999954, -0.00944756, 1.01913, 0, 0, 0, 1
-0.999826, 0.00125346, 0.0186256, 0.290208, -0.0186127, 0.00957558, -0.999781, 0.849258, -0.00143153, -0.999953, -0.00955058, 1.0191, 0, 0, 0, 1
-0.999822, 0.00127641, 0.0188469, 0.290201, -0.0188336, 0.00967995, -0.999776, 0.849271, -0.00145856, -0.999952, -0.00965419, 1.01907, 0, 0, 0, 1
-0.999817, 0.00129949, 0.0190694, 0.290193, -0.0190558, 0.00978492, -0.999771, 0.849284, -0.00148578, -0.999951, -0.00975837, 1.01904, 0, 0, 0, 1
-0.999813, 0.00132269, 0.0192932, 0.290184, -0.0192792, 0.00989048, -0.999765, 0.849297, -0.0015132, -0.99995, -0.00986313, 1.019, 0, 0, 0, 1
-0.999809, 0.00134601, 0.0195183, 0.290176, -0.0195039, 0.00999663, -0.99976, 0.84931, -0.0015408, -0.999949, -0.00996847, 1.01897, 0, 0, 0, 1
-0.999804, 0.00136944, 0.0197446, 0.290168, -0.0197298, 0.0101034, -0.999754, 0.849324, -0.0015686, -0.999948, -0.0100744, 1.01894, 0, 0, 0, 1
-0.9998, 0.001393, 0.0199722, 0.29016, -0.019957, 0.0102107, -0.999749, 0.849337, -0.00159658, -0.999947, -0.0101809, 1.01891, 0, 0, 0, 1
-0.999795, 0.00141668, 0.020201, 0.290152, -0.0201854, 0.0103187, -0.999743, 0.84935, -0.00162476, -0.999946, -0.0102879, 1.01888, 0, 0, 0, 1
-0.99979, 0.00144048, 0.0204311, 0.290144, -0.020415, 0.0104272, -0.999737, 0.849364, -0.00165314, -0.999945, -0.0103956, 1.01884, 0, 0, 0, 1
-0.999785, 0.00146439, 0.0206624, 0.290135, -0.0206459, 0.0105363, -0.999731, 0.849377, -0.00168171, -0.999943, -0.0105038, 1.01881, 0, 0, 0, 1
-0.999781, 0.00148843, 0.020895, 0.290127, -0.020878, 0.010646, -0.999725, 0.849391, -0.00171047, -0.999942, -0.0106126, 1.01878, 0, 0, 0, 1
-0.999776, 0.00151259, 0.0211289, 0.290118, -0.0211114, 0.0107563, -0.999719, 0.849404, -0.00173943, -0.999941, -0.010722, 1.01875, 0, 0, 0, 1
-0.999771, 0.00153686, 0.0213639, 0.29011, -0.021346, 0.0108672, -0.999713, 0.849418, -0.00176859, -0.99994, -0.0108319, 1.01871, 0, 0, 0, 1
-0.999765, 0.00156125, 0.0216003, 0.290101, -0.0215819, 0.0109787, -0.999707, 0.849432, -0.00179794, -0.999939, -0.0109424, 1.01868, 0, 0, 0, 1
-0.99976, 0.00158577, 0.0218379, 0.290093, -0.021819, 0.0110908, -0.9997, 0.849446, -0.00182749, -0.999937, -0.0110535, 1.01865, 0, 0, 0, 1
-0.999755, 0.0016104, 0.0220767, 0.290084, -0.0220573, 0.0112035, -0.999694, 0.84946, -0.00185724, -0.999936, -0.0111652, 1.01861, 0, 0, 0, 1
-0.99975, 0.00163515, 0.0223168, 0.290076, -0.0222969, 0.0113168, -0.999687, 0.849474, -0.00188719, -0.999935, -0.0112775, 1.01858, 0, 0, 0, 1
-0.999744, 0.00166001, 0.0225582, 0.290067, -0.0225378, 0.0114306, -0.999681, 0.849488, -0.00191734, -0.999933, -0.0113903, 1.01855, 0, 0, 0, 1
-0.999739, 0.001685, 0.0228008, 0.290058, -0.0227798, 0.0115451, -0.999674, 0.849502, -0.00194768, -0.999932, -0.0115037, 1.01851, 0, 0, 0, 1
-0.999733, 0.0017101, 0.0230446, 0.290049, -0.0230232, 0.0116602, -0.999667, 0.849516, -0.00197823, -0.999931, -0.0116177, 1.01848, 0, 0, 0, 1
-0.999727, 0.00173532, 0.0232897, 0.290041, -0.0232677, 0.0117758, -0.99966, 0.84953, -0.00200898, -0.999929, -0.0117322, 1.01844, 0, 0, 0, 1
-0.999721, 0.00176066, 0.0235361, 0.290032, -0.0235135, 0.011892, -0.999653, 0.849545, -0.00203994, -0.999928, -0.0118473, 1.01841, 0, 0, 0, 1
-0.999716, 0.00178611, 0.0237837, 0.290023, -0.0237606, 0.0120089, -0.999646, 0.849559, -0.0020711, -0.999926, -0.011963, 1.01837, 0, 0, 0, 1
-0.99971, 0.00181168, 0.0240326, 0.290014, -0.0240089, 0.0121263, -0.999638, 0.849574, -0.00210246, -0.999925, -0.0120793, 1.01834, 0, 0, 0, 1
-0.999703, 0.00183737, 0.0242827, 0.290005, -0.0242584, 0.0122443, -0.999631, 0.849588, -0.00213402, -0.999923, -0.0121961, 1.0183, 0, 0, 0, 1
-0.999697, 0.00186318, 0.024534, 0.289996, -0.0245092, 0.012363, -0.999623, 0.849603, -0.00216579, -0.999922, -0.0123136, 1.01827, 0, 0, 0, 1
-0.999691, 0.0018891, 0.0247867, 0.289987, -0.0247612, 0.0124822, -0.999615, 0.849618, -0.00219777, -0.99992, -0.0124316, 1.01823, 0, 0, 0, 1
-0.999685, 0.00191514, 0.0250405, 0.289977, -0.0250145, 0.012602, -0.999608, 0.849633, -0.00222995, -0.999919, -0.0125501, 1.0182, 0, 0, 0, 1
-0.999678, 0.00194129, 0.0252957, 0.289968, -0.025269, 0.0127224, -0.9996, 0.849647, -0.00226234, -0.999917, -0.0126692, 1.01816, 0, 0, 0, 1
-0.999672, 0.00196756, 0.025552, 0.289959, -0.0255247, 0.0128434, -0.999592, 0.849662, -0.00229494, -0.999916, -0.012789, 1.01813, 0, 0, 0, 1
-0.999665, 0.00199395, 0.0258097, 0.28995, -0.0257817, 0.012965, -0.999584, 0.849677, -0.00232774, -0.999914, -0.0129092, 1.01809, 0, 0, 0, 1
-0.999658, 0.00202045, 0.0260685, 0.28994, -0.0260399, 0.0130872, -0.999575, 0.849692, -0.00236076, -0.999912, -0.0130301, 1.01805, 0, 0, 0, 1
-0.999651, 0.00204707, 0.0263287, 0.289931, -0.0262994, 0.01321, -0.999567, 0.849708, -0.00239398, -0.999911, -0.0131515, 1.01802, 0, 0, 0, 1
-0.999644, 0.0020738, 0.02659, 0.289921, -0.0265601, 0.0133333, -0.999558, 0.849723, -0.00242742, -0.999909, -0.0132735, 1.01798, 0, 0, 0, 1
-0.999637, 0.00210065, 0.0268527, 0.289912, -0.0268221, 0.0134573, -0.99955, 0.849738, -0.00246107, -0.999907, -0.0133961, 1.01794, 0, 0, 0, 1
-0.99963, 0.00212761, 0.0271166, 0.289902, -0.0270852, 0.0135819, -0.999541, 0.849754, -0.00249493, -0.999905, -0.0135192, 1.01791, 0, 0, 0, 1
-0.999623, 0.00215469, 0.0273817, 0.289893, -0.0273497, 0.013707, -0.999532, 0.849769, -0.002529, -0.999904, -0.0136429, 1.01787, 0, 0, 0, 1
-0.999615, 0.00218188, 0.0276481, 0.289883, -0.0276153, 0.0138328, -0.999523, 0.849785, -0.00256329, -0.999902, -0.0137672, 1.01783, 0, 0, 0, 1
-0.999608, 0.00220919, 0.0279157, 0.289873, -0.0278822, 0.0139591, -0.999514, 0.8498, -0.00259779, -0.9999, -0.0138921, 1.0178, 0, 0, 0, 1
-0.9996, 0.00223661, 0.0281846, 0.289864, -0.0281504, 0.0140861, -0.999504, 0.849816, -0.00263251, -0.999898, -0.0140175, 1.01776, 0, 0, 0, 1
-0.999593, 0.00226414, 0.0284548, 0.289854, -0.0284198, 0.0142136, -0.999495, 0.849832, -0.00266744, -0.999896, -0.0141435, 1.01772, 0, 0, 0, 1
-0.999585, 0.00229179, 0.0287261, 0.289844, -0.0286904, 0.0143417, -0.999485, 0.849847, -0.00270259, -0.999895, -0.01427, 1.01768, 0, 0, 0, 1
-0.999577, 0.00231955, 0.0289988, 0.289834, -0.0289623, 0.0144705, -0.999476, 0.849863, -0.00273796, -0.999893, -0.0143972, 1.01764, 0, 0, 0, 1
-0.999569, 0.00234743, 0.0292727, 0.289824, -0.0292354, 0.0145998, -0.999466, 0.849879, -0.00277355, -0.999891, -0.0145249, 1.01761, 0, 0, 0, 1
-0.999561, 0.00237541, 0.0295478, 0.289814, -0.0295097, 0.0147297, -0.999456, 0.849895, -0.00280935, -0.999889, -0.0146531, 1.01757, 0, 0, 0, 1
-0.999552, 0.00240351, 0.0298242, 0.289804, -0.0297853, 0.0148602, -0.999446, 0.849911, -0.00284538, -0.999887, -0.014782, 1.01753, 0, 0, 0, 1
-0.999544, 0.00243173, 0.0301019, 0.289794, -0.0300621, 0.0149913, -0.999436, 0.849928, -0.00288162, -0.999885, -0.0149114, 1.01749, 0, 0, 0, 1
-0.999535, 0.00246005, 0.0303808, 0.289784, -0.0303402, 0.015123, -0.999425, 0.849944, -0.00291809, -0.999883, -0.0150413, 1.01745, 0, 0, 0, 1
-0.999527, 0.00248849, 0.0306609, 0.289774, -0.0306195, 0.0152553, -0.999415, 0.84996, -0.00295478, -0.999881, -0.0151719, 1.01741, 0, 0, 0, 1
-0.999518, 0.00251704, 0.0309423, 0.289764, -0.0309, 0.0153882, -0.999404, 0.849977, -0.00299169, -0.999878, -0.015303, 1.01737, 0, 0, 0, 1
-0.999509, 0.0025457, 0.031225, 0.289753, -0.0311818, 0.0155217, -0.999393, 0.849993, -0.00302882, -0.999876, -0.0154347, 1.01733, 0, 0, 0, 1
-0.9995, 0.00257448, 0.0315089, 0.289743, -0.0314648, 0.0156558, -0.999382, 0.85001, -0.00306618, -0.999874, -0.0155669, 1.01729, 0, 0, 0, 1
-0.999491, 0.00260336, 0.031794, 0.289733, -0.0317491, 0.0157904, -0.999371, 0.850026, -0.00310377, -0.999872, -0.0156997, 1.01725, 0, 0, 0, 1
-0.999482, 0.00263236, 0.0320804, 0.289722, -0.0320345, 0.0159257, -0.99936, 0.850043, -0.00314158, -0.99987, -0.0158331, 1.01721, 0, 0, 0, 1
-0.999472, 0.00266147, 0.0323681, 0.289712, -0.0323213, 0.0160616, -0.999348, 0.85006, -0.00317961, -0.999867, -0.0159671, 1.01717, 0, 0, 0, 1
-0.999463, 0.00269069, 0.032657, 0.289701, -0.0326092, 0.016198, -0.999337, 0.850077, -0.00321788, -0.999865, -0.0161016, 1.01713, 0, 0, 0, 1
-0.999453, 0.00272001, 0.0329471, 0.289691, -0.0328984, 0.0163351, -0.999325, 0.850093, -0.00325637, -0.999863, -0.0162367, 1.01709, 0, 0, 0, 1
-0.999444, 0.00274945, 0.0332385, 0.28968, -0.0331889, 0.0164727, -0.999313, 0.85011, -0.0032951, -0.999861, -0.0163723, 1.01705, 0, 0, 0, 1
-0.999434, 0.002779, 0.0335312, 0.28967, -0.0334805, 0.016611, -0.999301, 0.850128, -0.00333405, -0.999858, -0.0165085, 1.01701, 0, 0, 0, 1
-0.999424, 0.00280866, 0.0338251, 0.289659, -0.0337734, 0.0167498, -0.999289, 0.850145, -0.00337323, -0.999856, -0.0166453, 1.01697, 0, 0, 0, 1
-0.999414, 0.00283843, 0.0341202, 0.289648, -0.0340676, 0.0168893, -0.999277, 0.850162, -0.00341265, -0.999853, -0.0167827, 1.01693, 0, 0, 0, 1
-0.999403, 0.00286831, 0.0344166, 0.289637, -0.0343629, 0.0170293, -0.999264, 0.850179, -0.00345229, -0.999851, -0.0169206, 1.01689, 0, 0, 0, 1
-0.999393, 0.0028983, 0.0347143, 0.289627, -0.0346596, 0.0171699, -0.999252, 0.850196, -0.00349218, -0.999848, -0.017059, 1.01684, 0, 0, 0, 1
-0.999383, 0.0029284, 0.0350132, 0.289616, -0.0349574, 0.0173111, -0.999239, 0.850214, -0.00353229, -0.999846, -0.0171981, 1.0168, 0, 0, 0, 1
-0.999372, 0.00295861, 0.0353133, 0.289605, -0.0352565, 0.017453, -0.999226, 0.850231, -0.00357264, -0.999843, -0.0173377, 1.01676, 0, 0, 0, 1
-0.999361, 0.00298892, 0.0356147, 0.289594, -0.0355568, 0.0175954, -0.999213, 0.850249, -0.00361323, -0.999841, -0.0174779, 1.01672, 0, 0, 0, 1
-0.99935, 0.00301935, 0.0359174, 0.289583, -0.0358584, 0.0177384, -0.999199, 0.850267, -0.00365405, -0.999838, -0.0176186, 1.01668, 0, 0, 0, 1
-0.999339, 0.00304988, 0.0362213, 0.289572, -0.0361611, 0.017882, -0.999186, 0.850284, -0.00369511, -0.999835, -0.0177599, 1.01663, 0, 0, 0, 1
-0.999328, 0.00308052, 0.0365264, 0.289561, -0.0364652, 0.0180262, -0.999172, 0.850302, -0.00373641, -0.999833, -0.0179017, 1.01659, 0, 0, 0, 1
-0.999317, 0.00311127, 0.0368328, 0.289549, -0.0367704, 0.018171, -0.999159, 0.85032, -0.00377794, -0.99983, -0.0180442, 1.01655, 0, 0, 0, 1
-0.999305, 0.00314213, 0.0371405, 0.289538, -0.0370769, 0.0183164, -0.999145, 0.850338, -0.00381972, -0.999827, -0.0181871, 1.01651, 0, 0, 0, 1
-0.999293, 0.00317309, 0.0374493, 0.289527, -0.0373846, 0.0184624, -0.99913, 0.850356, -0.00386174, -0.999825, -0.0183307, 1.01646, 0, 0, 0, 1
-0.999282, 0.00320416, 0.0377595, 0.289516, -0.0376936, 0.0186089, -0.999116, 0.850374, -0.003904, -0.999822, -0.0184748, 1.01642, 0, 0, 0, 1
-0.99927, 0.00323534, 0.0380709, 0.289504, -0.0380037, 0.0187561, -0.999102, 0.850392, -0.0039465, -0.999819, -0.0186195, 1.01638, 0, 0, 0, 1
-0.999258, 0.00326663, 0.0383835, 0.289493, -0.0383152, 0.0189039, -0.999087, 0.85041, -0.00398924, -0.999816, -0.0187647, 1.01633, 0, 0, 0, 1
-0.999246, 0.00329802, 0.0386974, 0.289481, -0.0386278, 0.0190523, -0.999072, 0.850429, -0.00403223, -0.999813, -0.0189105, 1.01629, 0, 0, 0, 1
-0.999233, 0.00332952, 0.0390126, 0.28947, -0.0389417, 0.0192012, -0.999057, 0.850447, -0.00407547, -0.99981, -0.0190569, 1.01624, 0, 0, 0, 1
-0.999221, 0.00336112, 0.0393289, 0.289458, -0.0392568, 0.0193508, -0.999042, 0.850465, -0.00411895, -0.999807, -0.0192038, 1.0162, 0, 0, 0, 1
-0.999208, 0.00339283, 0.0396466, 0.289447, -0.0395732, 0.019501, -0.999026, 0.850484, -0.00416267, -0.999804, -0.0193512, 1.01616, 0, 0, 0, 1
-0.999195, 0.00342464, 0.0399655, 0.289435, -0.0398907, 0.0196517, -0.999011, 0.850502, -0.00420665, -0.999801, -0.0194993, 1.01611, 0, 0, 0, 1
-0.999182, 0.00345657, 0.0402856, 0.289423, -0.0402095, 0.0198031, -0.998995, 0.850521, -0.00425087, -0.999798, -0.0196479, 1.01607, 0, 0, 0, 1
-0.999169, 0.00348859, 0.040607, 0.289412, -0.0405296, 0.019955, -0.998979, 0.85054, -0.00429534, -0.999795, -0.019797, 1.01602, 0, 0, 0, 1
-0.999156, 0.00352072, 0.0409296, 0.2894, -0.0408508, 0.0201076, -0.998963, 0.850559, -0.00434007, -0.999792, -0.0199468, 1.01598, 0, 0, 0, 1
-0.999142, 0.00355296, 0.0412535, 0.289388, -0.0411733, 0.0202607, -0.998947, 0.850577, -0.00438504, -0.999788, -0.020097, 1.01593, 0, 0, 0, 1
-0.999129, 0.0035853, 0.0415786, 0.289376, -0.0414971, 0.0204144, -0.99893, 0.850596, -0.00443027, -0.999785, -0.0202479, 1.01589, 0, 0, 0, 1
-0.999115, 0.00361774, 0.041905, 0.289364, -0.041822, 0.0205688, -0.998913, 0.850615, -0.00447574, -0.999782, -0.0203993, 1.01584, 0, 0, 0, 1
-0.999101, 0.00365029, 0.0422326, 0.289352, -0.0421482, 0.0207237, -0.998896, 0.850635, -0.00452148, -0.999779, -0.0205512, 1.0158, 0, 0, 0, 1
-0.999087, 0.00368294, 0.0425615, 0.28934, -0.0424756, 0.0208792, -0.998879, 0.850654, -0.00456747, -0.999775, -0.0207037, 1.01575, 0, 0, 0, 1
-0.999073, 0.0037157, 0.0428916, 0.289328, -0.0428043, 0.0210353, -0.998862, 0.850673, -0.00461371, -0.999772, -0.0208568, 1.0157, 0, 0, 0, 1
-0.999058, 0.00374856, 0.0432229, 0.289316, -0.0431342, 0.021192, -0.998845, 0.850692, -0.00466021, -0.999768, -0.0210104, 1.01566, 0, 0, 0, 1
-0.999044, 0.00378152, 0.0435556, 0.289304, -0.0434653, 0.0213494, -0.998827, 0.850712, -0.00470697, -0.999765, -0.0211646, 1.01561, 0, 0, 0, 1
-0.999029, 0.00381459, 0.0438894, 0.289291, -0.0437976, 0.0215073, -0.998809, 0.850731, -0.00475398, -0.999761, -0.0213193, 1.01557, 0, 0, 0, 1
-0.999014, 0.00384775, 0.0442245, 0.289279, -0.0441312, 0.0216658, -0.998791, 0.850751, -0.00480126, -0.999758, -0.0214746, 1.01552, 0, 0, 0, 1
-0.998999, 0.00388102, 0.0445609, 0.289267, -0.044466, 0.0218249, -0.998772, 0.85077, -0.00484879, -0.999754, -0.0216305, 1.01547, 0, 0, 0, 1
-0.998984, 0.00391439, 0.0448985, 0.289254, -0.044802, 0.0219846, -0.998754, 0.85079, -0.00489659, -0.999751, -0.0217869, 1.01542, 0, 0, 0, 1
-0.998968, 0.00394787, 0.0452373, 0.289242, -0.0451392, 0.0221449, -0.998735, 0.85081, -0.00494465, -0.999747, -0.0219438, 1.01538, 0, 0, 0, 1
-0.998953, 0.00398144, 0.0455774, 0.289229, -0.0454777, 0.0223058, -0.998716, 0.850829, -0.00499297, -0.999743, -0.0221013, 1.01533, 0, 0, 0, 1
-0.998937, 0.00401512, 0.0459187, 0.289217, -0.0458174, 0.0224673, -0.998697, 0.850849, -0.00504156, -0.99974, -0.0222594, 1.01528, 0, 0, 0, 1
-0.998921, 0.0040489, 0.0462613, 0.289204, -0.0461583, 0.0226293, -0.998678, 0.850869, -0.00509041, -0.999736, -0.022418, 1.01524, 0, 0, 0, 1
-0.998905, 0.00408278, 0.0466051, 0.289192, -0.0465005, 0.022792, -0.998658, 0.850889, -0.00513952, -0.999732, -0.0225772, 1.01519, 0, 0, 0, 1
-0.998889, 0.00411676, 0.0469502, 0.289179, -0.0468439, 0.0229553, -0.998638, 0.850909, -0.00518891, -0.999728, -0.022737, 1.01514, 0, 0, 0, 1
