-0.999999, -0.000797434, -0.000797196, 0.290901, 0.000796858, 0.000424669, -1, 0.848124, 0.000797772, -1, -0.000424033, 1.02183, 0, 0, 0, 1
-0.999999, -0.000797338, -0.000796619, 0.290901, 0.00079628, 0.000425105, -1, 0.848124, 0.000797676, -1, -0.00042447, 1.02183, 0, 0, 0, 1
-0.999999, -0.000797048, -0.000794886, 0.290901, 0.000794547, 0.000426413, -1, 0.848125, 0.000797387, -1, -0.000425779, 1.02183, 0, 0, 0, 1
-0.999999, -0.000796566, -0.000791999, 0.290901, 0.000791658, 0.000428593, -1, 0.848125, 0.000796905, -1, -0.000427962, 1.02183, 0, 0, 0, 1
-0.999999, -0.000795891, -0.000787958, 0.290901, 0.000787614, 0.000431644, -1, 0.848126, 0.000796231, -1, -0.000431017, 1.02183, 0, 0, 0, 1
-0.999999, -0.000795023, -0.000782761, 0.290901, 0.000782415, 0.000435568, -1, 0.848126, 0.000795363, -1, -0.000434946, 1.02183, 0, 0, 0, 1
-0.999999, -0.000793961, -0.000776409, 0.290901, 0.00077606, 0.000440364, -1, 0.848127, 0.000794303, -1, -0.000439747, 1.02183, 0, 0, 0, 1
-0.999999, -0.000792707, -0.000768903, 0.290901, 0.00076855, 0.000446031, -1, 0.848128, 0.00079305, -1, -0.000445422, 1.02183, 0, 0, 0, 1
-0.999999, -0.00079126, -0.000760242, 0.290901, 0.000759884, 0.000452571, -1, 0.84813, 0.000791604, -1, -0.000451969, 1.02183, 0, 0, 0, 1
-0.999999, -0.000789621, -0.000750426, 0.290901, 0.000750063, 0.000459982, -1, 0.848131, 0.000789965, -1, -0.00045939, 1.02183, 0, 0, 0, 1
-0.999999, -0.000787788, -0.000739455, 0.290901, 0.000739087, 0.000468266, -1, 0.848133, 0.000788134, -1, -0.000467683, 1.02183, 0, 0, 0, 1
-0.999999, -0.000785762, -0.00072733, 0.290901, 0.000726955, 0.000477421, -1, 0.848135, 0.000786109, -1, -0.00047685, 1.02183, 0, 0, 0, 1
-0.999999, -0.000783544, -0.00071405, 0.290901, 0.000713668, 0.000487449, -1, 0.848137, 0.000783891, -1, -0.000486889, 1.02183, 0, 0, 0, 1
-0.999999, -0.000781132, -0.000699614, 0.290901, 0.000699225, 0.000498348, -1, 0.848139, 0.00078148, -1, -0.000497801, 1.02182, 0, 0, 0, 1
-0.999999, -0.000778528, -0.000684024, 0.290901, 0.000683627, 0.000510119, -1, 0.848141, 0.000778876, -1, -0.000509587, 1.02182, 0, 0, 0, 1
-0.999999, -0.000775731, -0.00066728, 0.290901, 0.000666874, 0.000522762, -1, 0.848144, 0.000776079, -1, -0.000522245, 1.02182, 0, 0, 0, 1
-0.999999, -0.000772741, -0.00064938, 0.290901, 0.000648966, 0.000536277, -1, 0.848146, 0.000773089, -1, -0.000535776, 1.02182, 0, 0, 0, 1
-1, -0.000769558, -0.000630326, 0.290901, 0.000629902, 0.000550665, -1, 0.848149, 0.000769905, -1, -0.00055018, 1.02182, 0, 0, 0, 1
-1, -0.000766182, -0.000610117, 0.290901, 0.000609683, 0.000565924, -1, 0.848152, 0.000766527, -1, -0.000565456, 1.02181, 0, 0, 0, 1
-1, -0.000762614, -0.000588752, 0.290901, 0.000588309, 0.000582055, -1, 0.848156, 0.000762956, -1, -0.000581606, 1.02181, 0, 0, 0, 1
-1, -0.000758852, -0.000566234, 0.290901, 0.000565779, 0.000599058, -1, 0.848159, 0.000759191, -1, -0.000598628, 1.02181, 0, 0, 0, 1
-1, -0.000754898, -0.00054256, 0.290901, 0.000542094, 0.000616933, -1, 0.848163, 0.000755233, -1, -0.000616523, 1.02181, 0, 0, 0, 1
-1, -0.000750752, -0.000517732, 0.290901, 0.000517254, 0.00063568, -1, 0.848166, 0.000751081, -1, -0.000635291, 1.0218, 0, 0, 0, 1
-1, -0.000746412, -0.000491748, 0.290901, 0.000491259, 0.000655299, -1, 0.84817, 0.000746734, -1, -0.000654932, 1.0218, 0, 0, 0, 1
-1, -0.00074188, -0.00046461, 0.290901, 0.000464109, 0.00067579, -1, 0.848174, 0.000742194, -0.999999, -0.000675445, 1.0218, 0, 0, 0, 1
-1, -0.000737155, -0.000436317, 0.290901, 0.000435803, 0.000697152, -1, 0.848179, 0.000737459, -0.999999, -0.000696831, 1.02179, 0, 0, 0, 1
-1, -0.000732237, -0.00040687, 0.290901, 0.000406343, 0.000719387, -1, 0.848183, 0.00073253, -0.999999, -0.00071909, 1.02179, 0, 0, 0, 1
-1, -0.000727127, -0.000376267, 0.290901, 0.000375727, 0.000742494, -1, 0.848188, 0.000727406, -0.999999, -0.000742221, 1.02179, 0, 0, 0, 1
-1, -0.000721824, -0.00034451, 0.290901, 0.000343956, 0.000766473, -1, 0.848192, 0.000722088, -0.999999, -0.000766225, 1.02178, 0, 0, 0, 1
-1, -0.000716329, -0.000311598, 0.290901, 0.000311031, 0.000791324, -1, 0.848197, 0.000716575, -0.999999, -0.000791101, 1.02178, 0, 0, 0, 1
-1, -0.00071064, -0.000277531, 0.2909, 0.00027695, 0.000817047, -1, 0.848202, 0.000710867, -0.999999, -0.00081685, 1.02178, 0, 0, 0, 1
-1, -0.00070476, -0.000242309, 0.2909, 0.000241714, 0.000843642, -1, 0.848208, 0.000704964, -0.999999, -0.000843471, 1.02177, 0, 0, 0, 1
-1, -0.000698686, -0.000205932, 0.2909, 0.000205324, 0.000871109, -1, 0.848213, 0.000698866, -0.999999, -0.000870965, 1.02177, 0, 0, 0, 1
-1, -0.000692421, -0.000168401, 0.2909, 0.000167778, 0.000899448, -1, 0.848219, 0.000692572, -0.999999, -0.000899332, 1.02176, 0, 0, 0, 1
-1, -0.000685962, -0.000129715, 0.2909, 0.000129078, 0.000928659, -1, 0.848225, 0.000686083, -0.999999, -0.00092857, 1.02176, 0, 0, 0, 1
-1, -0.000679312, -8.98736e-05, 0.2909, 8.92223e-05, 0.000958742, -1, 0.848231, 0.000679398, -0.999999, -0.000958681, 1.02175, 0, 0, 0, 1
-1, -0.000672469, -4.88778e-05, 0.2909, 4.82122e-05, 0.000989697, -1, 0.848237, 0.000672517, -0.999999, -0.000989665, 1.02175, 0, 0, 0, 1
-1, -0.000665433, -6.7271e-06, 0.2909, 6.04734e-06, 0.00102152, -0.999999, 0.848243, 0.000665439, -0.999999, -0.00102152, 1.02175, 0, 0, 0, 1
-1, -0.000658205, 3.65784e-05, 0.2909, -3.72723e-05, 0.00105422, -0.999999, 0.84825, 0.000658166, -0.999999, -0.00105425, 1.02174, 0, 0, 0, 1
-1, -0.000650785, 8.10387e-05, 0.2909, -8.17465e-05, 0.0010878, -0.999999, 0.848256, 0.000650696, -0.999999, -0.00108785, 1.02174, 0, 0, 0, 1
-1, -0.000643172, 0.000126654, 0.2909, -0.000127375, 0.00112224, -0.999999, 0.848263, 0.000643029, -0.999999, -0.00112232, 1.02173, 0, 0, 0, 1
-1, -0.000635367, 0.000173424, 0.2909, -0.000174159, 0.00115755, -0.999999, 0.84827, 0.000635166, -0.999999, -0.00115766, 1.02173, 0, 0, 0, 1
-1, -0.00062737, 0.000221348, 0.2909, -0.000222097, 0.00119374, -0.999999, 0.848278, 0.000627105, -0.999999, -0.00119388, 1.02172, 0, 0, 0, 1
-1, -0.00061918, 0.000270428, 0.2909, -0.00027119, 0.0012308, -0.999999, 0.848285, 0.000618847, -0.999999, -0.00123097, 1.02171, 0, 0, 0, 1
-1, -0.000610799, 0.000320662, 0.2909, -0.000321437, 0.00126873, -0.999999, 0.848293, 0.000610392, -0.999999, -0.00126893, 1.02171, 0, 0, 0, 1
-1, -0.000602225, 0.000372051, 0.2909, -0.000372839, 0.00130754, -0.999999, 0.8483, 0.000601738, -0.999999, -0.00130776, 1.0217, 0, 0, 0, 1
-1, -0.000593459, 0.000424595, 0.2909, -0.000425395, 0.00134721, -0.999999, 0.848308, 0.000592887, -0.999999, -0.00134746, 1.0217, 0, 0, 0, 1
-1, -0.000584501, 0.000478294, 0.2909, -0.000479105, 0.00138776, -0.999999, 0.848316, 0.000583837, -0.999999, -0.00138804, 1.02169, 0, 0, 0, 1
-1, -0.000575351, 0.000533148, 0.2909, -0.00053397, 0.00142918, -0.999999, 0.848325, 0.000574589, -0.999999, -0.00142949, 1.02168, 0, 0, 0, 1
-1, -0.000566009, 0.000589156, 0.2909, -0.000589988, 0.00147147, -0.999999, 0.848333, 0.000565142, -0.999999, -0.00147181, 1.02168, 0, 0, 0, 1
-1, -0.000556475, 0.000646319, 0.290899, -0.000647162, 0.00151464, -0.999999, 0.848342, 0.000555496, -0.999999, -0.001515, 1.02167, 0, 0, 0, 1
-1, -0.00054675, 0.000704637, 0.290899, -0.000705489, 0.00155867, -0.999999, 0.84835, 0.00054565, -0.999999, -0.00155906, 1.02167, 0, 0, 0, 1
-1, -0.000536832, 0.00076411, 0.290899, -0.00076497, 0.00160358, -0.999998, 0.848359, 0.000535606, -0.999999, -0.00160399, 1.02166, 0, 0, 0, 1
-1, -0.000526722, 0.000824738, 0.290899, -0.000825606, 0.00164936, -0.999998, 0.848369, 0.000525361, -0.999999, -0.0016498, 1.02165, 0, 0, 0, 1
-0.999999, -0.000516421, 0.00088652, 0.290899, -0.000887395, 0.00169602, -0.999998, 0.848378, 0.000514916, -0.999998, -0.00169648, 1.02165, 0, 0, 0, 1
-0.999999, -0.000505928, 0.000949458, 0.290899, -0.000950338, 0.00174354, -0.999998, 0.848387, 0.000504271, -0.999998, -0.00174402, 1.02164, 0, 0, 0, 1
-0.999999, -0.000495243, 0.00101355, 0.290899, -0.00101444, 0.00179194, -0.999998, 0.848397, 0.000493426, -0.999998, -0.00179244, 1.02163, 0, 0, 0, 1
-0.999999, -0.000484366, 0.0010788, 0.290899, -0.00107969, 0.00184121, -0.999998, 0.848407, 0.000482379, -0.999998, -0.00184173, 1.02162, 0, 0, 0, 1
-0.999999, -0.000473298, 0.0011452, 0.290899, -0.00114609, 0.00189135, -0.999998, 0.848417, 0.000471131, -0.999998, -0.00189189, 1.02162, 0, 0, 0, 1
-0.999999, -0.000462038, 0.00121275, 0.290899, -0.00121365, 0.00194237, -0.999997, 0.848427, 0.000459682, -0.999998, -0.00194293, 1.02161, 0, 0, 0, 1
-0.999999, -0.000450587, 0.00128147, 0.290899, -0.00128236, 0.00199425, -0.999997, 0.848437, 0.00044803, -0.999998, -0.00199483, 1.0216, 0, 0, 0, 1
-0.999999, -0.000438944, 0.00135133, 0.290899, -0.00135223, 0.00204701, -0.999997, 0.848448, 0.000436177, -0.999998, -0.0020476, 1.02159, 0, 0, 0, 1
-0.999999, -0.00042711, 0.00142235, 0.290899, -0.00142325, 0.00210064, -0.999997, 0.848459, 0.000424121, -0.999998, -0.00210125, 1.02159, 0, 0, 0, 1
-0.999999, -0.000415085, 0.00149453, 0.290899, -0.00149542, 0.00215515, -0.999997, 0.848469, 0.000411862, -0.999998, -0.00215576, 1.02158, 0, 0, 0, 1
-0.999999, -0.000402868, 0.00156786, 0.290898, -0.00156875, 0.00221052, -0.999996, 0.848481, 0.000399401, -0.999997, -0.00221115, 1.02157, 0, 0, 0, 1
-0.999999, -0.00039046, 0.00164234, 0.290898, -0.00164323, 0.00226677, -0.999996, 0.848492, 0.000386735, -0.999997, -0.00226741, 1.02156, 0, 0, 0, 1
-0.999998, -0.00037786, 0.00171798, 0.290898, -0.00171886, 0.00232389, -0.999996, 0.848503, 0.000373866, -0.999997, -0.00232454, 1.02155, 0, 0, 0, 1
-0.999998, -0.00036507, 0.00179478, 0.290898, -0.00179564, 0.00238188, -0.999996, 0.848515, 0.000360793, -0.999997, -0.00238253, 1.02154, 0, 0, 0, 1
-0.999998, -0.000352088, 0.00187273, 0.290898, -0.00187358, 0.00244075, -0.999995, 0.848526, 0.000347516, -0.999997, -0.0024414, 1.02153, 0, 0, 0, 1
-0.999998, -0.000338916, 0.00195183, 0.290898, -0.00195268, 0.00250049, -0.999995, 0.848538, 0.000334033, -0.999997, -0.00250114, 1.02153, 0, 0, 0, 1
-0.999998, -0.000325552, 0.00203209, 0.290898, -0.00203292, 0.00256109, -0.999995, 0.848551, 0.000320346, -0.999997, -0.00256175, 1.02152, 0, 0, 0, 1
-0.999998, -0.000311997, 0.00211351, 0.290898, -0.00211432, 0.00262258, -0.999994, 0.848563, 0.000306453, -0.999997, -0.00262323, 1.02151, 0, 0, 0, 1
-0.999998, -0.000298252, 0.00219608, 0.290898, -0.00219687, 0.00268493, -0.999994, 0.848575, 0.000292354, -0.999996, -0.00268558, 1.0215, 0, 0, 0, 1
-0.999997, -0.000284315, 0.0022798, 0.290898, -0.00228057, 0.00274816, -0.999994, 0.848588, 0.000278048, -0.999996, -0.0027488, 1.02149, 0, 0, 0, 1
-0.999997, -0.000270188, 0.00236468, 0.290898, -0.00236543, 0.00281226, -0.999993, 0.848601, 0.000263536, -0.999996, -0.00281289, 1.02148, 0, 0, 0, 1
-0.999997, -0.00025587, 0.00245071, 0.290897, -0.00245144, 0.00287723, -0.999993, 0.848614, 0.000248817, -0.999996, -0.00287785, 1.02147, 0, 0, 0, 1
-0.999997, -0.000241362, 0.0025379, 0.290897, -0.0025386, 0.00294307, -0.999992, 0.848627, 0.000233891, -0.999996, -0.00294368, 1.02146, 0, 0, 0, 1
-0.999997, -0.000226662, 0.00262624, 0.290897, -0.00262691, 0.00300979, -0.999992, 0.84864, 0.000218756, -0.999995, -0.00301037, 1.02145, 0, 0, 0, 1
-0.999996, -0.000211773, 0.00271574, 0.290897, -0.00271638, 0.00307738, -0.999992, 0.848654, 0.000203414, -0.999995, -0.00307794, 1.02144, 0, 0, 0, 1
-0.999996, -0.000196693, 0.00280639, 0.290897, -0.002807, 0.00314584, -0.999991, 0.848667, 0.000187862, -0.999995, -0.00314638, 1.02143, 0, 0, 0, 1
-0.999996, -0.000181422, 0.0028982, 0.290897, -0.00289877, 0.00321517, -0.999991, 0.848681, 0.000172102, -0.999995, -0.00321568, 1.02142, 0, 0, 0, 1
-0.999996, -0.000165961, 0.00299116, 0.290897, -0.00299169, 0.00328538, -0.99999, 0.848695, 0.000156132, -0.999995, -0.00328586, 1.02141, 0, 0, 0, 1
-0.999995, -0.00015031, 0.00308528, 0.290897, -0.00308577, 0.00335646, -0.99999, 0.848709, 0.000139953, -0.999994, -0.00335691, 1.0214, 0, 0, 0, 1
-0.999995, -0.000134469, 0.00318055, 0.290897, -0.00318099, 0.00342841, -0.999989, 0.848724, 0.000123563, -0.999994, -0.00342882, 1.02139, 0, 0, 0, 1
-0.999995, -0.000118437, 0.00327698, 0.290896, -0.00327737, 0.00350123, -0.999989, 0.848738, 0.000106962, -0.999994, -0.0035016, 1.02138, 0, 0, 0, 1
-0.999994, -0.000102215, 0.00337456, 0.290896, -0.0033749, 0.00357493, -0.999988, 0.848753, 9.01504e-05, -0.999994, -0.00357525, 1.02137, 0, 0, 0, 1
-0.999994, -8.58038e-05, 0.00347329, 0.290896, -0.00347358, 0.0036495, -0.999987, 0.848768, 7.3127e-05, -0.999993, -0.00364977, 1.02136, 0, 0, 0, 1
-0.999994, -6.92023e-05, 0.00357318, 0.290896, -0.00357342, 0.00372494, -0.999987, 0.848783, 5.58915e-05, -0.999993, -0.00372516, 1.02134, 0, 0, 0, 1
-0.999993, -5.24108e-05, 0.00367423, 0.290896, -0.0036744, 0.00380125, -0.999986, 0.848798, 3.84434e-05, -0.999993, -0.00380142, 1.02133, 0, 0, 0, 1
-0.999993, -3.54296e-05, 0.00377643, 0.290896, -0.00377654, 0.00387844, -0.999985, 0.848814, 2.07824e-05, -0.999992, -0.00387855, 1.02132, 0, 0, 0, 1
-0.999992, -1.82586e-05, 0.00387978, 0.290896, -0.00387983, 0.0039565, -0.999985, 0.848829, 2.90799e-06, -0.999992, -0.00395654, 1.02131, 0, 0, 0, 1
-0.999992, -8.98017e-07, 0.00398429, 0.290896, -0.00398427, 0.00403543, -0.999984, 0.848845, -1.51803e-05, -0.999992, -0.0040354, 1.0213, 0, 0, 0, 1
-0.999992, 1.66522e-05, 0.00408996, 0.290895, -0.00408986, 0.00411524, -0.999983, 0.848861, -3.3483e-05, -0.999992, -0.00411513, 1.02129, 0, 0, 0, 1
-0.999991, 3.43919e-05, 0.00419678, 0.290895, -0.0041966, 0.00419591, -0.999982, 0.848877, -5.20006e-05, -0.999991, -0.00419573, 1.02127, 0, 0, 0, 1
-0.999991, 5.2321e-05, 0.00430475, 0.290895, -0.00430449, 0.00427746, -0.999982, 0.848893, -7.07335e-05, -0.999991, -0.0042772, 1.02126, 0, 0, 0, 1
-0.99999, 7.04395e-05, 0.00441388, 0.290895, -0.00441353, 0.00435989, -0.999981, 0.84891, -8.96822e-05, -0.99999, -0.00435953, 1.02125, 0, 0, 0, 1
-0.99999, 8.87473e-05, 0.00452416, 0.290895, -0.00452372, 0.00444318, -0.99998, 0.848926, -0.000108847, -0.99999, -0.00444273, 1.02124, 0, 0, 0, 1
-0.999989, 0.000107244, 0.0046356, 0.290895, -0.00463507, 0.00452735, -0.999979, 0.848943, -0.000128229, -0.99999, -0.0045268, 1.02123, 0, 0, 0, 1
-0.999989, 0.00012593, 0.00474819, 0.290895, -0.00474756, 0.00461239, -0.999978, 0.84896, -0.000147828, -0.999989, -0.00461174, 1.02121, 0, 0, 0, 1
-0.999988, 0.000144806, 0.00486194, 0.290894, -0.00486121, 0.0046983, -0.999977, 0.848977, -0.000167645, -0.999989, -0.00469754, 1.0212, 0, 0, 0, 1
-0.999988, 0.00016387, 0.00497684, 0.290894, -0.004976, 0.00478509, -0.999976, 0.848995, -0.00018768, -0.999989, -0.00478421, 1.02119, 0, 0, 0, 1
-0.999987, 0.000183123, 0.0050929, 0.290894, -0.00509195, 0.00487275, -0.999975, 0.849012, -0.000207935, -0.999988, -0.00487175, 1.02117, 0, 0, 0, 1
-0.999986, 0.000202564, 0.00521011, 0.290894, -0.00520904, 0.00496128, -0.999974, 0.84903, -0.000228408, -0.999988, -0.00496016, 1.02116, 0, 0, 0, 1
-0.999986, 0.000222195, 0.00532848, 0.290894, -0.00532729, 0.00505068, -0.999973, 0.849048, -0.000249101, -0.999987, -0.00504943, 1.02115, 0, 0, 0, 1
-0.999985, 0.000242014, 0.005448, 0.290894, -0.00544668, 0.00514096, -0.999972, 0.849066, -0.000270015, -0.999987, -0.00513957, 1.02113, 0, 0, 0, 1
-0.999984, 0.000262022, 0.00556868, 0.290894, -0.00556723, 0.00523211, -0.999971, 0.849084, -0.00029115, -0.999986, -0.00523057, 1.02112, 0, 0, 0, 1
-0.999984, 0.000282218, 0.00569051, 0.290893, -0.00568892, 0.00532414, -0.99997, 0.849102, -0.000312506, -0.999986, -0.00532244, 1.02111, 0, 0, 0, 1
-0.999983, 0.000302603, 0.00581349, 0.290893, -0.00581177, 0.00541703, -0.999968, 0.849121, -0.000334085, -0.999985, -0.00541518, 1.02109, 0, 0, 0, 1
-0.999982, 0.000323175, 0.00593763, 0.290893, -0.00593576, 0.0055108, -0.999967, 0.84914, -0.000355886, -0.999985, -0.00550878, 1.02108, 0, 0, 0, 1
-0.999982, 0.000343937, 0.00606293, 0.290893, -0.0060609, 0.00560544, -0.999966, 0.849159, -0.00037791, -0.999984, -0.00560325, 1.02107, 0, 0, 0, 1
-0.999981, 0.000364886, 0.00618937, 0.290893, -0.00618719, 0.00570096, -0.999965, 0.849178, -0.000400158, -0.999984, -0.00569859, 1.02105, 0, 0, 0, 1
-0.99998, 0.000386023, 0.00631698, 0.290893, -0.00631464, 0.00579734, -0.999963, 0.849197, -0.00042263, -0.999983, -0.00579479, 1.02104, 0, 0, 0, 1
-0.999979, 0.000407348, 0.00644574, 0.290892, -0.00644322, 0.00589461, -0.999962, 0.849216, -0.000445328, -0.999983, -0.00589186, 1.02102, 0, 0, 0, 1
-0.999978, 0.000428861, 0.00657565, 0.290892, -0.00657296, 0.00599274, -0.99996, 0.849236, -0.00046825, -0.999982, -0.00598979, 1.02101, 0, 0, 0, 1
-0.999977, 0.000450562, 0.00670672, 0.290892, -0.00670385, 0.00609175, -0.999959, 0.849256, -0.000491399, -0.999981, -0.00608859, 1.02099, 0, 0, 0, 1
-0.999977, 0.00047245, 0.00683894, 0.290892, -0.00683588, 0.00619163, -0.999957, 0.849276, -0.000514775, -0.999981, -0.00618825, 1.02098, 0, 0, 0, 1
-0.999976, 0.000494526, 0.00697232, 0.290892, -0.00696907, 0.00629238, -0.999956, 0.849296, -0.000538377, -0.99998, -0.00628878, 1.02096, 0, 0, 0, 1
-0.999975, 0.00051679, 0.00710685, 0.290892, -0.0071034, 0.006394, -0.999954, 0.849316, -0.000562208, -0.999979, -0.00639017, 1.02095, 0, 0, 0, 1
-0.999974, 0.000539241, 0.00724254, 0.290891, -0.00723888, 0.0064965, -0.999953, 0.849337, -0.000586267, -0.999979, -0.00649243, 1.02093, 0, 0, 0, 1
-0.999973, 0.000561879, 0.00737938, 0.290891, -0.00737551, 0.00659988, -0.999951, 0.849357, -0.000610555, -0.999978, -0.00659555, 1.02092, 0, 0, 0, 1
-0.999972, 0.000584705, 0.00751737, 0.290891, -0.00751328, 0.00670412, -0.999949, 0.849378, -0.000635072, -0.999977, -0.00669954, 1.0209, 0, 0, 0, 1
-0.999971, 0.000607717, 0.00765652, 0.290891, -0.00765221, 0.00680924, -0.999948, 0.849399, -0.00065982, -0.999977, -0.00680439, 1.02089, 0, 0, 0, 1
-0.999969, 0.000630917, 0.00779683, 0.290891, -0.00779228, 0.00691523, -0.999946, 0.84942, -0.000684799, -0.999976, -0.0069101, 1.02087, 0, 0, 0, 1
-0.999968, 0.000654303, 0.00793829, 0.29089, -0.0079335, 0.00702209, -0.999944, 0.849442, -0.00071001, -0.999975, -0.00701668, 1.02086, 0, 0, 0, 1
-0.999967, 0.000677876, 0.0080809, 0.29089, -0.00807586, 0.00712983, -0.999942, 0.849463, -0.000735452, -0.999974, -0.00712412, 1.02084, 0, 0, 0, 1
-0.999966, 0.000701636, 0.00822467, 0.29089, -0.00821938, 0.00723844, -0.99994, 0.849485, -0.000761128, -0.999974, -0.00723243, 1.02082, 0, 0, 0, 1
-0.999965, 0.000725583, 0.00836959, 0.29089, -0.00836404, 0.00734793, -0.999938, 0.849507, -0.000787037, -0.999973, -0.0073416, 1.02081, 0, 0, 0, 1
-0.999963, 0.000749716, 0.00851567, 0.29089, -0.00850984, 0.00745828, -0.999936, 0.849529, -0.00081318, -0.999972, -0.00745163, 1.02079, 0, 0, 0, 1
-0.999962, 0.000774035, 0.0086629, 0.290889, -0.0086568, 0.00756951, -0.999934, 0.849551, -0.000839558, -0.999971, -0.00756253, 1.02078, 0, 0, 0, 1
-0.999961, 0.000798541, 0.00881129, 0.290889, -0.0088049, 0.00768162, -0.999932, 0.849574, -0.000866171, -0.99997, -0.00767429, 1.02076, 0, 0, 0, 1
-0.99996, 0.000823233, 0.00896083, 0.290889, -0.00895414, 0.0077946, -0.99993, 0.849596, -0.000893021, -0.999969, -0.00778691, 1.02074, 0, 0, 0, 1
-0.999958, 0.000848111, 0.00911152, 0.290889, -0.00910453, 0.00790845, -0.999927, 0.849619, -0.000920107, -0.999968, -0.00790039, 1.02073, 0, 0, 0, 1
-0.999957, 0.000873175, 0.00926337, 0.290888, -0.00925607, 0.00802317, -0.999925, 0.849642, -0.000947431, -0.999967, -0.00801474, 1.02071, 0, 0, 0, 1
-0.999955, 0.000898425, 0.00941638, 0.290888, -0.00940876, 0.00813877, -0.999923, 0.849665, -0.000974993, -0.999966, -0.00812995, 1.02069, 0, 0, 0, 1
-0.999954, 0.00092386, 0.00957054, 0.290888, -0.00956259, 0.00825524, -0.99992, 0.849689, -0.00100279, -0.999965, -0.00824602, 1.02068, 0, 0, 0, 1
-0.999952, 0.000949482, 0.00972585, 0.290888, -0.00971756, 0.00837258, -0.999918, 0.849712, -0.00103083, -0.999964, -0.00836295, 1.02066, 0, 0, 0, 1
-0.999951, 0.000975289, 0.00988232, 0.290888, -0.00987369, 0.0084908, -0.999915, 0.849736, -0.00105911, -0.999963, -0.00848075, 1.02064, 0, 0, 0, 1
-0.999949, 0.00100128, 0.0100399, 0.290887, -0.010031, 0.00860989, -0.999913, 0.849759, -0.00108764, -0.999962, -0.00859941, 1.02062, 0, 0, 0, 1
-0.999947, 0.00102746, 0.0101987, 0.290887, -0.0101894, 0.00872985, -0.99991, 0.849783, -0.0011164, -0.999961, -0.00871892, 1.02061, 0, 0, 0, 1
-0.999946, 0.00105382, 0.0103586, 0.290887, -0.0103489, 0.00885069, -0.999907, 0.849808, -0.0011454, -0.99996, -0.0088393, 1.02059, 0, 0, 0, 1
-0.999944, 0.00108037, 0.0105197, 0.290887, -0.0105096, 0.0089724, -0.999905, 0.849832, -0.00117465, -0.999959, -0.00896054, 1.02057, 0, 0, 0, 1
-0.999942, 0.0011071, 0.010682, 0.290886, -0.0106715, 0.00909498, -0.999902, 0.849857, -0.00120415, -0.999958, -0.00908265, 1.02055, 0, 0, 0, 1
-0.999941, 0.00113402, 0.0108454, 0.290886, -0.0108345, 0.00921844, -0.999899, 0.849881, -0.00123388, -0.999957, -0.00920561, 1.02053, 0, 0, 0, 1
-0.999939, 0.00116112, 0.0110099, 0.290886, -0.0109986, 0.00934277, -0.999896, 0.849906, -0.00126387, -0.999956, -0.00932943, 1.02052, 0, 0, 0, 1
-0.999937, 0.00118841, 0.0111756, 0.290886, -0.0111639, 0.00946798, -0.999893, 0.849931, -0.00129409, -0.999954, -0.00945411, 1.0205, 0, 0, 0, 1
-0.999935, 0.00121588, 0.0113425, 0.290885, -0.0113303, 0.00959406, -0.99989, 0.849956, -0.00132457, -0.999953, -0.00957966, 1.02048, 0, 0, 0, 1
-0.999933, 0.00124354, 0.0115105, 0.290885, -0.0114979, 0.00972101, -0.999887, 0.849982, -0.00135529, -0.999952, -0.00970606, 1.02046, 0, 0, 0, 1
-0.999931, 0.00127138, 0.0116797, 0.290885, -0.0116666, 0.00984884, -0.999883, 0.850007, -0.00138626, -0.999951, -0.00983332, 1.02044, 0, 0, 0, 1
-0.999929, 0.0012994, 0.01185, 0.290885, -0.0118364, 0.00997754, -0.99988, 0.850033, -0.00141748, -0.999949, -0.00996145, 1.02042, 0, 0, 0, 1
-0.999927, 0.00132761, 0.0120214, 0.290884, -0.0120074, 0.0101071, -0.999877, 0.850059, -0.00144895, -0.999948, -0.0100904, 1.0204, 0, 0, 0, 1
-0.999925, 0.001356, 0.0121941, 0.290884, -0.0121796, 0.0102376, -0.999873, 0.850085, -0.00148067, -0.999947, -0.0102203, 1.02038, 0, 0, 0, 1
-0.999923, 0.00138458, 0.0123679, 0.290884, -0.0123529, 0.0103689, -0.99987, 0.850112, -0.00151264, -0.999945, -0.010351, 1.02036, 0, 0, 0, 1
-0.99992, 0.00141334, 0.0125428, 0.290883, -0.0125273, 0.0105011, -0.999866, 0.850138, -0.00154487, -0.999944, -0.0104825, 1.02035, 0, 0, 0, 1
-0.999918, 0.00144229, 0.0127189, 0.290883, -0.0127028, 0.0106341, -0.999863, 0.850165, -0.00157734, -0.999942, -0.0106149, 1.02033, 0, 0, 0, 1
-0.999916, 0.00147141, 0.0128961, 0.290883, -0.0128796, 0.0107681, -0.999859, 0.850192, -0.00161007, -0.999941, -0.0107482, 1.02031, 0, 0, 0, 1
-0.999913, 0.00150072, 0.0130745, 0.290883, -0.0130574, 0.0109029, -0.999855, 0.850219, -0.00164306, -0.999939, -0.0108824, 1.02029, 0, 0, 0, 1
-0.999911, 0.00153022, 0.0132541, 0.290882, -0.0132364, 0.0110386, -0.999851, 0.850246, -0.0016763, -0.999938, -0.0110173, 1.02027, 0, 0, 0, 1
-0.999909, 0.00155989, 0.0134348, 0.290882, -0.0134165, 0.0111751, -0.999848, 0.850273, -0.00170979, -0.999936, -0.0111532, 1.02025, 0, 0, 0, 1
-0.999906, 0.00158975, 0.0136167, 0.290882, -0.0135978, 0.0113126, -0.999844, 0.850301, -0.00174354, -0.999935, -0.0112899, 1.02023, 0, 0, 0, 1
-0.999903, 0.0016198, 0.0137997, 0.290881, -0.0137802, 0.0114509, -0.999839, 0.850328, -0.00177755, -0.999933, -0.0114275, 1.02021, 0, 0, 0, 1
-0.999901, 0.00165002, 0.0139838, 0.290881, -0.0139638, 0.0115901, -0.999835, 0.850356, -0.00181182, -0.999931, -0.0115659, 1.02019, 0, 0, 0, 1
-0.999898, 0.00168043, 0.0141692, 0.290881, -0.0141485, 0.0117301, -0.999831, 0.850384, -0.00184635, -0.99993, -0.0117052, 1.02017, 0, 0, 0, 1
-0.999895, 0.00171102, 0.0143556, 0.29088, -0.0143343, 0.0118711, -0.999827, 0.850412, -0.00188114, -0.999928, -0.0118453, 1.02015, 0, 0, 0, 1
-0.999893, 0.00174179, 0.0145433, 0.29088, -0.0145213, 0.0120129, -0.999822, 0.850441, -0.00191619, -0.999926, -0.0119863, 1.02012, 0, 0, 0, 1
-0.99989, 0.00177275, 0.0147321, 0.29088, -0.0147095, 0.0121556, -0.999818, 0.850469, -0.0019515, -0.999925, -0.0121281, 1.0201, 0, 0, 0, 1
-0.999887, 0.00180388, 0.014922, 0.29088, -0.0148987, 0.0122991, -0.999813, 0.850498, -0.00198707, -0.999923, -0.0122708, 1.02008, 0, 0, 0, 1
-0.999884, 0.0018352, 0.0151131, 0.290879, -0.0150891, 0.0124435, -0.999809, 0.850527, -0.00202291, -0.999921, -0.0124144, 1.02006, 0, 0, 0, 1
-0.999881, 0.0018667, 0.0153054, 0.290879, -0.0152807, 0.0125888, -0.999804, 0.850556, -0.00205901, -0.999919, -0.0125588, 1.02004, 0, 0, 0, 1
-0.999878, 0.00189838, 0.0154988, 0.290879, -0.0154734, 0.012735, -0.999799, 0.850586, -0.00209538, -0.999917, -0.0127041, 1.02002, 0, 0, 0, 1
-0.999875, 0.00193025, 0.0156933, 0.290878, -0.0156672, 0.0128821, -0.999794, 0.850615, -0.00213201, -0.999915, -0.0128502, 1.02, 0, 0, 0, 1
-0.999872, 0.00196229, 0.015889, 0.290878, -0.0158621, 0.01303, -0.999789, 0.850645, -0.00216891, -0.999913, -0.0129972, 1.01998, 0, 0, 0, 1
-0.999869, 0.00199452, 0.0160859, 0.290878, -0.0160582, 0.0131788, -0.999784, 0.850675, -0.00220608, -0.999911, -0.013145, 1.01995, 0, 0, 0, 1
-0.999865, 0.00202693, 0.0162839, 0.290877, -0.0162555, 0.0133285, -0.999779, 0.850705, -0.00224352, -0.999909, -0.0132937, 1.01993, 0, 0, 0, 1
-0.999862, 0.00205951, 0.0164831, 0.290877, -0.0164539, 0.013479, -0.999774, 0.850735, -0.00228122, -0.999907, -0.0134433, 1.01991, 0, 0, 0, 1
-0.999859, 0.00209228, 0.0166834, 0.290876, -0.0166534, 0.0136304, -0.999768, 0.850765, -0.0023192, -0.999905, -0.0135937, 1.01989, 0, 0, 0, 1
-0.999855, 0.00212523, 0.0168849, 0.290876, -0.016854, 0.0137827, -0.999763, 0.850796, -0.00235745, -0.999903, -0.0137449, 1.01987, 0, 0, 0, 1
-0.999852, 0.00215836, 0.0170875, 0.290876, -0.0170558, 0.0139359, -0.999757, 0.850826, -0.00239597, -0.999901, -0.013897, 1.01984, 0, 0, 0, 1
-0.999848, 0.00219167, 0.0172913, 0.290875, -0.0172587, 0.0140899, -0.999752, 0.850857, -0.00243476, -0.999898, -0.01405, 1.01982, 0, 0, 0, 1
-0.999844, 0.00222516, 0.0174962, 0.290875, -0.0174628, 0.0142449, -0.999746, 0.850888, -0.00247383, -0.999896, -0.0142038, 1.0198, 0, 0, 0, 1
-0.999841, 0.00225884, 0.0177023, 0.290875, -0.017668, 0.0144007, -0.99974, 0.85092, -0.00251317, -0.999894, -0.0143584, 1.01978, 0, 0, 0, 1
-0.999837, 0.00229269, 0.0179096, 0.290874, -0.0178744, 0.0145573, -0.999734, 0.850951, -0.00255279, -0.999891, -0.014514, 1.01975, 0, 0, 0, 1
-0.999833, 0.00232672, 0.018118, 0.290874, -0.0180818, 0.0147149, -0.999728, 0.850983, -0.00259269, -0.999889, -0.0146703, 1.01973, 0, 0, 0, 1
-0.999829, 0.00236093, 0.0183275, 0.290873, -0.0182904, 0.0148733, -0.999722, 0.851014, -0.00263286, -0.999887, -0.0148276, 1.01971, 0, 0, 0, 1
-0.999825, 0.00239532, 0.0185382, 0.290873, -0.0185002, 0.0150326, -0.999716, 0.851046, -0.00267331, -0.999884, -0.0149856, 1.01968, 0, 0, 0, 1
-0.999821, 0.00242989, 0.0187501, 0.290873, -0.0187111, 0.0151927, -0.999709, 0.851078, -0.00271405, -0.999882, -0.0151445, 1.01966, 0, 0, 0, 1
-0.999817, 0.00246464, 0.0189631, 0.290872, -0.0189231, 0.0153538, -0.999703, 0.851111, -0.00275506, -0.999879, -0.0153043, 1.01964, 0, 0, 0, 1
-0.999813, 0.00249956, 0.0191773, 0.290872, -0.0191363, 0.0155157, -0.999696, 0.851143, -0.00279635, -0.999877, -0.0154649, 1.01961, 0, 0, 0, 1
-0.999809, 0.00253467, 0.0193926, 0.290872, -0.0193506, 0.0156785, -0.99969, 0.851176, -0.00283793, -0.999874, -0.0156264, 1.01959, 0, 0, 0, 1
-0.999804, 0.00256995, 0.0196091, 0.290871, -0.019566, 0.0158421, -0.999683, 0.851209, -0.00287979, -0.999871, -0.0157887, 1.01957, 0, 0, 0, 1
-0.9998, 0.00260542, 0.0198267, 0.290871, -0.0197825, 0.0160067, -0.999676, 0.851242, -0.00292193, -0.999868, -0.0159519, 1.01954, 0, 0, 0, 1
-0.999796, 0.00264106, 0.0200455, 0.29087, -0.0200002, 0.0161721, -0.999669, 0.851275, -0.00296436, -0.999866, -0.0161159, 1.01952, 0, 0, 0, 1
-0.999791, 0.00267688, 0.0202654, 0.29087, -0.0202191, 0.0163384, -0.999662, 0.851308, -0.00300708, -0.999863, -0.0162808, 1.01949, 0, 0, 0, 1
-0.999786, 0.00271288, 0.0204865, 0.290869, -0.020439, 0.0165055, -0.999655, 0.851342, -0.00305008, -0.99986, -0.0164465, 1.01947, 0, 0, 0, 1
-0.999782, 0.00274906, 0.0207088, 0.290869, -0.0206601, 0.0166735, -0.999648, 0.851376, -0.00309338, -0.999857, -0.0166131, 1.01945, 0, 0, 0, 1
-0.999777, 0.00278541, 0.0209322, 0.290869, -0.0208824, 0.0168425, -0.99964, 0.85141, -0.00313696, -0.999854, -0.0167805, 1.01942, 0, 0, 0, 1
-0.999772, 0.00282194, 0.0211567, 0.290868, -0.0211057, 0.0170122, -0.999632, 0.851444, -0.00318083, -0.999851, -0.0169488, 1.0194, 0, 0, 0, 1
-0.999767, 0.00285865, 0.0213824, 0.290868, -0.0213302, 0.0171829, -0.999625, 0.851478, -0.00322499, -0.999848, -0.0171179, 1.01937, 0, 0, 0, 1
-0.999762, 0.00289554, 0.0216093, 0.290867, -0.0215559, 0.0173544, -0.999617, 0.851512, -0.00326945, -0.999845, -0.0172879, 1.01935, 0, 0, 0, 1
-0.999757, 0.0029326, 0.0218373, 0.290867, -0.0217826, 0.0175268, -0.999609, 0.851547, -0.0033142, -0.999842, -0.0174587, 1.01932, 0, 0, 0, 1
-0.999752, 0.00296984, 0.0220664, 0.290866, -0.0220105, 0.0177001, -0.999601, 0.851582, -0.00335924, -0.999839, -0.0176304, 1.0193, 0, 0, 0, 1
-0.999747, 0.00300726, 0.0222967, 0.290866, -0.0222395, 0.0178743, -0.999593, 0.851617, -0.00340458, -0.999836, -0.0178029, 1.01927, 0, 0, 0, 1
-0.999742, 0.00304486, 0.0225282, 0.290865, -0.0224697, 0.0180493, -0.999585, 0.851652, -0.00345021, -0.999832, -0.0179762, 1.01925, 0, 0, 0, 1
-0.999736, 0.00308263, 0.0227608, 0.290865, -0.022701, 0.0182252, -0.999576, 0.851687, -0.00349614, -0.999829, -0.0181504, 1.01922, 0, 0, 0, 1
-0.999731, 0.00312058, 0.0229946, 0.290864, -0.0229334, 0.018402, -0.999568, 0.851723, -0.00354237, -0.999826, -0.0183255, 1.0192, 0, 0, 0, 1
-0.999725, 0.0031587, 0.0232295, 0.290864, -0.023167, 0.0185796, -0.999559, 0.851758, -0.0035889, -0.999822, -0.0185014, 1.01917, 0, 0, 0, 1
-0.99972, 0.003197, 0.0234656, 0.290863, -0.0234016, 0.0187582, -0.99955, 0.851794, -0.00363574, -0.999819, -0.0186781, 1.01914, 0, 0, 0, 1
-0.999714, 0.00323548, 0.0237028, 0.290863, -0.0236374, 0.0189376, -0.999541, 0.85183, -0.00368287, -0.999815, -0.0188557, 1.01912, 0, 0, 0, 1
-0.999708, 0.00327413, 0.0239412, 0.290862, -0.0238744, 0.0191179, -0.999532, 0.851867, -0.0037303, -0.999812, -0.0190341, 1.01909, 0, 0, 0, 1
-0.999702, 0.00331296, 0.0241807, 0.290862, -0.0241125, 0.019299, -0.999523, 0.851903, -0.00377804, -0.999808, -0.0192134, 1.01907, 0, 0, 0, 1
-0.999696, 0.00335196, 0.0244214, 0.290861, -0.0243517, 0.019481, -0.999514, 0.85194, -0.00382608, -0.999805, -0.0193935, 1.01904, 0, 0, 0, 1
-0.99969, 0.00339114, 0.0246633, 0.290861, -0.024592, 0.0196639, -0.999504, 0.851976, -0.00387443, -0.999801, -0.0195745, 1.01901, 0, 0, 0, 1
-0.999684, 0.00343049, 0.0249063, 0.29086, -0.0248334, 0.0198477, -0.999495, 0.852013, -0.00392309, -0.999797, -0.0197563, 1.01899, 0, 0, 0, 1
-0.999678, 0.00347002, 0.0251504, 0.29086, -0.025076, 0.0200324, -0.999485, 0.85205, -0.00397205, -0.999793, -0.0199389, 1.01896, 0, 0, 0, 1
-0.999671, 0.00350972, 0.0253957, 0.290859, -0.0253197, 0.0202179, -0.999475, 0.852088, -0.00402133, -0.999789, -0.0201224, 1.01893, 0, 0, 0, 1
-0.999665, 0.0035496, 0.0256422, 0.290859, -0.0255646, 0.0204043, -0.999465, 0.852125, -0.00407091, -0.999786, -0.0203067, 1.01891, 0, 0, 0, 1
-0.999658, 0.00358965, 0.0258898, 0.290858, -0.0258106, 0.0205916, -0.999455, 0.852163, -0.0041208, -0.999782, -0.0204919, 1.01888, 0, 0, 0, 1
-0.999652, 0.00362988, 0.0261385, 0.290858, -0.0260576, 0.0207797, -0.999444, 0.852201, -0.00417101, -0.999777, -0.0206779, 1.01885, 0, 0, 0, 1
-0.999645, 0.00367028, 0.0263884, 0.290857, -0.0263059, 0.0209688, -0.999434, 0.852239, -0.00422153, -0.999773, -0.0208648, 1.01883, 0, 0, 0, 1
-0.999638, 0.00371085, 0.0266395, 0.290857, -0.0265552, 0.0211587, -0.999423, 0.852277, -0.00427237, -0.999769, -0.0210525, 1.0188, 0, 0, 0, 1
-0.999631, 0.0037516, 0.0268917, 0.290856, -0.0268057, 0.0213495, -0.999413, 0.852315, -0.00432352, -0.999765, -0.021241, 1.01877, 0, 0, 0, 1
-0.999624, 0.00379252, 0.0271451, 0.290856, -0.0270573, 0.0215411, -0.999402, 0.852354, -0.00437498, -0.999761, -0.0214304, 1.01874, 0, 0, 0, 1
-0.999617, 0.00383361, 0.0273996, 0.290855, -0.02731, 0.0217336, -0.999391, 0.852393, -0.00442677, -0.999756, -0.0216206, 1.01872, 0, 0, 0, 1
-0.99961, 0.00387488, 0.0276552, 0.290854, -0.0275639, 0.021927, -0.99938, 0.852431, -0.00447887, -0.999752, -0.0218117, 1.01869, 0, 0, 0, 1
-0.999603, 0.00391632, 0.0279121, 0.290854, -0.0278188, 0.0221213, -0.999368, 0.852471, -0.0045313, -0.999748, -0.0220036, 1.01866, 0, 0, 0, 1
-0.999595, 0.00395793, 0.02817, 0.290853, -0.028075, 0.0223165, -0.999357, 0.85251, -0.00458404, -0.999743, -0.0221963, 1.01863, 0, 0, 0, 1
-0.999588, 0.00399972, 0.0284292, 0.290853, -0.0283322, 0.0225125, -0.999345, 0.852549, -0.00463711, -0.999739, -0.0223899, 1.0186, 0, 0, 0, 1
-0.99958, 0.00404167, 0.0286894, 0.290852, -0.0285905, 0.0227094, -0.999333, 0.852589, -0.0046905, -0.999734, -0.0225843, 1.01858, 0, 0, 0, 1
-0.999572, 0.0040838, 0.0289509, 0.290851, -0.02885, 0.0229072, -0.999321, 0.852629, -0.00474422, -0.999729, -0.0227796, 1.01855, 0, 0, 0, 1
-0.999565, 0.00412611, 0.0292134, 0.290851, -0.0291106, 0.0231058, -0.999309, 0.852669, -0.00479826, -0.999725, -0.0229757, 1.01852, 0, 0, 0, 1
-0.999557, 0.00416858, 0.0294772, 0.29085, -0.0293723, 0.0233054, -0.999297, 0.852709, -0.00485263, -0.99972, -0.0231726, 1.01849, 0, 0, 0, 1
-0.999549, 0.00421123, 0.0297421, 0.29085, -0.0296352, 0.0235058, -0.999284, 0.852749, -0.00490732, -0.999715, -0.0233704, 1.01846, 0, 0, 0, 1
-0.999541, 0.00425404, 0.0300081, 0.290849, -0.0298991, 0.0237071, -0.999272, 0.85279, -0.00496235, -0.99971, -0.023569, 1.01843, 0, 0, 0, 1
-0.999532, 0.00429703, 0.0302753, 0.290848, -0.0301642, 0.0239092, -0.999259, 0.85283, -0.00501771, -0.999705, -0.0237684, 1.0184, 0, 0, 0, 1
-0.999524, 0.00434019, 0.0305436, 0.290848, -0.0304304, 0.0241122, -0.999246, 0.852871, -0.00507339, -0.9997, -0.0239687, 1.01837, 0, 0, 0, 1
-0.999516, 0.00438352, 0.0308131, 0.290847, -0.0306977, 0.0243161, -0.999233, 0.852912, -0.00512942, -0.999695, -0.0241698, 1.01835, 0, 0, 0, 1
-0.999507, 0.00442702, 0.0310837, 0.290846, -0.0309662, 0.0245209, -0.99922, 0.852953, -0.00518577, -0.99969, -0.0243717, 1.01832, 0, 0, 0, 1
-0.999498, 0.0044707, 0.0313555, 0.290846, -0.0312358, 0.0247266, -0.999206, 0.852995, -0.00524246, -0.999684, -0.0245745, 1.01829, 0, 0, 0, 1
-0.999489, 0.00451454, 0.0316285, 0.290845, -0.0315064, 0.0249331, -0.999193, 0.853037, -0.00529949, -0.999679, -0.0247782, 1.01826, 0, 0, 0, 1
-0.999481, 0.00455855, 0.0319026, 0.290844, -0.0317783, 0.0251405, -0.999179, 0.853078, -0.00535685, -0.999674, -0.0249826, 1.01823, 0, 0, 0, 1
-0.999472, 0.00460273, 0.0321778, 0.290844, -0.0320512, 0.0253488, -0.999165, 0.85312, -0.00541456, -0.999668, -0.0251879, 1.0182, 0, 0, 0, 1
-0.999462, 0.00464708, 0.0324542, 0.290843, -0.0323252, 0.025558, -0.999151, 0.853162, -0.0054726, -0.999663, -0.025394, 1.01817, 0, 0, 0, 1
-0.999453, 0.00469161, 0.0327317, 0.290842, -0.0326004, 0.025768, -0.999136, 0.853205, -0.00553099, -0.999657, -0.025601, 1.01814, 0, 0, 0, 1
-0.999444, 0.0047363, 0.0330104, 0.290842, -0.0328767, 0.0259789, -0.999122, 0.853247, -0.00558971, -0.999651, -0.0258087, 1.01811, 0, 0, 0, 1
-0.999434, 0.00478116, 0.0332903, 0.290841, -0.0331541, 0.0261907, -0.999107, 0.85329, -0.00564878, -0.999646, -0.0260174, 1.01808, 0, 0, 0, 1
-0.999425, 0.00482619, 0.0335713, 0.29084, -0.0334326, 0.0264034, -0.999092, 0.853333, -0.0057082, -0.99964, -0.0262268, 1.01805, 0, 0, 0, 1
-0.999415, 0.00487139, 0.0338534, 0.29084, -0.0337122, 0.0266169, -0.999077, 0.853376, -0.00576796, -0.999634, -0.0264371, 1.01802, 0, 0, 0, 1
-0.999405, 0.00491675, 0.0341367, 0.290839, -0.033993, 0.0268313, -0.999062, 0.853419, -0.00582807, -0.999628, -0.0266482, 1.01799, 0, 0, 0, 1
-0.999395, 0.00496229, 0.0344212, 0.290838, -0.0342749, 0.0270466, -0.999046, 0.853462, -0.00588853, -0.999622, -0.0268601, 1.01796, 0, 0, 0, 1
-0.999385, 0.00500799, 0.0347068, 0.290837, -0.0345578, 0.0272627, -0.999031, 0.853506, -0.00594934, -0.999616, -0.0270729, 1.01793, 0, 0, 0, 1
-0.999375, 0.00505386, 0.0349935, 0.290837, -0.0348419, 0.0274798, -0.999015, 0.85355, -0.0060105, -0.99961, -0.0272865, 1.01789, 0, 0, 0, 1
-0.999364, 0.0050999, 0.0352814, 0.290836, -0.0351272, 0.0276977, -0.998999, 0.853594, -0.00607201, -0.999603, -0.0275009, 1.01786, 0, 0, 0, 1
-0.999354, 0.00514611, 0.0355705, 0.290835, -0.0354135, 0.0279165, -0.998983, 0.853638, -0.00613387, -0.999597, -0.0277162, 1.01783, 0, 0, 0, 1
-0.999343, 0.00519248, 0.0358607, 0.290835, -0.0357009, 0.0281361, -0.998966, 0.853682, -0.00619609, -0.999591, -0.0279323, 1.0178, 0, 0, 0, 1
-0.999333, 0.00523902, 0.036152, 0.290834, -0.0359895, 0.0283567, -0.99895, 0.853726, -0.00625867, -0.999584, -0.0281492, 1.01777, 0, 0, 0, 1
-0.999322, 0.00528573, 0.0364445, 0.290833, -0.0362792, 0.0285781, -0.998933, 0.853771, -0.0063216, -0.999578, -0.028367, 1.01774, 0, 0, 0, 1
-0.999311, 0.0053326, 0.0367381, 0.290832, -0.0365699, 0.0288004, -0.998916, 0.853816, -0.0063849, -0.999571, -0.0285855, 1.01771, 0, 0, 0, 1
-0.9993, 0.00537965, 0.0370329, 0.290831, -0.0368618, 0.0290236, -0.998899, 0.853861, -0.00644855, -0.999564, -0.0288049, 1.01768, 0, 0, 0, 1
-0.999288, 0.00542685, 0.0373289, 0.290831, -0.0371549, 0.0292476, -0.998881, 0.853906, -0.00651256, -0.999557, -0.0290251, 1.01764, 0, 0, 0, 1
-0.999277, 0.00547423, 0.037626, 0.29083, -0.037449, 0.0294725, -0.998864, 0.853952, -0.00657694, -0.999551, -0.0292462, 1.01761, 0, 0, 0, 1
-0.999265, 0.00552177, 0.0379242, 0.290829, -0.0377442, 0.0296983, -0.998846, 0.853997, -0.00664168, -0.999544, -0.0294681, 1.01758, 0, 0, 0, 1
-0.999254, 0.00556947, 0.0382236, 0.290828, -0.0380406, 0.029925, -0.998828, 0.854043, -0.00670679, -0.999537, -0.0296908, 1.01755, 0, 0, 0, 1
-0.999242, 0.00561735, 0.0385242, 0.290827, -0.038338, 0.0301525, -0.99881, 0.854089, -0.00677226, -0.99953, -0.0299143, 1.01752, 0, 0, 0, 1
-0.99923, 0.00566538, 0.0388259, 0.290827, -0.0386366, 0.0303809, -0.998791, 0.854135, -0.0068381, -0.999522, -0.0301387, 1.01748, 0, 0, 0, 1
-0.999218, 0.00571358, 0.0391287, 0.290826, -0.0389363, 0.0306102, -0.998773, 0.854181, -0.00690431, -0.999515, -0.0303638, 1.01745, 0, 0, 0, 1
-0.999206, 0.00576195, 0.0394327, 0.290825, -0.039237, 0.0308404, -0.998754, 0.854228, -0.00697089, -0.999508, -0.0305898, 1.01742, 0, 0, 0, 1
-0.999193, 0.00581048, 0.0397378, 0.290824, -0.0395389, 0.0310715, -0.998735, 0.854274, -0.00703784, -0.9995, -0.0308166, 1.01739, 0, 0, 0, 1
-0.999181, 0.00585918, 0.0400441, 0.290823, -0.0398419, 0.0313034, -0.998716, 0.854321, -0.00710517, -0.999493, -0.0310443, 1.01735, 0, 0, 0, 1
-0.999168, 0.00590804, 0.0403516, 0.290822, -0.040146, 0.0315362, -0.998696, 0.854368, -0.00717287, -0.999485, -0.0312728, 1.01732, 0, 0, 0, 1
-0.999155, 0.00595706, 0.0406602, 0.290822, -0.0404513, 0.0317698, -0.998676, 0.854415, -0.00724094, -0.999477, -0.031502, 1.01729, 0, 0, 0, 1
-0.999142, 0.00600625, 0.0409699, 0.290821, -0.0407576, 0.0320044, -0.998656, 0.854463, -0.00730939, -0.99947, -0.0317321, 1.01725, 0, 0, 0, 1
-0.999129, 0.0060556, 0.0412808, 0.29082, -0.041065, 0.0322398, -0.998636, 0.85451, -0.00737823, -0.999462, -0.0319631, 1.01722, 0, 0, 0, 1
-0.999116, 0.00610511, 0.0415928, 0.290819, -0.0413736, 0.0324761, -0.998616, 0.854558, -0.00744744, -0.999454, -0.0321948, 1.01719, 0, 0, 0, 1
-0.999103, 0.00615479, 0.041906, 0.290818, -0.0416832, 0.0327133, -0.998595, 0.854606, -0.00751703, -0.999446, -0.0324274, 1.01715, 0, 0, 0, 1
-0.999089, 0.00620463, 0.0422203, 0.290817, -0.0419939, 0.0329513, -0.998574, 0.854654, -0.007587, -0.999438, -0.0326608, 1.01712, 0, 0, 0, 1
-0.999075, 0.00625464, 0.0425358, 0.290816, -0.0423058, 0.0331903, -0.998553, 0.854702, -0.00765736, -0.999429, -0.032895, 1.01709, 0, 0, 0, 1
-0.999062, 0.0063048, 0.0428524, 0.290815, -0.0426188, 0.0334301, -0.998532, 0.854751, -0.00772811, -0.999421, -0.03313, 1.01705, 0, 0, 0, 1
-0.999048, 0.00635513, 0.0431702, 0.290814, -0.0429328, 0.0336708, -0.99851, 0.854799, -0.00779924, -0.999413, -0.0333658, 1.01702, 0, 0, 0, 1
