-0.999999, -0.000797434, -0.000797196, 0.290901, 0.000796858, 0.000424669, -1, 0.848124, 0.000797772, -1, -0.000424033, 1.02183, 0, 0, 0, 1
-0.999999, -0.000797484, -0.000797402, 0.290901, 0.000797063, 0.000425321, -1, 0.848124, 0.000797822, -1, -0.000424685, 1.02183, 0, 0, 0, 1
-0.999999, -0.000797632, -0.000798018, 0.290901, 0.000797677, 0.000427277, -1, 0.848124, 0.000797973, -1, -0.000426641, 1.02183, 0, 0, 0, 1
-0.999999, -0.000797879, -0.000799046, 0.290901, 0.000798702, 0.000430538, -1, 0.848125, 0.000798223, -1, -0.0004299, 1.02183, 0, 0, 0, 1
-0.999999, -0.000798225, -0.000800484, 0.2909, 0.000800137, 0.000435103, -1, 0.848125, 0.000798573, -1, -0.000434464, 1.02183, 0, 0, 0, 1
-0.999999, -0.00079867, -0.000802334, 0.2909, 0.000801982, 0.000440972, -1, 0.848126, 0.000799023, -1, -0.000440331, 1.02183, 0, 0, 0, 1
-0.999999, -0.000799213, -0.000804595, 0.2909, 0.000804237, 0.000448145, -1, 0.848126, 0.000799574, -1, -0.000447502, 1.02183, 0, 0, 0, 1
-0.999999, -0.000799856, -0.000807267, 0.290899, 0.000806901, 0.000456623, -1, 0.848127, 0.000800224, -1, -0.000455977, 1.02183, 0, 0, 0, 1
-0.999999, -0.000800597, -0.000810349, 0.290899, 0.000809976, 0.000466404, -1, 0.848128, 0.000800975, -1, -0.000465756, 1.02183, 0, 0, 0, 1
-0.999999, -0.000801437, -0.000813843, 0.290898, 0.000813461, 0.00047749, -1, 0.848129, 0.000801826, -1, -0.000476838, 1.02183, 0, 0, 0, 1
-0.999999, -0.000802377, -0.000817748, 0.290897, 0.000817355, 0.00048988, -1, 0.84813, 0.000802777, -1, -0.000489224, 1.02183, 0, 0, 0, 1
-0.999999, -0.000803415, -0.000822064, 0.290897, 0.00082166, 0.000503575, -1, 0.848132, 0.000803828, -1, -0.000502914, 1.02183, 0, 0, 0, 1
-0.999999, -0.000804552, -0.000826791, 0.290896, 0.000826374, 0.000518574, -1, 0.848133, 0.00080498, -1, -0.000517908, 1.02183, 0, 0, 0, 1
-0.999999, -0.000805787, -0.000831929, 0.290895, 0.000831498, 0.000534876, -1, 0.848135, 0.000806232, -1, -0.000534206, 1.02183, 0, 0, 0, 1
-0.999999, -0.000807122, -0.000837478, 0.290894, 0.000837032, 0.000552484, -0.999999, 0.848136, 0.000807585, -1, -0.000551808, 1.02183, 0, 0, 0, 1
-0.999999, -0.000808556, -0.000843438, 0.290893, 0.000842976, 0.000571395, -0.999999, 0.848138, 0.000809038, -1, -0.000570713, 1.02183, 0, 0, 0, 1
-0.999999, -0.000810089, -0.000849809, 0.290892, 0.00084933, 0.000591611, -0.999999, 0.84814, 0.000810591, -0.999999, -0.000590922, 1.02183, 0, 0, 0, 1
-0.999999, -0.000811721, -0.000856591, 0.290891, 0.000856094, 0.00061313, -0.999999, 0.848142, 0.000812245, -0.999999, -0.000612435, 1.02183, 0, 0, 0, 1
-0.999999, -0.000813451, -0.000863784, 0.290889, 0.000863267, 0.000635954, -0.999999, 0.848144, 0.000814, -0.999999, -0.000635252, 1.02183, 0, 0, 0, 1
-0.999999, -0.000815281, -0.000871389, 0.290888, 0.000870851, 0.000660083, -0.999999, 0.848147, 0.000815856, -0.999999, -0.000659372, 1.02183, 0, 0, 0, 1
-0.999999, -0.00081721, -0.000879404, 0.290887, 0.000878844, 0.000685515, -0.999999, 0.848149, 0.000817812, -0.999999, -0.000684796, 1.02183, 0, 0, 0, 1
-0.999999, -0.000819238, -0.00088783, 0.290885, 0.000887247, 0.000712252, -0.999999, 0.848152, 0.00081987, -0.999999, -0.000711524, 1.02183, 0, 0, 0, 1
-0.999999, -0.000821365, -0.000896668, 0.290884, 0.00089606, 0.000740293, -0.999999, 0.848154, 0.000822028, -0.999999, -0.000739556, 1.02183, 0, 0, 0, 1
-0.999999, -0.000823592, -0.000905916, 0.290882, 0.000905282, 0.000769638, -0.999999, 0.848157, 0.000824288, -0.999999, -0.000768891, 1.02183, 0, 0, 0, 1
-0.999999, -0.000825917, -0.000915575, 0.29088, 0.000914914, 0.000800287, -0.999999, 0.84816, 0.000826649, -0.999999, -0.000799531, 1.02183, 0, 0, 0, 1
-0.999999, -0.000828342, -0.000925646, 0.290879, 0.000924956, 0.00083224, -0.999999, 0.848163, 0.000829111, -0.999999, -0.000831474, 1.02183, 0, 0, 0, 1
-0.999999, -0.000830865, -0.000936127, 0.290877, 0.000935408, 0.000865498, -0.999999, 0.848166, 0.000831675, -0.999999, -0.00086472, 1.02183, 0, 0, 0, 1
-0.999999, -0.000833489, -0.00094702, 0.290875, 0.00094627, 0.00090006, -0.999999, 0.848169, 0.00083434, -0.999999, -0.000899271, 1.02183, 0, 0, 0, 1
-0.999999, -0.000836211, -0.000958324, 0.290873, 0.000957541, 0.000935926, -0.999999, 0.848173, 0.000837107, -0.999999, -0.000935125, 1.02183, 0, 0, 0, 1
-0.999999, -0.000839033, -0.000970038, 0.290871, 0.000969222, 0.000973096, -0.999999, 0.848176, 0.000839976, -0.999999, -0.000972282, 1.02183, 0, 0, 0, 1
-0.999999, -0.000841954, -0.000982164, 0.290869, 0.000981312, 0.00101157, -0.999999, 0.84818, 0.000842947, -0.999999, -0.00101074, 1.02183, 0, 0, 0, 1
-0.999999, -0.000844974, -0.0009947, 0.290867, 0.000993812, 0.00105135, -0.999999, 0.848184, 0.000846019, -0.999999, -0.00105051, 1.02183, 0, 0, 0, 1
-0.999999, -0.000848094, -0.00100765, 0.290864, 0.00100672, 0.00109243, -0.999999, 0.848188, 0.000849194, -0.999999, -0.00109158, 1.02183, 0, 0, 0, 1
-0.999999, -0.000851314, -0.00102101, 0.290862, 0.00102004, 0.00113482, -0.999999, 0.848192, 0.000852472, -0.999999, -0.00113395, 1.02183, 0, 0, 0, 1
-0.999999, -0.000854633, -0.00103478, 0.29086, 0.00103377, 0.00117851, -0.999999, 0.848196, 0.000855851, -0.999999, -0.00117763, 1.02183, 0, 0, 0, 1
-0.999999, -0.000858052, -0.00104896, 0.290857, 0.00104791, 0.00122351, -0.999999, 0.8482, 0.000859334, -0.999999, -0.00122261, 1.02183, 0, 0, 0, 1
-0.999999, -0.00086157, -0.00106355, 0.290855, 0.00106246, 0.00126981, -0.999999, 0.848205, 0.000862919, -0.999999, -0.00126889, 1.02183, 0, 0, 0, 1
-0.999999, -0.000865188, -0.00107855, 0.290852, 0.00107741, 0.00131741, -0.999999, 0.848209, 0.000866607, -0.999999, -0.00131648, 1.02183, 0, 0, 0, 1
-0.999999, -0.000868905, -0.00109397, 0.290849, 0.00109278, 0.00136632, -0.999998, 0.848214, 0.000870399, -0.999999, -0.00136537, 1.02183, 0, 0, 0, 1
-0.999999, -0.000872723, -0.00110979, 0.290847, 0.00110855, 0.00141653, -0.999998, 0.848219, 0.000874293, -0.999999, -0.00141556, 1.02183, 0, 0, 0, 1
-0.999999, -0.00087664, -0.00112603, 0.290844, 0.00112474, 0.00146805, -0.999998, 0.848224, 0.000878291, -0.999999, -0.00146706, 1.02183, 0, 0, 0, 1
-0.999999, -0.000880657, -0.00114267, 0.290841, 0.00114133, 0.00152087, -0.999998, 0.848229, 0.000882393, -0.999998, -0.00151986, 1.02183, 0, 0, 0, 1
-0.999999, -0.000884774, -0.00115973, 0.290838, 0.00115834, 0.00157499, -0.999998, 0.848234, 0.000886599, -0.999998, -0.00157396, 1.02183, 0, 0, 0, 1
-0.999999, -0.000888991, -0.0011772, 0.290835, 0.00117575, 0.00163042, -0.999998, 0.848239, 0.000890908, -0.999998, -0.00162937, 1.02183, 0, 0, 0, 1
-0.999999, -0.000893307, -0.00119508, 0.290832, 0.00119357, 0.00168715, -0.999998, 0.848244, 0.000895322, -0.999998, -0.00168608, 1.02183, 0, 0, 0, 1
-0.999999, -0.000897724, -0.00121337, 0.290828, 0.00121181, 0.00174519, -0.999998, 0.84825, 0.00089984, -0.999998, -0.0017441, 1.02183, 0, 0, 0, 1
-0.999999, -0.000902241, -0.00123208, 0.290825, 0.00123045, 0.00180453, -0.999998, 0.848256, 0.000904463, -0.999998, -0.00180342, 1.02183, 0, 0, 0, 1
-0.999999, -0.000906859, -0.00125119, 0.290822, 0.0012495, 0.00186517, -0.999997, 0.848261, 0.00090919, -0.999998, -0.00186404, 1.02183, 0, 0, 0, 1
-0.999999, -0.000911576, -0.00127071, 0.290818, 0.00126895, 0.00192712, -0.999997, 0.848267, 0.000914023, -0.999998, -0.00192597, 1.02183, 0, 0, 0, 1
-0.999999, -0.000916394, -0.00129065, 0.290815, 0.00128882, 0.00199038, -0.999997, 0.848273, 0.00091896, -0.999998, -0.00198919, 1.02183, 0, 0, 0, 1
-0.999999, -0.000921312, -0.00131099, 0.290811, 0.0013091, 0.00205494, -0.999997, 0.84828, 0.000924003, -0.999997, -0.00205373, 1.02183, 0, 0, 0, 1
-0.999999, -0.000926331, -0.00133175, 0.290808, 0.00132979, 0.0021208, -0.999997, 0.848286, 0.000929152, -0.999997, -0.00211956, 1.02183, 0, 0, 0, 1
-0.999999, -0.00093145, -0.00135292, 0.290804, 0.00135088, 0.00218796, -0.999997, 0.848292, 0.000934407, -0.999997, -0.0021867, 1.02183, 0, 0, 0, 1
-0.999999, -0.00093667, -0.0013745, 0.2908, 0.00137238, 0.00225643, -0.999997, 0.848299, 0.000939768, -0.999997, -0.00225514, 1.02183, 0, 0, 0, 1
-0.999999, -0.00094199, -0.00139649, 0.290797, 0.0013943, 0.00232621, -0.999996, 0.848305, 0.000945235, -0.999997, -0.00232489, 1.02183, 0, 0, 0, 1
-0.999999, -0.000947411, -0.00141889, 0.290793, 0.00141662, 0.00239728, -0.999996, 0.848312, 0.000950809, -0.999997, -0.00239594, 1.02183, 0, 0, 0, 1
-0.999999, -0.000952932, -0.00144171, 0.290789, 0.00143935, 0.00246967, -0.999996, 0.848319, 0.000956489, -0.999996, -0.00246829, 1.02183, 0, 0, 0, 1
-0.999998, -0.000958555, -0.00146493, 0.290785, 0.00146249, 0.00254335, -0.999996, 0.848326, 0.000962277, -0.999996, -0.00254195, 1.02183, 0, 0, 0, 1
-0.999998, -0.000964279, -0.00148856, 0.290781, 0.00148603, 0.00261834, -0.999995, 0.848333, 0.000968172, -0.999996, -0.00261691, 1.02183, 0, 0, 0, 1
-0.999998, -0.000970103, -0.00151261, 0.290776, 0.00150999, 0.00269464, -0.999995, 0.848341, 0.000974174, -0.999996, -0.00269317, 1.02183, 0, 0, 0, 1
-0.999998, -0.000976028, -0.00153707, 0.290772, 0.00153436, 0.00277223, -0.999995, 0.848348, 0.000980285, -0.999996, -0.00277073, 1.02183, 0, 0, 0, 1
-0.999998, -0.000982055, -0.00156193, 0.290768, 0.00155913, 0.00285114, -0.999995, 0.848355, 0.000986503, -0.999995, -0.0028496, 1.02183, 0, 0, 0, 1
-0.999998, -0.000988183, -0.00158721, 0.290763, 0.00158431, 0.00293134, -0.999994, 0.848363, 0.00099283, -0.999995, -0.00292977, 1.02183, 0, 0, 0, 1
-0.999998, -0.000994412, -0.0016129, 0.290759, 0.0016099, 0.00301285, -0.999994, 0.848371, 0.000999266, -0.999995, -0.00301125, 1.02183, 0, 0, 0, 1
-0.999998, -0.00100074, -0.001639, 0.290754, 0.0016359, 0.00309567, -0.999994, 0.848379, 0.00100581, -0.999995, -0.00309403, 1.02183, 0, 0, 0, 1
-0.999998, -0.00100717, -0.00166552, 0.29075, 0.00166231, 0.00317979, -0.999994, 0.848387, 0.00101246, -0.999994, -0.00317811, 1.02183, 0, 0, 0, 1
-0.999998, -0.00101371, -0.00169244, 0.290745, 0.00168912, 0.00326521, -0.999993, 0.848395, 0.00101923, -0.999994, -0.00326349, 1.02183, 0, 0, 0, 1
-0.999998, -0.00102034, -0.00171977, 0.29074, 0.00171634, 0.00335193, -0.999993, 0.848403, 0.0010261, -0.999994, -0.00335018, 1.02183, 0, 0, 0, 1
-0.999998, -0.00102708, -0.00174752, 0.290735, 0.00174398, 0.00343997, -0.999993, 0.848412, 0.00103308, -0.999994, -0.00343817, 1.02183, 0, 0, 0, 1
-0.999998, -0.00103392, -0.00177567, 0.29073, 0.00177201, 0.0035293, -0.999992, 0.84842, 0.00104018, -0.999993, -0.00352746, 1.02183, 0, 0, 0, 1
-0.999998, -0.00104086, -0.00180424, 0.290725, 0.00180046, 0.00361994, -0.999992, 0.848429, 0.00104738, -0.999993, -0.00361806, 1.02183, 0, 0, 0, 1
-0.999998, -0.0010479, -0.00183322, 0.29072, 0.00182932, 0.00371188, -0.999991, 0.848438, 0.0010547, -0.999993, -0.00370995, 1.02183, 0, 0, 0, 1
-0.999998, -0.00105505, -0.00186261, 0.290715, 0.00185858, 0.00380513, -0.999991, 0.848446, 0.00106212, -0.999992, -0.00380316, 1.02183, 0, 0, 0, 1
-0.999998, -0.00106229, -0.00189241, 0.29071, 0.00188825, 0.00389968, -0.999991, 0.848455, 0.00106966, -0.999992, -0.00389766, 1.02183, 0, 0, 0, 1
-0.999998, -0.00106964, -0.00192262, 0.290705, 0.00191833, 0.00399553, -0.99999, 0.848465, 0.00107731, -0.999991, -0.00399347, 1.02183, 0, 0, 0, 1
-0.999998, -0.00107709, -0.00195324, 0.290699, 0.00194882, 0.00409269, -0.99999, 0.848474, 0.00108507, -0.999991, -0.00409058, 1.02183, 0, 0, 0, 1
-0.999997, -0.00108465, -0.00198428, 0.290694, 0.00197971, 0.00419115, -0.999989, 0.848483, 0.00109295, -0.999991, -0.00418899, 1.02182, 0, 0, 0, 1
-0.999997, -0.0010923, -0.00201572, 0.290689, 0.00201102, 0.00429092, -0.999989, 0.848493, 0.00110094, -0.99999, -0.00428871, 1.02182, 0, 0, 0, 1
-0.999997, -0.00110006, -0.00204758, 0.290683, 0.00204273, 0.00439199, -0.999988, 0.848502, 0.00110904, -0.99999, -0.00438973, 1.02182, 0, 0, 0, 1
-0.999997, -0.00110792, -0.00207984, 0.290677, 0.00207484, 0.00449436, -0.999988, 0.848512, 0.00111725, -0.999989, -0.00449205, 1.02182, 0, 0, 0, 1
-0.999997, -0.00111589, -0.00211252, 0.290672, 0.00210737, 0.00459804, -0.999987, 0.848522, 0.00112558, -0.999989, -0.00459567, 1.02182, 0, 0, 0, 1
-0.999997, -0.00112395, -0.00214561, 0.290666, 0.0021403, 0.00470302, -0.999987, 0.848532, 0.00113403, -0.999988, -0.0047006, 1.02182, 0, 0, 0, 1
-0.999997, -0.00113212, -0.00217911, 0.29066, 0.00217364, 0.0048093, -0.999986, 0.848542, 0.00114259, -0.999988, -0.00480683, 1.02182, 0, 0, 0, 1
-0.999997, -0.0011404, -0.00221302, 0.290654, 0.00220739, 0.00491689, -0.999985, 0.848553, 0.00115126, -0.999987, -0.00491436, 1.02182, 0, 0, 0, 1
-0.999997, -0.00114877, -0.00224734, 0.290648, 0.00224154, 0.00502578, -0.999985, 0.848563, 0.00116005, -0.999987, -0.00502319, 1.02182, 0, 0, 0, 1
-0.999997, -0.00115725, -0.00228207, 0.290642, 0.0022761, 0.00513598, -0.999984, 0.848574, 0.00116895, -0.999986, -0.00513333, 1.02182, 0, 0, 0, 1
-0.999997, -0.00116583, -0.00231722, 0.290636, 0.00231107, 0.00524748, -0.999984, 0.848584, 0.00117797, -0.999986, -0.00524477, 1.02182, 0, 0, 0, 1
-0.999997, -0.00117452, -0.00235277, 0.29063, 0.00234644, 0.00536029, -0.999983, 0.848595, 0.00118711, -0.999985, -0.00535751, 1.02182, 0, 0, 0, 1
-0.999996, -0.00118331, -0.00238874, 0.290623, 0.00238223, 0.00547439, -0.999982, 0.848606, 0.00119637, -0.999984, -0.00547155, 1.02182, 0, 0, 0, 1
-0.999996, -0.00119221, -0.00242512, 0.290617, 0.00241842, 0.0055898, -0.999981, 0.848617, 0.00120574, -0.999984, -0.0055869, 1.02182, 0, 0, 0, 1
-0.999996, -0.0012012, -0.0024619, 0.290611, 0.00245501, 0.00570652, -0.999981, 0.848628, 0.00121523, -0.999983, -0.00570355, 1.02182, 0, 0, 0, 1
-0.999996, -0.00121031, -0.0024991, 0.290604, 0.00249201, 0.00582454, -0.99998, 0.848639, 0.00122484, -0.999982, -0.0058215, 1.02182, 0, 0, 0, 1
-0.999996, -0.00121951, -0.00253671, 0.290598, 0.00252942, 0.00594386, -0.999979, 0.848651, 0.00123456, -0.999982, -0.00594075, 1.02182, 0, 0, 0, 1
-0.999996, -0.00122882, -0.00257473, 0.290591, 0.00256724, 0.00606449, -0.999978, 0.848662, 0.00124441, -0.999981, -0.00606131, 1.02182, 0, 0, 0, 1
-0.999996, -0.00123824, -0.00261317, 0.290584, 0.00260546, 0.00618642, -0.999977, 0.848674, 0.00125437, -0.99998, -0.00618317, 1.02182, 0, 0, 0, 1
-0.999996, -0.00124776, -0.00265201, 0.290577, 0.00264409, 0.00630965, -0.999977, 0.848686, 0.00126446, -0.999979, -0.00630633, 1.02182, 0, 0, 0, 1
-0.999996, -0.00125738, -0.00269126, 0.290571, 0.00268312, 0.00643419, -0.999976, 0.848698, 0.00127466, -0.999979, -0.00643079, 1.02182, 0, 0, 0, 1
-0.999995, -0.00126711, -0.00273093, 0.290564, 0.00272256, 0.00656003, -0.999975, 0.84871, 0.00128499, -0.999978, -0.00655655, 1.02182, 0, 0, 0, 1
-0.999995, -0.00127694, -0.00277101, 0.290557, 0.00276241, 0.00668718, -0.999974, 0.848722, 0.00129544, -0.999977, -0.00668362, 1.02182, 0, 0, 0, 1
-0.999995, -0.00128688, -0.00281149, 0.29055, 0.00280266, 0.00681563, -0.999973, 0.848734, 0.00130601, -0.999976, -0.00681199, 1.02182, 0, 0, 0, 1
-0.999995, -0.00129692, -0.00285239, 0.290542, 0.00284332, 0.00694538, -0.999972, 0.848746, 0.0013167, -0.999975, -0.00694166, 1.02182, 0, 0, 0, 1
-0.999995, -0.00130707, -0.0028937, 0.290535, 0.00288438, 0.00707643, -0.999971, 0.848759, 0.00132751, -0.999974, -0.00707263, 1.02182, 0, 0, 0, 1
-0.999995, -0.00131732, -0.00293542, 0.290528, 0.00292585, 0.00720879, -0.99997, 0.848772, 0.00133845, -0.999973, -0.0072049, 1.02182, 0, 0, 0, 1
-0.999995, -0.00132768, -0.00297755, 0.290521, 0.00296773, 0.00734246, -0.999969, 0.848784, 0.0013495, -0.999972, -0.00733848, 1.02182, 0, 0, 0, 1
-0.999995, -0.00133815, -0.0030201, 0.290513, 0.00301001, 0.00747742, -0.999968, 0.848797, 0.00136069, -0.999971, -0.00747335, 1.02182, 0, 0, 0, 1
-0.999994, -0.00134872, -0.00306305, 0.290506, 0.0030527, 0.00761369, -0.999966, 0.84881, 0.00137199, -0.99997, -0.00760953, 1.02182, 0, 0, 0, 1
-0.999994, -0.0013594, -0.00310642, 0.290498, 0.00309579, 0.00775127, -0.999965, 0.848824, 0.00138343, -0.999969, -0.00774701, 1.02182, 0, 0, 0, 1
-0.999994, -0.00137018, -0.00315019, 0.29049, 0.00313929, 0.00789014, -0.999964, 0.848837, 0.00139498, -0.999968, -0.00788579, 1.02182, 0, 0, 0, 1
-0.999994, -0.00138107, -0.00319438, 0.290483, 0.00318319, 0.00803032, -0.999963, 0.84885, 0.00140667, -0.999967, -0.00802588, 1.02182, 0, 0, 0, 1
-0.999994, -0.00139206, -0.00323898, 0.290475, 0.0032275, 0.00817181, -0.999961, 0.848864, 0.00141848, -0.999966, -0.00816726, 1.02182, 0, 0, 0, 1
-0.999994, -0.00140316, -0.00328399, 0.290467, 0.00327221, 0.00831459, -0.99996, 0.848877, 0.00143041, -0.999964, -0.00830995, 1.02182, 0, 0, 0, 1
-0.999993, -0.00141437, -0.00332941, 0.290459, 0.00331733, 0.00845868, -0.999959, 0.848891, 0.00144247, -0.999963, -0.00845394, 1.02182, 0, 0, 0, 1
-0.999993, -0.00142568, -0.00337524, 0.290451, 0.00336285, 0.00860408, -0.999957, 0.848905, 0.00145466, -0.999962, -0.00859923, 1.02182, 0, 0, 0, 1
-0.999993, -0.0014371, -0.00342148, 0.290443, 0.00340878, 0.00875078, -0.999956, 0.848919, 0.00146698, -0.999961, -0.00874582, 1.02182, 0, 0, 0, 1
-0.999993, -0.00144863, -0.00346814, 0.290435, 0.00345511, 0.00889878, -0.999954, 0.848933, 0.00147943, -0.999959, -0.00889371, 1.02182, 0, 0, 0, 1
-0.999993, -0.00146027, -0.0035152, 0.290427, 0.00350185, 0.00904808, -0.999953, 0.848948, 0.00149201, -0.999958, -0.0090429, 1.02182, 0, 0, 0, 1
-0.999993, -0.00147201, -0.00356268, 0.290418, 0.00354899, 0.00919869, -0.999951, 0.848962, 0.00150471, -0.999957, -0.0091934, 1.02182, 0, 0, 0, 1
-0.999992, -0.00148386, -0.00361056, 0.29041, 0.00359654, 0.0093506, -0.99995, 0.848977, 0.00151755, -0.999955, -0.00934519, 1.02182, 0, 0, 0, 1
-0.999992, -0.00149582, -0.00365886, 0.290401, 0.00364449, 0.00950381, -0.999948, 0.848991, 0.00153051, -0.999954, -0.00949829, 1.02182, 0, 0, 0, 1
-0.999992, -0.00150788, -0.00370757, 0.290393, 0.00369284, 0.00965833, -0.999947, 0.849006, 0.00154361, -0.999952, -0.00965269, 1.02182, 0, 0, 0, 1
-0.999992, -0.00152006, -0.00375669, 0.290384, 0.0037416, 0.00981415, -0.999945, 0.849021, 0.00155684, -0.999951, -0.00980838, 1.02182, 0, 0, 0, 1
-0.999992, -0.00153234, -0.00380622, 0.290376, 0.00379076, 0.00997128, -0.999943, 0.849036, 0.0015702, -0.999949, -0.00996538, 1.02182, 0, 0, 0, 1
-0.999991, -0.00154473, -0.00385617, 0.290367, 0.00384033, 0.0101297, -0.999941, 0.849051, 0.0015837, -0.999948, -0.0101237, 1.02182, 0, 0, 0, 1
-0.999991, -0.00155722, -0.00390652, 0.290358, 0.00389029, 0.0102894, -0.999939, 0.849067, 0.00159732, -0.999946, -0.0102833, 1.02182, 0, 0, 0, 1
-0.999991, -0.00156983, -0.00395728, 0.290349, 0.00394067, 0.0104505, -0.999938, 0.849082, 0.00161109, -0.999944, -0.0104442, 1.02182, 0, 0, 0, 1
-0.999991, -0.00158254, -0.00400846, 0.29034, 0.00399144, 0.0106128, -0.999936, 0.849098, 0.00162498, -0.999942, -0.0106064, 1.02182, 0, 0, 0, 1
-0.99999, -0.00159537, -0.00406005, 0.290331, 0.00404262, 0.0107764, -0.999934, 0.849113, 0.00163901, -0.999941, -0.0107699, 1.02181, 0, 0, 0, 1
-0.99999, -0.0016083, -0.00411205, 0.290322, 0.00409421, 0.0109414, -0.999932, 0.849129, 0.00165318, -0.999939, -0.0109347, 1.02181, 0, 0, 0, 1
-0.99999, -0.00162134, -0.00416445, 0.290313, 0.00414619, 0.0111076, -0.99993, 0.849145, 0.00166748, -0.999937, -0.0111008, 1.02181, 0, 0, 0, 1
-0.99999, -0.00163449, -0.00421727, 0.290304, 0.00419858, 0.0112752, -0.999928, 0.849161, 0.00168192, -0.999935, -0.0112682, 1.02181, 0, 0, 0, 1
-0.99999, -0.00164775, -0.00427051, 0.290294, 0.00425138, 0.011444, -0.999925, 0.849177, 0.0016965, -0.999933, -0.0114369, 1.02181, 0, 0, 0, 1
-0.999989, -0.00166112, -0.00432415, 0.290285, 0.00430457, 0.0116142, -0.999923, 0.849194, 0.00171121, -0.999931, -0.0116069, 1.02181, 0, 0, 0, 1
-0.999989, -0.0016746, -0.0043782, 0.290275, 0.00435817, 0.0117856, -0.999921, 0.84921, 0.00172607, -0.999929, -0.0117782, 1.02181, 0, 0, 0, 1
-0.999989, -0.00168819, -0.00443267, 0.290266, 0.00441217, 0.0119584, -0.999919, 0.849227, 0.00174106, -0.999927, -0.0119508, 1.02181, 0, 0, 0, 1
-0.999988, -0.00170189, -0.00448754, 0.290256, 0.00446657, 0.0121325, -0.999916, 0.849243, 0.00175619, -0.999925, -0.0121247, 1.02181, 0, 0, 0, 1
-0.999988, -0.0017157, -0.00454283, 0.290247, 0.00452138, 0.0123078, -0.999914, 0.84926, 0.00177146, -0.999923, -0.0122999, 1.02181, 0, 0, 0, 1
-0.999988, -0.00172962, -0.00459853, 0.290237, 0.00457658, 0.0124845, -0.999912, 0.849277, 0.00178687, -0.999921, -0.0124764, 1.02181, 0, 0, 0, 1
-0.999988, -0.00174365, -0.00465464, 0.290227, 0.00463219, 0.0126625, -0.999909, 0.849294, 0.00180243, -0.999918, -0.0126542, 1.02181, 0, 0, 0, 1
-0.999987, -0.00175779, -0.00471116, 0.290217, 0.00468821, 0.0128417, -0.999907, 0.849311, 0.00181812, -0.999916, -0.0128333, 1.02181, 0, 0, 0, 1
-0.999987, -0.00177204, -0.00476809, 0.290207, 0.00474462, 0.0130223, -0.999904, 0.849329, 0.00183396, -0.999914, -0.0130137, 1.02181, 0, 0, 0, 1
-0.999987, -0.00178641, -0.00482543, 0.290197, 0.00480143, 0.0132042, -0.999901, 0.849346, 0.00184994, -0.999911, -0.0131955, 1.02181, 0, 0, 0, 1
-0.999986, -0.00180088, -0.00488319, 0.290187, 0.00485865, 0.0133874, -0.999899, 0.849364, 0.00186607, -0.999909, -0.0133785, 1.02181, 0, 0, 0, 1
-0.999986, -0.00181547, -0.00494135, 0.290177, 0.00491627, 0.0135719, -0.999896, 0.849382, 0.00188234, -0.999906, -0.0135628, 1.02181, 0, 0, 0, 1
-0.999986, -0.00183016, -0.00499993, 0.290167, 0.00497429, 0.0137577, -0.999893, 0.849399, 0.00189876, -0.999904, -0.0137484, 1.02181, 0, 0, 0, 1
-0.999986, -0.00184497, -0.00505892, 0.290156, 0.00503271, 0.0139448, -0.99989, 0.849417, 0.00191532, -0.999901, -0.0139353, 1.02181, 0, 0, 0, 1
-0.999985, -0.0018599, -0.00511832, 0.290146, 0.00509153, 0.0141331, -0.999887, 0.849436, 0.00193202, -0.999898, -0.0141235, 1.02181, 0, 0, 0, 1
-0.999985, -0.00187493, -0.00517813, 0.290135, 0.00515075, 0.0143228, -0.999884, 0.849454, 0.00194888, -0.999896, -0.014313, 1.02181, 0, 0, 0, 1
-0.999984, -0.00189008, -0.00523835, 0.290125, 0.00521037, 0.0145138, -0.999881, 0.849472, 0.00196588, -0.999893, -0.0145038, 1.02181, 0, 0, 0, 1
-0.999984, -0.00190533, -0.00529898, 0.290114, 0.0052704, 0.0147061, -0.999878, 0.849491, 0.00198303, -0.99989, -0.0146959, 1.02181, 0, 0, 0, 1
-0.999984, -0.00192071, -0.00536003, 0.290103, 0.00533082, 0.0148997, -0.999875, 0.849509, 0.00200033, -0.999887, -0.0148893, 1.02181, 0, 0, 0, 1
-0.999983, -0.00193619, -0.00542148, 0.290093, 0.00539165, 0.0150947, -0.999872, 0.849528, 0.00201778, -0.999884, -0.015084, 1.02181, 0, 0, 0, 1
-0.999983, -0.00195179, -0.00548335, 0.290082, 0.00545287, 0.0152909, -0.999868, 0.849547, 0.00203538, -0.999881, -0.01528, 1.02181, 0, 0, 0, 1
-0.999983, -0.0019675, -0.00554562, 0.290071, 0.0055145, 0.0154884, -0.999865, 0.849566, 0.00205313, -0.999878, -0.0154773, 1.02181, 0, 0, 0, 1
-0.999982, -0.00198332, -0.00560831, 0.29006, 0.00557652, 0.0156872, -0.999861, 0.849585, 0.00207103, -0.999875, -0.0156758, 1.02181, 0, 0, 0, 1
-0.999982, -0.00199926, -0.00567141, 0.290049, 0.00563895, 0.0158873, -0.999858, 0.849604, 0.00208908, -0.999872, -0.0158757, 1.02181, 0, 0, 0, 1
-0.999982, -0.00201532, -0.00573492, 0.290038, 0.00570177, 0.0160887, -0.999854, 0.849624, 0.00210729, -0.999869, -0.0160769, 1.02181, 0, 0, 0, 1
-0.999981, -0.00203148, -0.00579885, 0.290026, 0.00576499, 0.0162914, -0.999851, 0.849643, 0.00212565, -0.999865, -0.0162794, 1.02181, 0, 0, 0, 1
-0.999981, -0.00204776, -0.00586318, 0.290015, 0.00582862, 0.0164955, -0.999847, 0.849663, 0.00214416, -0.999862, -0.0164832, 1.02181, 0, 0, 0, 1
-0.99998, -0.00206416, -0.00592793, 0.290004, 0.00589264, 0.0167008, -0.999843, 0.849682, 0.00216283, -0.999858, -0.0166883, 1.02181, 0, 0, 0, 1
-0.99998, -0.00208067, -0.00599308, 0.289992, 0.00595706, 0.0169074, -0.999839, 0.849702, 0.00218166, -0.999855, -0.0168947, 1.02181, 0, 0, 0, 1
-0.999979, -0.00209729, -0.00605865, 0.289981, 0.00602188, 0.0171153, -0.999835, 0.849722, 0.00220064, -0.999851, -0.0171024, 1.02181, 0, 0, 0, 1
-0.999979, -0.00211403, -0.00612463, 0.289969, 0.0060871, 0.0173246, -0.999831, 0.849743, 0.00221978, -0.999848, -0.0173113, 1.02181, 0, 0, 0, 1
-0.999979, -0.00213089, -0.00619102, 0.289958, 0.00615272, 0.0175351, -0.999827, 0.849763, 0.00223908, -0.999844, -0.0175216, 1.02181, 0, 0, 0, 1
-0.999978, -0.00214786, -0.00625782, 0.289946, 0.00621873, 0.0177469, -0.999823, 0.849783, 0.00225854, -0.99984, -0.0177332, 1.02181, 0, 0, 0, 1
-0.999978, -0.00216495, -0.00632503, 0.289934, 0.00628515, 0.0179601, -0.999819, 0.849804, 0.00227815, -0.999836, -0.0179461, 1.02181, 0, 0, 0, 1
-0.999977, -0.00218215, -0.00639266, 0.289922, 0.00635196, 0.0181745, -0.999815, 0.849824, 0.00229793, -0.999832, -0.0181602, 1.02181, 0, 0, 0, 1
-0.999977, -0.00219947, -0.00646069, 0.28991, 0.00641917, 0.0183902, -0.99981, 0.849845, 0.00231786, -0.999828, -0.0183757, 1.02181, 0, 0, 0, 1
-0.999976, -0.0022169, -0.00652914, 0.289898, 0.00648677, 0.0186073, -0.999806, 0.849866, 0.00233796, -0.999824, -0.0185925, 1.02181, 0, 0, 0, 1
-0.999976, -0.00223445, -0.006598, 0.289886, 0.00655478, 0.0188256, -0.999801, 0.849887, 0.00235822, -0.99982, -0.0188105, 1.02181, 0, 0, 0, 1
-0.999975, -0.00225212, -0.00666727, 0.289874, 0.00662318, 0.0190453, -0.999797, 0.849908, 0.00237864, -0.999816, -0.0190299, 1.02181, 0, 0, 0, 1
-0.999975, -0.00226991, -0.00673695, 0.289862, 0.00669198, 0.0192662, -0.999792, 0.84993, 0.00239923, -0.999812, -0.0192505, 1.02181, 0, 0, 0, 1
-0.999974, -0.00228781, -0.00680704, 0.289849, 0.00676118, 0.0194885, -0.999787, 0.849951, 0.00241998, -0.999807, -0.0194725, 1.02181, 0, 0, 0, 1
-0.999974, -0.00230583, -0.00687754, 0.289837, 0.00683077, 0.019712, -0.999782, 0.849973, 0.0024409, -0.999803, -0.0196957, 1.02182, 0, 0, 0, 1
-0.999973, -0.00232397, -0.00694846, 0.289824, 0.00690076, 0.0199369, -0.999777, 0.849994, 0.00246198, -0.999799, -0.0199203, 1.02182, 0, 0, 0, 1
-0.999973, -0.00234222, -0.00701978, 0.289812, 0.00697115, 0.020163, -0.999772, 0.850016, 0.00248323, -0.999794, -0.0201461, 1.02182, 0, 0, 0, 1
-0.999972, -0.0023606, -0.00709152, 0.289799, 0.00704193, 0.0203905, -0.999767, 0.850038, 0.00250465, -0.999789, -0.0203733, 1.02182, 0, 0, 0, 1
-0.999972, -0.00237909, -0.00716367, 0.289787, 0.00711311, 0.0206192, -0.999762, 0.85006, 0.00252623, -0.999785, -0.0206017, 1.02182, 0, 0, 0, 1
-0.999971, -0.0023977, -0.00723623, 0.289774, 0.00718469, 0.0208493, -0.999757, 0.850082, 0.00254799, -0.99978, -0.0208314, 1.02182, 0, 0, 0, 1
-0.99997, -0.00241643, -0.0073092, 0.289761, 0.00725666, 0.0210806, -0.999751, 0.850105, 0.00256991, -0.999775, -0.0210625, 1.02182, 0, 0, 0, 1
-0.99997, -0.00243528, -0.00738259, 0.289748, 0.00732903, 0.0213133, -0.999746, 0.850127, 0.00259201, -0.99977, -0.0212948, 1.02182, 0, 0, 0, 1
-0.999969, -0.00245424, -0.00745638, 0.289735, 0.00740179, 0.0215473, -0.99974, 0.85015, 0.00261427, -0.999765, -0.0215284, 1.02182, 0, 0, 0, 1
-0.999969, -0.00247333, -0.00753059, 0.289722, 0.00747495, 0.0217825, -0.999735, 0.850173, 0.00263671, -0.99976, -0.0217633, 1.02182, 0, 0, 0, 1
-0.999968, -0.00249254, -0.00760521, 0.289709, 0.0075485, 0.0220191, -0.999729, 0.850195, 0.00265932, -0.999754, -0.0219996, 1.02182, 0, 0, 0, 1
-0.999967, -0.00251186, -0.00768023, 0.289696, 0.00762245, 0.0222569, -0.999723, 0.850218, 0.00268211, -0.999749, -0.0222371, 1.02182, 0, 0, 0, 1
-0.999967, -0.00253131, -0.00775568, 0.289682, 0.00769679, 0.0224961, -0.999717, 0.850241, 0.00270507, -0.999744, -0.0224759, 1.02182, 0, 0, 0, 1
-0.999966, -0.00255088, -0.00783153, 0.289669, 0.00777153, 0.0227366, -0.999711, 0.850265, 0.0027282, -0.999738, -0.022716, 1.02182, 0, 0, 0, 1
-0.999965, -0.00257056, -0.00790779, 0.289656, 0.00784666, 0.0229783, -0.999705, 0.850288, 0.00275151, -0.999733, -0.0229574, 1.02182, 0, 0, 0, 1
-0.999965, -0.00259037, -0.00798447, 0.289642, 0.00792219, 0.0232214, -0.999699, 0.850312, 0.002775, -0.999727, -0.0232001, 1.02182, 0, 0, 0, 1
-0.999964, -0.0026103, -0.00806155, 0.289629, 0.00799811, 0.0234658, -0.999693, 0.850335, 0.00279867, -0.999721, -0.023444, 1.02182, 0, 0, 0, 1
-0.999963, -0.00263035, -0.00813905, 0.289615, 0.00807442, 0.0237114, -0.999686, 0.850359, 0.00282252, -0.999715, -0.0236893, 1.02182, 0, 0, 0, 1
-0.999963, -0.00265053, -0.00821696, 0.289601, 0.00815113, 0.0239584, -0.99968, 0.850383, 0.00284654, -0.999709, -0.0239359, 1.02182, 0, 0, 0, 1
-0.999962, -0.00267082, -0.00829528, 0.289587, 0.00822823, 0.0242067, -0.999673, 0.850407, 0.00287075, -0.999703, -0.0241838, 1.02182, 0, 0, 0, 1
-0.999961, -0.00269124, -0.00837402, 0.289574, 0.00830573, 0.0244562, -0.999666, 0.850431, 0.00289514, -0.999697, -0.0244329, 1.02182, 0, 0, 0, 1
-0.999961, -0.00271177, -0.00845316, 0.28956, 0.00838361, 0.0247071, -0.99966, 0.850455, 0.0029197, -0.999691, -0.0246834, 1.02182, 0, 0, 0, 1
-0.99996, -0.00273244, -0.00853272, 0.289546, 0.00846189, 0.0249593, -0.999653, 0.85048, 0.00294446, -0.999685, -0.0249351, 1.02182, 0, 0, 0, 1
-0.999959, -0.00275322, -0.00861269, 0.289532, 0.00854057, 0.0252127, -0.999646, 0.850504, 0.00296939, -0.999678, -0.0251882, 1.02182, 0, 0, 0, 1
-0.999958, -0.00277413, -0.00869306, 0.289517, 0.00861963, 0.0254675, -0.999638, 0.850529, 0.00299451, -0.999672, -0.0254425, 1.02182, 0, 0, 0, 1
-0.999958, -0.00279516, -0.00877386, 0.289503, 0.00869909, 0.0257236, -0.999631, 0.850554, 0.00301982, -0.999665, -0.0256982, 1.02182, 0, 0, 0, 1
-0.999957, -0.00281631, -0.00885506, 0.289489, 0.00877894, 0.025981, -0.999624, 0.850579, 0.00304531, -0.999658, -0.0259551, 1.02182, 0, 0, 0, 1
-0.999956, -0.00283759, -0.00893667, 0.289474, 0.00885918, 0.0262396, -0.999616, 0.850604, 0.00307099, -0.999652, -0.0262133, 1.02183, 0, 0, 0, 1
-0.999955, -0.00285899, -0.0090187, 0.28946, 0.00893981, 0.0264996, -0.999609, 0.850629, 0.00309686, -0.999645, -0.0264728, 1.02183, 0, 0, 0, 1
-0.999954, -0.00288051, -0.00910114, 0.289445, 0.00902083, 0.0267609, -0.999601, 0.850654, 0.00312292, -0.999638, -0.0267337, 1.02183, 0, 0, 0, 1
-0.999954, -0.00290216, -0.00918399, 0.289431, 0.00910225, 0.0270234, -0.999593, 0.85068, 0.00314917, -0.999631, -0.0269958, 1.02183, 0, 0, 0, 1
-0.999953, -0.00292394, -0.00926725, 0.289416, 0.00918405, 0.0272873, -0.999585, 0.850705, 0.0031756, -0.999623, -0.0272592, 1.02183, 0, 0, 0, 1
-0.999952, -0.00294584, -0.00935092, 0.289401, 0.00926625, 0.0275525, -0.999577, 0.850731, 0.00320223, -0.999616, -0.0275239, 1.02183, 0, 0, 0, 1
-0.999951, -0.00296786, -0.00943501, 0.289387, 0.00934884, 0.0278189, -0.999569, 0.850757, 0.00322906, -0.999609, -0.0277898, 1.02183, 0, 0, 0, 1
-0.99995, -0.00299001, -0.0095195, 0.289372, 0.00943181, 0.0280867, -0.999561, 0.850783, 0.00325607, -0.999601, -0.0280571, 1.02183, 0, 0, 0, 1
-0.999949, -0.00301229, -0.00960441, 0.289357, 0.00951518, 0.0283558, -0.999553, 0.850809, 0.00328328, -0.999593, -0.0283257, 1.02183, 0, 0, 0, 1
-0.999948, -0.00303469, -0.00968973, 0.289342, 0.00959894, 0.0286261, -0.999544, 0.850835, 0.00331069, -0.999586, -0.0285955, 1.02183, 0, 0, 0, 1
-0.999948, -0.00305722, -0.00977546, 0.289327, 0.00968308, 0.0288978, -0.999535, 0.850861, 0.00333829, -0.999578, -0.0288667, 1.02183, 0, 0, 0, 1
-0.999947, -0.00307988, -0.00986161, 0.289311, 0.00976762, 0.0291708, -0.999527, 0.850888, 0.00336609, -0.99957, -0.0291391, 1.02183, 0, 0, 0, 1
-0.999946, -0.00310266, -0.00994816, 0.289296, 0.00985254, 0.029445, -0.999518, 0.850914, 0.00339409, -0.999562, -0.0294129, 1.02183, 0, 0, 0, 1
-0.999945, -0.00312557, -0.0100351, 0.289281, 0.00993786, 0.0297206, -0.999509, 0.850941, 0.00342228, -0.999553, -0.0296879, 1.02183, 0, 0, 0, 1
-0.999944, -0.00314861, -0.0101225, 0.289265, 0.0100236, 0.0299975, -0.9995, 0.850968, 0.00345068, -0.999545, -0.0299642, 1.02184, 0, 0, 0, 1
-0.999943, -0.00317177, -0.0102103, 0.28925, 0.0101096, 0.0302756, -0.99949, 0.850995, 0.00347928, -0.999537, -0.0302418, 1.02184, 0, 0, 0, 1
-0.999942, -0.00319506, -0.0102985, 0.289234, 0.0101961, 0.0305551, -0.999481, 0.851022, 0.00350808, -0.999528, -0.0305207, 1.02184, 0, 0, 0, 1
-0.999941, -0.00321848, -0.0103871, 0.289219, 0.010283, 0.0308359, -0.999472, 0.85105, 0.00353708, -0.999519, -0.0308009, 1.02184, 0, 0, 0, 1
-0.99994, -0.00324203, -0.0104761, 0.289203, 0.0103702, 0.0311179, -0.999462, 0.851077, 0.00356628, -0.99951, -0.0310824, 1.02184, 0, 0, 0, 1
-0.999939, -0.00326571, -0.0105656, 0.289187, 0.0104579, 0.0314013, -0.999452, 0.851104, 0.00359569, -0.999502, -0.0313652, 1.02184, 0, 0, 0, 1
-0.999938, -0.00328952, -0.0106554, 0.289171, 0.0105459, 0.0316859, -0.999442, 0.851132, 0.00362531, -0.999492, -0.0316493, 1.02184, 0, 0, 0, 1
-0.999937, -0.00331345, -0.0107457, 0.289155, 0.0106343, 0.0319719, -0.999432, 0.85116, 0.00365513, -0.999483, -0.0319346, 1.02184, 0, 0, 0, 1
-0.999936, -0.00333752, -0.0108364, 0.289139, 0.0107231, 0.0322591, -0.999422, 0.851188, 0.00368516, -0.999474, -0.0322213, 1.02184, 0, 0, 0, 1
-0.999935, -0.00336172, -0.0109275, 0.289123, 0.0108123, 0.0325477, -0.999412, 0.851216, 0.0037154, -0.999465, -0.0325092, 1.02184, 0, 0, 0, 1
-0.999934, -0.00338604, -0.011019, 0.289107, 0.0109019, 0.0328375, -0.999401, 0.851244, 0.00374585, -0.999455, -0.0327984, 1.02184, 0, 0, 0, 1
-0.999932, -0.0034105, -0.0111109, 0.289091, 0.0109919, 0.0331287, -0.999391, 0.851272, 0.00377651, -0.999445, -0.033089, 1.02185, 0, 0, 0, 1
-0.999931, -0.00343508, -0.0112032, 0.289074, 0.0110822, 0.0334211, -0.99938, 0.851301, 0.00380738, -0.999435, -0.0333808, 1.02185, 0, 0, 0, 1
-0.99993, -0.0034598, -0.0112959, 0.289058, 0.0111729, 0.0337149, -0.999369, 0.85133, 0.00383846, -0.999426, -0.0336739, 1.02185, 0, 0, 0, 1
-0.999929, -0.00348465, -0.0113891, 0.289041, 0.0112641, 0.0340099, -0.999358, 0.851358, 0.00386976, -0.999415, -0.0339682, 1.02185, 0, 0, 0, 1
-0.999928, -0.00350963, -0.0114826, 0.289025, 0.0113556, 0.0343062, -0.999347, 0.851387, 0.00390127, -0.999405, -0.0342639, 1.02185, 0, 0, 0, 1
-0.999927, -0.00353475, -0.0115766, 0.289008, 0.0114474, 0.0346039, -0.999336, 0.851416, 0.00393299, -0.999395, -0.0345609, 1.02185, 0, 0, 0, 1
-0.999926, -0.00355999, -0.011671, 0.288992, 0.0115397, 0.0349028, -0.999324, 0.851445, 0.00396493, -0.999384, -0.0348591, 1.02185, 0, 0, 0, 1
-0.999924, -0.00358537, -0.0117658, 0.288975, 0.0116324, 0.035203, -0.999312, 0.851474, 0.00399709, -0.999374, -0.0351587, 1.02185, 0, 0, 0, 1
-0.999923, -0.00361088, -0.011861, 0.288958, 0.0117254, 0.0355046, -0.999301, 0.851504, 0.00402947, -0.999363, -0.0354595, 1.02185, 0, 0, 0, 1
-0.999922, -0.00363652, -0.0119566, 0.288941, 0.0118188, 0.0358074, -0.999289, 0.851533, 0.00406207, -0.999352, -0.0357616, 1.02186, 0, 0, 0, 1
-0.999921, -0.0036623, -0.0120527, 0.288924, 0.0119126, 0.0361115, -0.999277, 0.851563, 0.00409489, -0.999341, -0.036065, 1.02186, 0, 0, 0, 1
-0.999919, -0.00368821, -0.0121491, 0.288907, 0.0120068, 0.0364169, -0.999265, 0.851593, 0.00412793, -0.99933, -0.0363697, 1.02186, 0, 0, 0, 1
-0.999918, -0.00371425, -0.012246, 0.28889, 0.0121014, 0.0367237, -0.999252, 0.851623, 0.00416119, -0.999319, -0.0366757, 1.02186, 0, 0, 0, 1
-0.999917, -0.00374043, -0.0123432, 0.288873, 0.0121963, 0.0370317, -0.99924, 0.851653, 0.00419468, -0.999307, -0.036983, 1.02186, 0, 0, 0, 1
-0.999916, -0.00376674, -0.0124409, 0.288855, 0.0122917, 0.037341, -0.999227, 0.851683, 0.00422839, -0.999295, -0.0372915, 1.02186, 0, 0, 0, 1
-0.999914, -0.00379319, -0.012539, 0.288838, 0.0123874, 0.0376516, -0.999214, 0.851713, 0.00426232, -0.999284, -0.0376014, 1.02186, 0, 0, 0, 1
-0.999913, -0.00381977, -0.0126375, 0.28882, 0.0124835, 0.0379635, -0.999201, 0.851744, 0.00429649, -0.999272, -0.0379125, 1.02187, 0, 0, 0, 1
-0.999911, -0.00384649, -0.0127364, 0.288803, 0.01258, 0.0382767, -0.999188, 0.851774, 0.00433088, -0.99926, -0.0382249, 1.02187, 0, 0, 0, 1
-0.99991, -0.00387335, -0.0128358, 0.288785, 0.0126768, 0.0385912, -0.999175, 0.851805, 0.0043655, -0.999248, -0.0385386, 1.02187, 0, 0, 0, 1
-0.999909, -0.00390034, -0.0129355, 0.288768, 0.0127741, 0.038907, -0.999161, 0.851836, 0.00440035, -0.999235, -0.0388536, 1.02187, 0, 0, 0, 1
-0.999907, -0.00392746, -0.0130357, 0.28875, 0.0128717, 0.0392241, -0.999148, 0.851867, 0.00443543, -0.999223, -0.0391699, 1.02187, 0, 0, 0, 1
-0.999906, -0.00395472, -0.0131362, 0.288732, 0.0129697, 0.0395425, -0.999134, 0.851898, 0.00447074, -0.99921, -0.0394875, 1.02187, 0, 0, 0, 1
-0.999904, -0.00398212, -0.0132372, 0.288714, 0.0130681, 0.0398622, -0.99912, 0.851929, 0.00450628, -0.999197, -0.0398063, 1.02187, 0, 0, 0, 1
-0.999903, -0.00400966, -0.0133386, 0.288696, 0.0131668, 0.0401831, -0.999106, 0.85196, 0.00454206, -0.999184, -0.0401264, 1.02188, 0, 0, 0, 1
-0.999902, -0.00403734, -0.0134404, 0.288678, 0.013266, 0.0405054, -0.999091, 0.851992, 0.00457808, -0.999171, -0.0404479, 1.02188, 0, 0, 0, 1
-0.9999, -0.00406515, -0.0135426, 0.28866, 0.0133655, 0.040829, -0.999077, 0.852024, 0.00461433, -0.999158, -0.0407706, 1.02188, 0, 0, 0, 1
-0.999899, -0.0040931, -0.0136453, 0.288642, 0.0134654, 0.0411538, -0.999062, 0.852055, 0.00465082, -0.999144, -0.0410945, 1.02188, 0, 0, 0, 1
-0.999897, -0.00412119, -0.0137483, 0.288623, 0.0135657, 0.04148, -0.999047, 0.852087, 0.00468754, -0.999131, -0.0414198, 1.02188, 0, 0, 0, 1
-0.999895, -0.00414942, -0.0138518, 0.288605, 0.0136663, 0.0418075, -0.999032, 0.852119, 0.00472451, -0.999117, -0.0417464, 1.02188, 0, 0, 0, 1
-0.999894, -0.00417779, -0.0139556, 0.288587, 0.0137674, 0.0421362, -0.999017, 0.852151, 0.00476172, -0.999103, -0.0420742, 1.02189, 0, 0, 0, 1
-0.999892, -0.00420629, -0.0140599, 0.288568, 0.0138688, 0.0424662, -0.999002, 0.852184, 0.00479917, -0.999089, -0.0424033, 1.02189, 0, 0, 0, 1
-0.999891, -0.00423494, -0.0141646, 0.28855, 0.0139705, 0.0427976, -0.998986, 0.852216, 0.00483686, -0.999075, -0.0427337, 1.02189, 0, 0, 0, 1
-0.999889, -0.00426373, -0.0142697, 0.288531, 0.0140727, 0.0431302, -0.99897, 0.852249, 0.00487479, -0.99906, -0.0430654, 1.02189, 0, 0, 0, 1
-0.999887, -0.00429265, -0.0143753, 0.288512, 0.0141752, 0.0434642, -0.998954, 0.852281, 0.00491297, -0.999046, -0.0433984, 1.02189, 0, 0, 0, 1
-0.999886, -0.00432172, -0.0144812, 0.288493, 0.0142782, 0.0437994, -0.998938, 0.852314, 0.0049514, -0.999031, -0.0437327, 1.0219, 0, 0, 0, 1
-0.999884, -0.00435093, -0.0145875, 0.288474, 0.0143815, 0.0441359, -0.998922, 0.852347, 0.00499007, -0.999016, -0.0440682, 1.0219, 0, 0, 0, 1
-0.999882, -0.00438028, -0.0146943, 0.288455, 0.0144851, 0.0444737, -0.998906, 0.85238, 0.005029, -0.999001, -0.044405, 1.0219, 0, 0, 0, 1
-0.999881, -0.00440977, -0.0148015, 0.288436, 0.0145892, 0.0448128, -0.998889, 0.852414, 0.00506817, -0.998986, -0.0447431, 1.0219, 0, 0, 0, 1
-0.999879, -0.00443941, -0.0149091, 0.288417, 0.0146936, 0.0451532, -0.998872, 0.852447, 0.00510759, -0.99897, -0.0450825, 1.0219, 0, 0, 0, 1
-0.999877, -0.00446918, -0.0150171, 0.288398, 0.0147984, 0.0454949, -0.998855, 0.85248, 0.00514727, -0.998955, -0.0454232, 1.02191, 0, 0, 0, 1
-0.999875, -0.0044991, -0.0151255, 0.288379, 0.0149035, 0.0458379, -0.998838, 0.852514, 0.00518719, -0.998939, -0.0457651, 1.02191, 0, 0, 0, 1
-0.999874, -0.00452917, -0.0152343, 0.288359, 0.0150091, 0.0461822, -0.99882, 0.852548, 0.00522738, -0.998923, -0.0461084, 1.02191, 0, 0, 0, 1
-0.999872, -0.00455937, -0.0153435, 0.28834, 0.015115, 0.0465278, -0.998803, 0.852582, 0.00526781, -0.998907, -0.0464529, 1.02191, 0, 0, 0, 1
-0.99987, -0.00458972, -0.0154532, 0.288321, 0.0152213, 0.0468746, -0.998785, 0.852616, 0.00530851, -0.99889, -0.0467987, 1.02191, 0, 0, 0, 1
-0.999868, -0.00462022, -0.0155633, 0.288301, 0.0153279, 0.0472228, -0.998767, 0.85265, 0.00534946, -0.998874, -0.0471457, 1.02192, 0, 0, 0, 1
-0.999866, -0.00465085, -0.0156737, 0.288281, 0.0154349, 0.0475722, -0.998749, 0.852684, 0.00539067, -0.998857, -0.0474941, 1.02192, 0, 0, 0, 1
-0.999864, -0.00468164, -0.0157846, 0.288262, 0.0155423, 0.047923, -0.99873, 0.852719, 0.00543214, -0.99884, -0.0478437, 1.02192, 0, 0, 0, 1
-0.999863, -0.00471257, -0.0158959, 0.288242, 0.0156501, 0.048275, -0.998711, 0.852753, 0.00547387, -0.998823, -0.0481946, 1.02192, 0, 0, 0, 1
-0.999861, -0.00474364, -0.0160077, 0.288222, 0.0157583, 0.0486284, -0.998693, 0.852788, 0.00551586, -0.998806, -0.0485468, 1.02193, 0, 0, 0, 1
-0.999859, -0.00477486, -0.0161198, 0.288202, 0.0158668, 0.048983, -0.998674, 0.852823, 0.00555812, -0.998788, -0.0489003, 1.02193, 0, 0, 0, 1
