-0.999999, -0.000797434, -0.000797196, 0.290901, 0.000796858, 0.000424669, -1, 0.848124, 0.000797772, -1, -0.000424033, 1.02183, 0, 0, 0, 1
-0.999999, -0.000797321, -0.00079759, 0.290901, 0.000797251, 0.000425134, -1, 0.848124, 0.00079766, -1, -0.000424498, 1.02183, 0, 0, 0, 1
-0.999999, -0.000796983, -0.000798773, 0.290901, 0.000798433, 0.000426528, -1, 0.848125, 0.000797323, -1, -0.000425891, 1.02183, 0, 0, 0, 1
-0.999999, -0.000796418, -0.000800744, 0.290901, 0.000800403, 0.000428852, -1, 0.848125, 0.000796761, -1, -0.000428214, 1.02183, 0, 0, 0, 1
-0.999999, -0.000795628, -0.000803504, 0.290901, 0.00080316, 0.000432105, -1, 0.848126, 0.000795975, -1, -0.000431466, 1.02183, 0, 0, 0, 1
-0.999999, -0.000794613, -0.000807052, 0.290901, 0.000806705, 0.000436289, -1, 0.848126, 0.000794964, -1, -0.000435647, 1.02183, 0, 0, 0, 1
-0.999999, -0.000793371, -0.000811388, 0.290901, 0.000811038, 0.000441401, -1, 0.848127, 0.000793729, -1, -0.000440758, 1.02183, 0, 0, 0, 1
-0.999999, -0.000791904, -0.000816513, 0.290901, 0.000816159, 0.000447444, -1, 0.848129, 0.000792269, -1, -0.000446797, 1.02183, 0, 0, 0, 1
-0.999999, -0.000790211, -0.000822427, 0.290901, 0.000822068, 0.000454415, -1, 0.84813, 0.000790584, -1, -0.000453766, 1.02183, 0, 0, 0, 1
-0.999999, -0.000788292, -0.000829129, 0.290901, 0.000828765, 0.000462317, -1, 0.848131, 0.000788675, -1, -0.000461663, 1.02183, 0, 0, 0, 1
-0.999999, -0.000786148, -0.000836619, 0.290901, 0.000836249, 0.000471148, -1, 0.848133, 0.000786542, -1, -0.00047049, 1.02183, 0, 0, 0, 1
-0.999999, -0.000783778, -0.000844898, 0.2909, 0.000844521, 0.000480909, -1, 0.848135, 0.000784184, -1, -0.000480246, 1.02183, 0, 0, 0, 1
-0.999999, -0.000781182, -0.000853965, 0.2909, 0.000853582, 0.000491599, -1, 0.848137, 0.000781602, -1, -0.000490932, 1.02183, 0, 0, 0, 1
-0.999999, -0.000778361, -0.000863821, 0.2909, 0.00086343, 0.000503219, -1, 0.848139, 0.000778795, -1, -0.000502546, 1.02183, 0, 0, 0, 1
-0.999999, -0.000775314, -0.000874465, 0.2909, 0.000874066, 0.000515768, -0.999999, 0.848141, 0.000775764, -1, -0.00051509, 1.02183, 0, 0, 0, 1
-0.999999, -0.000772041, -0.000885898, 0.2909, 0.00088549, 0.000529247, -0.999999, 0.848144, 0.00077251, -1, -0.000528563, 1.02182, 0, 0, 0, 1
-0.999999, -0.000768543, -0.000898119, 0.2909, 0.000897702, 0.000543656, -0.999999, 0.848147, 0.000769031, -1, -0.000542966, 1.02182, 0, 0, 0, 1
-0.999999, -0.000764819, -0.000911129, 0.2909, 0.000910702, 0.000558994, -0.999999, 0.84815, 0.000765328, -1, -0.000558297, 1.02182, 0, 0, 0, 1
-0.999999, -0.00076087, -0.000924927, 0.290899, 0.00092449, 0.000575262, -0.999999, 0.848153, 0.000761401, -1, -0.000574558, 1.02182, 0, 0, 0, 1
-0.999999, -0.000756695, -0.000939514, 0.290899, 0.000939065, 0.00059246, -0.999999, 0.848156, 0.000757251, -1, -0.000591749, 1.02182, 0, 0, 0, 1
-0.999999, -0.000752294, -0.000954889, 0.290899, 0.000954429, 0.000610587, -0.999999, 0.848159, 0.000752877, -1, -0.000609868, 1.02182, 0, 0, 0, 1
-0.999999, -0.000747669, -0.000971052, 0.290899, 0.000970582, 0.000629644, -0.999999, 0.848163, 0.000748279, -1, -0.000628918, 1.02181, 0, 0, 0, 1
-0.999999, -0.000742817, -0.000988004, 0.290898, 0.000987522, 0.00064963, -0.999999, 0.848167, 0.000743458, -1, -0.000648896, 1.02181, 0, 0, 0, 1
-0.999999, -0.00073774, -0.00100574, 0.290898, 0.00100525, 0.000670546, -0.999999, 0.848171, 0.000738414, -1, -0.000669804, 1.02181, 0, 0, 0, 1
-0.999999, -0.000732438, -0.00102427, 0.290898, 0.00102377, 0.000692392, -0.999999, 0.848175, 0.000733147, -0.999999, -0.000691642, 1.02181, 0, 0, 0, 1
-0.999999, -0.00072691, -0.00104359, 0.290898, 0.00104307, 0.000715168, -0.999999, 0.848179, 0.000727656, -0.999999, -0.000714409, 1.02181, 0, 0, 0, 1
-0.999999, -0.000721157, -0.0010637, 0.290897, 0.00106316, 0.000738873, -0.999999, 0.848184, 0.000721943, -0.999999, -0.000738105, 1.0218, 0, 0, 0, 1
-0.999999, -0.000715179, -0.00108459, 0.290897, 0.00108404, 0.000763507, -0.999999, 0.848188, 0.000716006, -0.999999, -0.000762731, 1.0218, 0, 0, 0, 1
-0.999999, -0.000708975, -0.00110627, 0.290897, 0.00110571, 0.000789072, -0.999999, 0.848193, 0.000709847, -0.999999, -0.000788287, 1.0218, 0, 0, 0, 1
-0.999999, -0.000702546, -0.00112874, 0.290897, 0.00112817, 0.000815566, -0.999999, 0.848198, 0.000703466, -0.999999, -0.000814773, 1.0218, 0, 0, 0, 1
-0.999999, -0.000695892, -0.001152, 0.290896, 0.00115142, 0.00084299, -0.999999, 0.848203, 0.000696862, -0.999999, -0.000842188, 1.02179, 0, 0, 0, 1
-0.999999, -0.000689012, -0.00117605, 0.290896, 0.00117545, 0.000871343, -0.999999, 0.848209, 0.000690036, -0.999999, -0.000870533, 1.02179, 0, 0, 0, 1
-0.999999, -0.000681908, -0.00120089, 0.290896, 0.00120027, 0.000900627, -0.999999, 0.848214, 0.000682989, -0.999999, -0.000899807, 1.02179, 0, 0, 0, 1
-0.999999, -0.000674578, -0.00122651, 0.290895, 0.00122589, 0.00093084, -0.999999, 0.84822, 0.000675719, -0.999999, -0.000930012, 1.02179, 0, 0, 0, 1
-0.999999, -0.000667023, -0.00125293, 0.290895, 0.00125229, 0.000961983, -0.999999, 0.848226, 0.000668228, -0.999999, -0.000961146, 1.02178, 0, 0, 0, 1
-0.999999, -0.000659243, -0.00128013, 0.290895, 0.00127947, 0.000994055, -0.999999, 0.848232, 0.000660515, -0.999999, -0.000993211, 1.02178, 0, 0, 0, 1
-0.999999, -0.000651239, -0.00130812, 0.290894, 0.00130745, 0.00102706, -0.999999, 0.848238, 0.000652581, -0.999999, -0.0010262, 1.02178, 0, 0, 0, 1
-0.999999, -0.000643009, -0.0013369, 0.290894, 0.00133622, 0.00106099, -0.999999, 0.848245, 0.000644426, -0.999999, -0.00106013, 1.02177, 0, 0, 0, 1
-0.999999, -0.000634554, -0.00136647, 0.290893, 0.00136577, 0.00109585, -0.999998, 0.848251, 0.00063605, -0.999999, -0.00109498, 1.02177, 0, 0, 0, 1
-0.999999, -0.000625874, -0.00139682, 0.290893, 0.00139611, 0.00113164, -0.999998, 0.848258, 0.000627454, -0.999999, -0.00113077, 1.02177, 0, 0, 0, 1
-0.999999, -0.00061697, -0.00142797, 0.290893, 0.00142725, 0.00116836, -0.999998, 0.848265, 0.000618637, -0.999999, -0.00116748, 1.02176, 0, 0, 0, 1
-0.999999, -0.00060784, -0.0014599, 0.290892, 0.00145917, 0.00120602, -0.999998, 0.848272, 0.0006096, -0.999999, -0.00120513, 1.02176, 0, 0, 0, 1
-0.999999, -0.000598486, -0.00149262, 0.290892, 0.00149187, 0.0012446, -0.999998, 0.848279, 0.000600343, -0.999999, -0.0012437, 1.02175, 0, 0, 0, 1
-0.999999, -0.000588907, -0.00152613, 0.290891, 0.00152537, 0.00128411, -0.999998, 0.848287, 0.000590866, -0.999999, -0.00128321, 1.02175, 0, 0, 0, 1
-0.999999, -0.000579104, -0.00156043, 0.290891, 0.00155966, 0.00132455, -0.999998, 0.848295, 0.00058117, -0.999999, -0.00132364, 1.02175, 0, 0, 0, 1
-0.999999, -0.000569076, -0.00159551, 0.29089, 0.00159474, 0.00136592, -0.999998, 0.848302, 0.000571254, -0.999999, -0.00136501, 1.02174, 0, 0, 0, 1
-0.999999, -0.000558823, -0.00163139, 0.29089, 0.0016306, 0.00140822, -0.999998, 0.84831, 0.00056112, -0.999999, -0.00140731, 1.02174, 0, 0, 0, 1
-0.999998, -0.000548346, -0.00166805, 0.290889, 0.00166726, 0.00145145, -0.999998, 0.848319, 0.000550766, -0.999999, -0.00145053, 1.02173, 0, 0, 0, 1
-0.999998, -0.000537645, -0.00170551, 0.290889, 0.0017047, 0.00149561, -0.999997, 0.848327, 0.000540194, -0.999999, -0.00149469, 1.02173, 0, 0, 0, 1
-0.999998, -0.000526719, -0.00174375, 0.290888, 0.00174293, 0.0015407, -0.999997, 0.848336, 0.000529404, -0.999999, -0.00153978, 1.02173, 0, 0, 0, 1
-0.999998, -0.000515569, -0.00178277, 0.290888, 0.00178195, 0.00158672, -0.999997, 0.848344, 0.000518396, -0.999999, -0.0015858, 1.02172, 0, 0, 0, 1
-0.999998, -0.000504194, -0.00182259, 0.290887, 0.00182177, 0.00163367, -0.999997, 0.848353, 0.00050717, -0.999999, -0.00163275, 1.02172, 0, 0, 0, 1
-0.999998, -0.000492596, -0.0018632, 0.290887, 0.00186237, 0.00168155, -0.999997, 0.848362, 0.000495727, -0.999998, -0.00168063, 1.02171, 0, 0, 0, 1
-0.999998, -0.000480773, -0.00190459, 0.290886, 0.00190376, 0.00173036, -0.999997, 0.848371, 0.000484067, -0.999998, -0.00172944, 1.02171, 0, 0, 0, 1
-0.999998, -0.000468726, -0.00194678, 0.290886, 0.00194594, 0.0017801, -0.999997, 0.848381, 0.00047219, -0.999998, -0.00177918, 1.0217, 0, 0, 0, 1
-0.999998, -0.000456455, -0.00198975, 0.290885, 0.00198891, 0.00183077, -0.999996, 0.84839, 0.000460096, -0.999998, -0.00182986, 1.0217, 0, 0, 0, 1
-0.999998, -0.00044396, -0.00203351, 0.290885, 0.00203267, 0.00188237, -0.999996, 0.8484, 0.000447787, -0.999998, -0.00188146, 1.02169, 0, 0, 0, 1
-0.999998, -0.000431242, -0.00207805, 0.290884, 0.00207722, 0.0019349, -0.999996, 0.84841, 0.000435261, -0.999998, -0.001934, 1.02169, 0, 0, 0, 1
-0.999998, -0.000418299, -0.00212339, 0.290883, 0.00212255, 0.00198836, -0.999996, 0.84842, 0.000422519, -0.999998, -0.00198747, 1.02168, 0, 0, 0, 1
-0.999998, -0.000405133, -0.00216952, 0.290883, 0.00216868, 0.00204275, -0.999996, 0.848431, 0.000409563, -0.999998, -0.00204186, 1.02168, 0, 0, 0, 1
-0.999997, -0.000391743, -0.00221643, 0.290882, 0.0022156, 0.00209807, -0.999995, 0.848441, 0.000396391, -0.999998, -0.00209719, 1.02167, 0, 0, 0, 1
-0.999997, -0.000378129, -0.00226413, 0.290881, 0.00226331, 0.00215432, -0.999995, 0.848452, 0.000383005, -0.999998, -0.00215346, 1.02167, 0, 0, 0, 1
-0.999997, -0.000364292, -0.00231262, 0.290881, 0.00231181, 0.0022115, -0.999995, 0.848463, 0.000369405, -0.999997, -0.00221065, 1.02166, 0, 0, 0, 1
-0.999997, -0.000350232, -0.0023619, 0.29088, 0.0023611, 0.00226961, -0.999995, 0.848474, 0.00035559, -0.999997, -0.00226878, 1.02166, 0, 0, 0, 1
-0.999997, -0.000335947, -0.00241197, 0.290879, 0.00241118, 0.00232865, -0.999994, 0.848485, 0.000341562, -0.999997, -0.00232783, 1.02165, 0, 0, 0, 1
-0.999997, -0.00032144, -0.00246282, 0.290879, 0.00246205, 0.00238862, -0.999994, 0.848496, 0.000327321, -0.999997, -0.00238782, 1.02164, 0, 0, 0, 1
-0.999997, -0.00030671, -0.00251447, 0.290878, 0.00251371, 0.00244952, -0.999994, 0.848508, 0.000312867, -0.999997, -0.00244874, 1.02164, 0, 0, 0, 1
-0.999997, -0.000291756, -0.0025669, 0.290877, 0.00256616, 0.00251135, -0.999994, 0.848519, 0.0002982, -0.999997, -0.00251059, 1.02163, 0, 0, 0, 1
-0.999997, -0.000276579, -0.00262012, 0.290877, 0.0026194, 0.00257411, -0.999993, 0.848531, 0.000283322, -0.999997, -0.00257338, 1.02163, 0, 0, 0, 1
-0.999996, -0.000261179, -0.00267413, 0.290876, 0.00267343, 0.0026378, -0.999993, 0.848543, 0.000268231, -0.999996, -0.0026371, 1.02162, 0, 0, 0, 1
-0.999996, -0.000245556, -0.00272893, 0.290875, 0.00272826, 0.00270243, -0.999993, 0.848556, 0.000252929, -0.999996, -0.00270175, 1.02161, 0, 0, 0, 1
-0.999996, -0.000229711, -0.00278452, 0.290874, 0.00278387, 0.00276798, -0.999992, 0.848568, 0.000237416, -0.999996, -0.00276733, 1.02161, 0, 0, 0, 1
-0.999996, -0.000213642, -0.00284089, 0.290874, 0.00284027, 0.00283446, -0.999992, 0.848581, 0.000221693, -0.999996, -0.00283384, 1.0216, 0, 0, 0, 1
-0.999996, -0.000197351, -0.00289805, 0.290873, 0.00289747, 0.00290187, -0.999992, 0.848593, 0.000205759, -0.999996, -0.00290129, 1.02159, 0, 0, 0, 1
-0.999996, -0.000180838, -0.00295601, 0.290872, 0.00295546, 0.00297022, -0.999991, 0.848606, 0.000189616, -0.999996, -0.00296967, 1.02159, 0, 0, 0, 1
-0.999995, -0.000164102, -0.00301475, 0.290871, 0.00301423, 0.00303949, -0.999991, 0.84862, 0.000173263, -0.999995, -0.00303898, 1.02158, 0, 0, 0, 1
-0.999995, -0.000147143, -0.00307428, 0.29087, 0.0030738, 0.00310969, -0.99999, 0.848633, 0.000156702, -0.999995, -0.00310923, 1.02157, 0, 0, 0, 1
-0.999995, -0.000129962, -0.00313459, 0.29087, 0.00313416, 0.00318083, -0.99999, 0.848646, 0.000139931, -0.999995, -0.0031804, 1.02157, 0, 0, 0, 1
-0.999995, -0.000112559, -0.0031957, 0.290869, 0.00319532, 0.00325289, -0.99999, 0.84866, 0.000122953, -0.999995, -0.00325251, 1.02156, 0, 0, 0, 1
-0.999995, -9.49336e-05, -0.00325759, 0.290868, 0.00325726, 0.00332589, -0.999989, 0.848674, 0.000105767, -0.999994, -0.00332556, 1.02155, 0, 0, 0, 1
-0.999994, -7.70862e-05, -0.00332028, 0.290867, 0.00331999, 0.00339981, -0.999989, 0.848688, 8.83737e-05, -0.999994, -0.00339954, 1.02155, 0, 0, 0, 1
-0.999994, -5.90169e-05, -0.00338375, 0.290866, 0.00338352, 0.00347467, -0.999988, 0.848702, 7.07736e-05, -0.999994, -0.00347445, 1.02154, 0, 0, 0, 1
-0.999994, -4.07257e-05, -0.00344801, 0.290865, 0.00344784, 0.00355045, -0.999988, 0.848716, 5.29672e-05, -0.999994, -0.00355029, 1.02153, 0, 0, 0, 1
-0.999994, -2.22128e-05, -0.00351305, 0.290865, 0.00351295, 0.00362717, -0.999987, 0.848731, 3.4955e-05, -0.999993, -0.00362707, 1.02152, 0, 0, 0, 1
-0.999994, -3.47817e-06, -0.00357889, 0.290864, 0.00357885, 0.00370482, -0.999987, 0.848746, 1.67373e-05, -0.999993, -0.00370478, 1.02152, 0, 0, 0, 1
-0.999993, 1.5478e-05, -0.00364552, 0.290863, 0.00364555, 0.00378339, -0.999986, 0.848761, -1.68539e-06, -0.999993, -0.00378343, 1.02151, 0, 0, 0, 1
-0.999993, 3.46557e-05, -0.00371293, 0.290862, 0.00371303, 0.0038629, -0.999986, 0.848776, -2.03125e-05, -0.999993, -0.00386301, 1.0215, 0, 0, 0, 1
-0.999993, 5.40547e-05, -0.00378113, 0.290861, 0.00378131, 0.00394334, -0.999985, 0.848791, -3.91436e-05, -0.999992, -0.00394352, 1.02149, 0, 0, 0, 1
-0.999993, 7.36751e-05, -0.00385012, 0.29086, 0.00385039, 0.00402471, -0.999984, 0.848806, -5.81783e-05, -0.999992, -0.00402497, 1.02149, 0, 0, 0, 1
-0.999992, 9.35165e-05, -0.0039199, 0.290859, 0.00392025, 0.00410701, -0.999984, 0.848822, -7.7416e-05, -0.999992, -0.00410735, 1.02148, 0, 0, 0, 1
-0.999992, 0.000113579, -0.00399047, 0.290858, 0.00399091, 0.00419024, -0.999983, 0.848838, -9.68562e-05, -0.999991, -0.00419066, 1.02147, 0, 0, 0, 1
-0.999992, 0.000133863, -0.00406182, 0.290857, 0.00406236, 0.0042744, -0.999983, 0.848854, -0.000116498, -0.999991, -0.00427491, 1.02146, 0, 0, 0, 1
-0.999991, 0.000154367, -0.00413397, 0.290856, 0.0041346, 0.0043595, -0.999982, 0.84887, -0.000136342, -0.99999, -0.0043601, 1.02145, 0, 0, 0, 1
-0.999991, 0.000175092, -0.0042069, 0.290855, 0.00420764, 0.00444552, -0.999981, 0.848886, -0.000156387, -0.99999, -0.00444622, 1.02145, 0, 0, 0, 1
-0.999991, 0.000196038, -0.00428062, 0.290854, 0.00428146, 0.00453247, -0.999981, 0.848903, -0.000176632, -0.99999, -0.00453327, 1.02144, 0, 0, 0, 1
-0.99999, 0.000217204, -0.00435513, 0.290853, 0.00435609, 0.00462036, -0.99998, 0.848919, -0.000197077, -0.999989, -0.00462126, 1.02143, 0, 0, 0, 1
-0.99999, 0.000238591, -0.00443043, 0.290852, 0.0044315, 0.00470917, -0.999979, 0.848936, -0.000217722, -0.999989, -0.00471019, 1.02142, 0, 0, 0, 1
-0.99999, 0.000260198, -0.00450651, 0.290851, 0.00450771, 0.00479892, -0.999978, 0.848953, -0.000238566, -0.999988, -0.00480004, 1.02141, 0, 0, 0, 1
-0.999989, 0.000282025, -0.00458339, 0.29085, 0.00458471, 0.0048896, -0.999978, 0.84897, -0.000259608, -0.999988, -0.00489084, 1.0214, 0, 0, 0, 1
-0.999989, 0.000304072, -0.00466105, 0.290849, 0.00466251, 0.00498121, -0.999977, 0.848988, -0.000280847, -0.999988, -0.00498257, 1.02139, 0, 0, 0, 1
-0.999989, 0.000326339, -0.0047395, 0.290848, 0.0047411, 0.00507374, -0.999976, 0.849005, -0.000302284, -0.999987, -0.00507523, 1.02138, 0, 0, 0, 1
-0.999988, 0.000348826, -0.00481874, 0.290847, 0.00482048, 0.00516721, -0.999975, 0.849023, -0.000323918, -0.999987, -0.00516884, 1.02138, 0, 0, 0, 1
-0.999988, 0.000371533, -0.00489877, 0.290846, 0.00490066, 0.00526162, -0.999974, 0.849041, -0.000345748, -0.999986, -0.00526337, 1.02137, 0, 0, 0, 1
-0.999988, 0.000394459, -0.00497959, 0.290844, 0.00498163, 0.00535695, -0.999973, 0.849059, -0.000367773, -0.999986, -0.00535885, 1.02136, 0, 0, 0, 1
-0.999987, 0.000417605, -0.00506119, 0.290843, 0.0050634, 0.00545321, -0.999972, 0.849077, -0.000389994, -0.999985, -0.00545525, 1.02135, 0, 0, 0, 1
-0.999987, 0.00044097, -0.00514359, 0.290842, 0.00514596, 0.0055504, -0.999971, 0.849096, -0.000412409, -0.999984, -0.0055526, 1.02134, 0, 0, 0, 1
-0.999986, 0.000464555, -0.00522677, 0.290841, 0.00522931, 0.00564853, -0.99997, 0.849114, -0.000435017, -0.999984, -0.00565088, 1.02133, 0, 0, 0, 1
-0.999986, 0.000488358, -0.00531074, 0.29084, 0.00531346, 0.00574759, -0.999969, 0.849133, -0.000457819, -0.999983, -0.0057501, 1.02132, 0, 0, 0, 1
-0.999985, 0.000512381, -0.0053955, 0.290839, 0.00539841, 0.00584757, -0.999968, 0.849152, -0.000480814, -0.999983, -0.00585025, 1.02131, 0, 0, 0, 1
-0.999985, 0.000536622, -0.00548105, 0.290837, 0.00548414, 0.00594849, -0.999967, 0.849171, -0.000504, -0.999982, -0.00595134, 1.0213, 0, 0, 0, 1
-0.999984, 0.000561082, -0.00556738, 0.290836, 0.00557068, 0.00605034, -0.999966, 0.849191, -0.000527379, -0.999982, -0.00605337, 1.02129, 0, 0, 0, 1
-0.999984, 0.000585761, -0.00565451, 0.290835, 0.00565801, 0.00615312, -0.999965, 0.84921, -0.000550947, -0.999981, -0.00615634, 1.02128, 0, 0, 0, 1
-0.999983, 0.000610658, -0.00574242, 0.290834, 0.00574613, 0.00625683, -0.999964, 0.84923, -0.000574706, -0.99998, -0.00626024, 1.02127, 0, 0, 0, 1
-0.999983, 0.000635773, -0.00583112, 0.290833, 0.00583505, 0.00636148, -0.999963, 0.84925, -0.000598655, -0.99998, -0.00636508, 1.02126, 0, 0, 0, 1
-0.999982, 0.000661107, -0.00592061, 0.290831, 0.00592477, 0.00646705, -0.999962, 0.84927, -0.000622793, -0.999979, -0.00647085, 1.02125, 0, 0, 0, 1
-0.999982, 0.000686659, -0.00601089, 0.29083, 0.00601528, 0.00657356, -0.99996, 0.84929, -0.000647118, -0.999978, -0.00657757, 1.02124, 0, 0, 0, 1
-0.999981, 0.000712428, -0.00610196, 0.290829, 0.00610658, 0.006681, -0.999959, 0.84931, -0.000671632, -0.999977, -0.00668522, 1.02123, 0, 0, 0, 1
-0.999981, 0.000738416, -0.00619381, 0.290828, 0.00619869, 0.00678936, -0.999958, 0.849331, -0.000696333, -0.999977, -0.00679381, 1.02122, 0, 0, 0, 1
-0.99998, 0.000764621, -0.00628646, 0.290826, 0.00629158, 0.00689867, -0.999956, 0.849352, -0.000721219, -0.999976, -0.00690334, 1.02121, 0, 0, 0, 1
-0.999979, 0.000791044, -0.00637989, 0.290825, 0.00638528, 0.0070089, -0.999955, 0.849373, -0.000746292, -0.999975, -0.0070138, 1.0212, 0, 0, 0, 1
-0.999979, 0.000817684, -0.00647411, 0.290824, 0.00647977, 0.00712006, -0.999954, 0.849394, -0.00077155, -0.999974, -0.00712521, 1.02119, 0, 0, 0, 1
-0.999978, 0.000844541, -0.00656912, 0.290822, 0.00657506, 0.00723215, -0.999952, 0.849415, -0.000796992, -0.999973, -0.00723755, 1.02118, 0, 0, 0, 1
-0.999977, 0.000871615, -0.00666492, 0.290821, 0.00667114, 0.00734518, -0.999951, 0.849436, -0.000822617, -0.999973, -0.00735083, 1.02117, 0, 0, 0, 1
-0.999977, 0.000898906, -0.0067615, 0.29082, 0.00676802, 0.00745914, -0.999949, 0.849458, -0.000848426, -0.999972, -0.00746505, 1.02116, 0, 0, 0, 1
-0.999976, 0.000926415, -0.00685888, 0.290818, 0.0068657, 0.00757403, -0.999948, 0.84948, -0.000874417, -0.999971, -0.00758021, 1.02114, 0, 0, 0, 1
-0.999975, 0.000954139, -0.00695704, 0.290817, 0.00696417, 0.00768985, -0.999946, 0.849502, -0.000900589, -0.99997, -0.0076963, 1.02113, 0, 0, 0, 1
-0.999975, 0.000982081, -0.00705599, 0.290815, 0.00706345, 0.0078066, -0.999945, 0.849524, -0.000926943, -0.999969, -0.00781334, 1.02112, 0, 0, 0, 1
-0.999974, 0.00101024, -0.00715573, 0.290814, 0.00716351, 0.00792429, -0.999943, 0.849546, -0.000953477, -0.999968, -0.00793132, 1.02111, 0, 0, 0, 1
-0.999973, 0.00103861, -0.00725626, 0.290813, 0.00726438, 0.0080429, -0.999941, 0.849569, -0.00098019, -0.999967, -0.00805023, 1.0211, 0, 0, 0, 1
-0.999972, 0.0010672, -0.00735757, 0.290811, 0.00736604, 0.00816245, -0.99994, 0.849592, -0.00100708, -0.999966, -0.00817008, 1.02109, 0, 0, 0, 1
-0.999972, 0.00109601, -0.00745968, 0.29081, 0.00746851, 0.00828293, -0.999938, 0.849615, -0.00103415, -0.999965, -0.00829088, 1.02108, 0, 0, 0, 1
-0.999971, 0.00112503, -0.00756257, 0.290808, 0.00757177, 0.00840434, -0.999936, 0.849638, -0.0010614, -0.999964, -0.00841261, 1.02107, 0, 0, 0, 1
-0.99997, 0.00115427, -0.00766625, 0.290807, 0.00767582, 0.00852668, -0.999934, 0.849661, -0.00108882, -0.999963, -0.00853529, 1.02105, 0, 0, 0, 1
-0.999969, 0.00118372, -0.00777072, 0.290805, 0.00778068, 0.00864996, -0.999932, 0.849684, -0.00111642, -0.999962, -0.0086589, 1.02104, 0, 0, 0, 1
-0.999968, 0.00121339, -0.00787598, 0.290804, 0.00788633, 0.00877417, -0.99993, 0.849708, -0.0011442, -0.999961, -0.00878346, 1.02103, 0, 0, 0, 1
-0.999967, 0.00124327, -0.00798203, 0.290802, 0.00799278, 0.0088993, -0.999928, 0.849732, -0.00117215, -0.99996, -0.00890895, 1.02102, 0, 0, 0, 1
-0.999966, 0.00127337, -0.00808887, 0.290801, 0.00810004, 0.00902538, -0.999926, 0.849756, -0.00120027, -0.999958, -0.00903539, 1.02101, 0, 0, 0, 1
-0.999966, 0.00130368, -0.00819649, 0.290799, 0.00820808, 0.00915238, -0.999924, 0.84978, -0.00122857, -0.999957, -0.00916276, 1.02099, 0, 0, 0, 1
-0.999965, 0.00133421, -0.0083049, 0.290798, 0.00831693, 0.00928031, -0.999922, 0.849804, -0.00125703, -0.999956, -0.00929108, 1.02098, 0, 0, 0, 1
-0.999964, 0.00136495, -0.0084141, 0.290796, 0.00842658, 0.00940918, -0.99992, 0.849829, -0.00128567, -0.999955, -0.00942034, 1.02097, 0, 0, 0, 1
-0.999963, 0.00139591, -0.00852409, 0.290795, 0.00853703, 0.00953898, -0.999918, 0.849853, -0.00131448, -0.999954, -0.00955054, 1.02096, 0, 0, 0, 1
-0.999962, 0.00142708, -0.00863487, 0.290793, 0.00864827, 0.00966971, -0.999916, 0.849878, -0.00134346, -0.999952, -0.00968168, 1.02095, 0, 0, 0, 1
-0.999961, 0.00145846, -0.00874644, 0.290792, 0.00876032, 0.00980137, -0.999914, 0.849903, -0.00137261, -0.999951, -0.00981376, 1.02093, 0, 0, 0, 1
-0.99996, 0.00149006, -0.00885879, 0.29079, 0.00887316, 0.00993397, -0.999911, 0.849928, -0.00140193, -0.99995, -0.00994679, 1.02092, 0, 0, 0, 1
-0.999959, 0.00152187, -0.00897193, 0.290788, 0.00898681, 0.0100675, -0.999909, 0.849954, -0.00143141, -0.999948, -0.0100808, 1.02091, 0, 0, 0, 1
-0.999958, 0.0015539, -0.00908586, 0.290787, 0.00910125, 0.010202, -0.999907, 0.849979, -0.00146106, -0.999947, -0.0102157, 1.02089, 0, 0, 0, 1
-0.999956, 0.00158614, -0.00920058, 0.290785, 0.0092165, 0.0103373, -0.999904, 0.850005, -0.00149088, -0.999945, -0.0103515, 1.02088, 0, 0, 0, 1
-0.999955, 0.00161859, -0.00931609, 0.290783, 0.00933255, 0.0104737, -0.999902, 0.850031, -0.00152086, -0.999944, -0.0104883, 1.02087, 0, 0, 0, 1
-0.999954, 0.00165125, -0.00943239, 0.290782, 0.00944939, 0.0106109, -0.999899, 0.850057, -0.001551, -0.999942, -0.010626, 1.02086, 0, 0, 0, 1
-0.999953, 0.00168413, -0.00954947, 0.29078, 0.00956704, 0.0107491, -0.999896, 0.850083, -0.00158131, -0.999941, -0.0107647, 1.02084, 0, 0, 0, 1
-0.999952, 0.00171722, -0.00966735, 0.290778, 0.00968548, 0.0108882, -0.999894, 0.85011, -0.00161178, -0.999939, -0.0109043, 1.02083, 0, 0, 0, 1
-0.999951, 0.00175053, -0.00978601, 0.290777, 0.00980473, 0.0110283, -0.999891, 0.850136, -0.00164241, -0.999938, -0.0110449, 1.02082, 0, 0, 0, 1
-0.999949, 0.00178404, -0.00990546, 0.290775, 0.00992478, 0.0111693, -0.999888, 0.850163, -0.0016732, -0.999936, -0.0111864, 1.0208, 0, 0, 0, 1
-0.999948, 0.00181777, -0.0100257, 0.290773, 0.0100456, 0.0113112, -0.999886, 0.85019, -0.00170416, -0.999934, -0.0113289, 1.02079, 0, 0, 0, 1
-0.999947, 0.00185171, -0.0101467, 0.290771, 0.0101673, 0.0114541, -0.999883, 0.850217, -0.00173527, -0.999933, -0.0114723, 1.02078, 0, 0, 0, 1
-0.999945, 0.00188586, -0.0102685, 0.29077, 0.0102897, 0.0115978, -0.99988, 0.850245, -0.00176654, -0.999931, -0.0116166, 1.02076, 0, 0, 0, 1
-0.999944, 0.00192022, -0.0103911, 0.290768, 0.010413, 0.0117426, -0.999877, 0.850272, -0.00179797, -0.999929, -0.0117619, 1.02075, 0, 0, 0, 1
-0.999943, 0.00195479, -0.0105145, 0.290766, 0.0105371, 0.0118882, -0.999874, 0.8503, -0.00182955, -0.999927, -0.0119081, 1.02073, 0, 0, 0, 1
-0.999941, 0.00198958, -0.0106387, 0.290764, 0.0106619, 0.0120348, -0.999871, 0.850328, -0.00186129, -0.999926, -0.0120553, 1.02072, 0, 0, 0, 1
-0.99994, 0.00202458, -0.0107637, 0.290762, 0.0107876, 0.0121823, -0.999868, 0.850356, -0.00189318, -0.999924, -0.0122034, 1.02071, 0, 0, 0, 1
-0.999939, 0.00205978, -0.0108894, 0.290761, 0.010914, 0.0123308, -0.999864, 0.850384, -0.00192523, -0.999922, -0.0123525, 1.02069, 0, 0, 0, 1
-0.999937, 0.0020952, -0.011016, 0.290759, 0.0110413, 0.0124801, -0.999861, 0.850413, -0.00195743, -0.99992, -0.0125025, 1.02068, 0, 0, 0, 1
-0.999936, 0.00213083, -0.0111433, 0.290757, 0.0111694, 0.0126304, -0.999858, 0.850441, -0.00198978, -0.999918, -0.0126534, 1.02066, 0, 0, 0, 1
-0.999934, 0.00216667, -0.0112714, 0.290755, 0.0112982, 0.0127817, -0.999854, 0.85047, -0.00202228, -0.999916, -0.0128053, 1.02065, 0, 0, 0, 1
-0.999933, 0.00220271, -0.0114004, 0.290753, 0.0114279, 0.0129339, -0.999851, 0.850499, -0.00205493, -0.999914, -0.0129582, 1.02064, 0, 0, 0, 1
-0.999931, 0.00223897, -0.0115301, 0.290751, 0.0115584, 0.013087, -0.999848, 0.850528, -0.00208774, -0.999912, -0.013112, 1.02062, 0, 0, 0, 1
-0.999929, 0.00227544, -0.0116605, 0.290749, 0.0116897, 0.013241, -0.999844, 0.850557, -0.00212069, -0.99991, -0.0132667, 1.02061, 0, 0, 0, 1
-0.999928, 0.00231212, -0.0117918, 0.290747, 0.0118218, 0.013396, -0.99984, 0.850587, -0.00215378, -0.999908, -0.0134224, 1.02059, 0, 0, 0, 1
-0.999926, 0.002349, -0.0119239, 0.290745, 0.0119547, 0.0135519, -0.999837, 0.850617, -0.00218703, -0.999905, -0.013579, 1.02058, 0, 0, 0, 1
-0.999924, 0.0023861, -0.0120567, 0.290744, 0.0120883, 0.0137088, -0.999833, 0.850647, -0.00222042, -0.999903, -0.0137366, 1.02056, 0, 0, 0, 1
-0.999923, 0.0024234, -0.0121904, 0.290742, 0.0122228, 0.0138665, -0.999829, 0.850677, -0.00225395, -0.999901, -0.0138951, 1.02055, 0, 0, 0, 1
-0.999921, 0.00246092, -0.0123248, 0.29074, 0.0123581, 0.0140253, -0.999825, 0.850707, -0.00228763, -0.999899, -0.0140546, 1.02053, 0, 0, 0, 1
-0.999919, 0.00249864, -0.01246, 0.290738, 0.0124943, 0.0141849, -0.999821, 0.850737, -0.00232145, -0.999896, -0.014215, 1.02052, 0, 0, 0, 1
-0.999917, 0.00253657, -0.012596, 0.290736, 0.0126312, 0.0143455, -0.999817, 0.850768, -0.00235541, -0.999894, -0.0143763, 1.0205, 0, 0, 0, 1
-0.999916, 0.0025747, -0.0127328, 0.290734, 0.0127689, 0.014507, -0.999813, 0.850799, -0.00238951, -0.999891, -0.0145386, 1.02049, 0, 0, 0, 1
-0.999914, 0.00261305, -0.0128704, 0.290732, 0.0129074, 0.0146694, -0.999809, 0.85083, -0.00242375, -0.999889, -0.0147019, 1.02047, 0, 0, 0, 1
-0.999912, 0.0026516, -0.0130088, 0.290729, 0.0130467, 0.0148328, -0.999805, 0.850861, -0.00245813, -0.999886, -0.0148661, 1.02046, 0, 0, 0, 1
-0.99991, 0.00269036, -0.0131479, 0.290727, 0.0131869, 0.0149971, -0.999801, 0.850892, -0.00249265, -0.999884, -0.0150312, 1.02044, 0, 0, 0, 1
-0.999908, 0.00272933, -0.0132879, 0.290725, 0.0133278, 0.0151624, -0.999796, 0.850923, -0.0025273, -0.999881, -0.0151973, 1.02043, 0, 0, 0, 1
-0.999906, 0.00276851, -0.0134286, 0.290723, 0.0134695, 0.0153285, -0.999792, 0.850955, -0.00256209, -0.999879, -0.0153644, 1.02041, 0, 0, 0, 1
-0.999904, 0.00280789, -0.0135702, 0.290721, 0.0136121, 0.0154956, -0.999787, 0.850987, -0.00259701, -0.999876, -0.0155324, 1.0204, 0, 0, 0, 1
-0.999902, 0.00284748, -0.0137125, 0.290719, 0.0137554, 0.0156637, -0.999783, 0.851019, -0.00263207, -0.999873, -0.0157013, 1.02038, 0, 0, 0, 1
-0.9999, 0.00288727, -0.0138556, 0.290717, 0.0138996, 0.0158327, -0.999778, 0.851051, -0.00266726, -0.99987, -0.0158712, 1.02036, 0, 0, 0, 1
-0.999898, 0.00292727, -0.0139995, 0.290715, 0.0140446, 0.0160026, -0.999773, 0.851084, -0.00270258, -0.999868, -0.0160421, 1.02035, 0, 0, 0, 1
-0.999896, 0.00296748, -0.0141441, 0.290713, 0.0141903, 0.0161734, -0.999769, 0.851116, -0.00273803, -0.999865, -0.0162138, 1.02033, 0, 0, 0, 1
-0.999893, 0.00300789, -0.0142896, 0.29071, 0.0143369, 0.0163452, -0.999764, 0.851149, -0.00277362, -0.999862, -0.0163866, 1.02032, 0, 0, 0, 1
-0.999891, 0.00304851, -0.0144359, 0.290708, 0.0144843, 0.0165179, -0.999759, 0.851182, -0.00280933, -0.999859, -0.0165603, 1.0203, 0, 0, 0, 1
-0.999889, 0.00308933, -0.0145829, 0.290706, 0.0146325, 0.0166916, -0.999754, 0.851215, -0.00284516, -0.999856, -0.0167349, 1.02028, 0, 0, 0, 1
-0.999887, 0.00313036, -0.0147307, 0.290704, 0.0147815, 0.0168661, -0.999748, 0.851248, -0.00288113, -0.999853, -0.0169105, 1.02027, 0, 0, 0, 1
-0.999884, 0.0031716, -0.0148794, 0.290702, 0.0149313, 0.0170417, -0.999743, 0.851282, -0.00291721, -0.99985, -0.017087, 1.02025, 0, 0, 0, 1
-0.999882, 0.00321303, -0.0150288, 0.290699, 0.0150819, 0.0172181, -0.999738, 0.851315, -0.00295343, -0.999847, -0.0172645, 1.02024, 0, 0, 0, 1
-0.999879, 0.00325468, -0.015179, 0.290697, 0.0152334, 0.0173955, -0.999733, 0.851349, -0.00298976, -0.999843, -0.017443, 1.02022, 0, 0, 0, 1
-0.999877, 0.00329652, -0.0153299, 0.290695, 0.0153856, 0.0175738, -0.999727, 0.851383, -0.00302622, -0.99984, -0.0176224, 1.0202, 0, 0, 0, 1
-0.999875, 0.00333857, -0.0154817, 0.290692, 0.0155386, 0.0177531, -0.999722, 0.851417, -0.0030628, -0.999837, -0.0178027, 1.02019, 0, 0, 0, 1
-0.999872, 0.00338083, -0.0156343, 0.29069, 0.0156925, 0.0179332, -0.999716, 0.851452, -0.0030995, -0.999833, -0.017984, 1.02017, 0, 0, 0, 1
-0.99987, 0.00342329, -0.0157876, 0.290688, 0.0158471, 0.0181144, -0.99971, 0.851486, -0.00313631, -0.99983, -0.0181662, 1.02015, 0, 0, 0, 1
-0.999867, 0.00346595, -0.0159418, 0.290685, 0.0160026, 0.0182964, -0.999705, 0.851521, -0.00317325, -0.999827, -0.0183494, 1.02013, 0, 0, 0, 1
-0.999864, 0.00350881, -0.0160967, 0.290683, 0.0161589, 0.0184794, -0.999699, 0.851556, -0.0032103, -0.999823, -0.0185336, 1.02012, 0, 0, 0, 1
-0.999862, 0.00355188, -0.0162524, 0.290681, 0.016316, 0.0186633, -0.999693, 0.851591, -0.00324746, -0.99982, -0.0187187, 1.0201, 0, 0, 0, 1
-0.999859, 0.00359515, -0.0164089, 0.290678, 0.0164739, 0.0188482, -0.999687, 0.851626, -0.00328474, -0.999816, -0.0189047, 1.02008, 0, 0, 0, 1
-0.999856, 0.00363862, -0.0165662, 0.290676, 0.0166326, 0.019034, -0.99968, 0.851662, -0.00332214, -0.999812, -0.0190917, 1.02007, 0, 0, 0, 1
-0.999853, 0.00368229, -0.0167243, 0.290673, 0.0167921, 0.0192207, -0.999674, 0.851697, -0.00335964, -0.999808, -0.0192797, 1.02005, 0, 0, 0, 1
-0.999851, 0.00372617, -0.0168832, 0.290671, 0.0169524, 0.0194083, -0.999668, 0.851733, -0.00339726, -0.999805, -0.0194686, 1.02003, 0, 0, 0, 1
-0.999848, 0.00377025, -0.0170428, 0.290669, 0.0171135, 0.0195969, -0.999661, 0.851769, -0.00343499, -0.999801, -0.0196585, 1.02001, 0, 0, 0, 1
-0.999845, 0.00381453, -0.0172033, 0.290666, 0.0172755, 0.0197865, -0.999655, 0.851805, -0.00347282, -0.999797, -0.0198493, 1.02, 0, 0, 0, 1
-0.999842, 0.00385901, -0.0173645, 0.290664, 0.0174382, 0.0199769, -0.999648, 0.851842, -0.00351076, -0.999793, -0.020041, 1.01998, 0, 0, 0, 1
-0.999839, 0.00390369, -0.0175265, 0.290661, 0.0176018, 0.0201683, -0.999642, 0.851878, -0.00354881, -0.999789, -0.0202338, 1.01996, 0, 0, 0, 1
-0.999836, 0.00394857, -0.0176893, 0.290659, 0.0177662, 0.0203606, -0.999635, 0.851915, -0.00358696, -0.999785, -0.0204274, 1.01994, 0, 0, 0, 1
-0.999833, 0.00399365, -0.0178529, 0.290656, 0.0179314, 0.0205539, -0.999628, 0.851952, -0.00362522, -0.999781, -0.0206221, 1.01993, 0, 0, 0, 1
-0.99983, 0.00403893, -0.0180173, 0.290654, 0.0180974, 0.0207481, -0.999621, 0.851989, -0.00366358, -0.999777, -0.0208177, 1.01991, 0, 0, 0, 1
-0.999826, 0.00408442, -0.0181825, 0.290651, 0.0182642, 0.0209432, -0.999614, 0.852026, -0.00370204, -0.999772, -0.0210142, 1.01989, 0, 0, 0, 1
-0.999823, 0.0041301, -0.0183485, 0.290648, 0.0184318, 0.0211393, -0.999607, 0.852064, -0.0037406, -0.999768, -0.0212117, 1.01987, 0, 0, 0, 1
-0.99982, 0.00417598, -0.0185152, 0.290646, 0.0186002, 0.0213363, -0.999599, 0.852101, -0.00377926, -0.999764, -0.0214101, 1.01985, 0, 0, 0, 1
-0.999817, 0.00422206, -0.0186828, 0.290643, 0.0187695, 0.0215342, -0.999592, 0.852139, -0.00381802, -0.999759, -0.0216095, 1.01984, 0, 0, 0, 1
-0.999813, 0.00426834, -0.0188511, 0.290641, 0.0189396, 0.0217331, -0.999584, 0.852177, -0.00385687, -0.999755, -0.0218099, 1.01982, 0, 0, 0, 1
-0.99981, 0.00431482, -0.0190202, 0.290638, 0.0191104, 0.0219329, -0.999577, 0.852215, -0.00389582, -0.99975, -0.0220112, 1.0198, 0, 0, 0, 1
-0.999806, 0.00436149, -0.0191901, 0.290635, 0.0192821, 0.0221336, -0.999569, 0.852254, -0.00393487, -0.999746, -0.0222135, 1.01978, 0, 0, 0, 1
-0.999803, 0.00440837, -0.0193608, 0.290633, 0.0194546, 0.0223353, -0.999561, 0.852292, -0.00397401, -0.999741, -0.0224167, 1.01976, 0, 0, 0, 1
-0.999799, 0.00445544, -0.0195323, 0.29063, 0.0196279, 0.0225379, -0.999553, 0.852331, -0.00401323, -0.999736, -0.0226209, 1.01974, 0, 0, 0, 1
-0.999796, 0.00450271, -0.0197046, 0.290627, 0.019802, 0.0227415, -0.999545, 0.85237, -0.00405255, -0.999731, -0.022826, 1.01972, 0, 0, 0, 1
-0.999792, 0.00455018, -0.0198776, 0.290625, 0.019977, 0.022946, -0.999537, 0.852409, -0.00409196, -0.999726, -0.0230321, 1.01971, 0, 0, 0, 1
-0.999788, 0.00459784, -0.0200515, 0.290622, 0.0201527, 0.0231514, -0.999529, 0.852448, -0.00413146, -0.999721, -0.0232391, 1.01969, 0, 0, 0, 1
-0.999785, 0.00464571, -0.0202261, 0.290619, 0.0203293, 0.0233577, -0.99952, 0.852488, -0.00417104, -0.999716, -0.0234471, 1.01967, 0, 0, 0, 1
-0.999781, 0.00469376, -0.0204015, 0.290616, 0.0205067, 0.023565, -0.999512, 0.852527, -0.00421071, -0.999711, -0.0236561, 1.01965, 0, 0, 0, 1
-0.999777, 0.00474202, -0.0205777, 0.290614, 0.0206849, 0.0237732, -0.999503, 0.852567, -0.00425047, -0.999706, -0.023866, 1.01963, 0, 0, 0, 1
-0.999773, 0.00479047, -0.0207547, 0.290611, 0.0208639, 0.0239824, -0.999495, 0.852607, -0.0042903, -0.999701, -0.0240769, 1.01961, 0, 0, 0, 1
-0.999769, 0.00483912, -0.0209325, 0.290608, 0.0210437, 0.0241925, -0.999486, 0.852647, -0.00433022, -0.999696, -0.0242887, 1.01959, 0, 0, 0, 1
-0.999765, 0.00488796, -0.0211111, 0.290605, 0.0212243, 0.0244035, -0.999477, 0.852688, -0.00437022, -0.99969, -0.0245015, 1.01957, 0, 0, 0, 1
-0.999761, 0.004937, -0.0212905, 0.290602, 0.0214058, 0.0246155, -0.999468, 0.852728, -0.00441029, -0.999685, -0.0247153, 1.01955, 0, 0, 0, 1
-0.999757, 0.00498623, -0.0214706, 0.290599, 0.021588, 0.0248283, -0.999459, 0.852769, -0.00445045, -0.999679, -0.02493, 1.01953, 0, 0, 0, 1
-0.999753, 0.00503566, -0.0216516, 0.290596, 0.0217711, 0.0250422, -0.999449, 0.85281, -0.00449068, -0.999674, -0.0251456, 1.01951, 0, 0, 0, 1
-0.999749, 0.00508528, -0.0218333, 0.290594, 0.021955, 0.0252569, -0.99944, 0.852851, -0.00453099, -0.999668, -0.0253622, 1.0195, 0, 0, 0, 1
-0.999744, 0.00513509, -0.0220158, 0.290591, 0.0221397, 0.0254726, -0.99943, 0.852892, -0.00457137, -0.999662, -0.0255798, 1.01948, 0, 0, 0, 1
-0.99974, 0.0051851, -0.0221991, 0.290588, 0.0223252, 0.0256893, -0.999421, 0.852934, -0.00461182, -0.999657, -0.0257984, 1.01946, 0, 0, 0, 1
-0.999736, 0.00523531, -0.0223832, 0.290585, 0.0225116, 0.0259069, -0.999411, 0.852976, -0.00465234, -0.999651, -0.0260179, 1.01944, 0, 0, 0, 1
-0.999731, 0.0052857, -0.0225681, 0.290582, 0.0226988, 0.0261254, -0.999401, 0.853017, -0.00469294, -0.999645, -0.0262383, 1.01942, 0, 0, 0, 1
-0.999727, 0.00533629, -0.0227538, 0.290579, 0.0228867, 0.0263448, -0.999391, 0.853059, -0.0047336, -0.999639, -0.0264597, 1.0194, 0, 0, 0, 1
-0.999722, 0.00538708, -0.0229402, 0.290576, 0.0230755, 0.0265652, -0.999381, 0.853102, -0.00477433, -0.999633, -0.0266821, 1.01938, 0, 0, 0, 1
-0.999718, 0.00543805, -0.0231275, 0.290573, 0.0232651, 0.0267865, -0.99937, 0.853144, -0.00481512, -0.999626, -0.0269055, 1.01936, 0, 0, 0, 1
-0.999713, 0.00548922, -0.0233155, 0.29057, 0.0234556, 0.0270087, -0.99936, 0.853187, -0.00485598, -0.99962, -0.0271298, 1.01934, 0, 0, 0, 1
-0.999708, 0.00554058, -0.0235043, 0.290567, 0.0236468, 0.0272319, -0.999349, 0.853229, -0.00489691, -0.999614, -0.027355, 1.01932, 0, 0, 0, 1
-0.999704, 0.00559213, -0.0236939, 0.290564, 0.0238389, 0.0274561, -0.999339, 0.853272, -0.00493789, -0.999607, -0.0275812, 1.0193, 0, 0, 0, 1
-0.999699, 0.00564387, -0.0238843, 0.290561, 0.0240317, 0.0276811, -0.999328, 0.853315, -0.00497893, -0.999601, -0.0278084, 1.01928, 0, 0, 0, 1
-0.999694, 0.00569581, -0.0240755, 0.290557, 0.0242254, 0.0279071, -0.999317, 0.853359, -0.00502004, -0.999594, -0.0280365, 1.01925, 0, 0, 0, 1
-0.999689, 0.00574793, -0.0242675, 0.290554, 0.02442, 0.028134, -0.999306, 0.853402, -0.0050612, -0.999588, -0.0282656, 1.01923, 0, 0, 0, 1
-0.999684, 0.00580025, -0.0244603, 0.290551, 0.0246153, 0.0283619, -0.999295, 0.853446, -0.00510241, -0.999581, -0.0284957, 1.01921, 0, 0, 0, 1
-0.999679, 0.00585275, -0.0246538, 0.290548, 0.0248114, 0.0285907, -0.999283, 0.85349, -0.00514369, -0.999574, -0.0287267, 1.01919, 0, 0, 0, 1
-0.999674, 0.00590545, -0.0248482, 0.290545, 0.0250084, 0.0288204, -0.999272, 0.853534, -0.00518501, -0.999567, -0.0289587, 1.01917, 0, 0, 0, 1
-0.999669, 0.00595833, -0.0250433, 0.290542, 0.0252062, 0.0290511, -0.99926, 0.853578, -0.00522639, -0.99956, -0.0291917, 1.01915, 0, 0, 0, 1
-0.999663, 0.00601141, -0.0252392, 0.290538, 0.0254048, 0.0292827, -0.999248, 0.853622, -0.00526781, -0.999553, -0.0294256, 1.01913, 0, 0, 0, 1
-0.999658, 0.00606467, -0.0254359, 0.290535, 0.0256042, 0.0295152, -0.999236, 0.853667, -0.00530929, -0.999546, -0.0296604, 1.01911, 0, 0, 0, 1
-0.999653, 0.00611812, -0.0256334, 0.290532, 0.0258045, 0.0297487, -0.999224, 0.853712, -0.00535081, -0.999539, -0.0298963, 1.01909, 0, 0, 0, 1
-0.999647, 0.00617176, -0.0258317, 0.290529, 0.0260056, 0.0299831, -0.999212, 0.853757, -0.00539238, -0.999531, -0.0301331, 1.01907, 0, 0, 0, 1
-0.999642, 0.00622559, -0.0260308, 0.290525, 0.0262074, 0.0302185, -0.9992, 0.853802, -0.005434, -0.999524, -0.0303708, 1.01905, 0, 0, 0, 1
-0.999636, 0.00627961, -0.0262306, 0.290522, 0.0264102, 0.0304548, -0.999187, 0.853847, -0.00547566, -0.999516, -0.0306095, 1.01903, 0, 0, 0, 1
-0.999631, 0.00633381, -0.0264313, 0.290519, 0.0266137, 0.030692, -0.999175, 0.853893, -0.00551736, -0.999509, -0.0308492, 1.019, 0, 0, 0, 1
-0.999625, 0.0063882, -0.0266327, 0.290515, 0.026818, 0.0309302, -0.999162, 0.853938, -0.0055591, -0.999501, -0.0310899, 1.01898, 0, 0, 0, 1
-0.999619, 0.00644278, -0.0268349, 0.290512, 0.0270232, 0.0311693, -0.999149, 0.853984, -0.00560087, -0.999493, -0.0313315, 1.01896, 0, 0, 0, 1
-0.999613, 0.00649755, -0.0270379, 0.290509, 0.0272292, 0.0314093, -0.999136, 0.85403, -0.00564269, -0.999485, -0.0315741, 1.01894, 0, 0, 0, 1
-0.999607, 0.0065525, -0.0272417, 0.290505, 0.027436, 0.0316502, -0.999122, 0.854076, -0.00568454, -0.999478, -0.0318176, 1.01892, 0, 0, 0, 1
-0.999601, 0.00660764, -0.0274463, 0.290502, 0.0276436, 0.0318922, -0.999109, 0.854123, -0.00572643, -0.999469, -0.0320621, 1.0189, 0, 0, 0, 1
-0.999595, 0.00666296, -0.0276517, 0.290498, 0.0278521, 0.032135, -0.999095, 0.854169, -0.00576835, -0.999461, -0.0323076, 1.01887, 0, 0, 0, 1
-0.999589, 0.00671847, -0.0278579, 0.290495, 0.0280613, 0.0323788, -0.999082, 0.854216, -0.0058103, -0.999453, -0.032554, 1.01885, 0, 0, 0, 1
-0.999583, 0.00677417, -0.0280648, 0.290491, 0.0282714, 0.0326235, -0.999068, 0.854263, -0.00585228, -0.999445, -0.0328014, 1.01883, 0, 0, 0, 1
-0.999577, 0.00683004, -0.0282726, 0.290488, 0.0284824, 0.0328691, -0.999054, 0.85431, -0.00589429, -0.999436, -0.0330498, 1.01881, 0, 0, 0, 1
-0.999571, 0.00688611, -0.0284811, 0.290484, 0.0286941, 0.0331157, -0.99904, 0.854358, -0.00593632, -0.999428, -0.0332991, 1.01879, 0, 0, 0, 1
-0.999564, 0.00694236, -0.0286904, 0.290481, 0.0289067, 0.0333632, -0.999025, 0.854405, -0.00597838, -0.999419, -0.0335494, 1.01877, 0, 0, 0, 1
-0.999558, 0.00699879, -0.0289005, 0.290477, 0.02912, 0.0336117, -0.999011, 0.854453, -0.00602047, -0.99941, -0.0338006, 1.01874, 0, 0, 0, 1
-0.999551, 0.0070554, -0.0291114, 0.290474, 0.0293342, 0.0338611, -0.998996, 0.854501, -0.00606258, -0.999402, -0.0340529, 1.01872, 0, 0, 0, 1
-0.999545, 0.0071122, -0.0293231, 0.29047, 0.0295493, 0.0341114, -0.998981, 0.854549, -0.0061047, -0.999393, -0.034306, 1.0187, 0, 0, 0, 1
-0.999538, 0.00716918, -0.0295356, 0.290467, 0.0297651, 0.0343627, -0.998966, 0.854597, -0.00614685, -0.999384, -0.0345602, 1.01868, 0, 0, 0, 1
-0.999531, 0.00722635, -0.0297488, 0.290463, 0.0299818, 0.0346149, -0.998951, 0.854646, -0.00618902, -0.999375, -0.0348153, 1.01865, 0, 0, 0, 1
-0.999524, 0.0072837, -0.0299629, 0.290459, 0.0301993, 0.034868, -0.998936, 0.854694, -0.0062312, -0.999365, -0.0350714, 1.01863, 0, 0, 0, 1
-0.999518, 0.00734122, -0.0301777, 0.290456, 0.0304176, 0.0351221, -0.99892, 0.854743, -0.00627339, -0.999356, -0.0353285, 1.01861, 0, 0, 0, 1
-0.999511, 0.00739893, -0.0303933, 0.290452, 0.0306368, 0.0353771, -0.998904, 0.854792, -0.0063156, -0.999347, -0.0355865, 1.01859, 0, 0, 0, 1
