-0.999999, -0.000797434, -0.000797196, 0.290901, 0.000796858, 0.000424669, -1, 0.848124, 0.000797772, -1, -0.000424033, 1.02183, 0, 0, 0, 1
-0.999999, -0.00079732, -0.000796569, 0.290901, 0.000796231, 0.000424908, -1, 0.848124, 0.000797659, -1, -0.000424273, 1.02183, 0, 0, 0, 1
-0.999999, -0.000796979, -0.000794688, 0.290901, 0.000794349, 0.000425627, -1, 0.848124, 0.000797317, -1, -0.000424993, 1.02183, 0, 0, 0, 1
-0.999999, -0.00079641, -0.000791554, 0.290901, 0.000791214, 0.000426824, -1, 0.848125, 0.000796747, -1, -0.000426194, 1.02183, 0, 0, 0, 1
-0.999999, -0.000795613, -0.000787166, 0.290901, 0.000786825, 0.000428501, -1, 0.848125, 0.00079595, -1, -0.000427874, 1.02183, 0, 0, 0, 1
-0.999999, -0.000794589, -0.000781524, 0.290901, 0.000781182, 0.000430656, -1, 0.848125, 0.000794925, -1, -0.000430035, 1.02183, 0, 0, 0, 1
-0.999999, -0.000793337, -0.000774628, 0.290901, 0.000774285, 0.000433291, -1, 0.848126, 0.000793672, -1, -0.000432676, 1.02183, 0, 0, 0, 1
-0.999999, -0.000791857, -0.000766479, 0.2909, 0.000766133, 0.000436404, -1, 0.848127, 0.000792191, -1, -0.000435797, 1.02183, 0, 0, 0, 1
-0.999999, -0.00079015, -0.000757075, 0.2909, 0.000756728, 0.000439997, -1, 0.848127, 0.000790483, -1, -0.000439398, 1.02183, 0, 0, 0, 1
-0.999999, -0.000788215, -0.000746418, 0.2909, 0.000746068, 0.000444068, -1, 0.848128, 0.000788546, -1, -0.00044348, 1.02183, 0, 0, 0, 1
-0.999999, -0.000786053, -0.000734507, 0.2909, 0.000734155, 0.000448618, -1, 0.848129, 0.000786382, -1, -0.000448041, 1.02183, 0, 0, 0, 1
-0.999999, -0.000783663, -0.000721343, 0.2909, 0.000720987, 0.000453648, -1, 0.84813, 0.00078399, -1, -0.000453083, 1.02182, 0, 0, 0, 1
-0.999999, -0.000781045, -0.000706924, 0.290899, 0.000706566, 0.000459156, -1, 0.848131, 0.000781369, -1, -0.000458604, 1.02182, 0, 0, 0, 1
-0.999999, -0.0007782, -0.000691252, 0.290899, 0.00069089, 0.000465144, -1, 0.848132, 0.000778521, -1, -0.000464606, 1.02182, 0, 0, 0, 1
-0.999999, -0.000775127, -0.000674326, 0.290899, 0.000673961, 0.00047161, -1, 0.848134, 0.000775445, -1, -0.000471088, 1.02182, 0, 0, 0, 1
-0.999999, -0.000771827, -0.000656147, 0.290898, 0.000655777, 0.000478556, -1, 0.848135, 0.00077214, -1, -0.000478049, 1.02182, 0, 0, 0, 1
-1, -0.000768299, -0.000636713, 0.290898, 0.00063634, 0.00048598, -1, 0.848137, 0.000768608, -1, -0.000485491, 1.02181, 0, 0, 0, 1
-1, -0.000764543, -0.000616026, 0.290898, 0.000615648, 0.000493884, -1, 0.848138, 0.000764847, -1, -0.000493413, 1.02181, 0, 0, 0, 1
-1, -0.00076056, -0.000594085, 0.290897, 0.000593703, 0.000502266, -1, 0.84814, 0.000760858, -1, -0.000501815, 1.02181, 0, 0, 0, 1
-1, -0.00075635, -0.00057089, 0.290897, 0.000570504, 0.000511128, -1, 0.848142, 0.000756641, -1, -0.000510696, 1.0218, 0, 0, 0, 1
-1, -0.000751912, -0.000546441, 0.290897, 0.00054605, 0.000520469, -1, 0.848144, 0.000752196, -1, -0.000520058, 1.0218, 0, 0, 0, 1
-1, -0.000747246, -0.000520739, 0.290896, 0.000520343, 0.000530289, -1, 0.848146, 0.000747522, -1, -0.000529899, 1.0218, 0, 0, 0, 1
-1, -0.000742353, -0.000493783, 0.290896, 0.000493382, 0.000540587, -1, 0.848148, 0.00074262, -1, -0.000540221, 1.02179, 0, 0, 0, 1
-1, -0.000737233, -0.000465573, 0.290895, 0.000465167, 0.000551365, -1, 0.84815, 0.000737489, -1, -0.000551022, 1.02179, 0, 0, 0, 1
-1, -0.000731885, -0.000436109, 0.290895, 0.000435698, 0.000562622, -1, 0.848152, 0.00073213, -1, -0.000562303, 1.02179, 0, 0, 0, 1
-1, -0.00072631, -0.000405392, 0.290894, 0.000404975, 0.000574358, -1, 0.848155, 0.000726542, -1, -0.000574064, 1.02178, 0, 0, 0, 1
-1, -0.000720507, -0.000373421, 0.290893, 0.000372998, 0.000586573, -1, 0.848157, 0.000720726, -1, -0.000586304, 1.02178, 0, 0, 0, 1
-1, -0.000714477, -0.000340196, 0.290893, 0.000339768, 0.000599268, -1, 0.84816, 0.00071468, -1, -0.000599025, 1.02177, 0, 0, 0, 1
-1, -0.000708219, -0.000305717, 0.290892, 0.000305283, 0.000612441, -1, 0.848162, 0.000708406, -1, -0.000612225, 1.02177, 0, 0, 0, 1
-1, -0.000701734, -0.000269984, 0.290892, 0.000269545, 0.000626094, -1, 0.848165, 0.000701903, -1, -0.000625904, 1.02176, 0, 0, 0, 1
-1, -0.000695022, -0.000232998, 0.290891, 0.000232553, 0.000640225, -1, 0.848168, 0.000695171, -1, -0.000640063, 1.02176, 0, 0, 0, 1
-1, -0.000688083, -0.000194758, 0.29089, 0.000194307, 0.000654836, -1, 0.848171, 0.00068821, -1, -0.000654702, 1.02175, 0, 0, 0, 1
-1, -0.000680916, -0.000155264, 0.290889, 0.000154808, 0.000669926, -1, 0.848174, 0.00068102, -1, -0.00066982, 1.02175, 0, 0, 0, 1
-1, -0.000673522, -0.000114517, 0.290889, 0.000114055, 0.000685495, -1, 0.848177, 0.0006736, -1, -0.000685418, 1.02174, 0, 0, 0, 1
-1, -0.000665901, -7.25151e-05, 0.290888, 7.2048e-05, 0.000701543, -1, 0.84818, 0.000665951, -1, -0.000701495, 1.02174, 0, 0, 0, 1
-1, -0.000658052, -2.92599e-05, 0.290887, 2.87874e-05, 0.000718071, -1, 0.848184, 0.000658073, -1, -0.000718052, 1.02173, 0, 0, 0, 1
-1, -0.000649977, 1.5249e-05, 0.290886, -1.57268e-05, 0.000735077, -1, 0.848187, 0.000649965, -1, -0.000735087, 1.02173, 0, 0, 0, 1
-1, -0.000641674, 6.10117e-05, 0.290886, -6.14946e-05, 0.000752563, -1, 0.848191, 0.000641628, -1, -0.000752603, 1.02172, 0, 0, 0, 1
-1, -0.000633144, 0.000108028, 0.290885, -0.000108516, 0.000770528, -1, 0.848194, 0.00063306, -1, -0.000770597, 1.02171, 0, 0, 0, 1
-1, -0.000624387, 0.000156299, 0.290884, -0.000156791, 0.000788973, -1, 0.848198, 0.000624263, -0.999999, -0.00078907, 1.02171, 0, 0, 0, 1
-1, -0.000615403, 0.000205823, 0.290883, -0.00020632, 0.000807896, -1, 0.848202, 0.000615236, -0.999999, -0.000808023, 1.0217, 0, 0, 0, 1
-1, -0.000606191, 0.0002566, 0.290882, -0.000257102, 0.000827299, -1, 0.848206, 0.000605979, -0.999999, -0.000827455, 1.0217, 0, 0, 0, 1
-1, -0.000596753, 0.000308632, 0.290881, -0.000309138, 0.000847181, -1, 0.84821, 0.000596491, -0.999999, -0.000847366, 1.02169, 0, 0, 0, 1
-1, -0.000587088, 0.000361917, 0.29088, -0.000362427, 0.000867543, -1, 0.848214, 0.000586774, -0.999999, -0.000867755, 1.02168, 0, 0, 0, 1
-1, -0.000577196, 0.000416457, 0.290879, -0.000416969, 0.000888384, -1, 0.848218, 0.000576825, -0.999999, -0.000888624, 1.02167, 0, 0, 0, 1
-1, -0.000567077, 0.000472249, 0.290878, -0.000472765, 0.000909704, -0.999999, 0.848223, 0.000566647, -0.999999, -0.000909971, 1.02167, 0, 0, 0, 1
-1, -0.000556731, 0.000529296, 0.290877, -0.000529815, 0.000931503, -0.999999, 0.848227, 0.000556237, -0.999999, -0.000931798, 1.02166, 0, 0, 0, 1
-1, -0.000546158, 0.000587597, 0.290876, -0.000588117, 0.000953782, -0.999999, 0.848232, 0.000545597, -0.999999, -0.000954103, 1.02165, 0, 0, 0, 1
-1, -0.000535358, 0.000647151, 0.290875, -0.000647673, 0.00097654, -0.999999, 0.848236, 0.000534726, -0.999999, -0.000976886, 1.02164, 0, 0, 0, 1
-1, -0.000524331, 0.000707959, 0.290874, -0.000708483, 0.000999777, -0.999999, 0.848241, 0.000523623, -0.999999, -0.00100015, 1.02164, 0, 0, 0, 1
-1, -0.000513078, 0.000770021, 0.290873, -0.000770545, 0.00102349, -0.999999, 0.848246, 0.00051229, -0.999999, -0.00102389, 1.02163, 0, 0, 0, 1
-1, -0.000501598, 0.000833336, 0.290872, -0.000833861, 0.00104769, -0.999999, 0.848251, 0.000500725, -0.999999, -0.00104811, 1.02162, 0, 0, 0, 1
-0.999999, -0.000489891, 0.000897905, 0.29087, -0.00089843, 0.00107237, -0.999999, 0.848256, 0.000488928, -0.999999, -0.00107281, 1.02161, 0, 0, 0, 1
-0.999999, -0.000477958, 0.000963729, 0.290869, -0.000964253, 0.00109752, -0.999999, 0.848261, 0.0004769, -0.999999, -0.00109798, 1.0216, 0, 0, 0, 1
-0.999999, -0.000465798, 0.00103081, 0.290868, -0.00103133, 0.00112316, -0.999999, 0.848266, 0.00046464, -0.999999, -0.00112364, 1.02159, 0, 0, 0, 1
-0.999999, -0.000453412, 0.00109914, 0.290867, -0.00109966, 0.00114927, -0.999999, 0.848271, 0.000452148, -0.999999, -0.00114977, 1.02158, 0, 0, 0, 1
-0.999999, -0.000440799, 0.00116872, 0.290866, -0.00116924, 0.00117586, -0.999999, 0.848277, 0.000439424, -0.999999, -0.00117638, 1.02157, 0, 0, 0, 1
-0.999999, -0.000427959, 0.00123956, 0.290864, -0.00124007, 0.00120294, -0.999999, 0.848282, 0.000426467, -0.999999, -0.00120347, 1.02157, 0, 0, 0, 1
-0.999999, -0.000414893, 0.00131165, 0.290863, -0.00131216, 0.00123049, -0.999998, 0.848288, 0.000413278, -0.999999, -0.00123103, 1.02156, 0, 0, 0, 1
-0.999999, -0.000401601, 0.001385, 0.290862, -0.0013855, 0.00125852, -0.999998, 0.848294, 0.000399857, -0.999999, -0.00125908, 1.02155, 0, 0, 0, 1
-0.999999, -0.000388082, 0.0014596, 0.29086, -0.00146009, 0.00128703, -0.999998, 0.848299, 0.000386203, -0.999999, -0.0012876, 1.02154, 0, 0, 0, 1
-0.999999, -0.000374337, 0.00153545, 0.290859, -0.00153594, 0.00131603, -0.999998, 0.848305, 0.000372315, -0.999999, -0.0013166, 1.02153, 0, 0, 0, 1
-0.999999, -0.000360365, 0.00161256, 0.290858, -0.00161304, 0.0013455, -0.999998, 0.848311, 0.000358195, -0.999999, -0.00134608, 1.02152, 0, 0, 0, 1
-0.999999, -0.000346168, 0.00169092, 0.290856, -0.00169139, 0.00137545, -0.999998, 0.848317, 0.000343841, -0.999999, -0.00137603, 1.02151, 0, 0, 0, 1
-0.999998, -0.000331744, 0.00177053, 0.290855, -0.001771, 0.00140588, -0.999997, 0.848323, 0.000329254, -0.999999, -0.00140646, 1.0215, 0, 0, 0, 1
-0.999998, -0.000317094, 0.0018514, 0.290853, -0.00185185, 0.00143679, -0.999997, 0.84833, 0.000314433, -0.999999, -0.00143737, 1.02148, 0, 0, 0, 1
-0.999998, -0.000302218, 0.00193352, 0.290852, -0.00193396, 0.00146818, -0.999997, 0.848336, 0.000299378, -0.999999, -0.00146876, 1.02147, 0, 0, 0, 1
-0.999998, -0.000287116, 0.0020169, 0.29085, -0.00201733, 0.00150005, -0.999997, 0.848343, 0.000284089, -0.999999, -0.00150062, 1.02146, 0, 0, 0, 1
-0.999998, -0.000271788, 0.00210153, 0.290849, -0.00210194, 0.0015324, -0.999997, 0.848349, 0.000268566, -0.999999, -0.00153297, 1.02145, 0, 0, 0, 1
-0.999998, -0.000256234, 0.00218741, 0.290847, -0.00218781, 0.00156523, -0.999996, 0.848356, 0.000252809, -0.999999, -0.00156578, 1.02144, 0, 0, 0, 1
-0.999997, -0.000240454, 0.00227455, 0.290846, -0.00227493, 0.00159854, -0.999996, 0.848363, 0.000236817, -0.999999, -0.00159908, 1.02143, 0, 0, 0, 1
-0.999997, -0.000224448, 0.00236294, 0.290844, -0.0023633, 0.00163233, -0.999996, 0.848369, 0.00022059, -0.999999, -0.00163285, 1.02142, 0, 0, 0, 1
-0.999997, -0.000208216, 0.00245258, 0.290842, -0.00245293, 0.00166659, -0.999996, 0.848376, 0.000204128, -0.999999, -0.0016671, 1.0214, 0, 0, 0, 1
-0.999997, -0.000191759, 0.00254348, 0.290841, -0.0025438, 0.00170134, -0.999995, 0.848383, 0.000187431, -0.999999, -0.00170182, 1.02139, 0, 0, 0, 1
-0.999997, -0.000175076, 0.00263563, 0.290839, -0.00263593, 0.00173657, -0.999995, 0.848391, 0.000170498, -0.999998, -0.00173703, 1.02138, 0, 0, 0, 1
-0.999996, -0.000158167, 0.00272904, 0.290837, -0.00272931, 0.00177228, -0.999995, 0.848398, 0.00015333, -0.999998, -0.0017727, 1.02137, 0, 0, 0, 1
-0.999996, -0.000141033, 0.0028237, 0.290836, -0.00282395, 0.00180847, -0.999994, 0.848405, 0.000135926, -0.999998, -0.00180886, 1.02136, 0, 0, 0, 1
-0.999996, -0.000123673, 0.00291961, 0.290834, -0.00291983, 0.00184514, -0.999994, 0.848413, 0.000118286, -0.999998, -0.00184549, 1.02134, 0, 0, 0, 1
-0.999995, -0.000106088, 0.00301678, 0.290832, -0.00301697, 0.00188228, -0.999994, 0.84842, 0.000100409, -0.999998, -0.0018826, 1.02133, 0, 0, 0, 1
-0.999995, -8.82774e-05, 0.0031152, 0.29083, -0.00311536, 0.00191991, -0.999993, 0.848428, 8.22959e-05, -0.999998, -0.00192018, 1.02132, 0, 0, 0, 1
-0.999995, -7.02414e-05, 0.00321487, 0.290828, -0.003215, 0.00195802, -0.999993, 0.848435, 6.39461e-05, -0.999998, -0.00195824, 1.0213, 0, 0, 0, 1
-0.999995, -5.19801e-05, 0.0033158, 0.290827, -0.0033159, 0.00199661, -0.999993, 0.848443, 4.53593e-05, -0.999998, -0.00199677, 1.02129, 0, 0, 0, 1
-0.999994, -3.34935e-05, 0.00341798, 0.290825, -0.00341804, 0.00203568, -0.999992, 0.848451, 2.65353e-05, -0.999998, -0.00203578, 1.02128, 0, 0, 0, 1
-0.999994, -1.47817e-05, 0.00352142, 0.290823, -0.00352144, 0.00207523, -0.999992, 0.848459, 7.47387e-06, -0.999998, -0.00207527, 1.02126, 0, 0, 0, 1
-0.999993, 4.15514e-06, 0.00362611, 0.290821, -0.00362609, 0.00211526, -0.999991, 0.848467, -1.18253e-05, -0.999998, -0.00211523, 1.02125, 0, 0, 0, 1
-0.999993, 2.33171e-05, 0.00373205, 0.290819, -0.00373199, 0.00215577, -0.999991, 0.848476, -3.13623e-05, -0.999998, -0.00215566, 1.02124, 0, 0, 0, 1
-0.999993, 4.2704e-05, 0.00383925, 0.290817, -0.00383915, 0.00219676, -0.99999, 0.848484, -5.11375e-05, -0.999998, -0.00219658, 1.02122, 0, 0, 0, 1
-0.999992, 6.23159e-05, 0.0039477, 0.290815, -0.00394755, 0.00223823, -0.99999, 0.848492, -7.11511e-05, -0.999997, -0.00223796, 1.02121, 0, 0, 0, 1
-0.999992, 8.21526e-05, 0.0040574, 0.290813, -0.0040572, 0.00228018, -0.999989, 0.848501, -9.14033e-05, -0.999997, -0.00227982, 1.02119, 0, 0, 0, 1
-0.999991, 0.000102214, 0.00416836, 0.290811, -0.00416811, 0.00232261, -0.999989, 0.848509, -0.000111894, -0.999997, -0.00232216, 1.02118, 0, 0, 0, 1
-0.999991, 0.000122501, 0.00428057, 0.290809, -0.00428027, 0.00236552, -0.999988, 0.848518, -0.000132625, -0.999997, -0.00236497, 1.02116, 0, 0, 0, 1
-0.99999, 0.000143011, 0.00439404, 0.290807, -0.00439368, 0.00240891, -0.999987, 0.848527, -0.000153595, -0.999997, -0.00240826, 1.02115, 0, 0, 0, 1
-0.99999, 0.000163747, 0.00450876, 0.290805, -0.00450834, 0.00245278, -0.999987, 0.848536, -0.000174804, -0.999997, -0.00245202, 1.02113, 0, 0, 0, 1
-0.999989, 0.000184707, 0.00462473, 0.290803, -0.00462425, 0.00249713, -0.999986, 0.848545, -0.000196253, -0.999997, -0.00249625, 1.02112, 0, 0, 0, 1
-0.999989, 0.000205892, 0.00474196, 0.290801, -0.00474142, 0.00254196, -0.999986, 0.848554, -0.000217943, -0.999997, -0.00254096, 1.0211, 0, 0, 0, 1
-0.999988, 0.000227301, 0.00486044, 0.290799, -0.00485983, 0.00258728, -0.999985, 0.848563, -0.000239873, -0.999997, -0.00258614, 1.02109, 0, 0, 0, 1
-0.999988, 0.000248934, 0.00498017, 0.290796, -0.0049795, 0.00263307, -0.999984, 0.848572, -0.000262043, -0.999997, -0.0026318, 1.02107, 0, 0, 0, 1
-0.999987, 0.000270792, 0.00510116, 0.290794, -0.00510041, 0.00267934, -0.999983, 0.848582, -0.000284455, -0.999996, -0.00267793, 1.02106, 0, 0, 0, 1
-0.999986, 0.000292874, 0.0052234, 0.290792, -0.00522258, 0.0027261, -0.999983, 0.848591, -0.000307108, -0.999996, -0.00272453, 1.02104, 0, 0, 0, 1
-0.999986, 0.00031518, 0.00534689, 0.29079, -0.005346, 0.00277333, -0.999982, 0.848601, -0.000330003, -0.999996, -0.00277161, 1.02102, 0, 0, 0, 1
-0.999985, 0.00033771, 0.00547164, 0.290787, -0.00547067, 0.00282105, -0.999981, 0.848611, -0.000353139, -0.999996, -0.00281916, 1.02101, 0, 0, 0, 1
-0.999984, 0.000360464, 0.00559764, 0.290785, -0.00559659, 0.00286925, -0.99998, 0.84862, -0.000376518, -0.999996, -0.00286718, 1.02099, 0, 0, 0, 1
-0.999984, 0.000383442, 0.0057249, 0.290783, -0.00572376, 0.00291792, -0.999979, 0.84863, -0.000400139, -0.999996, -0.00291568, 1.02097, 0, 0, 0, 1
-0.999983, 0.000406644, 0.00585341, 0.29078, -0.00585218, 0.00296708, -0.999978, 0.84864, -0.000424002, -0.999996, -0.00296465, 1.02096, 0, 0, 0, 1
-0.999982, 0.000430069, 0.00598317, 0.290778, -0.00598185, 0.00301672, -0.999978, 0.84865, -0.000448109, -0.999995, -0.00301409, 1.02094, 0, 0, 0, 1
-0.999981, 0.000453718, 0.00611419, 0.290776, -0.00611277, 0.00306684, -0.999977, 0.84866, -0.000472459, -0.999995, -0.00306401, 1.02092, 0, 0, 0, 1
-0.99998, 0.000477591, 0.00624646, 0.290773, -0.00624494, 0.00311744, -0.999976, 0.848671, -0.000497053, -0.999995, -0.0031144, 1.0209, 0, 0, 0, 1
-0.99998, 0.000501688, 0.00637998, 0.290771, -0.00637836, 0.00316852, -0.999975, 0.848681, -0.00052189, -0.999995, -0.00316526, 1.02089, 0, 0, 0, 1
-0.999979, 0.000526008, 0.00651476, 0.290768, -0.00651303, 0.00322008, -0.999974, 0.848691, -0.000546972, -0.999995, -0.00321659, 1.02087, 0, 0, 0, 1
-0.999978, 0.000550551, 0.00665079, 0.290766, -0.00664896, 0.00327213, -0.999973, 0.848702, -0.000572298, -0.999994, -0.0032684, 1.02085, 0, 0, 0, 1
-0.999977, 0.000575317, 0.00678808, 0.290763, -0.00678613, 0.00332465, -0.999971, 0.848713, -0.000597869, -0.999994, -0.00332067, 1.02083, 0, 0, 0, 1
-0.999976, 0.000600307, 0.00692661, 0.290761, -0.00692455, 0.00337766, -0.99997, 0.848723, -0.000623685, -0.999994, -0.00337342, 1.02081, 0, 0, 0, 1
-0.999975, 0.00062552, 0.00706641, 0.290758, -0.00706422, 0.00343115, -0.999969, 0.848734, -0.000649746, -0.999994, -0.00342664, 1.0208, 0, 0, 0, 1
-0.999974, 0.000650956, 0.00720745, 0.290756, -0.00720514, 0.00348511, -0.999968, 0.848745, -0.000676054, -0.999994, -0.00348033, 1.02078, 0, 0, 0, 1
-0.999973, 0.000676615, 0.00734975, 0.290753, -0.00734731, 0.00353956, -0.999967, 0.848756, -0.000702607, -0.999994, -0.00353449, 1.02076, 0, 0, 0, 1
-0.999972, 0.000702497, 0.0074933, 0.29075, -0.00749073, 0.00359449, -0.999965, 0.848767, -0.000729407, -0.999993, -0.00358913, 1.02074, 0, 0, 0, 1
-0.999971, 0.000728601, 0.00763811, 0.290748, -0.0076354, 0.0036499, -0.999964, 0.848779, -0.000756453, -0.999993, -0.00364423, 1.02072, 0, 0, 0, 1
-0.999969, 0.000754928, 0.00778417, 0.290745, -0.00778132, 0.0037058, -0.999963, 0.84879, -0.000783747, -0.999993, -0.00369981, 1.0207, 0, 0, 0, 1
-0.999968, 0.000781478, 0.00793148, 0.290742, -0.00792849, 0.00376217, -0.999961, 0.848801, -0.000811288, -0.999993, -0.00375586, 1.02068, 0, 0, 0, 1
-0.999967, 0.000808251, 0.00808005, 0.29074, -0.00807691, 0.00381903, -0.99996, 0.848813, -0.000839077, -0.999992, -0.00381237, 1.02066, 0, 0, 0, 1
-0.999966, 0.000835246, 0.00822987, 0.290737, -0.00822657, 0.00387636, -0.999959, 0.848824, -0.000867113, -0.999992, -0.00386936, 1.02064, 0, 0, 0, 1
-0.999965, 0.000862463, 0.00838094, 0.290734, -0.00837749, 0.00393418, -0.999957, 0.848836, -0.000895399, -0.999992, -0.00392682, 1.02062, 0, 0, 0, 1
-0.999963, 0.000889903, 0.00853327, 0.290731, -0.00852965, 0.00399248, -0.999956, 0.848848, -0.000923932, -0.999992, -0.00398474, 1.0206, 0, 0, 0, 1
-0.999962, 0.000917565, 0.00868685, 0.290729, -0.00868307, 0.00405126, -0.999954, 0.84886, -0.000952715, -0.999991, -0.00404314, 1.02058, 0, 0, 0, 1
-0.99996, 0.000945449, 0.00884169, 0.290726, -0.00883773, 0.00411053, -0.999952, 0.848872, -0.000981748, -0.999991, -0.00410201, 1.02056, 0, 0, 0, 1
-0.999959, 0.000973555, 0.00899777, 0.290723, -0.00899364, 0.00417027, -0.999951, 0.848884, -0.00101103, -0.999991, -0.00416134, 1.02054, 0, 0, 0, 1
-0.999958, 0.00100188, 0.00915511, 0.29072, -0.0091508, 0.0042305, -0.999949, 0.848896, -0.00104056, -0.999991, -0.00422115, 1.02052, 0, 0, 0, 1
-0.999956, 0.00103043, 0.00931371, 0.290717, -0.00930921, 0.0042912, -0.999947, 0.848909, -0.00107035, -0.99999, -0.00428142, 1.0205, 0, 0, 0, 1
-0.999955, 0.0010592, 0.00947356, 0.290714, -0.00946886, 0.00435239, -0.999946, 0.848921, -0.00110038, -0.99999, -0.00434217, 1.02048, 0, 0, 0, 1
-0.999953, 0.0010882, 0.00963466, 0.290711, -0.00962977, 0.00441407, -0.999944, 0.848933, -0.00113066, -0.99999, -0.00440338, 1.02046, 0, 0, 0, 1
-0.999951, 0.00111741, 0.00979701, 0.290708, -0.00979192, 0.00447622, -0.999942, 0.848946, -0.0011612, -0.999989, -0.00446506, 1.02044, 0, 0, 0, 1
-0.99995, 0.00114685, 0.00996062, 0.290705, -0.00995532, 0.00453885, -0.99994, 0.848959, -0.00119199, -0.999989, -0.00452721, 1.02041, 0, 0, 0, 1
-0.999948, 0.00117651, 0.0101255, 0.290702, -0.01012, 0.00460197, -0.999938, 0.848972, -0.00122303, -0.999989, -0.00458983, 1.02039, 0, 0, 0, 1
-0.999946, 0.00120638, 0.0102916, 0.290699, -0.0102859, 0.00466557, -0.999936, 0.848984, -0.00125432, -0.999988, -0.00465291, 1.02037, 0, 0, 0, 1
-0.999945, 0.00123648, 0.010459, 0.290696, -0.010453, 0.00472965, -0.999934, 0.848997, -0.00128587, -0.999988, -0.00471646, 1.02035, 0, 0, 0, 1
-0.999943, 0.00126681, 0.0106276, 0.290693, -0.0106214, 0.00479421, -0.999932, 0.84901, -0.00131767, -0.999988, -0.00478048, 1.02033, 0, 0, 0, 1
-0.999941, 0.00129735, 0.0107975, 0.29069, -0.010791, 0.00485926, -0.99993, 0.849024, -0.00134972, -0.999987, -0.00484497, 1.0203, 0, 0, 0, 1
-0.999939, 0.00132811, 0.0109686, 0.290687, -0.0109619, 0.00492479, -0.999928, 0.849037, -0.00138203, -0.999987, -0.00490993, 1.02028, 0, 0, 0, 1
-0.999937, 0.00135909, 0.011141, 0.290683, -0.0111341, 0.0049908, -0.999926, 0.84905, -0.0014146, -0.999987, -0.00497535, 1.02026, 0, 0, 0, 1
-0.999935, 0.0013903, 0.0113146, 0.29068, -0.0113074, 0.00505729, -0.999923, 0.849064, -0.00144741, -0.999986, -0.00504124, 1.02024, 0, 0, 0, 1
-0.999933, 0.00142172, 0.0114895, 0.290677, -0.0114821, 0.00512426, -0.999921, 0.849077, -0.00148049, -0.999986, -0.00510759, 1.02021, 0, 0, 0, 1
-0.999931, 0.00145337, 0.0116656, 0.290674, -0.011658, 0.00519172, -0.999919, 0.849091, -0.00151382, -0.999985, -0.00517442, 1.02019, 0, 0, 0, 1
-0.999929, 0.00148523, 0.011843, 0.29067, -0.0118351, 0.00525966, -0.999916, 0.849105, -0.0015474, -0.999985, -0.0052417, 1.02017, 0, 0, 0, 1
-0.999927, 0.00151732, 0.0120217, 0.290667, -0.0120134, 0.00532808, -0.999914, 0.849119, -0.00158124, -0.999985, -0.00530946, 1.02014, 0, 0, 0, 1
-0.999924, 0.00154963, 0.0122016, 0.290664, -0.0121931, 0.00539698, -0.999911, 0.849132, -0.00161534, -0.999984, -0.00537768, 1.02012, 0, 0, 0, 1
-0.999922, 0.00158215, 0.0123827, 0.290661, -0.0123739, 0.00546637, -0.999908, 0.849147, -0.0016497, -0.999984, -0.00544636, 1.02009, 0, 0, 0, 1
-0.99992, 0.0016149, 0.0125651, 0.290657, -0.012556, 0.00553624, -0.999906, 0.849161, -0.00168431, -0.999983, -0.00551551, 1.02007, 0, 0, 0, 1
-0.999917, 0.00164787, 0.0127488, 0.290654, -0.0127394, 0.00560659, -0.999903, 0.849175, -0.00171918, -0.999983, -0.00558513, 1.02005, 0, 0, 0, 1
-0.999915, 0.00168105, 0.0129337, 0.29065, -0.012924, 0.00567742, -0.9999, 0.849189, -0.00175431, -0.999982, -0.00565521, 1.02002, 0, 0, 0, 1
-0.999912, 0.00171446, 0.0131199, 0.290647, -0.0131098, 0.00574874, -0.999898, 0.849204, -0.0017897, -0.999982, -0.00572576, 1.02, 0, 0, 0, 1
-0.99991, 0.00174808, 0.0133073, 0.290643, -0.0132969, 0.00582054, -0.999895, 0.849218, -0.00182535, -0.999982, -0.00579677, 1.01997, 0, 0, 0, 1
-0.999907, 0.00178193, 0.013496, 0.29064, -0.0134853, 0.00589282, -0.999892, 0.849233, -0.00186126, -0.999981, -0.00586824, 1.01995, 0, 0, 0, 1
-0.999905, 0.00181599, 0.0136859, 0.290636, -0.0136749, 0.00596558, -0.999889, 0.849248, -0.00189743, -0.999981, -0.00594018, 1.01992, 0, 0, 0, 1
-0.999902, 0.00185027, 0.0138771, 0.290633, -0.0138657, 0.00603883, -0.999886, 0.849262, -0.00193386, -0.99998, -0.00601258, 1.0199, 0, 0, 0, 1
-0.999899, 0.00188478, 0.0140695, 0.290629, -0.0140578, 0.00611256, -0.999883, 0.849277, -0.00197055, -0.99998, -0.00608545, 1.01987, 0, 0, 0, 1
-0.999896, 0.0019195, 0.0142632, 0.290626, -0.0142511, 0.00618678, -0.999879, 0.849292, -0.00200751, -0.999979, -0.00615878, 1.01985, 0, 0, 0, 1
-0.999894, 0.00195444, 0.0144581, 0.290622, -0.0144457, 0.00626147, -0.999876, 0.849307, -0.00204472, -0.999978, -0.00623257, 1.01982, 0, 0, 0, 1
-0.999891, 0.00198959, 0.0146543, 0.290618, -0.0146415, 0.00633665, -0.999873, 0.849323, -0.0020822, -0.999978, -0.00630683, 1.0198, 0, 0, 0, 1
-0.999888, 0.00202497, 0.0148518, 0.290615, -0.0148385, 0.00641232, -0.999869, 0.849338, -0.00211994, -0.999977, -0.00638155, 1.01977, 0, 0, 0, 1
-0.999885, 0.00206057, 0.0150505, 0.290611, -0.0150368, 0.00648846, -0.999866, 0.849353, -0.00215795, -0.999977, -0.00645673, 1.01974, 0, 0, 0, 1
-0.999882, 0.00209638, 0.0152504, 0.290607, -0.0152364, 0.00656509, -0.999862, 0.849369, -0.00219621, -0.999976, -0.00653237, 1.01972, 0, 0, 0, 1
-0.999878, 0.00213241, 0.0154516, 0.290604, -0.0154372, 0.0066422, -0.999859, 0.849384, -0.00223475, -0.999976, -0.00660848, 1.01969, 0, 0, 0, 1
-0.999875, 0.00216866, 0.0156541, 0.2906, -0.0156392, 0.0067198, -0.999855, 0.8494, -0.00227354, -0.999975, -0.00668505, 1.01966, 0, 0, 0, 1
-0.999872, 0.00220513, 0.0158578, 0.290596, -0.0158425, 0.00679788, -0.999851, 0.849416, -0.00231261, -0.999974, -0.00676207, 1.01964, 0, 0, 0, 1
-0.999868, 0.00224182, 0.0160628, 0.290592, -0.016047, 0.00687644, -0.999848, 0.849432, -0.00235193, -0.999974, -0.00683957, 1.01961, 0, 0, 0, 1
-0.999865, 0.00227872, 0.016269, 0.290588, -0.0162528, 0.00695549, -0.999844, 0.849448, -0.00239153, -0.999973, -0.00691752, 1.01958, 0, 0, 0, 1
-0.999862, 0.00231585, 0.0164764, 0.290585, -0.0164598, 0.00703502, -0.99984, 0.849464, -0.00243139, -0.999973, -0.00699593, 1.01956, 0, 0, 0, 1
-0.999858, 0.00235319, 0.0166852, 0.290581, -0.016668, 0.00711504, -0.999836, 0.84948, -0.00247151, -0.999972, -0.0070748, 1.01953, 0, 0, 0, 1
-0.999854, 0.00239074, 0.0168951, 0.290577, -0.0168775, 0.00719553, -0.999832, 0.849496, -0.00251191, -0.999971, -0.00715414, 1.0195, 0, 0, 0, 1
-0.999851, 0.00242852, 0.0171064, 0.290573, -0.0170883, 0.00727651, -0.999828, 0.849513, -0.00255257, -0.999971, -0.00723393, 1.01947, 0, 0, 0, 1
-0.999847, 0.00246651, 0.0173188, 0.290569, -0.0173003, 0.00735798, -0.999823, 0.849529, -0.0025935, -0.99997, -0.00731418, 1.01945, 0, 0, 0, 1
-0.999843, 0.00250472, 0.0175326, 0.290565, -0.0175135, 0.00743993, -0.999819, 0.849546, -0.0026347, -0.999969, -0.0073949, 1.01942, 0, 0, 0, 1
-0.999839, 0.00254314, 0.0177476, 0.290561, -0.017728, 0.00752236, -0.999815, 0.849562, -0.00267617, -0.999968, -0.00747607, 1.01939, 0, 0, 0, 1
-0.999835, 0.00258178, 0.0179638, 0.290557, -0.0179437, 0.00760528, -0.99981, 0.849579, -0.00271791, -0.999968, -0.0075577, 1.01936, 0, 0, 0, 1
-0.999831, 0.00262064, 0.0181813, 0.290553, -0.0181607, 0.00768868, -0.999806, 0.849596, -0.00275992, -0.999967, -0.00763979, 1.01933, 0, 0, 0, 1
-0.999827, 0.00265972, 0.0184, 0.290549, -0.0183789, 0.00777256, -0.999801, 0.849613, -0.00280221, -0.999966, -0.00772234, 1.0193, 0, 0, 0, 1
-0.999823, 0.00269901, 0.01862, 0.290545, -0.0185983, 0.00785693, -0.999796, 0.84963, -0.00284476, -0.999965, -0.00780535, 1.01927, 0, 0, 0, 1
-0.999819, 0.00273852, 0.0188413, 0.29054, -0.018819, 0.00794179, -0.999791, 0.849647, -0.00288758, -0.999965, -0.00788881, 1.01924, 0, 0, 0, 1
-0.999814, 0.00277824, 0.0190638, 0.290536, -0.0190409, 0.00802712, -0.999786, 0.849664, -0.00293068, -0.999964, -0.00797273, 1.01922, 0, 0, 0, 1
-0.99981, 0.00281819, 0.0192875, 0.290532, -0.0192641, 0.00811295, -0.999782, 0.849682, -0.00297405, -0.999963, -0.00805711, 1.01919, 0, 0, 0, 1
-0.999806, 0.00285834, 0.0195125, 0.290528, -0.0194885, 0.00819925, -0.999776, 0.849699, -0.00301769, -0.999962, -0.00814195, 1.01916, 0, 0, 0, 1
-0.999801, 0.00289871, 0.0197388, 0.290524, -0.0197142, 0.00828604, -0.999771, 0.849717, -0.00306161, -0.999961, -0.00822725, 1.01913, 0, 0, 0, 1
-0.999796, 0.0029393, 0.0199663, 0.290519, -0.0199411, 0.00837332, -0.999766, 0.849734, -0.0031058, -0.999961, -0.008313, 1.0191, 0, 0, 0, 1
-0.999792, 0.00298011, 0.020195, 0.290515, -0.0201692, 0.00846108, -0.999761, 0.849752, -0.00315026, -0.99996, -0.00839921, 1.01907, 0, 0, 0, 1
-0.999787, 0.00302112, 0.0204251, 0.290511, -0.0203986, 0.00854932, -0.999755, 0.84977, -0.00319501, -0.999959, -0.00848587, 1.01904, 0, 0, 0, 1
-0.999782, 0.00306236, 0.0206563, 0.290506, -0.0206292, 0.00863805, -0.99975, 0.849788, -0.00324002, -0.999958, -0.00857299, 1.01901, 0, 0, 0, 1
-0.999777, 0.00310381, 0.0208888, 0.290502, -0.0208611, 0.00872726, -0.999744, 0.849806, -0.00328532, -0.999957, -0.00866057, 1.01898, 0, 0, 0, 1
-0.999772, 0.00314547, 0.0211226, 0.290498, -0.0210942, 0.00881696, -0.999739, 0.849824, -0.00333089, -0.999956, -0.0087486, 1.01895, 0, 0, 0, 1
-0.999767, 0.00318735, 0.0213576, 0.290493, -0.0213285, 0.00890715, -0.999733, 0.849842, -0.00337673, -0.999955, -0.00883709, 1.01891, 0, 0, 0, 1
-0.999762, 0.00322944, 0.0215939, 0.290489, -0.0215641, 0.00899781, -0.999727, 0.849861, -0.00342286, -0.999954, -0.00892603, 1.01888, 0, 0, 0, 1
-0.999756, 0.00327175, 0.0218314, 0.290484, -0.0218009, 0.00908897, -0.999721, 0.849879, -0.00346926, -0.999953, -0.00901543, 1.01885, 0, 0, 0, 1
-0.999751, 0.00331428, 0.0220702, 0.29048, -0.022039, 0.00918061, -0.999715, 0.849898, -0.00351595, -0.999952, -0.00910528, 1.01882, 0, 0, 0, 1
-0.999745, 0.00335701, 0.0223102, 0.290475, -0.0222783, 0.00927273, -0.999709, 0.849916, -0.00356291, -0.999951, -0.00919558, 1.01879, 0, 0, 0, 1
-0.99974, 0.00339996, 0.0225515, 0.290471, -0.0225188, 0.00936534, -0.999703, 0.849935, -0.00361015, -0.99995, -0.00928634, 1.01876, 0, 0, 0, 1
-0.999734, 0.00344313, 0.022794, 0.290466, -0.0227606, 0.00945843, -0.999696, 0.849954, -0.00365768, -0.999949, -0.00937755, 1.01873, 0, 0, 0, 1
-0.999729, 0.00348651, 0.0230378, 0.290462, -0.0230036, 0.00955201, -0.99969, 0.849972, -0.00370548, -0.999948, -0.00946922, 1.01869, 0, 0, 0, 1
-0.999723, 0.0035301, 0.0232829, 0.290457, -0.0232479, 0.00964607, -0.999683, 0.849991, -0.00375357, -0.999947, -0.00956133, 1.01866, 0, 0, 0, 1
-0.999717, 0.00357391, 0.0235292, 0.290452, -0.0234934, 0.00974062, -0.999677, 0.850011, -0.00380194, -0.999946, -0.0096539, 1.01863, 0, 0, 0, 1
-0.999711, 0.00361793, 0.0237767, 0.290448, -0.0237401, 0.00983566, -0.99967, 0.85003, -0.00385059, -0.999945, -0.00974692, 1.0186, 0, 0, 0, 1
-0.999705, 0.00366216, 0.0240255, 0.290443, -0.0239881, 0.00993118, -0.999663, 0.850049, -0.00389953, -0.999944, -0.0098404, 1.01856, 0, 0, 0, 1
-0.999698, 0.00370661, 0.0242755, 0.290438, -0.0242373, 0.0100272, -0.999656, 0.850068, -0.00394875, -0.999943, -0.00993432, 1.01853, 0, 0, 0, 1
-0.999692, 0.00375126, 0.0245268, 0.290433, -0.0244878, 0.0101237, -0.999649, 0.850088, -0.00399825, -0.999942, -0.0100287, 1.0185, 0, 0, 0, 1
-0.999686, 0.00379614, 0.0247794, 0.290429, -0.0247395, 0.0102207, -0.999642, 0.850107, -0.00404804, -0.999941, -0.0101235, 1.01846, 0, 0, 0, 1
-0.999679, 0.00384122, 0.0250332, 0.290424, -0.0249924, 0.0103181, -0.999634, 0.850127, -0.00409811, -0.999939, -0.0102188, 1.01843, 0, 0, 0, 1
-0.999673, 0.00388652, 0.0252882, 0.290419, -0.0252466, 0.0104161, -0.999627, 0.850147, -0.00414847, -0.999938, -0.0103145, 1.0184, 0, 0, 0, 1
-0.999666, 0.00393203, 0.0255445, 0.290414, -0.025502, 0.0105145, -0.999619, 0.850167, -0.00419912, -0.999937, -0.0104107, 1.01836, 0, 0, 0, 1
-0.999659, 0.00397775, 0.0258021, 0.290409, -0.0257586, 0.0106134, -0.999612, 0.850187, -0.00425006, -0.999936, -0.0105073, 1.01833, 0, 0, 0, 1
-0.999652, 0.00402368, 0.0260609, 0.290404, -0.0260165, 0.0107128, -0.999604, 0.850207, -0.00430128, -0.999935, -0.0106044, 1.0183, 0, 0, 0, 1
-0.999645, 0.00406983, 0.0263209, 0.290399, -0.0262756, 0.0108127, -0.999596, 0.850227, -0.00435279, -0.999933, -0.010702, 1.01826, 0, 0, 0, 1
-0.999638, 0.00411619, 0.0265822, 0.290394, -0.026536, 0.0109131, -0.999588, 0.850247, -0.00440459, -0.999932, -0.0107999, 1.01823, 0, 0, 0, 1
-0.999631, 0.00416276, 0.0268448, 0.290389, -0.0267976, 0.011014, -0.99958, 0.850268, -0.00445668, -0.999931, -0.0108984, 1.01819, 0, 0, 0, 1
-0.999624, 0.00420954, 0.0271086, 0.290384, -0.0270604, 0.0111153, -0.999572, 0.850288, -0.00450906, -0.999929, -0.0109972, 1.01816, 0, 0, 0, 1
-0.999616, 0.00425653, 0.0273737, 0.290379, -0.0273245, 0.0112172, -0.999564, 0.850308, -0.00456173, -0.999928, -0.0110965, 1.01812, 0, 0, 0, 1
-0.999609, 0.00430373, 0.02764, 0.290374, -0.0275898, 0.0113195, -0.999555, 0.850329, -0.00461469, -0.999927, -0.0111963, 1.01809, 0, 0, 0, 1
-0.999601, 0.00435115, 0.0279075, 0.290369, -0.0278563, 0.0114223, -0.999547, 0.85035, -0.00466794, -0.999925, -0.0112965, 1.01805, 0, 0, 0, 1
-0.999593, 0.00439877, 0.0281764, 0.290364, -0.0281241, 0.0115256, -0.999538, 0.850371, -0.00472149, -0.999924, -0.0113972, 1.01802, 0, 0, 0, 1
-0.999585, 0.00444661, 0.0284464, 0.290359, -0.0283931, 0.0116294, -0.999529, 0.850392, -0.00477533, -0.999922, -0.0114983, 1.01798, 0, 0, 0, 1
-0.999577, 0.00449466, 0.0287177, 0.290354, -0.0286633, 0.0117336, -0.99952, 0.850413, -0.00482946, -0.999921, -0.0115999, 1.01795, 0, 0, 0, 1
-0.999569, 0.00454291, 0.0289903, 0.290349, -0.0289348, 0.0118384, -0.999511, 0.850434, -0.00488389, -0.99992, -0.0117019, 1.01791, 0, 0, 0, 1
-0.999561, 0.00459138, 0.0292641, 0.290343, -0.0292075, 0.0119437, -0.999502, 0.850455, -0.00493861, -0.999918, -0.0118043, 1.01788, 0, 0, 0, 1
-0.999553, 0.00464006, 0.0295392, 0.290338, -0.0294815, 0.0120494, -0.999493, 0.850476, -0.00499363, -0.999917, -0.0119072, 1.01784, 0, 0, 0, 1
-0.999544, 0.00468895, 0.0298155, 0.290333, -0.0297566, 0.0121556, -0.999483, 0.850498, -0.00504895, -0.999915, -0.0120105, 1.0178, 0, 0, 0, 1
-0.999536, 0.00473804, 0.0300931, 0.290327, -0.0300331, 0.0122623, -0.999474, 0.850519, -0.00510456, -0.999914, -0.0121143, 1.01777, 0, 0, 0, 1
-0.999527, 0.00478735, 0.0303719, 0.290322, -0.0303107, 0.0123695, -0.999464, 0.850541, -0.00516047, -0.999912, -0.0122185, 1.01773, 0, 0, 0, 1
-0.999518, 0.00483686, 0.0306519, 0.290317, -0.0305896, 0.0124772, -0.999454, 0.850562, -0.00521667, -0.99991, -0.0123232, 1.01769, 0, 0, 0, 1
-0.99951, 0.00488659, 0.0309333, 0.290311, -0.0308697, 0.0125853, -0.999444, 0.850584, -0.00527318, -0.999909, -0.0124283, 1.01766, 0, 0, 0, 1
-0.9995, 0.00493652, 0.0312158, 0.290306, -0.0311511, 0.012694, -0.999434, 0.850606, -0.00532998, -0.999907, -0.0125339, 1.01762, 0, 0, 0, 1
-0.999491, 0.00498667, 0.0314996, 0.290301, -0.0314336, 0.0128031, -0.999424, 0.850628, -0.00538709, -0.999906, -0.0126399, 1.01758, 0, 0, 0, 1
-0.999482, 0.00503702, 0.0317847, 0.290295, -0.0317175, 0.0129128, -0.999413, 0.85065, -0.00544449, -0.999904, -0.0127463, 1.01755, 0, 0, 0, 1
-0.999473, 0.00508758, 0.032071, 0.29029, -0.0320025, 0.0130229, -0.999403, 0.850672, -0.0055022, -0.999902, -0.0128532, 1.01751, 0, 0, 0, 1
-0.999463, 0.00513835, 0.0323586, 0.290284, -0.0322888, 0.0131335, -0.999392, 0.850695, -0.00556021, -0.999901, -0.0129605, 1.01747, 0, 0, 0, 1
-0.999453, 0.00518933, 0.0326474, 0.290278, -0.0325763, 0.0132446, -0.999381, 0.850717, -0.00561852, -0.999899, -0.0130683, 1.01743, 0, 0, 0, 1
-0.999444, 0.00524051, 0.0329375, 0.290273, -0.032865, 0.0133562, -0.999371, 0.85074, -0.00567713, -0.999897, -0.0131765, 1.0174, 0, 0, 0, 1
-0.999434, 0.0052919, 0.0332288, 0.290267, -0.033155, 0.0134682, -0.999359, 0.850762, -0.00573605, -0.999895, -0.0132852, 1.01736, 0, 0, 0, 1
-0.999424, 0.00534351, 0.0335214, 0.290262, -0.0334462, 0.0135808, -0.999348, 0.850785, -0.00579527, -0.999893, -0.0133942, 1.01732, 0, 0, 0, 1
-0.999414, 0.00539531, 0.0338152, 0.290256, -0.0337387, 0.0136938, -0.999337, 0.850808, -0.0058548, -0.999892, -0.0135038, 1.01728, 0, 0, 0, 1
-0.999403, 0.00544733, 0.0341103, 0.29025, -0.0340323, 0.0138074, -0.999325, 0.85083, -0.00591463, -0.99989, -0.0136137, 1.01724, 0, 0, 0, 1
-0.999393, 0.00549955, 0.0344066, 0.290245, -0.0343272, 0.0139214, -0.999314, 0.850853, -0.00597477, -0.999888, -0.0137241, 1.0172, 0, 0, 0, 1
-0.999382, 0.00555198, 0.0347041, 0.290239, -0.0346234, 0.0140359, -0.999302, 0.850876, -0.00603521, -0.999886, -0.013835, 1.01716, 0, 0, 0, 1
-0.999371, 0.00560462, 0.035003, 0.290233, -0.0349207, 0.0141509, -0.99929, 0.8509, -0.00609596, -0.999884, -0.0139463, 1.01712, 0, 0, 0, 1
-0.999361, 0.00565746, 0.035303, 0.290227, -0.0352193, 0.0142664, -0.999278, 0.850923, -0.00615702, -0.999882, -0.014058, 1.01709, 0, 0, 0, 1
-0.99935, 0.00571051, 0.0356043, 0.290221, -0.0355192, 0.0143823, -0.999265, 0.850946, -0.00621839, -0.99988, -0.0141702, 1.01705, 0, 0, 0, 1
-0.999339, 0.00576377, 0.0359069, 0.290216, -0.0358202, 0.0144988, -0.999253, 0.85097, -0.00628007, -0.999878, -0.0142828, 1.01701, 0, 0, 0, 1
-0.999327, 0.00581723, 0.0362107, 0.29021, -0.0361225, 0.0146158, -0.99924, 0.850993, -0.00634206, -0.999876, -0.0143958, 1.01697, 0, 0, 0, 1
-0.999316, 0.0058709, 0.0365158, 0.290204, -0.036426, 0.0147332, -0.999228, 0.851017, -0.00640436, -0.999874, -0.0145093, 1.01693, 0, 0, 0, 1
-0.999304, 0.00592478, 0.0368221, 0.290198, -0.0367307, 0.0148511, -0.999215, 0.85104, -0.00646697, -0.999872, -0.0146232, 1.01689, 0, 0, 0, 1
-0.999293, 0.00597886, 0.0371296, 0.290192, -0.0370367, 0.0149695, -0.999202, 0.851064, -0.0065299, -0.99987, -0.0147375, 1.01685, 0, 0, 0, 1
-0.999281, 0.00603314, 0.0374384, 0.290186, -0.0373439, 0.0150884, -0.999189, 0.851088, -0.00659314, -0.999868, -0.0148523, 1.01681, 0, 0, 0, 1
-0.999269, 0.00608763, 0.0377485, 0.29018, -0.0376523, 0.0152078, -0.999175, 0.851112, -0.00665669, -0.999866, -0.0149675, 1.01677, 0, 0, 0, 1
-0.999257, 0.00614233, 0.0380598, 0.290174, -0.037962, 0.0153277, -0.999162, 0.851136, -0.00672055, -0.999864, -0.0150832, 1.01673, 0, 0, 0, 1
-0.999244, 0.00619723, 0.0383724, 0.290168, -0.0382728, 0.0154481, -0.999148, 0.851161, -0.00678473, -0.999861, -0.0151992, 1.01668, 0, 0, 0, 1
-0.999232, 0.00625234, 0.0386862, 0.290162, -0.0385849, 0.015569, -0.999134, 0.851185, -0.00684923, -0.999859, -0.0153157, 1.01664, 0, 0, 0, 1
-0.999219, 0.00630765, 0.0390012, 0.290156, -0.0388983, 0.0156903, -0.99912, 0.851209, -0.00691404, -0.999857, -0.0154327, 1.0166, 0, 0, 0, 1
-0.999207, 0.00636316, 0.0393175, 0.290149, -0.0392128, 0.0158121, -0.999106, 0.851234, -0.00697916, -0.999855, -0.0155501, 1.01656, 0, 0, 0, 1
-0.999194, 0.00641888, 0.039635, 0.290143, -0.0395286, 0.0159345, -0.999091, 0.851258, -0.00704461, -0.999852, -0.0156679, 1.01652, 0, 0, 0, 1
-0.999181, 0.0064748, 0.0399538, 0.290137, -0.0398456, 0.0160573, -0.999077, 0.851283, -0.00711038, -0.99985, -0.0157861, 1.01648, 0, 0, 0, 1
-0.999167, 0.00653093, 0.0402739, 0.290131, -0.0401639, 0.0161806, -0.999062, 0.851308, -0.00717646, -0.999848, -0.0159048, 1.01644, 0, 0, 0, 1
-0.999154, 0.00658726, 0.0405952, 0.290125, -0.0404833, 0.0163044, -0.999047, 0.851333, -0.00724286, -0.999845, -0.0160239, 1.01639, 0, 0, 0, 1
-0.99914, 0.00664379, 0.0409177, 0.290118, -0.040804, 0.0164287, -0.999032, 0.851358, -0.00730959, -0.999843, -0.0161435, 1.01635, 0, 0, 0, 1
-0.999127, 0.00670053, 0.0412415, 0.290112, -0.0411259, 0.0165535, -0.999017, 0.851383, -0.00737663, -0.999841, -0.0162634, 1.01631, 0, 0, 0, 1
-0.999113, 0.00675747, 0.0415665, 0.290106, -0.0414491, 0.0166787, -0.999001, 0.851408, -0.007444, -0.999838, -0.0163838, 1.01627, 0, 0, 0, 1
-0.999099, 0.00681461, 0.0418928, 0.290099, -0.0417734, 0.0168045, -0.998986, 0.851433, -0.00751169, -0.999836, -0.0165047, 1.01622, 0, 0, 0, 1
-0.999085, 0.00687196, 0.0422203, 0.290093, -0.042099, 0.0169307, -0.99897, 0.851459, -0.0075797, -0.999833, -0.0166259, 1.01618, 0, 0, 0, 1
-0.99907, 0.0069295, 0.0425491, 0.290086, -0.0424258, 0.0170575, -0.998954, 0.851484, -0.00764804, -0.99983, -0.0167476, 1.01614, 0, 0, 0, 1
-0.999056, 0.00698725, 0.0428791, 0.29008, -0.0427539, 0.0171847, -0.998938, 0.85151, -0.0077167, -0.999828, -0.0168697, 1.0161, 0, 0, 0, 1
-0.999041, 0.00704521, 0.0432104, 0.290073, -0.0430831, 0.0173124, -0.998921, 0.851535, -0.00778568, -0.999825, -0.0169923, 1.01605, 0, 0, 0, 1
-0.999026, 0.00710336, 0.0435429, 0.290067, -0.0434136, 0.0174406, -0.998905, 0.851561, -0.007855, -0.999823, -0.0171153, 1.01601, 0, 0, 0, 1
-0.999011, 0.00716171, 0.0438767, 0.29006, -0.0437453, 0.0175693, -0.998888, 0.851587, -0.00792464, -0.99982, -0.0172387, 1.01597, 0, 0, 0, 1
-0.998996, 0.00722027, 0.0442117, 0.290054, -0.0440782, 0.0176985, -0.998871, 0.851613, -0.0079946, -0.999817, -0.0173625, 1.01592, 0, 0, 0, 1
-0.998981, 0.00727903, 0.0445479, 0.290047, -0.0444124, 0.0178282, -0.998854, 0.851639, -0.0080649, -0.999815, -0.0174867, 1.01588, 0, 0, 0, 1
-0.998965, 0.00733799, 0.0448854, 0.290041, -0.0447477, 0.0179584, -0.998837, 0.851665, -0.00813552, -0.999812, -0.0176114, 1.01583, 0, 0, 0, 1
-0.998949, 0.00739715, 0.0452242, 0.290034, -0.0450843, 0.018089, -0.998819, 0.851691, -0.00820648, -0.999809, -0.0177365, 1.01579, 0, 0, 0, 1
-0.998934, 0.00745651, 0.0455642, 0.290027, -0.0454221, 0.0182202, -0.998802, 0.851717, -0.00827776, -0.999806, -0.017862, 1.01574, 0, 0, 0, 1
-0.998918, 0.00751607, 0.0459054, 0.29002, -0.0457612, 0.0183518, -0.998784, 0.851744, -0.00834938, -0.999803, -0.017988, 1.0157, 0, 0, 0, 1
-0.998901, 0.00757583, 0.0462479, 0.290014, -0.0461014, 0.0184839, -0.998766, 0.85177, -0.00842133, -0.9998, -0.0181144, 1.01566, 0, 0, 0, 1
-0.998885, 0.00763579, 0.0465916, 0.290007, -0.0464429, 0.0186166, -0.998747, 0.851797, -0.00849361, -0.999798, -0.0182412, 1.01561, 0, 0, 0, 1
-0.998868, 0.00769596, 0.0469366, 0.29, -0.0467856, 0.0187497, -0.998729, 0.851824, -0.00856622, -0.999795, -0.0183684, 1.01557, 0, 0, 0, 1
-0.998851, 0.00775632, 0.0472828, 0.289993, -0.0471295, 0.0188833, -0.99871, 0.851851, -0.00863917, -0.999792, -0.018496, 1.01552, 0, 0, 0, 1
