-0.999999, -0.000797434, -0.000797196, 0.290901, 0.000796858, 0.000424669, -1, 0.848124, 0.000797772, -1, -0.000424033, 1.02183, 0, 0, 0, 1
-0.999999, -0.000797433, -0.000796638, 0.290901, 0.000796299, 0.000424826, -1, 0.848124, 0.000797771, -1, -0.000424191, 1.02183, 0, 0, 0, 1
-0.999999, -0.000797429, -0.000794964, 0.290901, 0.000794625, 0.000425298, -1, 0.848124, 0.000797766, -1, -0.000424664, 1.02183, 0, 0, 0, 1
-0.999999, -0.000797422, -0.000792173, 0.290901, 0.000791834, 0.000426084, -1, 0.848124, 0.000797759, -1, -0.000425452, 1.02183, 0, 0, 0, 1
-0.999999, -0.000797412, -0.000788266, 0.290901, 0.000787926, 0.000427185, -1, 0.848125, 0.000797749, -1, -0.000426556, 1.02183, 0, 0, 0, 1
-0.999999, -0.0007974, -0.000783244, 0.290901, 0.000782902, 0.0004286, -1, 0.848125, 0.000797735, -1, -0.000427975, 1.02183, 0, 0, 0, 1
-0.999999, -0.000797385, -0.000777105, 0.2909, 0.000776762, 0.000430329, -1, 0.848125, 0.000797719, -1, -0.00042971, 1.02183, 0, 0, 0, 1
-0.999999, -0.000797367, -0.000769849, 0.2909, 0.000769505, 0.000432373, -1, 0.848126, 0.000797699, -1, -0.000431759, 1.02183, 0, 0, 0, 1
-0.999999, -0.000797346, -0.000761478, 0.2909, 0.000761131, 0.000434732, -1, 0.848126, 0.000797677, -1, -0.000434125, 1.02183, 0, 0, 0, 1
-0.999999, -0.000797323, -0.00075199, 0.2909, 0.000751642, 0.000437405, -1, 0.848127, 0.000797651, -1, -0.000436805, 1.02183, 0, 0, 0, 1
-0.999999, -0.000797297, -0.000741386, 0.290899, 0.000741035, 0.000440392, -1, 0.848127, 0.000797623, -1, -0.000439801, 1.02183, 0, 0, 0, 1
-0.999999, -0.000797268, -0.000729666, 0.290899, 0.000729313, 0.000443694, -1, 0.848128, 0.000797591, -1, -0.000443113, 1.02183, 0, 0, 0, 1
-0.999999, -0.000797236, -0.00071683, 0.290899, 0.000716474, 0.000447311, -1, 0.848129, 0.000797556, -1, -0.000446739, 1.02183, 0, 0, 0, 1
-0.999999, -0.000797202, -0.000702878, 0.290898, 0.000702518, 0.000451241, -1, 0.848129, 0.000797519, -1, -0.000450681, 1.02183, 0, 0, 0, 1
-0.999999, -0.000797165, -0.000687809, 0.290898, 0.000687446, 0.000455487, -1, 0.84813, 0.000797478, -1, -0.000454939, 1.02183, 0, 0, 0, 1
-0.999999, -0.000797125, -0.000671624, 0.290897, 0.000671258, 0.000460047, -1, 0.848131, 0.000797434, -1, -0.000459511, 1.02183, 0, 0, 0, 1
-0.999999, -0.000797082, -0.000654323, 0.290897, 0.000653953, 0.000464921, -1, 0.848132, 0.000797386, -1, -0.000464399, 1.02183, 0, 0, 0, 1
-0.999999, -0.000797037, -0.000635906, 0.290896, 0.000635532, 0.00047011, -1, 0.848133, 0.000797336, -1, -0.000469603, 1.02183, 0, 0, 0, 1
-0.999999, -0.000796989, -0.000616373, 0.290896, 0.000615994, 0.000475613, -1, 0.848134, 0.000797282, -1, -0.000475122, 1.02182, 0, 0, 0, 1
-1, -0.000796938, -0.000595723, 0.290895, 0.00059534, 0.000481431, -1, 0.848135, 0.000797225, -1, -0.000480956, 1.02182, 0, 0, 0, 1
-1, -0.000796885, -0.000573957, 0.290894, 0.000573569, 0.000487563, -1, 0.848136, 0.000797165, -1, -0.000487105, 1.02182, 0, 0, 0, 1
-1, -0.000796829, -0.000551075, 0.290894, 0.000550682, 0.000494009, -1, 0.848137, 0.000797101, -1, -0.00049357, 1.02182, 0, 0, 0, 1
-1, -0.00079677, -0.000527077, 0.290893, 0.000526678, 0.00050077, -1, 0.848139, 0.000797034, -1, -0.000500351, 1.02182, 0, 0, 0, 1
-1, -0.000796708, -0.000501963, 0.290892, 0.000501558, 0.000507846, -1, 0.84814, 0.000796963, -1, -0.000507446, 1.02182, 0, 0, 0, 1
-1, -0.000796644, -0.000475732, 0.290891, 0.000475322, 0.000515236, -1, 0.848141, 0.000796889, -1, -0.000514857, 1.02182, 0, 0, 0, 1
-1, -0.000796577, -0.000448386, 0.29089, 0.000447969, 0.000522941, -1, 0.848143, 0.000796811, -1, -0.000522583, 1.02182, 0, 0, 0, 1
-1, -0.000796508, -0.000419923, 0.29089, 0.0004195, 0.00053096, -1, 0.848144, 0.00079673, -1, -0.000530625, 1.02181, 0, 0, 0, 1
-1, -0.000796435, -0.000390344, 0.290889, 0.000389914, 0.000539293, -1, 0.848146, 0.000796646, -1, -0.000538982, 1.02181, 0, 0, 0, 1
-1, -0.00079636, -0.000359648, 0.290888, 0.000359212, 0.000547941, -1, 0.848148, 0.000796557, -1, -0.000547655, 1.02181, 0, 0, 0, 1
-1, -0.000796283, -0.000327837, 0.290887, 0.000327393, 0.000556903, -1, 0.848149, 0.000796465, -1, -0.000556642, 1.02181, 0, 0, 0, 1
-1, -0.000796202, -0.000294909, 0.290886, 0.000294458, 0.00056618, -1, 0.848151, 0.000796369, -1, -0.000565945, 1.02181, 0, 0, 0, 1
-1, -0.000796119, -0.000260865, 0.290885, 0.000260407, 0.000575771, -1, 0.848153, 0.000796269, -1, -0.000575564, 1.02181, 0, 0, 0, 1
-1, -0.000796034, -0.000225705, 0.290884, 0.000225239, 0.000585677, -1, 0.848155, 0.000796166, -1, -0.000585498, 1.0218, 0, 0, 0, 1
-1, -0.000795946, -0.000189429, 0.290883, 0.000188954, 0.000595898, -1, 0.848157, 0.000796058, -1, -0.000595747, 1.0218, 0, 0, 0, 1
-1, -0.000795855, -0.000152036, 0.290881, 0.000151554, 0.000606432, -1, 0.848159, 0.000795947, -0.999999, -0.000606311, 1.0218, 0, 0, 0, 1
-1, -0.000795761, -0.000113528, 0.29088, 0.000113036, 0.000617281, -1, 0.848161, 0.000795831, -0.999999, -0.000617191, 1.0218, 0, 0, 0, 1
-1, -0.000795665, -7.39026e-05, 0.290879, 7.34026e-05, 0.000628445, -1, 0.848163, 0.000795711, -0.999999, -0.000628387, 1.0218, 0, 0, 0, 1
-1, -0.000795566, -3.31616e-05, 0.290878, 3.26525e-05, 0.000639923, -1, 0.848165, 0.000795587, -0.999999, -0.000639897, 1.02179, 0, 0, 0, 1
-1, -0.000795465, 8.69569e-06, 0.290876, -9.2141e-06, 0.000651716, -1, 0.848167, 0.000795459, -0.999999, -0.000651723, 1.02179, 0, 0, 0, 1
-1, -0.000795361, 5.16691e-05, 0.290875, -5.21971e-05, 0.000663823, -1, 0.84817, 0.000795327, -0.999999, -0.000663864, 1.02179, 0, 0, 0, 1
-1, -0.000795255, 9.57588e-05, 0.290874, -9.62966e-05, 0.000676245, -1, 0.848172, 0.00079519, -0.999999, -0.000676321, 1.02179, 0, 0, 0, 1
-1, -0.000795145, 0.000140965, 0.290872, -0.000141512, 0.000688981, -1, 0.848174, 0.000795048, -0.999999, -0.000689093, 1.02178, 0, 0, 0, 1
-1, -0.000795034, 0.000187287, 0.290871, -0.000187845, 0.000702031, -1, 0.848177, 0.000794902, -0.999999, -0.00070218, 1.02178, 0, 0, 0, 1
-1, -0.00079492, 0.000234725, 0.29087, -0.000235294, 0.000715396, -1, 0.848179, 0.000794751, -0.999999, -0.000715583, 1.02178, 0, 0, 0, 1
-1, -0.000794803, 0.000283279, 0.290868, -0.000283859, 0.000729076, -1, 0.848182, 0.000794596, -0.999999, -0.000729301, 1.02178, 0, 0, 0, 1
-1, -0.000794683, 0.00033295, 0.290867, -0.00033354, 0.000743069, -1, 0.848185, 0.000794436, -0.999999, -0.000743334, 1.02177, 0, 0, 0, 1
-1, -0.000794562, 0.000383737, 0.290865, -0.000384339, 0.000757378, -1, 0.848187, 0.000794271, -0.999999, -0.000757683, 1.02177, 0, 0, 0, 1
-1, -0.000794437, 0.00043564, 0.290863, -0.000436253, 0.000772001, -1, 0.84819, 0.000794101, -0.999999, -0.000772347, 1.02177, 0, 0, 0, 1
-1, -0.00079431, 0.000488659, 0.290862, -0.000489284, 0.000786938, -1, 0.848193, 0.000793925, -0.999999, -0.000787326, 1.02177, 0, 0, 0, 1
-1, -0.000794181, 0.000542794, 0.29086, -0.000543431, 0.00080219, -1, 0.848196, 0.000793745, -0.999999, -0.000802621, 1.02176, 0, 0, 0, 1
-1, -0.000794049, 0.000598046, 0.290859, -0.000598695, 0.000817756, -0.999999, 0.848199, 0.00079356, -0.999999, -0.000818231, 1.02176, 0, 0, 0, 1
-0.999999, -0.000793915, 0.000654414, 0.290857, -0.000655075, 0.000833637, -0.999999, 0.848202, 0.000793369, -0.999999, -0.000834156, 1.02176, 0, 0, 0, 1
-0.999999, -0.000793778, 0.000711898, 0.290855, -0.000712572, 0.000849832, -0.999999, 0.848205, 0.000793172, -0.999999, -0.000850397, 1.02175, 0, 0, 0, 1
-0.999999, -0.000793639, 0.000770498, 0.290853, -0.000771185, 0.000866342, -0.999999, 0.848208, 0.00079297, -0.999999, -0.000866953, 1.02175, 0, 0, 0, 1
-0.999999, -0.000793497, 0.000830214, 0.290851, -0.000830915, 0.000883166, -0.999999, 0.848211, 0.000792763, -0.999999, -0.000883825, 1.02175, 0, 0, 0, 1
-0.999999, -0.000793353, 0.000891047, 0.29085, -0.000891761, 0.000900305, -0.999999, 0.848214, 0.00079255, -0.999999, -0.000901011, 1.02174, 0, 0, 0, 1
-0.999999, -0.000793206, 0.000952995, 0.290848, -0.000953723, 0.000917758, -0.999999, 0.848218, 0.000792331, -0.999999, -0.000918513, 1.02174, 0, 0, 0, 1
-0.999999, -0.000793057, 0.00101606, 0.290846, -0.0010168, 0.000935525, -0.999999, 0.848221, 0.000792106, -0.999999, -0.000936331, 1.02174, 0, 0, 0, 1
-0.999999, -0.000792906, 0.00108024, 0.290844, -0.001081, 0.000953607, -0.999999, 0.848225, 0.000791875, -0.999999, -0.000954464, 1.02173, 0, 0, 0, 1
-0.999999, -0.000792752, 0.00114554, 0.290842, -0.00114631, 0.000972004, -0.999999, 0.848228, 0.000791637, -0.999999, -0.000972912, 1.02173, 0, 0, 0, 1
-0.999999, -0.000792596, 0.00121195, 0.29084, -0.00121274, 0.000990715, -0.999999, 0.848232, 0.000791394, -0.999999, -0.000991675, 1.02173, 0, 0, 0, 1
-0.999999, -0.000792437, 0.00127948, 0.290838, -0.00128028, 0.00100974, -0.999999, 0.848235, 0.000791144, -0.999999, -0.00101075, 1.02172, 0, 0, 0, 1
-0.999999, -0.000792276, 0.00134813, 0.290836, -0.00134894, 0.00102908, -0.999999, 0.848239, 0.000790888, -0.999999, -0.00103015, 1.02172, 0, 0, 0, 1
-0.999999, -0.000792113, 0.00141789, 0.290834, -0.00141872, 0.00104873, -0.999998, 0.848243, 0.000790625, -0.999999, -0.00104986, 1.02172, 0, 0, 0, 1
-0.999999, -0.000791948, 0.00148877, 0.290831, -0.00148961, 0.0010687, -0.999998, 0.848246, 0.000790355, -0.999999, -0.00106988, 1.02171, 0, 0, 0, 1
-0.999998, -0.00079178, 0.00156076, 0.290829, -0.00156162, 0.00108899, -0.999998, 0.84825, 0.000790079, -0.999999, -0.00109022, 1.02171, 0, 0, 0, 1
-0.999998, -0.00079161, 0.00163387, 0.290827, -0.00163475, 0.00110958, -0.999998, 0.848254, 0.000789795, -0.999999, -0.00111088, 1.0217, 0, 0, 0, 1
-0.999998, -0.000791437, 0.0017081, 0.290825, -0.00170899, 0.0011305, -0.999998, 0.848258, 0.000789505, -0.999999, -0.00113185, 1.0217, 0, 0, 0, 1
-0.999998, -0.000791263, 0.00178344, 0.290822, -0.00178435, 0.00115172, -0.999998, 0.848262, 0.000789207, -0.999999, -0.00115313, 1.0217, 0, 0, 0, 1
-0.999998, -0.000791086, 0.0018599, 0.29082, -0.00186083, 0.00117326, -0.999998, 0.848266, 0.000788902, -0.999999, -0.00117473, 1.02169, 0, 0, 0, 1
-0.999998, -0.000790907, 0.00193748, 0.290818, -0.00193842, 0.00119512, -0.999997, 0.84827, 0.000788589, -0.999999, -0.00119665, 1.02169, 0, 0, 0, 1
-0.999998, -0.000790725, 0.00201617, 0.290815, -0.00201713, 0.00121729, -0.999997, 0.848275, 0.000788269, -0.999999, -0.00121888, 1.02168, 0, 0, 0, 1
-0.999997, -0.000790542, 0.00209598, 0.290813, -0.00209696, 0.00123978, -0.999997, 0.848279, 0.000787941, -0.999999, -0.00124143, 1.02168, 0, 0, 0, 1
-0.999997, -0.000790356, 0.0021769, 0.29081, -0.0021779, 0.00126257, -0.999997, 0.848283, 0.000787605, -0.999999, -0.00126429, 1.02167, 0, 0, 0, 1
-0.999997, -0.000790168, 0.00225894, 0.290808, -0.00225995, 0.00128569, -0.999997, 0.848288, 0.000787261, -0.999999, -0.00128747, 1.02167, 0, 0, 0, 1
-0.999997, -0.000789978, 0.0023421, 0.290805, -0.00234313, 0.00130912, -0.999996, 0.848292, 0.000786909, -0.999999, -0.00131096, 1.02167, 0, 0, 0, 1
-0.999997, -0.000789786, 0.00242637, 0.290803, -0.00242742, 0.00133286, -0.999996, 0.848297, 0.000786549, -0.999999, -0.00133477, 1.02166, 0, 0, 0, 1
-0.999997, -0.000789592, 0.00251176, 0.2908, -0.00251283, 0.00135692, -0.999996, 0.848301, 0.00078618, -0.999999, -0.0013589, 1.02166, 0, 0, 0, 1
-0.999996, -0.000789395, 0.00259826, 0.290798, -0.00259935, 0.00138129, -0.999996, 0.848306, 0.000785803, -0.999999, -0.00138333, 1.02165, 0, 0, 0, 1
-0.999996, -0.000789197, 0.00268588, 0.290795, -0.00268699, 0.00140597, -0.999995, 0.84831, 0.000785417, -0.999999, -0.00140809, 1.02165, 0, 0, 0, 1
-0.999996, -0.000788996, 0.00277462, 0.290792, -0.00277575, 0.00143097, -0.999995, 0.848315, 0.000785022, -0.999999, -0.00143316, 1.02164, 0, 0, 0, 1
-0.999996, -0.000788794, 0.00286447, 0.290789, -0.00286562, 0.00145629, -0.999995, 0.84832, 0.000784618, -0.999999, -0.00145854, 1.02164, 0, 0, 0, 1
-0.999995, -0.000788589, 0.00295544, 0.290787, -0.00295661, 0.00148192, -0.999995, 0.848325, 0.000784205, -0.999999, -0.00148424, 1.02163, 0, 0, 0, 1
-0.999995, -0.000788382, 0.00304753, 0.290784, -0.00304871, 0.00150786, -0.999994, 0.84833, 0.000783782, -0.999999, -0.00151026, 1.02163, 0, 0, 0, 1
-0.999995, -0.000788174, 0.00314073, 0.290781, -0.00314194, 0.00153412, -0.999994, 0.848335, 0.00078335, -0.999999, -0.00153659, 1.02162, 0, 0, 0, 1
-0.999994, -0.000787963, 0.00323505, 0.290778, -0.00323627, 0.00156069, -0.999994, 0.84834, 0.000782909, -0.999998, -0.00156323, 1.02162, 0, 0, 0, 1
-0.999994, -0.00078775, 0.00333048, 0.290775, -0.00333173, 0.00158758, -0.999993, 0.848345, 0.000782457, -0.999998, -0.0015902, 1.02161, 0, 0, 0, 1
-0.999994, -0.000787536, 0.00342703, 0.290772, -0.0034283, 0.00161478, -0.999993, 0.84835, 0.000781996, -0.999998, -0.00161747, 1.02161, 0, 0, 0, 1
-0.999993, -0.000787319, 0.0035247, 0.290769, -0.00352599, 0.0016423, -0.999992, 0.848355, 0.000781525, -0.999998, -0.00164506, 1.0216, 0, 0, 0, 1
-0.999993, -0.000787101, 0.00362348, 0.290766, -0.00362479, 0.00167013, -0.999992, 0.848361, 0.000781043, -0.999998, -0.00167297, 1.0216, 0, 0, 0, 1
-0.999993, -0.000786881, 0.00372338, 0.290763, -0.00372471, 0.00169827, -0.999992, 0.848366, 0.000780551, -0.999998, -0.00170119, 1.02159, 0, 0, 0, 1
-0.999992, -0.000786658, 0.00382439, 0.29076, -0.00382575, 0.00172673, -0.999991, 0.848371, 0.000780048, -0.999998, -0.00172973, 1.02159, 0, 0, 0, 1
-0.999992, -0.000786434, 0.00392653, 0.290757, -0.0039279, 0.00175551, -0.999991, 0.848377, 0.000779534, -0.999998, -0.00175858, 1.02158, 0, 0, 0, 1
-0.999992, -0.000786209, 0.00402977, 0.290754, -0.00403117, 0.0017846, -0.99999, 0.848382, 0.000779009, -0.999998, -0.00178775, 1.02157, 0, 0, 0, 1
-0.999991, -0.000785981, 0.00413414, 0.290751, -0.00413556, 0.001814, -0.99999, 0.848388, 0.000778474, -0.999998, -0.00181723, 1.02157, 0, 0, 0, 1
-0.999991, -0.000785752, 0.00423961, 0.290747, -0.00424106, 0.00184372, -0.999989, 0.848394, 0.000777927, -0.999998, -0.00184703, 1.02156, 0, 0, 0, 1
-0.99999, -0.00078552, 0.00434621, 0.290744, -0.00434768, 0.00187375, -0.999989, 0.848399, 0.000777368, -0.999998, -0.00187715, 1.02156, 0, 0, 0, 1
-0.99999, -0.000785288, 0.00445392, 0.290741, -0.00445541, 0.0019041, -0.999988, 0.848405, 0.000776798, -0.999998, -0.00190758, 1.02155, 0, 0, 0, 1
-0.999989, -0.000785053, 0.00456275, 0.290738, -0.00456426, 0.00193476, -0.999988, 0.848411, 0.000776215, -0.999998, -0.00193832, 1.02155, 0, 0, 0, 1
-0.999989, -0.000784817, 0.00467269, 0.290734, -0.00467423, 0.00196573, -0.999987, 0.848417, 0.000775621, -0.999998, -0.00196938, 1.02154, 0, 0, 0, 1
-0.999988, -0.000784579, 0.00478375, 0.290731, -0.00478531, 0.00199702, -0.999987, 0.848423, 0.000775015, -0.999998, -0.00200075, 1.02153, 0, 0, 0, 1
-0.999988, -0.000784339, 0.00489593, 0.290727, -0.00489751, 0.00202863, -0.999986, 0.848429, 0.000774396, -0.999998, -0.00203244, 1.02153, 0, 0, 0, 1
-0.999987, -0.000784098, 0.00500922, 0.290724, -0.00501083, 0.00206055, -0.999985, 0.848435, 0.000773764, -0.999998, -0.00206445, 1.02152, 0, 0, 0, 1
-0.999987, -0.000783855, 0.00512363, 0.290721, -0.00512526, 0.00209278, -0.999985, 0.848441, 0.00077312, -0.999998, -0.00209677, 1.02152, 0, 0, 0, 1
-0.999986, -0.00078361, 0.00523915, 0.290717, -0.00524081, 0.00212533, -0.999984, 0.848447, 0.000772463, -0.999997, -0.0021294, 1.02151, 0, 0, 0, 1
-0.999985, -0.000783364, 0.0053558, 0.290713, -0.00535748, 0.00215819, -0.999983, 0.848453, 0.000771792, -0.999997, -0.00216235, 1.0215, 0, 0, 0, 1
-0.999985, -0.000783117, 0.00547355, 0.29071, -0.00547526, 0.00219137, -0.999983, 0.84846, 0.000771108, -0.999997, -0.00219562, 1.0215, 0, 0, 0, 1
-0.999984, -0.000782867, 0.00559242, 0.290706, -0.00559415, 0.00222486, -0.999982, 0.848466, 0.000770411, -0.999997, -0.0022292, 1.02149, 0, 0, 0, 1
-0.999983, -0.000782617, 0.00571241, 0.290703, -0.00571417, 0.00225866, -0.999981, 0.848472, 0.0007697, -0.999997, -0.0022631, 1.02148, 0, 0, 0, 1
-0.999983, -0.000782365, 0.00583352, 0.290699, -0.0058353, 0.00229278, -0.99998, 0.848479, 0.000768974, -0.999997, -0.00229731, 1.02148, 0, 0, 0, 1
-0.999982, -0.000782111, 0.00595574, 0.290695, -0.00595755, 0.00232722, -0.99998, 0.848485, 0.000768235, -0.999997, -0.00233184, 1.02147, 0, 0, 0, 1
-0.999981, -0.000781856, 0.00607908, 0.290691, -0.00608091, 0.00236197, -0.999979, 0.848492, 0.000767481, -0.999997, -0.00236668, 1.02146, 0, 0, 0, 1
-0.99998, -0.0007816, 0.00620353, 0.290688, -0.00620539, 0.00239703, -0.999978, 0.848499, 0.000766712, -0.999997, -0.00240183, 1.02146, 0, 0, 0, 1
-0.99998, -0.000781342, 0.0063291, 0.290684, -0.00633098, 0.00243241, -0.999977, 0.848505, 0.000765929, -0.999997, -0.00243731, 1.02145, 0, 0, 0, 1
-0.999979, -0.000781083, 0.00645578, 0.29068, -0.00645769, 0.0024681, -0.999976, 0.848512, 0.000765131, -0.999997, -0.00247309, 1.02144, 0, 0, 0, 1
-0.999978, -0.000780822, 0.00658359, 0.290676, -0.00658552, 0.00250411, -0.999975, 0.848519, 0.000764317, -0.999997, -0.0025092, 1.02144, 0, 0, 0, 1
-0.999977, -0.000780561, 0.0067125, 0.290672, -0.00671447, 0.00254043, -0.999974, 0.848526, 0.000763488, -0.999996, -0.00254561, 1.02143, 0, 0, 0, 1
-0.999976, -0.000780298, 0.00684254, 0.290668, -0.00684453, 0.00257707, -0.999973, 0.848533, 0.000762643, -0.999996, -0.00258235, 1.02142, 0, 0, 0, 1
-0.999975, -0.000780033, 0.00697369, 0.290664, -0.0069757, 0.00261402, -0.999972, 0.84854, 0.000761782, -0.999996, -0.00261939, 1.02142, 0, 0, 0, 1
-0.999974, -0.000779768, 0.00710595, 0.29066, -0.007108, 0.00265128, -0.999971, 0.848547, 0.000760905, -0.999996, -0.00265676, 1.02141, 0, 0, 0, 1
-0.999973, -0.000779501, 0.00723933, 0.290656, -0.00724141, 0.00268886, -0.99997, 0.848554, 0.000760012, -0.999996, -0.00269444, 1.0214, 0, 0, 0, 1
-0.999973, -0.000779233, 0.00737383, 0.290652, -0.00737593, 0.00272676, -0.999969, 0.848561, 0.000759102, -0.999996, -0.00273243, 1.02139, 0, 0, 0, 1
-0.999972, -0.000778964, 0.00750945, 0.290648, -0.00751157, 0.00276496, -0.999968, 0.848568, 0.000758176, -0.999996, -0.00277074, 1.02139, 0, 0, 0, 1
-0.99997, -0.000778694, 0.00764618, 0.290643, -0.00764833, 0.00280349, -0.999967, 0.848576, 0.000757232, -0.999996, -0.00280936, 1.02138, 0, 0, 0, 1
-0.999969, -0.000778423, 0.00778402, 0.290639, -0.0077862, 0.00284232, -0.999966, 0.848583, 0.000756271, -0.999996, -0.0028483, 1.02137, 0, 0, 0, 1
-0.999968, -0.00077815, 0.00792298, 0.290635, -0.00792519, 0.00288148, -0.999964, 0.848591, 0.000755293, -0.999996, -0.00288755, 1.02137, 0, 0, 0, 1
-0.999967, -0.000777877, 0.00806306, 0.290631, -0.0080653, 0.00292094, -0.999963, 0.848598, 0.000754297, -0.999995, -0.00292712, 1.02136, 0, 0, 0, 1
-0.999966, -0.000777603, 0.00820425, 0.290626, -0.00820652, 0.00296072, -0.999962, 0.848606, 0.000753282, -0.999995, -0.002967, 1.02135, 0, 0, 0, 1
-0.999965, -0.000777327, 0.00834656, 0.290622, -0.00834886, 0.00300082, -0.999961, 0.848613, 0.00075225, -0.999995, -0.0030072, 1.02134, 0, 0, 0, 1
-0.999964, -0.000777051, 0.00848999, 0.290618, -0.00849232, 0.00304123, -0.999959, 0.848621, 0.000751199, -0.999995, -0.00304772, 1.02133, 0, 0, 0, 1
-0.999962, -0.000776774, 0.00863453, 0.290613, -0.00863689, 0.00308195, -0.999958, 0.848629, 0.00075013, -0.999995, -0.00308855, 1.02133, 0, 0, 0, 1
-0.999961, -0.000776495, 0.00878019, 0.290609, -0.00878257, 0.00312299, -0.999957, 0.848636, 0.000749041, -0.999995, -0.00312969, 1.02132, 0, 0, 0, 1
-0.99996, -0.000776216, 0.00892696, 0.290604, -0.00892938, 0.00316434, -0.999955, 0.848644, 0.000747934, -0.999995, -0.00317115, 1.02131, 0, 0, 0, 1
-0.999959, -0.000775937, 0.00907485, 0.2906, -0.0090773, 0.00320601, -0.999954, 0.848652, 0.000746807, -0.999995, -0.00321292, 1.0213, 0, 0, 0, 1
-0.999957, -0.000775656, 0.00922386, 0.290595, -0.00922633, 0.00324799, -0.999952, 0.84866, 0.00074566, -0.999994, -0.00325501, 1.0213, 0, 0, 0, 1
-0.999956, -0.000775374, 0.00937398, 0.290591, -0.00937648, 0.00329029, -0.999951, 0.848668, 0.000744493, -0.999994, -0.00329742, 1.02129, 0, 0, 0, 1
-0.999954, -0.000775092, 0.00952522, 0.290586, -0.00952775, 0.0033329, -0.999949, 0.848676, 0.000743306, -0.999994, -0.00334014, 1.02128, 0, 0, 0, 1
-0.999953, -0.000774809, 0.00967757, 0.290581, -0.00968013, 0.00337583, -0.999947, 0.848684, 0.000742099, -0.999994, -0.00338317, 1.02127, 0, 0, 0, 1
-0.999951, -0.000774526, 0.00983104, 0.290577, -0.00983363, 0.00341907, -0.999946, 0.848693, 0.000740871, -0.999994, -0.00342652, 1.02126, 0, 0, 0, 1
-0.99995, -0.000774241, 0.00998562, 0.290572, -0.00998825, 0.00346262, -0.999944, 0.848701, 0.000739622, -0.999994, -0.00347018, 1.02125, 0, 0, 0, 1
-0.999948, -0.000773956, 0.0101413, 0.290567, -0.010144, 0.00350649, -0.999942, 0.848709, 0.000738351, -0.999994, -0.00351416, 1.02125, 0, 0, 0, 1
-0.999947, -0.000773671, 0.0102981, 0.290562, -0.0103008, 0.00355068, -0.999941, 0.848718, 0.000737059, -0.999993, -0.00355846, 1.02124, 0, 0, 0, 1
-0.999945, -0.000773385, 0.0104561, 0.290558, -0.0104588, 0.00359517, -0.999939, 0.848726, 0.000735746, -0.999993, -0.00360306, 1.02123, 0, 0, 0, 1
-0.999943, -0.000773098, 0.0106151, 0.290553, -0.0106179, 0.00363999, -0.999937, 0.848735, 0.00073441, -0.999993, -0.00364799, 1.02122, 0, 0, 0, 1
-0.999942, -0.000772811, 0.0107753, 0.290548, -0.0107781, 0.00368511, -0.999935, 0.848743, 0.000733052, -0.999993, -0.00369323, 1.02121, 0, 0, 0, 1
-0.99994, -0.000772523, 0.0109366, 0.290543, -0.0109394, 0.00373055, -0.999933, 0.848752, 0.000731672, -0.999993, -0.00373878, 1.0212, 0, 0, 0, 1
-0.999938, -0.000772235, 0.011099, 0.290538, -0.0111018, 0.00377631, -0.999931, 0.84876, 0.000730269, -0.999993, -0.00378465, 1.02119, 0, 0, 0, 1
-0.999936, -0.000771946, 0.0112625, 0.290533, -0.0112653, 0.00382238, -0.999929, 0.848769, 0.000728842, -0.999992, -0.00383083, 1.02119, 0, 0, 0, 1
-0.999934, -0.000771658, 0.0114271, 0.290528, -0.01143, 0.00386877, -0.999927, 0.848778, 0.000727393, -0.999992, -0.00387733, 1.02118, 0, 0, 0, 1
-0.999933, -0.000771368, 0.0115928, 0.290523, -0.0115958, 0.00391546, -0.999925, 0.848787, 0.000725919, -0.999992, -0.00392414, 1.02117, 0, 0, 0, 1
-0.999931, -0.000771079, 0.0117597, 0.290518, -0.0117627, 0.00396248, -0.999923, 0.848796, 0.000724422, -0.999992, -0.00397127, 1.02116, 0, 0, 0, 1
-0.999929, -0.000770789, 0.0119277, 0.290513, -0.0119307, 0.00400981, -0.999921, 0.848805, 0.0007229, -0.999992, -0.00401872, 1.02115, 0, 0, 0, 1
-0.999927, -0.000770499, 0.0120968, 0.290507, -0.0120998, 0.00405745, -0.999919, 0.848814, 0.000721354, -0.999991, -0.00406647, 1.02114, 0, 0, 0, 1
-0.999924, -0.000770208, 0.012267, 0.290502, -0.01227, 0.00410541, -0.999916, 0.848823, 0.000719783, -0.999991, -0.00411455, 1.02113, 0, 0, 0, 1
-0.999922, -0.000769918, 0.0124383, 0.290497, -0.0124414, 0.00415368, -0.999914, 0.848832, 0.000718187, -0.999991, -0.00416293, 1.02112, 0, 0, 0, 1
-0.99992, -0.000769627, 0.0126107, 0.290492, -0.0126139, 0.00420226, -0.999912, 0.848841, 0.000716565, -0.999991, -0.00421164, 1.02111, 0, 0, 0, 1
-0.999918, -0.000769336, 0.0127843, 0.290486, -0.0127875, 0.00425116, -0.999909, 0.848851, 0.000714918, -0.999991, -0.00426065, 1.0211, 0, 0, 0, 1
-0.999916, -0.000769045, 0.012959, 0.290481, -0.0129622, 0.00430038, -0.999907, 0.84886, 0.000713245, -0.99999, -0.00430999, 1.02109, 0, 0, 0, 1
-0.999913, -0.000768754, 0.0131347, 0.290476, -0.013138, 0.00434991, -0.999904, 0.848869, 0.000711546, -0.99999, -0.00435963, 1.02109, 0, 0, 0, 1
-0.999911, -0.000768463, 0.0133116, 0.29047, -0.0133149, 0.00439975, -0.999902, 0.848879, 0.00070982, -0.99999, -0.00440959, 1.02108, 0, 0, 0, 1
-0.999909, -0.000768173, 0.0134897, 0.290465, -0.013493, 0.00444991, -0.999899, 0.848888, 0.000708067, -0.99999, -0.00445987, 1.02107, 0, 0, 0, 1
-0.999906, -0.000767882, 0.0136688, 0.290459, -0.0136721, 0.00450039, -0.999896, 0.848898, 0.000706287, -0.99999, -0.00451046, 1.02106, 0, 0, 0, 1
-0.999904, -0.000767591, 0.013849, 0.290454, -0.0138524, 0.00455117, -0.999894, 0.848908, 0.00070448, -0.999989, -0.00456137, 1.02105, 0, 0, 0, 1
-0.999901, -0.0007673, 0.0140304, 0.290448, -0.0140338, 0.00460227, -0.999891, 0.848917, 0.000702645, -0.999989, -0.00461259, 1.02104, 0, 0, 0, 1
-0.999899, -0.00076701, 0.0142129, 0.290443, -0.0142163, 0.00465369, -0.999888, 0.848927, 0.000700781, -0.999989, -0.00466412, 1.02103, 0, 0, 0, 1
-0.999896, -0.000766719, 0.0143965, 0.290437, -0.0143999, 0.00470542, -0.999885, 0.848937, 0.00069889, -0.999989, -0.00471597, 1.02102, 0, 0, 0, 1
-0.999893, -0.000766429, 0.0145812, 0.290431, -0.0145847, 0.00475747, -0.999882, 0.848947, 0.000696969, -0.999988, -0.00476814, 1.02101, 0, 0, 0, 1
-0.999891, -0.000766139, 0.014767, 0.290426, -0.0147705, 0.00480983, -0.999879, 0.848957, 0.00069502, -0.999988, -0.00482062, 1.021, 0, 0, 0, 1
-0.999888, -0.00076585, 0.014954, 0.29042, -0.0149575, 0.0048625, -0.999876, 0.848967, 0.000693041, -0.999988, -0.00487341, 1.02099, 0, 0, 0, 1
-0.999885, -0.000765561, 0.015142, 0.290414, -0.0151456, 0.00491549, -0.999873, 0.848977, 0.000691033, -0.999988, -0.00492652, 1.02098, 0, 0, 0, 1
-0.999882, -0.000765272, 0.0153312, 0.290408, -0.0153348, 0.00496879, -0.99987, 0.848987, 0.000688995, -0.999987, -0.00497994, 1.02097, 0, 0, 0, 1
-0.999879, -0.000764983, 0.0155215, 0.290402, -0.0155251, 0.00502241, -0.999867, 0.848997, 0.000686926, -0.999987, -0.00503368, 1.02096, 0, 0, 0, 1
-0.999876, -0.000764695, 0.0157129, 0.290397, -0.0157166, 0.00507634, -0.999864, 0.849007, 0.000684827, -0.999987, -0.00508773, 1.02095, 0, 0, 0, 1
-0.999873, -0.000764408, 0.0159054, 0.290391, -0.0159091, 0.00513059, -0.99986, 0.849018, 0.000682697, -0.999987, -0.0051421, 1.02094, 0, 0, 0, 1
-0.99987, -0.000764121, 0.016099, 0.290385, -0.0161028, 0.00518515, -0.999857, 0.849028, 0.000680536, -0.999986, -0.00519678, 1.02093, 0, 0, 0, 1
-0.999867, -0.000763835, 0.0162938, 0.290379, -0.0162976, 0.00524003, -0.999853, 0.849038, 0.000678343, -0.999986, -0.00525178, 1.02092, 0, 0, 0, 1
-0.999864, -0.000763549, 0.0164896, 0.290373, -0.0164935, 0.00529522, -0.99985, 0.849049, 0.000676118, -0.999986, -0.00530709, 1.02091, 0, 0, 0, 1
-0.99986, -0.000763264, 0.0166866, 0.290367, -0.0166905, 0.00535072, -0.999846, 0.849059, 0.000673861, -0.999985, -0.00536271, 1.02089, 0, 0, 0, 1
-0.999857, -0.000762979, 0.0168847, 0.290361, -0.0168886, 0.00540654, -0.999843, 0.84907, 0.000671572, -0.999985, -0.00541865, 1.02088, 0, 0, 0, 1
-0.999854, -0.000762696, 0.0170839, 0.290355, -0.0170879, 0.00546267, -0.999839, 0.849081, 0.000669249, -0.999985, -0.00547491, 1.02087, 0, 0, 0, 1
-0.99985, -0.000762413, 0.0172843, 0.290348, -0.0172882, 0.00551912, -0.999835, 0.849091, 0.000666893, -0.999984, -0.00553148, 1.02086, 0, 0, 0, 1
-0.999847, -0.000762131, 0.0174857, 0.290342, -0.0174897, 0.00557588, -0.999831, 0.849102, 0.000664504, -0.999984, -0.00558836, 1.02085, 0, 0, 0, 1
-0.999843, -0.000761849, 0.0176883, 0.290336, -0.0176923, 0.00563296, -0.999828, 0.849113, 0.000662081, -0.999984, -0.00564556, 1.02084, 0, 0, 0, 1
-0.99984, -0.000761569, 0.0178919, 0.29033, -0.017896, 0.00569035, -0.999824, 0.849124, 0.000659623, -0.999984, -0.00570307, 1.02083, 0, 0, 0, 1
-0.999836, -0.000761289, 0.0180967, 0.290323, -0.0181008, 0.00574806, -0.99982, 0.849135, 0.000657131, -0.999983, -0.0057609, 1.02082, 0, 0, 0, 1
-0.999832, -0.000761011, 0.0183026, 0.290317, -0.0183067, 0.00580608, -0.999816, 0.849146, 0.000654604, -0.999983, -0.00581904, 1.02081, 0, 0, 0, 1
-0.999828, -0.000760733, 0.0185096, 0.290311, -0.0185138, 0.00586441, -0.999811, 0.849157, 0.000652042, -0.999983, -0.00587749, 1.0208, 0, 0, 0, 1
-0.999825, -0.000760457, 0.0187178, 0.290304, -0.018722, 0.00592306, -0.999807, 0.849168, 0.000649443, -0.999982, -0.00593626, 1.02079, 0, 0, 0, 1
-0.999821, -0.000760181, 0.018927, 0.290298, -0.0189312, 0.00598203, -0.999803, 0.849179, 0.000646809, -0.999982, -0.00599535, 1.02077, 0, 0, 0, 1
-0.999817, -0.000759907, 0.0191374, 0.290292, -0.0191416, 0.00604131, -0.999799, 0.849191, 0.000644139, -0.999981, -0.00605474, 1.02076, 0, 0, 0, 1
-0.999813, -0.000759634, 0.0193489, 0.290285, -0.0193531, 0.0061009, -0.999794, 0.849202, 0.000641432, -0.999981, -0.00611446, 1.02075, 0, 0, 0, 1
-0.999808, -0.000759362, 0.0195615, 0.290279, -0.0195658, 0.00616081, -0.99979, 0.849213, 0.000638688, -0.999981, -0.00617448, 1.02074, 0, 0, 0, 1
-0.999804, -0.000759091, 0.0197752, 0.290272, -0.0197795, 0.00622103, -0.999785, 0.849225, 0.000635906, -0.99998, -0.00623482, 1.02073, 0, 0, 0, 1
-0.9998, -0.000758822, 0.01999, 0.290265, -0.0199944, 0.00628156, -0.99978, 0.849236, 0.000633087, -0.99998, -0.00629548, 1.02072, 0, 0, 0, 1
-0.999796, -0.000758554, 0.0202059, 0.290259, -0.0202103, 0.00634241, -0.999776, 0.849248, 0.000630229, -0.99998, -0.00635645, 1.02071, 0, 0, 0, 1
-0.999791, -0.000758287, 0.020423, 0.290252, -0.0204274, 0.00640358, -0.999771, 0.849259, 0.000627333, -0.999979, -0.00641773, 1.02069, 0, 0, 0, 1
-0.999787, -0.000758022, 0.0206412, 0.290245, -0.0206456, 0.00646506, -0.999766, 0.849271, 0.000624398, -0.999979, -0.00647933, 1.02068, 0, 0, 0, 1
-0.999782, -0.000757758, 0.0208604, 0.290239, -0.0208649, 0.00652685, -0.999761, 0.849283, 0.000621424, -0.999978, -0.00654124, 1.02067, 0, 0, 0, 1
-0.999777, -0.000757495, 0.0210808, 0.290232, -0.0210854, 0.00658896, -0.999756, 0.849295, 0.00061841, -0.999978, -0.00660347, 1.02066, 0, 0, 0, 1
-0.999773, -0.000757234, 0.0213023, 0.290225, -0.0213069, 0.00665138, -0.999751, 0.849307, 0.000615356, -0.999978, -0.00666601, 1.02065, 0, 0, 0, 1
-0.999768, -0.000756975, 0.021525, 0.290218, -0.0215296, 0.00671412, -0.999746, 0.849318, 0.000612261, -0.999977, -0.00672886, 1.02064, 0, 0, 0, 1
-0.999763, -0.000756718, 0.0217487, 0.290211, -0.0217534, 0.00677717, -0.99974, 0.84933, 0.000609126, -0.999977, -0.00679203, 1.02062, 0, 0, 0, 1
-0.999758, -0.000756462, 0.0219736, 0.290204, -0.0219782, 0.00684054, -0.999735, 0.849342, 0.00060595, -0.999976, -0.00685551, 1.02061, 0, 0, 0, 1
-0.999753, -0.000756208, 0.0221996, 0.290197, -0.0222042, 0.00690422, -0.99973, 0.849355, 0.000602733, -0.999976, -0.00691931, 1.0206, 0, 0, 0, 1
-0.999748, -0.000755955, 0.0224266, 0.29019, -0.0224314, 0.00696821, -0.999724, 0.849367, 0.000599473, -0.999975, -0.00698342, 1.02059, 0, 0, 0, 1
-0.999743, -0.000755705, 0.0226548, 0.290183, -0.0226596, 0.00703252, -0.999719, 0.849379, 0.000596171, -0.999975, -0.00704784, 1.02058, 0, 0, 0, 1
-0.999738, -0.000755456, 0.0228842, 0.290176, -0.0228889, 0.00709715, -0.999713, 0.849391, 0.000592827, -0.999975, -0.00711258, 1.02056, 0, 0, 0, 1
-0.999733, -0.000755209, 0.0231146, 0.290169, -0.0231194, 0.00716209, -0.999707, 0.849404, 0.000589439, -0.999974, -0.00717763, 1.02055, 0, 0, 0, 1
-0.999727, -0.000754964, 0.0233461, 0.290162, -0.023351, 0.00722734, -0.999701, 0.849416, 0.000586008, -0.999974, -0.007243, 1.02054, 0, 0, 0, 1
-0.999722, -0.000754721, 0.0235788, 0.290155, -0.0235837, 0.00729291, -0.999695, 0.849428, 0.000582533, -0.999973, -0.00730868, 1.02053, 0, 0, 0, 1
-0.999716, -0.00075448, 0.0238126, 0.290148, -0.0238175, 0.00735879, -0.999689, 0.849441, 0.000579014, -0.999973, -0.00737467, 1.02051, 0, 0, 0, 1
-0.999711, -0.000754241, 0.0240475, 0.290141, -0.0240524, 0.00742499, -0.999683, 0.849454, 0.00057545, -0.999972, -0.00744098, 1.0205, 0, 0, 0, 1
-0.999705, -0.000754005, 0.0242835, 0.290133, -0.0242884, 0.0074915, -0.999677, 0.849466, 0.000571842, -0.999972, -0.0075076, 1.02049, 0, 0, 0, 1
-0.999699, -0.00075377, 0.0245206, 0.290126, -0.0245256, 0.00755832, -0.999671, 0.849479, 0.000568187, -0.999971, -0.00757453, 1.02048, 0, 0, 0, 1
-0.999693, -0.000753538, 0.0247588, 0.290119, -0.0247639, 0.00762546, -0.999664, 0.849492, 0.000564487, -0.999971, -0.00764178, 1.02046, 0, 0, 0, 1
-0.999687, -0.000753308, 0.0249982, 0.290111, -0.0250032, 0.00769292, -0.999658, 0.849504, 0.000560741, -0.99997, -0.00770934, 1.02045, 0, 0, 0, 1
-0.999681, -0.00075308, 0.0252386, 0.290104, -0.0252437, 0.00776068, -0.999651, 0.849517, 0.000556948, -0.99997, -0.00777722, 1.02044, 0, 0, 0, 1
-0.999675, -0.000752855, 0.0254802, 0.290097, -0.0254853, 0.00782877, -0.999645, 0.84953, 0.000553109, -0.999969, -0.00784541, 1.02042, 0, 0, 0, 1
-0.999669, -0.000752632, 0.0257229, 0.290089, -0.025728, 0.00789716, -0.999638, 0.849543, 0.000549221, -0.999969, -0.00791391, 1.02041, 0, 0, 0, 1
-0.999663, -0.000752411, 0.0259667, 0.290082, -0.0259719, 0.00796588, -0.999631, 0.849556, 0.000545286, -0.999968, -0.00798273, 1.0204, 0, 0, 0, 1
-0.999656, -0.000752193, 0.0262116, 0.290074, -0.0262168, 0.0080349, -0.999624, 0.849569, 0.000541303, -0.999967, -0.00805186, 1.02038, 0, 0, 0, 1
-0.99965, -0.000751978, 0.0264577, 0.290066, -0.0264629, 0.00810424, -0.999617, 0.849583, 0.000537271, -0.999967, -0.0081213, 1.02037, 0, 0, 0, 1
-0.999643, -0.000751765, 0.0267048, 0.290059, -0.0267101, 0.0081739, -0.99961, 0.849596, 0.000533189, -0.999966, -0.00819106, 1.02036, 0, 0, 0, 1
-0.999636, -0.000751555, 0.0269531, 0.290051, -0.0269583, 0.00824387, -0.999603, 0.849609, 0.000529059, -0.999966, -0.00826113, 1.02035, 0, 0, 0, 1
-0.99963, -0.000751347, 0.0272024, 0.290044, -0.0272078, 0.00831415, -0.999595, 0.849622, 0.000524878, -0.999965, -0.00833152, 1.02033, 0, 0, 0, 1
-0.999623, -0.000751143, 0.0274529, 0.290036, -0.0274583, 0.00838475, -0.999588, 0.849636, 0.000520647, -0.999965, -0.00840221, 1.02032, 0, 0, 0, 1
-0.999616, -0.000750941, 0.0277045, 0.290028, -0.0277099, 0.00845567, -0.99958, 0.849649, 0.000516365, -0.999964, -0.00847323, 1.02031, 0, 0, 0, 1
-0.999609, -0.000750742, 0.0279572, 0.29002, -0.0279626, 0.00852689, -0.999573, 0.849663, 0.000512032, -0.999963, -0.00854455, 1.02029, 0, 0, 0, 1
-0.999602, -0.000750545, 0.0282111, 0.290012, -0.0282165, 0.00859844, -0.999565, 0.849677, 0.000507648, -0.999963, -0.00861619, 1.02028, 0, 0, 0, 1
-0.999594, -0.000750352, 0.028466, 0.290005, -0.0284715, 0.00867029, -0.999557, 0.84969, 0.000503211, -0.999962, -0.00868814, 1.02026, 0, 0, 0, 1
-0.999587, -0.000750162, 0.0287221, 0.289997, -0.0287276, 0.00874246, -0.999549, 0.849704, 0.000498722, -0.999962, -0.0087604, 1.02025, 0, 0, 0, 1
-0.99958, -0.000749975, 0.0289793, 0.289989, -0.0289847, 0.00881495, -0.999541, 0.849718, 0.00049418, -0.999961, -0.00883298, 1.02024, 0, 0, 0, 1
-0.999572, -0.000749791, 0.0292375, 0.289981, -0.0292431, 0.00888775, -0.999533, 0.849731, 0.000489584, -0.99996, -0.00890587, 1.02022, 0, 0, 0, 1
-0.999565, -0.00074961, 0.0294969, 0.289973, -0.0295025, 0.00896086, -0.999525, 0.849745, 0.000484935, -0.99996, -0.00897908, 1.02021, 0, 0, 0, 1
-0.999557, -0.000749432, 0.0297575, 0.289965, -0.029763, 0.00903429, -0.999516, 0.849759, 0.000480232, -0.999959, -0.00905259, 1.0202, 0, 0, 0, 1
-0.999549, -0.000749257, 0.0300191, 0.289957, -0.0300247, 0.00910803, -0.999508, 0.849773, 0.000475474, -0.999958, -0.00912642, 1.02018, 0, 0, 0, 1
-0.999541, -0.000749086, 0.0302818, 0.289949, -0.0302874, 0.00918209, -0.999499, 0.849787, 0.00047066, -0.999958, -0.00920057, 1.02017, 0, 0, 0, 1
-0.999533, -0.000748918, 0.0305457, 0.28994, -0.0305513, 0.00925646, -0.99949, 0.849802, 0.000465791, -0.999957, -0.00927502, 1.02015, 0, 0, 0, 1
-0.999525, -0.000748754, 0.0308107, 0.289932, -0.0308163, 0.00933115, -0.999482, 0.849816, 0.000460867, -0.999956, -0.00934979, 1.02014, 0, 0, 0, 1
-0.999517, -0.000748593, 0.0310767, 0.289924, -0.0310824, 0.00940615, -0.999473, 0.84983, 0.000455885, -0.999955, -0.00942487, 1.02013, 0, 0, 0, 1
-0.999508, -0.000748435, 0.0313439, 0.289916, -0.0313496, 0.00948147, -0.999464, 0.849844, 0.000450847, -0.999955, -0.00950027, 1.02011, 0, 0, 0, 1
-0.9995, -0.000748281, 0.0316122, 0.289908, -0.031618, 0.0095571, -0.999454, 0.849859, 0.000445752, -0.999954, -0.00957598, 1.0201, 0, 0, 0, 1
-0.999491, -0.000748131, 0.0318817, 0.289899, -0.0318874, 0.00963304, -0.999445, 0.849873, 0.000440598, -0.999953, -0.009652, 1.02008, 0, 0, 0, 1
-0.999483, -0.000747984, 0.0321522, 0.289891, -0.0321579, 0.0097093, -0.999436, 0.849888, 0.000435387, -0.999953, -0.00972833, 1.02007, 0, 0, 0, 1
-0.999474, -0.000747841, 0.0324238, 0.289882, -0.0324296, 0.00978587, -0.999426, 0.849902, 0.000430117, -0.999952, -0.00980498, 1.02005, 0, 0, 0, 1
-0.999465, -0.000747702, 0.0326966, 0.289874, -0.0327024, 0.00986276, -0.999416, 0.849917, 0.000424787, -0.999951, -0.00988193, 1.02004, 0, 0, 0, 1
-0.999456, -0.000747567, 0.0329705, 0.289866, -0.0329763, 0.00993996, -0.999407, 0.849931, 0.000419398, -0.99995, -0.00995921, 1.02002, 0, 0, 0, 1
-0.999447, -0.000747435, 0.0332455, 0.289857, -0.0332513, 0.0100175, -0.999397, 0.849946, 0.000413949, -0.99995, -0.0100368, 1.02001, 0, 0, 0, 1
-0.999438, -0.000747308, 0.0335216, 0.289849, -0.0335274, 0.0100953, -0.999387, 0.849961, 0.000408439, -0.999949, -0.0101147, 1.01999, 0, 0, 0, 1
-0.999428, -0.000747184, 0.0337988, 0.28984, -0.0338046, 0.0101735, -0.999377, 0.849976, 0.000402868, -0.999948, -0.0101929, 1.01998, 0, 0, 0, 1
-0.999419, -0.000747065, 0.0340771, 0.289831, -0.034083, 0.0102519, -0.999366, 0.849991, 0.000397236, -0.999947, -0.0102714, 1.01997, 0, 0, 0, 1
-0.999409, -0.000746949, 0.0343565, 0.289823, -0.0343624, 0.0103307, -0.999356, 0.850006, 0.000391542, -0.999946, -0.0103503, 1.01995, 0, 0, 0, 1
-0.9994, -0.000746838, 0.0346371, 0.289814, -0.034643, 0.0104098, -0.999346, 0.850021, 0.000385785, -0.999946, -0.0104294, 1.01994, 0, 0, 0, 1
-0.99939, -0.000746731, 0.0349188, 0.289805, -0.0349247, 0.0104892, -0.999335, 0.850036, 0.000379965, -0.999945, -0.0105089, 1.01992, 0, 0, 0, 1
-0.99938, -0.000746628, 0.0352015, 0.289797, -0.0352075, 0.0105689, -0.999324, 0.850051, 0.000374082, -0.999944, -0.0105886, 1.01991, 0, 0, 0, 1
-0.99937, -0.00074653, 0.0354854, 0.289788, -0.0354914, 0.0106489, -0.999313, 0.850066, 0.000368136, -0.999943, -0.0106687, 1.01989, 0, 0, 0, 1
-0.99936, -0.000746436, 0.0357704, 0.289779, -0.0357764, 0.0107293, -0.999302, 0.850082, 0.000362124, -0.999942, -0.0107491, 1.01988, 0, 0, 0, 1
-0.999349, -0.000746346, 0.0360565, 0.28977, -0.0360625, 0.0108099, -0.999291, 0.850097, 0.000356048, -0.999941, -0.0108298, 1.01986, 0, 0, 0, 1
-0.999339, -0.000746261, 0.0363438, 0.289761, -0.0363497, 0.0108909, -0.99928, 0.850112, 0.000349907, -0.99994, -0.0109108, 1.01984, 0, 0, 0, 1
-0.999329, -0.00074618, 0.0366321, 0.289752, -0.0366381, 0.0109722, -0.999268, 0.850128, 0.0003437, -0.99994, -0.0109922, 1.01983, 0, 0, 0, 1
-0.999318, -0.000746104, 0.0369216, 0.289743, -0.0369276, 0.0110538, -0.999257, 0.850143, 0.000337426, -0.999939, -0.0110738, 1.01981, 0, 0, 0, 1
-0.999307, -0.000746033, 0.0372121, 0.289734, -0.0372181, 0.0111357, -0.999245, 0.850159, 0.000331086, -0.999938, -0.0111558, 1.0198, 0, 0, 0, 1
-0.999296, -0.000745966, 0.0375038, 0.289725, -0.0375098, 0.011218, -0.999233, 0.850174, 0.000324679, -0.999937, -0.011238, 1.01978, 0, 0, 0, 1
-0.999285, -0.000745904, 0.0377966, 0.289716, -0.0378026, 0.0113005, -0.999221, 0.85019, 0.000318203, -0.999936, -0.0113206, 1.01977, 0, 0, 0, 1
-0.999274, -0.000745847, 0.0380905, 0.289707, -0.0380965, 0.0113834, -0.999209, 0.850206, 0.00031166, -0.999935, -0.0114035, 1.01975, 0, 0, 0, 1
-0.999263, -0.000745795, 0.0383855, 0.289698, -0.0383915, 0.0114665, -0.999197, 0.850222, 0.000305048, -0.999934, -0.0114867, 1.01974, 0, 0, 0, 1
-0.999251, -0.000745748, 0.0386816, 0.289689, -0.0386877, 0.01155, -0.999185, 0.850238, 0.000298366, -0.999933, -0.0115702, 1.01972, 0, 0, 0, 1
-0.99924, -0.000745706, 0.0389789, 0.28968, -0.0389849, 0.0116338, -0.999172, 0.850253, 0.000291615, -0.999932, -0.0116541, 1.0197, 0, 0, 0, 1
-0.999228, -0.000745669, 0.0392772, 0.289671, -0.0392833, 0.0117179, -0.999159, 0.850269, 0.000284794, -0.999931, -0.0117382, 1.01969, 0, 0, 0, 1
-0.999216, -0.000745637, 0.0395767, 0.289661, -0.0395827, 0.0118024, -0.999147, 0.850286, 0.000277901, -0.99993, -0.0118226, 1.01967, 0, 0, 0, 1
-0.999204, -0.00074561, 0.0398772, 0.289652, -0.0398833, 0.0118871, -0.999134, 0.850302, 0.000270938, -0.999929, -0.0119074, 1.01966, 0, 0, 0, 1
-0.999192, -0.000745588, 0.0401789, 0.289643, -0.040185, 0.0119722, -0.999121, 0.850318, 0.000263903, -0.999928, -0.0119925, 1.01964, 0, 0, 0, 1
-0.99918, -0.000745572, 0.0404817, 0.289633, -0.0404878, 0.0120576, -0.999107, 0.850334, 0.000256795, -0.999927, -0.0120779, 1.01962, 0, 0, 0, 1
-0.999168, -0.000745561, 0.0407856, 0.289624, -0.0407917, 0.0121433, -0.999094, 0.85035, 0.000249615, -0.999926, -0.0121636, 1.01961, 0, 0, 0, 1
