-0.999999, -0.000797434, -0.000797196, 0.290901, 0.000796858, 0.000424669, -1, 0.848124, 0.000797772, -1, -0.000424033, 1.02183, 0, 0, 0, 1
-0.999999, -0.000797361, -0.00079679, 0.290901, 0.000796451, 0.000425297, -1, 0.848124, 0.0007977, -1, -0.000424662, 1.02183, 0, 0, 0, 1
-0.999999, -0.000797143, -0.000795571, 0.290901, 0.000795231, 0.000427181, -1, 0.848125, 0.000797482, -1, -0.000426547, 1.02183, 0, 0, 0, 1
-0.999999, -0.000796778, -0.00079354, 0.290901, 0.000793197, 0.000430322, -1, 0.848125, 0.00079712, -1, -0.00042969, 1.02183, 0, 0, 0, 1
-0.999999, -0.000796268, -0.000790696, 0.290901, 0.00079035, 0.000434719, -1, 0.848126, 0.000796612, -1, -0.000434089, 1.02183, 0, 0, 0, 1
-0.999999, -0.000795613, -0.000787039, 0.290901, 0.000786689, 0.000440372, -1, 0.848126, 0.000795959, -1, -0.000439746, 1.02183, 0, 0, 0, 1
-0.999999, -0.000794811, -0.00078257, 0.290901, 0.000782215, 0.000447282, -1, 0.848127, 0.000795161, -1, -0.00044666, 1.02183, 0, 0, 0, 1
-0.999999, -0.000793864, -0.000777289, 0.290901, 0.000776927, 0.000455447, -1, 0.848128, 0.000794218, -1, -0.00045483, 1.02183, 0, 0, 0, 1
-0.999999, -0.000792771, -0.000771195, 0.290901, 0.000770826, 0.000464869, -1, 0.84813, 0.000793129, -1, -0.000464258, 1.02183, 0, 0, 0, 1
-0.999999, -0.000791533, -0.000764288, 0.290901, 0.000763912, 0.000475548, -1, 0.848131, 0.000791896, -1, -0.000474943, 1.02183, 0, 0, 0, 1
-0.999999, -0.000790148, -0.000756569, 0.290901, 0.000756184, 0.000487482, -1, 0.848133, 0.000790517, -1, -0.000486884, 1.02183, 0, 0, 0, 1
-0.999999, -0.000788618, -0.000748037, 0.290902, 0.000747643, 0.000500673, -1, 0.848135, 0.000788993, -1, -0.000500083, 1.02183, 0, 0, 0, 1
-0.999999, -0.000786943, -0.000738693, 0.290902, 0.000738288, 0.00051512, -1, 0.848137, 0.000787323, -1, -0.000514539, 1.02183, 0, 0, 0, 1
-0.999999, -0.000785121, -0.000728536, 0.290902, 0.00072812, 0.000530823, -1, 0.848139, 0.000785508, -1, -0.000530251, 1.02183, 0, 0, 0, 1
-0.999999, -0.000783154, -0.000717567, 0.290902, 0.000717138, 0.000547783, -1, 0.848141, 0.000783547, -1, -0.000547221, 1.02183, 0, 0, 0, 1
-0.999999, -0.000781042, -0.000705785, 0.290902, 0.000705343, 0.000565999, -1, 0.848143, 0.000781441, -1, -0.000565447, 1.02183, 0, 0, 0, 1
-0.999999, -0.000778783, -0.000693191, 0.290902, 0.000692735, 0.000585471, -1, 0.848146, 0.000779189, -1, -0.000584931, 1.02183, 0, 0, 0, 1
-0.999999, -0.00077638, -0.000679784, 0.290902, 0.000679313, 0.000606199, -1, 0.848149, 0.000776791, -1, -0.000605672, 1.02183, 0, 0, 0, 1
-0.999999, -0.00077383, -0.000665564, 0.290902, 0.000665078, 0.000628184, -1, 0.848152, 0.000774248, -1, -0.000627669, 1.02183, 0, 0, 0, 1
-0.999999, -0.000771135, -0.000650532, 0.290903, 0.00065003, 0.000651425, -1, 0.848155, 0.000771558, -0.999999, -0.000650923, 1.02183, 0, 0, 0, 1
-1, -0.000768294, -0.000634688, 0.290903, 0.000634168, 0.000675922, -1, 0.848158, 0.000768723, -0.999999, -0.000675435, 1.02183, 0, 0, 0, 1
-1, -0.000765308, -0.00061803, 0.290903, 0.000617493, 0.000701676, -1, 0.848162, 0.000765741, -0.999999, -0.000701203, 1.02183, 0, 0, 0, 1
-1, -0.000762176, -0.000600561, 0.290903, 0.000600005, 0.000728685, -1, 0.848166, 0.000762613, -0.999999, -0.000728228, 1.02183, 0, 0, 0, 1
-1, -0.000758898, -0.000582278, 0.290903, 0.000581704, 0.000756952, -1, 0.84817, 0.000759338, -0.999999, -0.00075651, 1.02183, 0, 0, 0, 1
-1, -0.000755475, -0.000563184, 0.290904, 0.00056259, 0.000786474, -1, 0.848174, 0.000755918, -0.999999, -0.000786049, 1.02183, 0, 0, 0, 1
-1, -0.000751906, -0.000543276, 0.290904, 0.000542662, 0.000817253, -1, 0.848178, 0.00075235, -0.999999, -0.000816844, 1.02183, 0, 0, 0, 1
-1, -0.000748192, -0.000522557, 0.290904, 0.000521921, 0.000849288, -1, 0.848182, 0.000748636, -0.999999, -0.000848897, 1.02183, 0, 0, 0, 1
-1, -0.000744332, -0.000501024, 0.290904, 0.000500367, 0.000882579, -0.999999, 0.848187, 0.000744774, -0.999999, -0.000882206, 1.02183, 0, 0, 0, 1
-1, -0.000740327, -0.000478679, 0.290904, 0.000478, 0.000917126, -0.999999, 0.848191, 0.000740766, -0.999999, -0.000916772, 1.02183, 0, 0, 0, 1
-1, -0.000736177, -0.000455522, 0.290905, 0.00045482, 0.00095293, -0.999999, 0.848196, 0.00073661, -0.999999, -0.000952595, 1.02183, 0, 0, 0, 1
-1, -0.000731881, -0.000431552, 0.290905, 0.000430827, 0.00098999, -0.999999, 0.848201, 0.000732307, -0.999999, -0.000989675, 1.02183, 0, 0, 0, 1
-1, -0.000727439, -0.000406769, 0.290905, 0.000406021, 0.00102831, -0.999999, 0.848207, 0.000727857, -0.999999, -0.00102801, 1.02183, 0, 0, 0, 1
-1, -0.000722852, -0.000381174, 0.290906, 0.000380402, 0.00106788, -0.999999, 0.848212, 0.000723259, -0.999999, -0.0010676, 1.02183, 0, 0, 0, 1
-1, -0.00071812, -0.000354766, 0.290906, 0.00035397, 0.00110871, -0.999999, 0.848218, 0.000718513, -0.999999, -0.00110845, 1.02182, 0, 0, 0, 1
-1, -0.000713242, -0.000327546, 0.290906, 0.000326725, 0.00115079, -0.999999, 0.848223, 0.000713618, -0.999999, -0.00115056, 1.02182, 0, 0, 0, 1
-1, -0.000708219, -0.000299513, 0.290906, 0.000298668, 0.00119414, -0.999999, 0.848229, 0.000708576, -0.999999, -0.00119392, 1.02182, 0, 0, 0, 1
-1, -0.00070305, -0.000270668, 0.290907, 0.000269797, 0.00123873, -0.999999, 0.848235, 0.000703385, -0.999999, -0.00123854, 1.02182, 0, 0, 0, 1
-1, -0.000697737, -0.00024101, 0.290907, 0.000240114, 0.00128459, -0.999999, 0.848241, 0.000698046, -0.999999, -0.00128442, 1.02182, 0, 0, 0, 1
-1, -0.000692278, -0.00021054, 0.290907, 0.000209618, 0.0013317, -0.999999, 0.848248, 0.000692557, -0.999999, -0.00133155, 1.02182, 0, 0, 0, 1
-1, -0.000686673, -0.000179257, 0.290908, 0.000178309, 0.00138006, -0.999999, 0.848255, 0.00068692, -0.999999, -0.00137994, 1.02182, 0, 0, 0, 1
-1, -0.000680924, -0.000147162, 0.290908, 0.000146188, 0.00142969, -0.999999, 0.848261, 0.000681134, -0.999999, -0.00142959, 1.02182, 0, 0, 0, 1
-1, -0.000675029, -0.000114254, 0.290908, 0.000113254, 0.00148057, -0.999999, 0.848268, 0.000675198, -0.999999, -0.00148049, 1.02182, 0, 0, 0, 1
-1, -0.000668989, -8.05329e-05, 0.290909, 7.95075e-05, 0.0015327, -0.999999, 0.848275, 0.000669112, -0.999999, -0.00153265, 1.02182, 0, 0, 0, 1
-1, -0.000662804, -4.59998e-05, 0.290909, 4.49485e-05, 0.0015861, -0.999999, 0.848283, 0.000662876, -0.999999, -0.00158607, 1.02182, 0, 0, 0, 1
-1, -0.000656474, -1.06542e-05, 0.29091, 9.57706e-06, 0.00164074, -0.999999, 0.84829, 0.00065649, -0.999998, -0.00164074, 1.02182, 0, 0, 0, 1
-1, -0.000649998, 2.5504e-05, 0.29091, -2.66068e-05, 0.00169665, -0.999999, 0.848298, 0.000649954, -0.999998, -0.00169667, 1.02182, 0, 0, 0, 1
-1, -0.000643378, 6.24748e-05, 0.29091, -6.3603e-05, 0.00175381, -0.999998, 0.848306, 0.000643267, -0.999998, -0.00175385, 1.02182, 0, 0, 0, 1
-1, -0.000636613, 0.000100258, 0.290911, -0.000101412, 0.00181223, -0.999998, 0.848313, 0.00063643, -0.999998, -0.00181229, 1.02181, 0, 0, 0, 1
-1, -0.000629702, 0.000138854, 0.290911, -0.000140032, 0.0018719, -0.999998, 0.848322, 0.000629441, -0.999998, -0.00187199, 1.02181, 0, 0, 0, 1
-1, -0.000622647, 0.000178262, 0.290912, -0.000179465, 0.00193283, -0.999998, 0.84833, 0.000622301, -0.999998, -0.00193294, 1.02181, 0, 0, 0, 1
-1, -0.000615446, 0.000218483, 0.290912, -0.000219711, 0.00199502, -0.999998, 0.848338, 0.000615009, -0.999998, -0.00199515, 1.02181, 0, 0, 0, 1
-1, -0.000608101, 0.000259517, 0.290912, -0.000260768, 0.00205846, -0.999998, 0.848347, 0.000607565, -0.999998, -0.00205862, 1.02181, 0, 0, 0, 1
-1, -0.00060061, 0.000301363, 0.290913, -0.000302637, 0.00212316, -0.999998, 0.848356, 0.000599969, -0.999998, -0.00212334, 1.02181, 0, 0, 0, 1
-1, -0.000592975, 0.000344021, 0.290913, -0.000345319, 0.00218911, -0.999998, 0.848365, 0.000592221, -0.999997, -0.00218932, 1.02181, 0, 0, 0, 1
-1, -0.000585195, 0.000387492, 0.290914, -0.000388812, 0.00225633, -0.999997, 0.848374, 0.000584319, -0.999997, -0.00225655, 1.02181, 0, 0, 0, 1
-1, -0.00057727, 0.000431776, 0.290914, -0.000433117, 0.0023248, -0.999997, 0.848383, 0.000576265, -0.999997, -0.00232504, 1.02181, 0, 0, 0, 1
-1, -0.000569201, 0.000476872, 0.290915, -0.000478234, 0.00239452, -0.999997, 0.848393, 0.000568057, -0.999997, -0.00239479, 1.02181, 0, 0, 0, 1
-1, -0.000560987, 0.000522781, 0.290915, -0.000524163, 0.0024655, -0.999997, 0.848403, 0.000559696, -0.999997, -0.00246579, 1.02181, 0, 0, 0, 1
-1, -0.000552628, 0.000569502, 0.290916, -0.000570903, 0.00253774, -0.999997, 0.848413, 0.000551181, -0.999997, -0.00253805, 1.0218, 0, 0, 0, 1
-1, -0.000544124, 0.000617036, 0.290916, -0.000618455, 0.00261123, -0.999996, 0.848423, 0.000542511, -0.999996, -0.00261157, 1.0218, 0, 0, 0, 1
-1, -0.000535476, 0.000665383, 0.290917, -0.000666818, 0.00268598, -0.999996, 0.848433, 0.000533687, -0.999996, -0.00268634, 1.0218, 0, 0, 0, 1
-1, -0.000526683, 0.000714541, 0.290917, -0.000715993, 0.00276199, -0.999996, 0.848443, 0.000524707, -0.999996, -0.00276236, 1.0218, 0, 0, 0, 1
-1, -0.000517746, 0.000764513, 0.290918, -0.00076598, 0.00283925, -0.999996, 0.848454, 0.000515573, -0.999996, -0.00283965, 1.0218, 0, 0, 0, 1
-1, -0.000508664, 0.000815297, 0.290919, -0.000816778, 0.00291777, -0.999995, 0.848464, 0.000506282, -0.999996, -0.00291818, 1.0218, 0, 0, 0, 1
-0.999999, -0.000499437, 0.000866893, 0.290919, -0.000868387, 0.00299755, -0.999995, 0.848475, 0.000496836, -0.999995, -0.00299798, 1.0218, 0, 0, 0, 1
-0.999999, -0.000490067, 0.000919303, 0.29092, -0.000920807, 0.00307858, -0.999995, 0.848486, 0.000487234, -0.999995, -0.00307903, 1.0218, 0, 0, 0, 1
-0.999999, -0.000480551, 0.000972524, 0.29092, -0.000974038, 0.00316087, -0.999995, 0.848498, 0.000477475, -0.999995, -0.00316133, 1.0218, 0, 0, 0, 1
-0.999999, -0.000470892, 0.00102656, 0.290921, -0.00102808, 0.00324441, -0.999994, 0.848509, 0.000467559, -0.999995, -0.00324489, 1.02179, 0, 0, 0, 1
-0.999999, -0.000461088, 0.00108141, 0.290921, -0.00108293, 0.00332921, -0.999994, 0.848521, 0.000457485, -0.999994, -0.00332971, 1.02179, 0, 0, 0, 1
-0.999999, -0.00045114, 0.00113706, 0.290922, -0.0011386, 0.00341527, -0.999994, 0.848532, 0.000447254, -0.999994, -0.00341578, 1.02179, 0, 0, 0, 1
-0.999999, -0.000441048, 0.00119354, 0.290923, -0.00119507, 0.00350258, -0.999993, 0.848544, 0.000436864, -0.999994, -0.00350311, 1.02179, 0, 0, 0, 1
-0.999999, -0.000430811, 0.00125082, 0.290923, -0.00125236, 0.00359115, -0.999993, 0.848556, 0.000426316, -0.999993, -0.00359169, 1.02179, 0, 0, 0, 1
-0.999999, -0.000420431, 0.00130892, 0.290924, -0.00131046, 0.00368098, -0.999992, 0.848569, 0.000415609, -0.999993, -0.00368153, 1.02179, 0, 0, 0, 1
-0.999999, -0.000409906, 0.00136783, 0.290924, -0.00136936, 0.00377206, -0.999992, 0.848581, 0.000404743, -0.999993, -0.00377262, 1.02179, 0, 0, 0, 1
-0.999999, -0.000399237, 0.00142755, 0.290925, -0.00142908, 0.0038644, -0.999992, 0.848594, 0.000393717, -0.999992, -0.00386497, 1.02179, 0, 0, 0, 1
-0.999999, -0.000388425, 0.00148808, 0.290926, -0.00148961, 0.003958, -0.999991, 0.848607, 0.000382531, -0.999992, -0.00395857, 1.02178, 0, 0, 0, 1
-0.999999, -0.000377468, 0.00154943, 0.290926, -0.00155095, 0.00405285, -0.999991, 0.848619, 0.000371185, -0.999992, -0.00405343, 1.02178, 0, 0, 0, 1
-0.999999, -0.000366367, 0.00161159, 0.290927, -0.0016131, 0.00414896, -0.99999, 0.848633, 0.000359677, -0.999991, -0.00414955, 1.02178, 0, 0, 0, 1
-0.999999, -0.000355123, 0.00167456, 0.290928, -0.00167606, 0.00424633, -0.99999, 0.848646, 0.000348009, -0.999991, -0.00424692, 1.02178, 0, 0, 0, 1
-0.999998, -0.000343735, 0.00173835, 0.290928, -0.00173982, 0.00434495, -0.999989, 0.848659, 0.000336178, -0.999991, -0.00434554, 1.02178, 0, 0, 0, 1
-0.999998, -0.000332203, 0.00180294, 0.290929, -0.0018044, 0.00444483, -0.999988, 0.848673, 0.000324185, -0.99999, -0.00444542, 1.02178, 0, 0, 0, 1
-0.999998, -0.000320527, 0.00186835, 0.29093, -0.00186979, 0.00454596, -0.999988, 0.848687, 0.00031203, -0.99999, -0.00454655, 1.02178, 0, 0, 0, 1
-0.999998, -0.000308708, 0.00193458, 0.290931, -0.00193599, 0.00464835, -0.999987, 0.848701, 0.000299712, -0.999989, -0.00464894, 1.02178, 0, 0, 0, 1
-0.999998, -0.000296745, 0.00200161, 0.290931, -0.002003, 0.004752, -0.999987, 0.848715, 0.00028723, -0.999989, -0.00475258, 1.02177, 0, 0, 0, 1
-0.999998, -0.000284639, 0.00206946, 0.290932, -0.00207082, 0.0048569, -0.999986, 0.848729, 0.000274584, -0.999988, -0.00485748, 1.02177, 0, 0, 0, 1
-0.999998, -0.000272389, 0.00213812, 0.290933, -0.00213944, 0.00496306, -0.999985, 0.848744, 0.000261773, -0.999988, -0.00496364, 1.02177, 0, 0, 0, 1
-0.999998, -0.000259996, 0.00220759, 0.290934, -0.00220888, 0.00507048, -0.999985, 0.848759, 0.000248798, -0.999987, -0.00507104, 1.02177, 0, 0, 0, 1
-0.999997, -0.000247459, 0.00227788, 0.290934, -0.00227913, 0.00517915, -0.999984, 0.848773, 0.000235657, -0.999987, -0.00517971, 1.02177, 0, 0, 0, 1
-0.999997, -0.000234779, 0.00234897, 0.290935, -0.00235018, 0.00528908, -0.999983, 0.848788, 0.000222351, -0.999986, -0.00528962, 1.02177, 0, 0, 0, 1
-0.999997, -0.000221956, 0.00242088, 0.290936, -0.00242205, 0.00540027, -0.999982, 0.848804, 0.000208878, -0.999985, -0.00540079, 1.02177, 0, 0, 0, 1
-0.999997, -0.000208989, 0.00249361, 0.290937, -0.00249472, 0.00551271, -0.999982, 0.848819, 0.000195239, -0.999985, -0.00551322, 1.02176, 0, 0, 0, 1
-0.999997, -0.000195879, 0.00256714, 0.290937, -0.0025682, 0.00562641, -0.999981, 0.848835, 0.000181432, -0.999984, -0.0056269, 1.02176, 0, 0, 0, 1
-0.999996, -0.000182627, 0.00264149, 0.290938, -0.00264249, 0.00574137, -0.99998, 0.84885, 0.000167457, -0.999984, -0.00574183, 1.02176, 0, 0, 0, 1
-0.999996, -0.000169231, 0.00271665, 0.290939, -0.00271759, 0.00585758, -0.999979, 0.848866, 0.000153314, -0.999983, -0.00585802, 1.02176, 0, 0, 0, 1
-0.999996, -0.000155692, 0.00279262, 0.29094, -0.0027935, 0.00597505, -0.999978, 0.848882, 0.000139002, -0.999982, -0.00597546, 1.02176, 0, 0, 0, 1
-0.999996, -0.00014201, 0.00286941, 0.290941, -0.00287022, 0.00609377, -0.999977, 0.848899, 0.000124521, -0.999981, -0.00609416, 1.02176, 0, 0, 0, 1
-0.999996, -0.000128186, 0.002947, 0.290941, -0.00294774, 0.00621376, -0.999976, 0.848915, 0.000109871, -0.999981, -0.00621411, 1.02175, 0, 0, 0, 1
-0.999995, -0.000114218, 0.00302541, 0.290942, -0.00302608, 0.00633499, -0.999975, 0.848932, 9.50494e-05, -0.99998, -0.00633531, 1.02175, 0, 0, 0, 1
-0.999995, -0.000100108, 0.00310464, 0.290943, -0.00310522, 0.00645749, -0.999974, 0.848948, 8.00573e-05, -0.999979, -0.00645777, 1.02175, 0, 0, 0, 1
-0.999995, -8.58552e-05, 0.00318467, 0.290944, -0.00318517, 0.00658124, -0.999973, 0.848965, 6.48938e-05, -0.999978, -0.00658148, 1.02175, 0, 0, 0, 1
-0.999995, -7.14597e-05, 0.00326552, 0.290945, -0.00326593, 0.00670625, -0.999972, 0.848982, 4.95584e-05, -0.999978, -0.00670645, 1.02175, 0, 0, 0, 1
-0.999994, -5.69217e-05, 0.00334718, 0.290946, -0.00334749, 0.00683251, -0.999971, 0.849, 3.40504e-05, -0.999977, -0.00683266, 1.02175, 0, 0, 0, 1
-0.999994, -4.22412e-05, 0.00342965, 0.290947, -0.00342986, 0.00696003, -0.99997, 0.849017, 1.83694e-05, -0.999976, -0.00696014, 1.02174, 0, 0, 0, 1
-0.999994, -2.74183e-05, 0.00351294, 0.290947, -0.00351304, 0.00708881, -0.999969, 0.849035, 2.51486e-06, -0.999975, -0.00708886, 1.02174, 0, 0, 0, 1
-0.999994, -1.2453e-05, 0.00359704, 0.290948, -0.00359703, 0.00721884, -0.999967, 0.849052, -1.35139e-05, -0.999974, -0.00721884, 1.02174, 0, 0, 0, 1
-0.999993, 2.65463e-06, 0.00368195, 0.290949, -0.00368183, 0.00735013, -0.999966, 0.84907, -2.97173e-05, -0.999973, -0.00735007, 1.02174, 0, 0, 0, 1
-0.999993, 1.79045e-05, 0.00376767, 0.29095, -0.00376743, 0.00748268, -0.999965, 0.849089, -4.60961e-05, -0.999972, -0.00748256, 1.02174, 0, 0, 0, 1
-0.999993, 3.32965e-05, 0.0038542, 0.290951, -0.00385384, 0.00761648, -0.999964, 0.849107, -6.26507e-05, -0.999971, -0.0076163, 1.02174, 0, 0, 0, 1
-0.999992, 4.88306e-05, 0.00394155, 0.290952, -0.00394105, 0.00775154, -0.999962, 0.849125, -7.93818e-05, -0.99997, -0.00775129, 1.02173, 0, 0, 0, 1
-0.999992, 6.45067e-05, 0.00402971, 0.290953, -0.00402908, 0.00788786, -0.999961, 0.849144, -9.629e-05, -0.999969, -0.00788754, 1.02173, 0, 0, 0, 1
-0.999992, 8.03248e-05, 0.00411868, 0.290954, -0.00411791, 0.00802543, -0.999959, 0.849163, -0.000113376, -0.999968, -0.00802503, 1.02173, 0, 0, 0, 1
-0.999991, 9.62848e-05, 0.00420847, 0.290955, -0.00420754, 0.00816426, -0.999958, 0.849182, -0.00013064, -0.999967, -0.00816378, 1.02173, 0, 0, 0, 1
-0.999991, 0.000112387, 0.00429907, 0.290956, -0.00429799, 0.00830435, -0.999956, 0.849201, -0.000148083, -0.999966, -0.00830379, 1.02173, 0, 0, 0, 1
-0.99999, 0.00012863, 0.00439048, 0.290957, -0.00438923, 0.00844569, -0.999955, 0.84922, -0.000165705, -0.999964, -0.00844504, 1.02173, 0, 0, 0, 1
-0.99999, 0.000145015, 0.0044827, 0.290958, -0.00448129, 0.00858829, -0.999953, 0.84924, -0.000183507, -0.999963, -0.00858755, 1.02172, 0, 0, 0, 1
-0.99999, 0.000161542, 0.00457573, 0.290959, -0.00457415, 0.00873214, -0.999951, 0.84926, -0.00020149, -0.999962, -0.00873131, 1.02172, 0, 0, 0, 1
-0.999989, 0.000178211, 0.00466958, 0.29096, -0.00466782, 0.00887725, -0.99995, 0.84928, -0.000219655, -0.999961, -0.00887633, 1.02172, 0, 0, 0, 1
-0.999989, 0.00019502, 0.00476424, 0.290961, -0.00476229, 0.00902362, -0.999948, 0.8493, -0.000238001, -0.999959, -0.00902259, 1.02172, 0, 0, 0, 1
-0.999988, 0.000211972, 0.00485971, 0.290962, -0.00485757, 0.00917125, -0.999946, 0.84932, -0.00025653, -0.999958, -0.00917011, 1.02172, 0, 0, 0, 1
-0.999988, 0.000229064, 0.004956, 0.290963, -0.00495365, 0.00932013, -0.999944, 0.84934, -0.000275242, -0.999957, -0.00931888, 1.02171, 0, 0, 0, 1
-0.999987, 0.000246298, 0.0050531, 0.290964, -0.00505054, 0.00947027, -0.999942, 0.849361, -0.000294138, -0.999955, -0.0094689, 1.02171, 0, 0, 0, 1
-0.999987, 0.000263673, 0.00515101, 0.290965, -0.00514823, 0.00962166, -0.99994, 0.849382, -0.000313219, -0.999954, -0.00962018, 1.02171, 0, 0, 0, 1
-0.999986, 0.000281189, 0.00524973, 0.290966, -0.00524673, 0.00977431, -0.999938, 0.849403, -0.000332484, -0.999952, -0.0097727, 1.02171, 0, 0, 0, 1
-0.999986, 0.000298846, 0.00534926, 0.290967, -0.00534603, 0.00992822, -0.999936, 0.849424, -0.000351936, -0.999951, -0.00992648, 1.02171, 0, 0, 0, 1
-0.999985, 0.000316644, 0.00544961, 0.290968, -0.00544614, 0.0100834, -0.999934, 0.849445, -0.000371574, -0.999949, -0.0100815, 1.02171, 0, 0, 0, 1
-0.999985, 0.000334583, 0.00555077, 0.290969, -0.00554705, 0.0102398, -0.999932, 0.849466, -0.000391399, -0.999948, -0.0102378, 1.0217, 0, 0, 0, 1
-0.999984, 0.000352663, 0.00565274, 0.29097, -0.00564877, 0.0103975, -0.99993, 0.849488, -0.000411412, -0.999946, -0.0103953, 1.0217, 0, 0, 0, 1
-0.999983, 0.000370883, 0.00575553, 0.290971, -0.00575129, 0.0105564, -0.999928, 0.84951, -0.000431614, -0.999944, -0.0105541, 1.0217, 0, 0, 0, 1
-0.999983, 0.000389244, 0.00585912, 0.290972, -0.00585462, 0.0107166, -0.999925, 0.849532, -0.000452005, -0.999942, -0.0107141, 1.0217, 0, 0, 0, 1
-0.999982, 0.000407745, 0.00596353, 0.290974, -0.00595875, 0.010878, -0.999923, 0.849554, -0.000472586, -0.999941, -0.0108754, 1.0217, 0, 0, 0, 1
-0.999981, 0.000426387, 0.00606876, 0.290975, -0.00606368, 0.0110408, -0.999921, 0.849576, -0.000493357, -0.999939, -0.011038, 1.02169, 0, 0, 0, 1
-0.999981, 0.00044517, 0.00617479, 0.290976, -0.00616942, 0.0112047, -0.999918, 0.849599, -0.00051432, -0.999937, -0.0112018, 1.02169, 0, 0, 0, 1
-0.99998, 0.000464092, 0.00628164, 0.290977, -0.00627595, 0.0113699, -0.999916, 0.849621, -0.000535475, -0.999935, -0.0113668, 1.02169, 0, 0, 0, 1
-0.999979, 0.000483155, 0.0063893, 0.290978, -0.0063833, 0.0115364, -0.999913, 0.849644, -0.000556822, -0.999933, -0.0115331, 1.02169, 0, 0, 0, 1
-0.999979, 0.000502358, 0.00649777, 0.290979, -0.00649144, 0.0117041, -0.99991, 0.849667, -0.000578364, -0.999931, -0.0117006, 1.02169, 0, 0, 0, 1
-0.999978, 0.000521701, 0.00660705, 0.29098, -0.00660039, 0.0118731, -0.999908, 0.84969, -0.000600099, -0.999929, -0.0118694, 1.02168, 0, 0, 0, 1
-0.999977, 0.000541184, 0.00671715, 0.290982, -0.00671014, 0.0120434, -0.999905, 0.849714, -0.000622029, -0.999927, -0.0120395, 1.02168, 0, 0, 0, 1
-0.999977, 0.000560807, 0.00682806, 0.290983, -0.0068207, 0.0122149, -0.999902, 0.849737, -0.000644155, -0.999925, -0.0122107, 1.02168, 0, 0, 0, 1
-0.999976, 0.000580569, 0.00693978, 0.290984, -0.00693205, 0.0123876, -0.999899, 0.849761, -0.000666478, -0.999923, -0.0123833, 1.02168, 0, 0, 0, 1
-0.999975, 0.000600471, 0.00705231, 0.290985, -0.00704421, 0.0125616, -0.999896, 0.849785, -0.000688998, -0.999921, -0.0125571, 1.02168, 0, 0, 0, 1
-0.999974, 0.000620513, 0.00716566, 0.290986, -0.00715717, 0.0127369, -0.999893, 0.849809, -0.000711715, -0.999919, -0.0127321, 1.02167, 0, 0, 0, 1
-0.999973, 0.000640695, 0.00727981, 0.290987, -0.00727094, 0.0129134, -0.99989, 0.849833, -0.000734632, -0.999916, -0.0129084, 1.02167, 0, 0, 0, 1
-0.999972, 0.000661016, 0.00739478, 0.290989, -0.0073855, 0.0130912, -0.999887, 0.849858, -0.000757747, -0.999914, -0.013086, 1.02167, 0, 0, 0, 1
-0.999972, 0.000681476, 0.00751057, 0.29099, -0.00750086, 0.0132702, -0.999884, 0.849882, -0.000781063, -0.999912, -0.0132647, 1.02167, 0, 0, 0, 1
-0.999971, 0.000702075, 0.00762716, 0.290991, -0.00761703, 0.0134505, -0.999881, 0.849907, -0.000804581, -0.999909, -0.0134448, 1.02166, 0, 0, 0, 1
-0.99997, 0.000722814, 0.00774457, 0.290992, -0.007734, 0.0136321, -0.999877, 0.849932, -0.000828299, -0.999907, -0.0136261, 1.02166, 0, 0, 0, 1
-0.999969, 0.000743691, 0.00786279, 0.290994, -0.00785177, 0.0138149, -0.999874, 0.849957, -0.000852221, -0.999904, -0.0138086, 1.02166, 0, 0, 0, 1
-0.999968, 0.000764708, 0.00798182, 0.290995, -0.00797034, 0.0139989, -0.99987, 0.849982, -0.000876346, -0.999902, -0.0139924, 1.02166, 0, 0, 0, 1
-0.999967, 0.000785863, 0.00810167, 0.290996, -0.00808971, 0.0141843, -0.999867, 0.850008, -0.000900675, -0.999899, -0.0141774, 1.02166, 0, 0, 0, 1
-0.999966, 0.000807158, 0.00822232, 0.290997, -0.00820988, 0.0143708, -0.999863, 0.850033, -0.000925209, -0.999896, -0.0143637, 1.02165, 0, 0, 0, 1
-0.999965, 0.000828591, 0.00834379, 0.290999, -0.00833085, 0.0145587, -0.999859, 0.850059, -0.000949949, -0.999894, -0.0145513, 1.02165, 0, 0, 0, 1
-0.999964, 0.000850162, 0.00846607, 0.291, -0.00845262, 0.0147478, -0.999856, 0.850085, -0.000974895, -0.999891, -0.01474, 1.02165, 0, 0, 0, 1
-0.999963, 0.000871872, 0.00858917, 0.291001, -0.00857519, 0.0149381, -0.999852, 0.850111, -0.00100005, -0.999888, -0.0149301, 1.02165, 0, 0, 0, 1
-0.999962, 0.000893721, 0.00871307, 0.291002, -0.00869856, 0.0151297, -0.999848, 0.850138, -0.00102541, -0.999885, -0.0151214, 1.02165, 0, 0, 0, 1
-0.999961, 0.000915708, 0.00883779, 0.291004, -0.00882273, 0.0153226, -0.999844, 0.850164, -0.00105098, -0.999882, -0.0153139, 1.02164, 0, 0, 0, 1
-0.999959, 0.000937833, 0.00896332, 0.291005, -0.0089477, 0.0155167, -0.99984, 0.850191, -0.00107676, -0.999879, -0.0155077, 1.02164, 0, 0, 0, 1
-0.999958, 0.000960096, 0.00908966, 0.291006, -0.00907346, 0.015712, -0.999835, 0.850218, -0.00110276, -0.999876, -0.0157027, 1.02164, 0, 0, 0, 1
-0.999957, 0.000982497, 0.00921682, 0.291008, -0.00920003, 0.0159087, -0.999831, 0.850245, -0.00112896, -0.999873, -0.015899, 1.02164, 0, 0, 0, 1
-0.999956, 0.00100504, 0.00934479, 0.291009, -0.00932739, 0.0161066, -0.999827, 0.850272, -0.00115537, -0.99987, -0.0160965, 1.02163, 0, 0, 0, 1
-0.999955, 0.00102771, 0.00947357, 0.29101, -0.00945555, 0.0163057, -0.999822, 0.8503, -0.001182, -0.999867, -0.0162952, 1.02163, 0, 0, 0, 1
-0.999953, 0.00105053, 0.00960316, 0.291012, -0.00958452, 0.0165061, -0.999818, 0.850327, -0.00120885, -0.999863, -0.0164953, 1.02163, 0, 0, 0, 1
-0.999952, 0.00107348, 0.00973356, 0.291013, -0.00971427, 0.0167077, -0.999813, 0.850355, -0.00123591, -0.99986, -0.0166965, 1.02163, 0, 0, 0, 1
-0.999951, 0.00109657, 0.00986478, 0.291014, -0.00984483, 0.0169107, -0.999809, 0.850383, -0.00126318, -0.999856, -0.016899, 1.02163, 0, 0, 0, 1
-0.999949, 0.0011198, 0.00999681, 0.291016, -0.00997618, 0.0171148, -0.999804, 0.850411, -0.00129067, -0.999853, -0.0171028, 1.02162, 0, 0, 0, 1
-0.999948, 0.00114316, 0.0101296, 0.291017, -0.0101083, 0.0173202, -0.999799, 0.850439, -0.00131838, -0.999849, -0.0173078, 1.02162, 0, 0, 0, 1
-0.999947, 0.00116666, 0.0102633, 0.291019, -0.0102413, 0.0175269, -0.999794, 0.850468, -0.00134631, -0.999846, -0.017514, 1.02162, 0, 0, 0, 1
-0.999945, 0.0011903, 0.0103978, 0.29102, -0.010375, 0.0177349, -0.999789, 0.850496, -0.00137445, -0.999842, -0.0177215, 1.02162, 0, 0, 0, 1
-0.999944, 0.00121408, 0.010533, 0.291021, -0.0105096, 0.017944, -0.999784, 0.850525, -0.00140282, -0.999838, -0.0179303, 1.02161, 0, 0, 0, 1
-0.999942, 0.00123799, 0.0106691, 0.291023, -0.0106449, 0.0181545, -0.999779, 0.850554, -0.00143141, -0.999834, -0.0181403, 1.02161, 0, 0, 0, 1
-0.999941, 0.00126204, 0.010806, 0.291024, -0.010781, 0.0183662, -0.999773, 0.850583, -0.00146022, -0.999831, -0.0183515, 1.02161, 0, 0, 0, 1
-0.999939, 0.00128623, 0.0109437, 0.291026, -0.010918, 0.0185792, -0.999768, 0.850613, -0.00148925, -0.999827, -0.018564, 1.02161, 0, 0, 0, 1
-0.999938, 0.00131055, 0.0110823, 0.291027, -0.0110557, 0.0187934, -0.999762, 0.850642, -0.00151851, -0.999823, -0.0187777, 1.02161, 0, 0, 0, 1
-0.999936, 0.00133501, 0.0112216, 0.291029, -0.0111942, 0.0190088, -0.999757, 0.850672, -0.00154799, -0.999818, -0.0189927, 1.0216, 0, 0, 0, 1
-0.999935, 0.0013596, 0.0113618, 0.29103, -0.0113335, 0.0192256, -0.999751, 0.850702, -0.0015777, -0.999814, -0.0192089, 1.0216, 0, 0, 0, 1
-0.999933, 0.00138434, 0.0115027, 0.291031, -0.0114736, 0.0194436, -0.999745, 0.850732, -0.00160764, -0.99981, -0.0194264, 1.0216, 0, 0, 0, 1
-0.999931, 0.0014092, 0.0116445, 0.291033, -0.0116145, 0.0196628, -0.999739, 0.850762, -0.0016378, -0.999806, -0.0196451, 1.0216, 0, 0, 0, 1
-0.99993, 0.00143421, 0.0117871, 0.291034, -0.0117562, 0.0198833, -0.999733, 0.850792, -0.00166819, -0.999801, -0.019865, 1.02159, 0, 0, 0, 1
-0.999928, 0.00145935, 0.0119305, 0.291036, -0.0118987, 0.020105, -0.999727, 0.850823, -0.00169881, -0.999797, -0.0200862, 1.02159, 0, 0, 0, 1
-0.999926, 0.00148462, 0.0120747, 0.291037, -0.012042, 0.020328, -0.999721, 0.850854, -0.00172966, -0.999792, -0.0203087, 1.02159, 0, 0, 0, 1
-0.999924, 0.00151003, 0.0122197, 0.291039, -0.0121861, 0.0205523, -0.999715, 0.850885, -0.00176075, -0.999788, -0.0205324, 1.02159, 0, 0, 0, 1
-0.999922, 0.00153558, 0.0123655, 0.29104, -0.012331, 0.0207778, -0.999708, 0.850916, -0.00179206, -0.999783, -0.0207573, 1.02159, 0, 0, 0, 1
-0.999921, 0.00156126, 0.0125122, 0.291042, -0.0124767, 0.0210046, -0.999702, 0.850947, -0.00182361, -0.999778, -0.0209835, 1.02158, 0, 0, 0, 1
-0.999919, 0.00158708, 0.0126596, 0.291043, -0.0126231, 0.0212326, -0.999695, 0.850978, -0.0018554, -0.999773, -0.0212109, 1.02158, 0, 0, 0, 1
-0.999917, 0.00161303, 0.0128079, 0.291045, -0.0127704, 0.0214619, -0.999688, 0.85101, -0.00188741, -0.999768, -0.0214395, 1.02158, 0, 0, 0, 1
-0.999915, 0.00163912, 0.012957, 0.291046, -0.0129184, 0.0216925, -0.999681, 0.851042, -0.00191967, -0.999763, -0.0216694, 1.02158, 0, 0, 0, 1
-0.999913, 0.00166535, 0.0131069, 0.291048, -0.0130673, 0.0219243, -0.999674, 0.851074, -0.00195216, -0.999758, -0.0219006, 1.02157, 0, 0, 0, 1
-0.999911, 0.0016917, 0.0132576, 0.291049, -0.0132169, 0.0221573, -0.999667, 0.851106, -0.00198489, -0.999753, -0.022133, 1.02157, 0, 0, 0, 1
-0.999909, 0.0017182, 0.0134091, 0.291051, -0.0133673, 0.0223916, -0.99966, 0.851138, -0.00201787, -0.999748, -0.0223666, 1.02157, 0, 0, 0, 1
-0.999907, 0.00174482, 0.0135614, 0.291053, -0.0135185, 0.0226272, -0.999653, 0.851171, -0.00205108, -0.999742, -0.0226015, 1.02157, 0, 0, 0, 1
-0.999904, 0.00177159, 0.0137146, 0.291054, -0.0136705, 0.022864, -0.999645, 0.851204, -0.00208453, -0.999737, -0.0228376, 1.02157, 0, 0, 0, 1
-0.999902, 0.00179848, 0.0138685, 0.291056, -0.0138233, 0.0231021, -0.999638, 0.851236, -0.00211822, -0.999731, -0.023075, 1.02156, 0, 0, 0, 1
-0.9999, 0.00182551, 0.0140233, 0.291057, -0.0139769, 0.0233415, -0.99963, 0.85127, -0.00215216, -0.999726, -0.0233136, 1.02156, 0, 0, 0, 1
-0.999898, 0.00185268, 0.0141789, 0.291059, -0.0141313, 0.023582, -0.999622, 0.851303, -0.00218635, -0.99972, -0.0235535, 1.02156, 0, 0, 0, 1
-0.999895, 0.00187998, 0.0143353, 0.291061, -0.0142864, 0.0238239, -0.999614, 0.851336, -0.00222077, -0.999714, -0.0237945, 1.02156, 0, 0, 0, 1
-0.999893, 0.00190741, 0.0144925, 0.291062, -0.0144424, 0.024067, -0.999606, 0.85137, -0.00225545, -0.999709, -0.0240369, 1.02155, 0, 0, 0, 1
-0.999891, 0.00193498, 0.0146505, 0.291064, -0.0145991, 0.0243114, -0.999598, 0.851404, -0.00229037, -0.999703, -0.0242805, 1.02155, 0, 0, 0, 1
-0.999888, 0.00196268, 0.0148093, 0.291065, -0.0147567, 0.024557, -0.99959, 0.851437, -0.00232554, -0.999697, -0.0245253, 1.02155, 0, 0, 0, 1
-0.999886, 0.00199051, 0.0149689, 0.291067, -0.014915, 0.0248038, -0.999581, 0.851472, -0.00236097, -0.99969, -0.0247713, 1.02155, 0, 0, 0, 1
-0.999884, 0.00201848, 0.0151294, 0.291069, -0.0150741, 0.025052, -0.999572, 0.851506, -0.00239664, -0.999684, -0.0250186, 1.02155, 0, 0, 0, 1
-0.999881, 0.00204658, 0.0152906, 0.29107, -0.015234, 0.0253014, -0.999564, 0.85154, -0.00243256, -0.999678, -0.0252672, 1.02154, 0, 0, 0, 1
-0.999878, 0.00207481, 0.0154527, 0.291072, -0.0153947, 0.025552, -0.999555, 0.851575, -0.00246874, -0.999671, -0.0255169, 1.02154, 0, 0, 0, 1
-0.999876, 0.00210318, 0.0156156, 0.291074, -0.0155562, 0.0258039, -0.999546, 0.85161, -0.00250517, -0.999665, -0.025768, 1.02154, 0, 0, 0, 1
-0.999873, 0.00213168, 0.0157793, 0.291075, -0.0157184, 0.026057, -0.999537, 0.851645, -0.00254186, -0.999658, -0.0260202, 1.02154, 0, 0, 0, 1
-0.999871, 0.00216031, 0.0159438, 0.291077, -0.0158815, 0.0263114, -0.999528, 0.85168, -0.0025788, -0.999651, -0.0262737, 1.02153, 0, 0, 0, 1
-0.999868, 0.00218908, 0.0161091, 0.291079, -0.0160453, 0.0265671, -0.999518, 0.851715, -0.002616, -0.999645, -0.0265285, 1.02153, 0, 0, 0, 1
-0.999865, 0.00221798, 0.0162752, 0.29108, -0.0162099, 0.026824, -0.999509, 0.851751, -0.00265346, -0.999638, -0.0267844, 1.02153, 0, 0, 0, 1
-0.999862, 0.00224701, 0.0164422, 0.291082, -0.0163754, 0.0270822, -0.999499, 0.851787, -0.00269117, -0.999631, -0.0270417, 1.02153, 0, 0, 0, 1
-0.999859, 0.00227617, 0.0166099, 0.291084, -0.0165415, 0.0273416, -0.999489, 0.851823, -0.00272915, -0.999624, -0.0273001, 1.02152, 0, 0, 0, 1
-0.999857, 0.00230547, 0.0167785, 0.291085, -0.0167085, 0.0276023, -0.999479, 0.851859, -0.00276739, -0.999616, -0.0275598, 1.02152, 0, 0, 0, 1
-0.999854, 0.00233489, 0.0169479, 0.291087, -0.0168763, 0.0278642, -0.999469, 0.851895, -0.00280589, -0.999609, -0.0278207, 1.02152, 0, 0, 0, 1
-0.999851, 0.00236445, 0.0171181, 0.291089, -0.0170448, 0.0281274, -0.999459, 0.851931, -0.00284466, -0.999602, -0.0280829, 1.02152, 0, 0, 0, 1
-0.999848, 0.00239414, 0.0172891, 0.29109, -0.0172142, 0.0283919, -0.999449, 0.851968, -0.00288369, -0.999594, -0.0283463, 1.02152, 0, 0, 0, 1
-0.999845, 0.00242396, 0.0174609, 0.291092, -0.0173843, 0.0286576, -0.999438, 0.852005, -0.00292299, -0.999586, -0.028611, 1.02151, 0, 0, 0, 1
-0.999842, 0.00245392, 0.0176335, 0.291094, -0.0175552, 0.0289245, -0.999427, 0.852042, -0.00296255, -0.999579, -0.0288769, 1.02151, 0, 0, 0, 1
-0.999838, 0.002484, 0.0178069, 0.291096, -0.0177269, 0.0291927, -0.999417, 0.852079, -0.00300239, -0.999571, -0.029144, 1.02151, 0, 0, 0, 1
-0.999835, 0.00251422, 0.0179812, 0.291097, -0.0178994, 0.0294622, -0.999406, 0.852116, -0.00304249, -0.999563, -0.0294124, 1.02151, 0, 0, 0, 1
-0.999832, 0.00254457, 0.0181562, 0.291099, -0.0180726, 0.0297329, -0.999394, 0.852154, -0.00308286, -0.999555, -0.029682, 1.02151, 0, 0, 0, 1
-0.999829, 0.00257504, 0.0183321, 0.291101, -0.0182467, 0.0300049, -0.999383, 0.852192, -0.00312351, -0.999546, -0.0299528, 1.0215, 0, 0, 0, 1
-0.999825, 0.00260565, 0.0185088, 0.291103, -0.0184215, 0.0302782, -0.999372, 0.85223, -0.00316443, -0.999538, -0.0302249, 1.0215, 0, 0, 0, 1
-0.999822, 0.00263639, 0.0186863, 0.291104, -0.0185971, 0.0305526, -0.99936, 0.852268, -0.00320562, -0.99953, -0.0304982, 1.0215, 0, 0, 0, 1
-0.999818, 0.00266726, 0.0188646, 0.291106, -0.0187735, 0.0308284, -0.999348, 0.852306, -0.00324709, -0.999521, -0.0307727, 1.0215, 0, 0, 0, 1
-0.999815, 0.00269826, 0.0190437, 0.291108, -0.0189506, 0.0311054, -0.999336, 0.852344, -0.00328884, -0.999512, -0.0310485, 1.02149, 0, 0, 0, 1
-0.999811, 0.0027294, 0.0192236, 0.29111, -0.0191286, 0.0313836, -0.999324, 0.852383, -0.00333086, -0.999504, -0.0313255, 1.02149, 0, 0, 0, 1
-0.999808, 0.00276066, 0.0194043, 0.291112, -0.0193073, 0.0316631, -0.999312, 0.852422, -0.00337316, -0.999495, -0.0316038, 1.02149, 0, 0, 0, 1
-0.999804, 0.00279205, 0.0195859, 0.291113, -0.0194868, 0.0319439, -0.9993, 0.852461, -0.00341574, -0.999486, -0.0318833, 1.02149, 0, 0, 0, 1
-0.999801, 0.00282357, 0.0197682, 0.291115, -0.0196671, 0.0322259, -0.999287, 0.8525, -0.00345861, -0.999477, -0.032164, 1.02149, 0, 0, 0, 1
-0.999797, 0.00285522, 0.0199514, 0.291117, -0.0198481, 0.0325092, -0.999274, 0.852539, -0.00350175, -0.999467, -0.0324459, 1.02148, 0, 0, 0, 1
-0.999793, 0.002887, 0.0201354, 0.291119, -0.02003, 0.0327937, -0.999261, 0.852579, -0.00354518, -0.999458, -0.0327291, 1.02148, 0, 0, 0, 1
-0.999789, 0.00291891, 0.0203202, 0.291121, -0.0202126, 0.0330795, -0.999248, 0.852618, -0.0035889, -0.999448, -0.0330135, 1.02148, 0, 0, 0, 1
-0.999785, 0.00295095, 0.0205058, 0.291123, -0.020396, 0.0333666, -0.999235, 0.852658, -0.0036329, -0.999439, -0.0332992, 1.02148, 0, 0, 0, 1
-0.999781, 0.00298312, 0.0206922, 0.291124, -0.0205802, 0.0336548, -0.999222, 0.852698, -0.00367719, -0.999429, -0.0335861, 1.02148, 0, 0, 0, 1
-0.999777, 0.00301541, 0.0208794, 0.291126, -0.0207651, 0.0339444, -0.999208, 0.852738, -0.00372176, -0.999419, -0.0338742, 1.02147, 0, 0, 0, 1
-0.999773, 0.00304784, 0.0210674, 0.291128, -0.0209509, 0.0342352, -0.999194, 0.852779, -0.00376663, -0.999409, -0.0341636, 1.02147, 0, 0, 0, 1
-0.999769, 0.00308039, 0.0212563, 0.29113, -0.0211374, 0.0345272, -0.99918, 0.852819, -0.00381179, -0.999399, -0.0344542, 1.02147, 0, 0, 0, 1
-0.999765, 0.00311308, 0.0214459, 0.291132, -0.0213247, 0.0348206, -0.999166, 0.85286, -0.00385724, -0.999389, -0.034746, 1.02147, 0, 0, 0, 1
-0.999761, 0.00314589, 0.0216364, 0.291134, -0.0215127, 0.0351151, -0.999152, 0.852901, -0.00390299, -0.999378, -0.0350391, 1.02146, 0, 0, 0, 1
-0.999757, 0.00317883, 0.0218277, 0.291136, -0.0217016, 0.0354109, -0.999137, 0.852942, -0.00394903, -0.999368, -0.0353333, 1.02146, 0, 0, 0, 1
-0.999752, 0.0032119, 0.0220198, 0.291138, -0.0218912, 0.035708, -0.999122, 0.852984, -0.00399536, -0.999357, -0.0356289, 1.02146, 0, 0, 0, 1
-0.999748, 0.00324509, 0.0222127, 0.291139, -0.0220816, 0.0360063, -0.999108, 0.853025, -0.00404199, -0.999346, -0.0359256, 1.02146, 0, 0, 0, 1
-0.999744, 0.00327842, 0.0224064, 0.291141, -0.0222727, 0.0363059, -0.999092, 0.853067, -0.00408893, -0.999335, -0.0362236, 1.02146, 0, 0, 0, 1
-0.999739, 0.00331187, 0.0226009, 0.291143, -0.0224647, 0.0366068, -0.999077, 0.853109, -0.00413616, -0.999324, -0.0365228, 1.02146, 0, 0, 0, 1
-0.999735, 0.00334545, 0.0227962, 0.291145, -0.0226574, 0.0369088, -0.999062, 0.853151, -0.00418369, -0.999313, -0.0368232, 1.02145, 0, 0, 0, 1
-0.99973, 0.00337915, 0.0229924, 0.291147, -0.0228509, 0.0372122, -0.999046, 0.853193, -0.00423153, -0.999302, -0.0371249, 1.02145, 0, 0, 0, 1
-0.999725, 0.00341299, 0.0231893, 0.291149, -0.0230451, 0.0375168, -0.99903, 0.853235, -0.00427967, -0.99929, -0.0374278, 1.02145, 0, 0, 0, 1
-0.999721, 0.00344695, 0.0233871, 0.291151, -0.0232402, 0.0378226, -0.999014, 0.853278, -0.00432811, -0.999279, -0.037732, 1.02145, 0, 0, 0, 1
-0.999716, 0.00348103, 0.0235857, 0.291153, -0.023436, 0.0381297, -0.998998, 0.853321, -0.00437686, -0.999267, -0.0380373, 1.02145, 0, 0, 0, 1
-0.999711, 0.00351525, 0.023785, 0.291155, -0.0236325, 0.0384381, -0.998981, 0.853363, -0.00442592, -0.999255, -0.0383439, 1.02144, 0, 0, 0, 1
-0.999706, 0.00354959, 0.0239852, 0.291157, -0.0238299, 0.0387477, -0.998965, 0.853407, -0.00447529, -0.999243, -0.0386517, 1.02144, 0, 0, 0, 1
-0.999701, 0.00358406, 0.0241862, 0.291159, -0.024028, 0.0390586, -0.998948, 0.85345, -0.00452497, -0.99923, -0.0389608, 1.02144, 0, 0, 0, 1
-0.999696, 0.00361865, 0.0243881, 0.291161, -0.0242269, 0.0393707, -0.998931, 0.853493, -0.00457496, -0.999218, -0.0392711, 1.02144, 0, 0, 0, 1
-0.999691, 0.00365337, 0.0245907, 0.291163, -0.0244265, 0.0396841, -0.998914, 0.853537, -0.00462526, -0.999206, -0.0395826, 1.02144, 0, 0, 0, 1
-0.999686, 0.00368821, 0.0247941, 0.291165, -0.024627, 0.0399987, -0.998896, 0.853581, -0.00467588, -0.999193, -0.0398953, 1.02143, 0, 0, 0, 1
-0.999681, 0.00372318, 0.0249984, 0.291167, -0.0248282, 0.0403146, -0.998879, 0.853625, -0.00472681, -0.99918, -0.0402093, 1.02143, 0, 0, 0, 1
-0.999675, 0.00375828, 0.0252034, 0.291169, -0.0250301, 0.0406317, -0.998861, 0.853669, -0.00477806, -0.999167, -0.0405244, 1.02143, 0, 0, 0, 1
-0.99967, 0.0037935, 0.0254093, 0.291171, -0.0252329, 0.0409501, -0.998843, 0.853714, -0.00482963, -0.999154, -0.0408409, 1.02143, 0, 0, 0, 1
-0.999665, 0.00382885, 0.025616, 0.291173, -0.0254364, 0.0412697, -0.998824, 0.853758, -0.00488151, -0.999141, -0.0411585, 1.02143, 0, 0, 0, 1
-0.999659, 0.00386432, 0.0258235, 0.291175, -0.0256406, 0.0415906, -0.998806, 0.853803, -0.00493372, -0.999127, -0.0414774, 1.02143, 0, 0, 0, 1
-0.999654, 0.00389992, 0.0260318, 0.291177, -0.0258457, 0.0419128, -0.998787, 0.853848, -0.00498625, -0.999114, -0.0417974, 1.02142, 0, 0, 0, 1
-0.999648, 0.00393564, 0.0262409, 0.291179, -0.0260515, 0.0422362, -0.998768, 0.853893, -0.00503911, -0.9991, -0.0421188, 1.02142, 0, 0, 0, 1
-0.999642, 0.00397149, 0.0264508, 0.291181, -0.026258, 0.0425608, -0.998749, 0.853938, -0.00509229, -0.999086, -0.0424413, 1.02142, 0, 0, 0, 1
-0.999636, 0.00400746, 0.0266615, 0.291183, -0.0264654, 0.0428867, -0.998729, 0.853984, -0.0051458, -0.999072, -0.0427651, 1.02142, 0, 0, 0, 1
-0.999631, 0.00404356, 0.026873, 0.291185, -0.0266735, 0.0432139, -0.99871, 0.854029, -0.00519963, -0.999058, -0.0430901, 1.02142, 0, 0, 0, 1
-0.999625, 0.00407978, 0.0270854, 0.291187, -0.0268823, 0.0435423, -0.99869, 0.854075, -0.00525379, -0.999043, -0.0434163, 1.02142, 0, 0, 0, 1
-0.999619, 0.00411612, 0.0272985, 0.291189, -0.027092, 0.0438719, -0.99867, 0.854121, -0.00530829, -0.999029, -0.0437437, 1.02141, 0, 0, 0, 1
-0.999613, 0.00415259, 0.0275125, 0.291191, -0.0273024, 0.0442029, -0.998649, 0.854168, -0.00536312, -0.999014, -0.0440724, 1.02141, 0, 0, 0, 1
-0.999607, 0.00418918, 0.0277273, 0.291193, -0.0275135, 0.044535, -0.998629, 0.854214, -0.00541828, -0.998999, -0.0444023, 1.02141, 0, 0, 0, 1
-0.999601, 0.0042259, 0.0279429, 0.291195, -0.0277254, 0.0448684, -0.998608, 0.854261, -0.00547377, -0.998984, -0.0447334, 1.02141, 0, 0, 0, 1
-0.999594, 0.00426274, 0.0281593, 0.291197, -0.0279381, 0.0452031, -0.998587, 0.854307, -0.0055296, -0.998969, -0.0450657, 1.02141, 0, 0, 0, 1
-0.999588, 0.0042997, 0.0283765, 0.291199, -0.0281516, 0.045539, -0.998566, 0.854354, -0.00558577, -0.998953, -0.0453992, 1.02141, 0, 0, 0, 1
-0.999582, 0.00433678, 0.0285945, 0.291201, -0.0283658, 0.0458762, -0.998544, 0.854401, -0.00564228, -0.998938, -0.045734, 1.0214, 0, 0, 0, 1
-0.999575, 0.00437399, 0.0288133, 0.291203, -0.0285807, 0.0462146, -0.998523, 0.854449, -0.00569913, -0.998922, -0.04607, 1.0214, 0, 0, 0, 1
-0.999569, 0.00441132, 0.029033, 0.291206, -0.0287965, 0.0465543, -0.998501, 0.854496, -0.00575632, -0.998906, -0.0464072, 1.0214, 0, 0, 0, 1
-0.999562, 0.00444877, 0.0292534, 0.291208, -0.029013, 0.0468953, -0.998478, 0.854544, -0.00581385, -0.99889, -0.0467457, 1.0214, 0, 0, 0, 1
-0.999555, 0.00448635, 0.0294746, 0.29121, -0.0292302, 0.0472374, -0.998456, 0.854592, -0.00587173, -0.998874, -0.0470853, 1.0214, 0, 0, 0, 1
-0.999549, 0.00452405, 0.0296967, 0.291212, -0.0294482, 0.0475809, -0.998433, 0.85464, -0.00592995, -0.998857, -0.0474262, 1.0214, 0, 0, 0, 1
-0.999542, 0.00456187, 0.0299196, 0.291214, -0.029667, 0.0479256, -0.99841, 0.854688, -0.00598853, -0.99884, -0.0477683, 1.0214, 0, 0, 0, 1
