-0.999999, -0.000797434, -0.000797196, 0.290901, 0.000796858, 0.000424669, -1, 0.848124, 0.000797772, -1, -0.000424033, 1.02183, 0, 0, 0, 1
-0.999999, -0.000797357, -0.000797597, 0.290901, 0.000797258, 0.000425105, -1, 0.848124, 0.000797696, -1, -0.000424469, 1.02183, 0, 0, 0, 1
-0.999999, -0.000797126, -0.0007988, 0.290901, 0.000798461, 0.000426414, -1, 0.848124, 0.000797466, -1, -0.000425777, 1.02183, 0, 0, 0, 1
-0.999999, -0.00079674, -0.000800806, 0.290901, 0.000800465, 0.000428595, -1, 0.848125, 0.000797083, -1, -0.000427957, 1.02183, 0, 0, 0, 1
-0.999999, -0.000796201, -0.000803614, 0.290901, 0.00080327, 0.000431649, -1, 0.848125, 0.000796547, -1, -0.00043101, 1.02183, 0, 0, 0, 1
-0.999999, -0.000795507, -0.000807224, 0.290901, 0.000806877, 0.000435576, -1, 0.848126, 0.000795858, -1, -0.000434934, 1.02183, 0, 0, 0, 1
-0.999999, -0.000794659, -0.000811636, 0.290901, 0.000811286, 0.000440375, -1, 0.848127, 0.000795016, -1, -0.00043973, 1.02183, 0, 0, 0, 1
-0.999999, -0.000793657, -0.00081685, 0.2909, 0.000816496, 0.000446047, -1, 0.848128, 0.000794021, -1, -0.000445399, 1.02183, 0, 0, 0, 1
-0.999999, -0.000792501, -0.000822866, 0.2909, 0.000822508, 0.000452591, -1, 0.848129, 0.000792873, -1, -0.000451939, 1.02183, 0, 0, 0, 1
-0.999999, -0.00079119, -0.000829685, 0.2909, 0.000829321, 0.000460008, -1, 0.84813, 0.000791571, -1, -0.000459352, 1.02183, 0, 0, 0, 1
-0.999999, -0.000789725, -0.000837306, 0.2909, 0.000836936, 0.000468298, -1, 0.848131, 0.000790117, -1, -0.000467636, 1.02183, 0, 0, 0, 1
-0.999999, -0.000788107, -0.000845729, 0.2909, 0.000845353, 0.00047746, -1, 0.848133, 0.00078851, -1, -0.000476793, 1.02183, 0, 0, 0, 1
-0.999999, -0.000786334, -0.000854954, 0.290899, 0.000854571, 0.000487494, -1, 0.848134, 0.00078675, -1, -0.000486822, 1.02183, 0, 0, 0, 1
-0.999999, -0.000784407, -0.000864982, 0.290899, 0.000864591, 0.000498402, -1, 0.848136, 0.000784838, -1, -0.000497723, 1.02183, 0, 0, 0, 1
-0.999999, -0.000782326, -0.000875812, 0.290899, 0.000875413, 0.000510182, -0.999999, 0.848138, 0.000782772, -1, -0.000509496, 1.02183, 0, 0, 0, 1
-0.999999, -0.000780091, -0.000887443, 0.290898, 0.000887036, 0.000522834, -0.999999, 0.84814, 0.000780554, -1, -0.000522142, 1.02183, 0, 0, 0, 1
-0.999999, -0.000777702, -0.000899877, 0.290898, 0.000899461, 0.000536359, -0.999999, 0.848142, 0.000778184, -1, -0.000535659, 1.02183, 0, 0, 0, 1
-0.999999, -0.000775158, -0.000913114, 0.290898, 0.000912687, 0.000550757, -0.999999, 0.848144, 0.000775661, -1, -0.000550049, 1.02183, 0, 0, 0, 1
-0.999999, -0.000772461, -0.000927152, 0.290897, 0.000926715, 0.000566027, -0.999999, 0.848147, 0.000772985, -1, -0.000565311, 1.02183, 0, 0, 0, 1
-0.999999, -0.00076961, -0.000941993, 0.290897, 0.000941545, 0.00058217, -0.999999, 0.848149, 0.000770158, -1, -0.000581445, 1.02183, 0, 0, 0, 1
-0.999999, -0.000766604, -0.000957636, 0.290896, 0.000957177, 0.000599185, -0.999999, 0.848152, 0.000767178, -1, -0.000598451, 1.02183, 0, 0, 0, 1
-0.999999, -0.000763445, -0.000974081, 0.290896, 0.00097361, 0.000617073, -0.999999, 0.848155, 0.000764046, -1, -0.00061633, 1.02183, 0, 0, 0, 1
-0.999999, -0.000760132, -0.000991328, 0.290895, 0.000990845, 0.000635834, -0.999999, 0.848158, 0.000760762, -1, -0.00063508, 1.02182, 0, 0, 0, 1
-0.999999, -0.000756665, -0.00100938, 0.290895, 0.00100888, 0.000655467, -0.999999, 0.848161, 0.000757326, -0.999999, -0.000654703, 1.02182, 0, 0, 0, 1
-0.999999, -0.000753044, -0.00102823, 0.290894, 0.00102772, 0.000675973, -0.999999, 0.848164, 0.000753738, -0.999999, -0.000675199, 1.02182, 0, 0, 0, 1
-0.999999, -0.000749269, -0.00104788, 0.290894, 0.00104736, 0.000697352, -0.999999, 0.848168, 0.000749999, -0.999999, -0.000696566, 1.02182, 0, 0, 0, 1
-0.999999, -0.00074534, -0.00106834, 0.290893, 0.0010678, 0.000719603, -0.999999, 0.848171, 0.000746108, -0.999999, -0.000718807, 1.02182, 0, 0, 0, 1
-0.999999, -0.000741257, -0.0010896, 0.290893, 0.00108905, 0.000742727, -0.999999, 0.848175, 0.000742066, -0.999999, -0.000741919, 1.02182, 0, 0, 0, 1
-0.999999, -0.000737021, -0.00111166, 0.290892, 0.00111109, 0.000766723, -0.999999, 0.848179, 0.000737872, -0.999999, -0.000765904, 1.02182, 0, 0, 0, 1
-0.999999, -0.000732631, -0.00113452, 0.290891, 0.00113394, 0.000791592, -0.999999, 0.848183, 0.000733528, -0.999999, -0.000790761, 1.02182, 0, 0, 0, 1
-0.999999, -0.000728087, -0.00115819, 0.290891, 0.00115759, 0.000817334, -0.999999, 0.848187, 0.000729032, -0.999999, -0.000816491, 1.02182, 0, 0, 0, 1
-0.999999, -0.000723389, -0.00118265, 0.29089, 0.00118204, 0.000843949, -0.999999, 0.848191, 0.000724386, -0.999999, -0.000843093, 1.02182, 0, 0, 0, 1
-0.999999, -0.000718538, -0.00120792, 0.290889, 0.0012073, 0.000871436, -0.999999, 0.848196, 0.000719589, -0.999999, -0.000870567, 1.02181, 0, 0, 0, 1
-0.999999, -0.000713532, -0.00123399, 0.290888, 0.00123335, 0.000899796, -0.999999, 0.8482, 0.000714642, -0.999999, -0.000898915, 1.02181, 0, 0, 0, 1
-0.999999, -0.000708374, -0.00126087, 0.290888, 0.00126021, 0.000929028, -0.999999, 0.848205, 0.000709544, -0.999999, -0.000928134, 1.02181, 0, 0, 0, 1
-0.999999, -0.000703062, -0.00128854, 0.290887, 0.00128787, 0.000959133, -0.999999, 0.84821, 0.000704297, -0.999999, -0.000958227, 1.02181, 0, 0, 0, 1
-0.999999, -0.000697596, -0.00131702, 0.290886, 0.00131633, 0.000990111, -0.999999, 0.848215, 0.000698899, -0.999999, -0.000989192, 1.02181, 0, 0, 0, 1
-0.999999, -0.000691976, -0.0013463, 0.290885, 0.00134559, 0.00102196, -0.999999, 0.84822, 0.000693351, -0.999999, -0.00102103, 1.02181, 0, 0, 0, 1
-0.999999, -0.000686204, -0.00137638, 0.290884, 0.00137566, 0.00105468, -0.999998, 0.848225, 0.000687654, -0.999999, -0.00105374, 1.02181, 0, 0, 0, 1
-0.999999, -0.000680277, -0.00140727, 0.290883, 0.00140653, 0.00108828, -0.999998, 0.848231, 0.000681808, -0.999999, -0.00108732, 1.0218, 0, 0, 0, 1
-0.999999, -0.000674198, -0.00143895, 0.290883, 0.0014382, 0.00112275, -0.999998, 0.848236, 0.000675812, -0.999999, -0.00112178, 1.0218, 0, 0, 0, 1
-0.999999, -0.000667965, -0.00147144, 0.290882, 0.00147067, 0.00115809, -0.999998, 0.848242, 0.000669668, -0.999999, -0.00115711, 1.0218, 0, 0, 0, 1
-0.999999, -0.000661579, -0.00150474, 0.290881, 0.00150394, 0.0011943, -0.999998, 0.848248, 0.000663375, -0.999999, -0.00119331, 1.0218, 0, 0, 0, 1
-0.999999, -0.000655039, -0.00153883, 0.29088, 0.00153802, 0.00123139, -0.999998, 0.848254, 0.000656933, -0.999999, -0.00123038, 1.0218, 0, 0, 0, 1
-0.999999, -0.000648346, -0.00157372, 0.290879, 0.0015729, 0.00126935, -0.999998, 0.84826, 0.000650343, -0.999999, -0.00126833, 1.0218, 0, 0, 0, 1
-0.999998, -0.0006415, -0.00160942, 0.290878, 0.00160858, 0.00130818, -0.999998, 0.848266, 0.000643604, -0.999999, -0.00130715, 1.02179, 0, 0, 0, 1
-0.999998, -0.000634501, -0.00164592, 0.290877, 0.00164507, 0.00134789, -0.999998, 0.848272, 0.000636718, -0.999999, -0.00134684, 1.02179, 0, 0, 0, 1
-0.999998, -0.000627349, -0.00168322, 0.290876, 0.00168235, 0.00138847, -0.999998, 0.848279, 0.000629685, -0.999999, -0.00138741, 1.02179, 0, 0, 0, 1
-0.999998, -0.000620044, -0.00172133, 0.290874, 0.00172044, 0.00142992, -0.999997, 0.848285, 0.000622504, -0.999999, -0.00142885, 1.02179, 0, 0, 0, 1
-0.999998, -0.000612586, -0.00176024, 0.290873, 0.00175933, 0.00147224, -0.999997, 0.848292, 0.000615176, -0.999999, -0.00147116, 1.02179, 0, 0, 0, 1
-0.999998, -0.000604975, -0.00179994, 0.290872, 0.00179903, 0.00151544, -0.999997, 0.848299, 0.000607701, -0.999999, -0.00151435, 1.02178, 0, 0, 0, 1
-0.999998, -0.000597211, -0.00184046, 0.290871, 0.00183952, 0.00155951, -0.999997, 0.848306, 0.000600079, -0.999999, -0.0015584, 1.02178, 0, 0, 0, 1
-0.999998, -0.000589294, -0.00188177, 0.29087, 0.00188082, 0.00160445, -0.999997, 0.848313, 0.000592311, -0.999999, -0.00160334, 1.02178, 0, 0, 0, 1
-0.999998, -0.000581224, -0.00192388, 0.290869, 0.00192292, 0.00165026, -0.999997, 0.848321, 0.000584397, -0.999998, -0.00164914, 1.02178, 0, 0, 0, 1
-0.999998, -0.000573002, -0.0019668, 0.290867, 0.00196583, 0.00169695, -0.999997, 0.848328, 0.000576337, -0.999998, -0.00169582, 1.02178, 0, 0, 0, 1
-0.999998, -0.000564627, -0.00201052, 0.290866, 0.00200953, 0.00174451, -0.999996, 0.848336, 0.000568132, -0.999998, -0.00174337, 1.02177, 0, 0, 0, 1
-0.999998, -0.000556099, -0.00205504, 0.290865, 0.00205404, 0.00179294, -0.999996, 0.848344, 0.000559781, -0.999998, -0.0017918, 1.02177, 0, 0, 0, 1
-0.999998, -0.000547419, -0.00210037, 0.290863, 0.00209936, 0.00184225, -0.999996, 0.848351, 0.000551286, -0.999998, -0.00184109, 1.02177, 0, 0, 0, 1
-0.999998, -0.000538586, -0.00214649, 0.290862, 0.00214547, 0.00189243, -0.999996, 0.84836, 0.000542646, -0.999998, -0.00189127, 1.02177, 0, 0, 0, 1
-0.999997, -0.000529601, -0.00219342, 0.290861, 0.00219239, 0.00194348, -0.999996, 0.848368, 0.000533861, -0.999998, -0.00194231, 1.02176, 0, 0, 0, 1
-0.999997, -0.000520463, -0.00224115, 0.290859, 0.00224011, 0.0019954, -0.999996, 0.848376, 0.000524933, -0.999998, -0.00199423, 1.02176, 0, 0, 0, 1
-0.999997, -0.000511173, -0.00228969, 0.290858, 0.00228863, 0.0020482, -0.999995, 0.848385, 0.000515861, -0.999998, -0.00204703, 1.02176, 0, 0, 0, 1
-0.999997, -0.000501731, -0.00233902, 0.290857, 0.00233796, 0.00210187, -0.999995, 0.848393, 0.000506645, -0.999998, -0.00210069, 1.02176, 0, 0, 0, 1
-0.999997, -0.000492137, -0.00238916, 0.290855, 0.00238809, 0.00215641, -0.999995, 0.848402, 0.000497286, -0.999998, -0.00215523, 1.02175, 0, 0, 0, 1
-0.999997, -0.00048239, -0.0024401, 0.290854, 0.00243903, 0.00221183, -0.999995, 0.848411, 0.000487785, -0.999997, -0.00221065, 1.02175, 0, 0, 0, 1
-0.999997, -0.000472492, -0.00249184, 0.290852, 0.00249076, 0.00226812, -0.999994, 0.84842, 0.000478141, -0.999997, -0.00226694, 1.02175, 0, 0, 0, 1
-0.999997, -0.000462441, -0.00254438, 0.290851, 0.0025433, 0.00232528, -0.999994, 0.848429, 0.000468355, -0.999997, -0.0023241, 1.02175, 0, 0, 0, 1
-0.999997, -0.000452239, -0.00259773, 0.290849, 0.00259664, 0.00238332, -0.999994, 0.848438, 0.000458427, -0.999997, -0.00238214, 1.02174, 0, 0, 0, 1
-0.999996, -0.000441885, -0.00265188, 0.290848, 0.00265079, 0.00244223, -0.999994, 0.848448, 0.000448358, -0.999997, -0.00244105, 1.02174, 0, 0, 0, 1
-0.999996, -0.000431379, -0.00270683, 0.290846, 0.00270574, 0.00250201, -0.999993, 0.848457, 0.000438148, -0.999997, -0.00250083, 1.02174, 0, 0, 0, 1
-0.999996, -0.000420721, -0.00276258, 0.290844, 0.00276149, 0.00256266, -0.999993, 0.848467, 0.000427797, -0.999997, -0.00256149, 1.02174, 0, 0, 0, 1
-0.999996, -0.000409911, -0.00281914, 0.290843, 0.00281805, 0.00262419, -0.999993, 0.848477, 0.000417306, -0.999996, -0.00262302, 1.02173, 0, 0, 0, 1
-0.999996, -0.00039895, -0.00287649, 0.290841, 0.00287541, 0.00268659, -0.999992, 0.848487, 0.000406675, -0.999996, -0.00268543, 1.02173, 0, 0, 0, 1
-0.999996, -0.000387838, -0.00293465, 0.290839, 0.00293357, 0.00274986, -0.999992, 0.848497, 0.000395905, -0.999996, -0.00274871, 1.02173, 0, 0, 0, 1
-0.999995, -0.000376574, -0.00299361, 0.290838, 0.00299254, 0.00281401, -0.999992, 0.848507, 0.000384995, -0.999996, -0.00281287, 1.02172, 0, 0, 0, 1
-0.999995, -0.000365159, -0.00305338, 0.290836, 0.00305231, 0.00287903, -0.999991, 0.848518, 0.000373946, -0.999996, -0.0028779, 1.02172, 0, 0, 0, 1
-0.999995, -0.000353592, -0.00311394, 0.290834, 0.00311289, 0.00294492, -0.999991, 0.848528, 0.000362759, -0.999996, -0.0029438, 1.02172, 0, 0, 0, 1
-0.999995, -0.000341874, -0.00317531, 0.290832, 0.00317427, 0.00301168, -0.99999, 0.848539, 0.000351434, -0.999995, -0.00301058, 1.02172, 0, 0, 0, 1
-0.999995, -0.000330005, -0.00323748, 0.290831, 0.00323645, 0.00307932, -0.99999, 0.84855, 0.000339971, -0.999995, -0.00307824, 1.02171, 0, 0, 0, 1
-0.999995, -0.000317985, -0.00330045, 0.290829, 0.00329944, 0.00314783, -0.99999, 0.848561, 0.000328371, -0.999995, -0.00314677, 1.02171, 0, 0, 0, 1
-0.999994, -0.000305815, -0.00336423, 0.290827, 0.00336323, 0.00321722, -0.999989, 0.848572, 0.000316635, -0.999995, -0.00321617, 1.02171, 0, 0, 0, 1
-0.999994, -0.000293493, -0.00342881, 0.290825, 0.00342782, 0.00328748, -0.999989, 0.848583, 0.000304762, -0.999995, -0.00328645, 1.0217, 0, 0, 0, 1
-0.999994, -0.00028102, -0.00349418, 0.290823, 0.00349322, 0.00335861, -0.999988, 0.848595, 0.000292753, -0.999994, -0.00335761, 1.0217, 0, 0, 0, 1
-0.999994, -0.000268397, -0.00356037, 0.290821, 0.00355942, 0.00343061, -0.999988, 0.848606, 0.000280608, -0.999994, -0.00342964, 1.0217, 0, 0, 0, 1
-0.999993, -0.000255623, -0.00362735, 0.290819, 0.00362643, 0.00350349, -0.999987, 0.848618, 0.000268329, -0.999994, -0.00350254, 1.02169, 0, 0, 0, 1
-0.999993, -0.000242699, -0.00369513, 0.290817, 0.00369424, 0.00357724, -0.999987, 0.84863, 0.000255914, -0.999994, -0.00357632, 1.02169, 0, 0, 0, 1
-0.999993, -0.000229624, -0.00376372, 0.290815, 0.00376286, 0.00365186, -0.999986, 0.848642, 0.000243366, -0.999993, -0.00365097, 1.02169, 0, 0, 0, 1
-0.999993, -0.000216399, -0.00383311, 0.290813, 0.00383228, 0.00372736, -0.999986, 0.848654, 0.000230683, -0.999993, -0.0037265, 1.02168, 0, 0, 0, 1
-0.999992, -0.000203024, -0.0039033, 0.290811, 0.0039025, 0.00380373, -0.999985, 0.848666, 0.000217868, -0.999993, -0.00380291, 1.02168, 0, 0, 0, 1
-0.999992, -0.000189498, -0.0039743, 0.290809, 0.00397353, 0.00388098, -0.999985, 0.848679, 0.000204919, -0.999992, -0.00388019, 1.02168, 0, 0, 0, 1
-0.999992, -0.000175822, -0.00404609, 0.290807, 0.00404537, 0.00395909, -0.999984, 0.848691, 0.000191838, -0.999992, -0.00395835, 1.02167, 0, 0, 0, 1
-0.999992, -0.000161997, -0.00411869, 0.290805, 0.00411801, 0.00403808, -0.999983, 0.848704, 0.000178626, -0.999992, -0.00403738, 1.02167, 0, 0, 0, 1
-0.999991, -0.000148021, -0.00419209, 0.290803, 0.00419145, 0.00411795, -0.999983, 0.848717, 0.000165282, -0.999992, -0.00411729, 1.02167, 0, 0, 0, 1
-0.999991, -0.000133896, -0.0042663, 0.290801, 0.0042657, 0.00419868, -0.999982, 0.84873, 0.000151806, -0.999991, -0.00419807, 1.02166, 0, 0, 0, 1
-0.999991, -0.000119621, -0.0043413, 0.290799, 0.00434075, 0.00428029, -0.999981, 0.848743, 0.000138201, -0.999991, -0.00427973, 1.02166, 0, 0, 0, 1
-0.99999, -0.000105196, -0.00441711, 0.290796, 0.00441661, 0.00436278, -0.999981, 0.848756, 0.000124465, -0.99999, -0.00436227, 1.02165, 0, 0, 0, 1
-0.99999, -9.0622e-05, -0.00449372, 0.290794, 0.00449327, 0.00444613, -0.99998, 0.848769, 0.0001106, -0.99999, -0.00444568, 1.02165, 0, 0, 0, 1
-0.99999, -7.58985e-05, -0.00457113, 0.290792, 0.00457074, 0.00453036, -0.999979, 0.848783, 9.66058e-05, -0.99999, -0.00452997, 1.02165, 0, 0, 0, 1
-0.999989, -6.10256e-05, -0.00464934, 0.29079, 0.00464901, 0.00461547, -0.999979, 0.848797, 8.24832e-05, -0.999989, -0.00461513, 1.02164, 0, 0, 0, 1
-0.999989, -4.60035e-05, -0.00472836, 0.290787, 0.00472809, 0.00470144, -0.999978, 0.84881, 6.82326e-05, -0.999989, -0.00470117, 1.02164, 0, 0, 0, 1
-0.999988, -3.08323e-05, -0.00480818, 0.290785, 0.00480798, 0.00478829, -0.999977, 0.848824, 5.38545e-05, -0.999989, -0.00478809, 1.02164, 0, 0, 0, 1
-0.999988, -1.55121e-05, -0.0048888, 0.290783, 0.00488867, 0.00487602, -0.999976, 0.848838, 3.93496e-05, -0.999988, -0.00487588, 1.02163, 0, 0, 0, 1
-0.999988, -4.29726e-08, -0.00497022, 0.29078, 0.00497016, 0.00496461, -0.999975, 0.848853, 2.47182e-05, -0.999988, -0.00496455, 1.02163, 0, 0, 0, 1
-0.999987, 1.55749e-05, -0.00505245, 0.290778, 0.00505246, 0.00505408, -0.999974, 0.848867, 9.96097e-06, -0.999987, -0.0050541, 1.02162, 0, 0, 0, 1
-0.999987, 3.13415e-05, -0.00513547, 0.290775, 0.00513557, 0.00514443, -0.999974, 0.848881, -4.92161e-06, -0.999987, -0.00514452, 1.02162, 0, 0, 0, 1
-0.999986, 4.72567e-05, -0.0052193, 0.290773, 0.00521948, 0.00523565, -0.999973, 0.848896, -1.9929e-05, -0.999986, -0.00523582, 1.02162, 0, 0, 0, 1
-0.999986, 6.33203e-05, -0.00530393, 0.290771, 0.0053042, 0.00532774, -0.999972, 0.848911, -3.50606e-05, -0.999986, -0.005328, 1.02161, 0, 0, 0, 1
-0.999985, 7.95323e-05, -0.00538937, 0.290768, 0.00538972, 0.0054207, -0.999971, 0.848926, -5.03158e-05, -0.999985, -0.00542105, 1.02161, 0, 0, 0, 1
-0.999985, 9.58926e-05, -0.0054756, 0.290766, 0.00547605, 0.00551454, -0.99997, 0.848941, -6.56943e-05, -0.999985, -0.00551498, 1.0216, 0, 0, 0, 1
-0.999985, 0.000112401, -0.00556264, 0.290763, 0.00556318, 0.00560925, -0.999969, 0.848956, -8.11952e-05, -0.999984, -0.00560979, 1.0216, 0, 0, 0, 1
-0.999984, 0.000129057, -0.00565048, 0.29076, 0.00565113, 0.00570484, -0.999968, 0.848972, -9.68182e-05, -0.999984, -0.00570548, 1.02159, 0, 0, 0, 1
-0.999984, 0.000145862, -0.00573912, 0.290758, 0.00573987, 0.0058013, -0.999967, 0.848987, -0.000112563, -0.999983, -0.00580204, 1.02159, 0, 0, 0, 1
-0.999983, 0.000162814, -0.00582857, 0.290755, 0.00582943, 0.00589863, -0.999966, 0.849003, -0.000128428, -0.999983, -0.00589948, 1.02159, 0, 0, 0, 1
-0.999982, 0.000179914, -0.00591881, 0.290753, 0.00591979, 0.00599684, -0.999964, 0.849018, -0.000144413, -0.999982, -0.0059978, 1.02158, 0, 0, 0, 1
-0.999982, 0.000197161, -0.00600986, 0.29075, 0.00601095, 0.00609592, -0.999963, 0.849034, -0.000160518, -0.999981, -0.00609699, 1.02158, 0, 0, 0, 1
-0.999981, 0.000214556, -0.00610171, 0.290747, 0.00610293, 0.00619587, -0.999962, 0.84905, -0.000176742, -0.999981, -0.00619706, 1.02157, 0, 0, 0, 1
-0.999981, 0.000232098, -0.00619437, 0.290745, 0.00619571, 0.0062967, -0.999961, 0.849067, -0.000193085, -0.99998, -0.00629801, 1.02157, 0, 0, 0, 1
-0.99998, 0.000249788, -0.00628782, 0.290742, 0.00628929, 0.0063984, -0.99996, 0.849083, -0.000209546, -0.999979, -0.00639984, 1.02156, 0, 0, 0, 1
-0.99998, 0.000267624, -0.00638208, 0.290739, 0.00638369, 0.00650097, -0.999958, 0.849099, -0.000226123, -0.999979, -0.00650255, 1.02156, 0, 0, 0, 1
-0.999979, 0.000285608, -0.00647714, 0.290736, 0.00647888, 0.00660442, -0.999957, 0.849116, -0.000242818, -0.999978, -0.00660613, 1.02155, 0, 0, 0, 1
-0.999978, 0.000303738, -0.006573, 0.290733, 0.00657489, 0.00670874, -0.999956, 0.849133, -0.000259628, -0.999977, -0.0067106, 1.02155, 0, 0, 0, 1
-0.999978, 0.000322015, -0.00666967, 0.290731, 0.00667171, 0.00681394, -0.999955, 0.84915, -0.000276554, -0.999977, -0.00681594, 1.02154, 0, 0, 0, 1
-0.999977, 0.000340439, -0.00676713, 0.290728, 0.00676933, 0.00692001, -0.999953, 0.849167, -0.000293594, -0.999976, -0.00692216, 1.02154, 0, 0, 0, 1
-0.999976, 0.000359009, -0.0068654, 0.290725, 0.00686775, 0.00702695, -0.999952, 0.849184, -0.000310748, -0.999975, -0.00702925, 1.02153, 0, 0, 0, 1
-0.999976, 0.000377725, -0.00696447, 0.290722, 0.00696699, 0.00713477, -0.99995, 0.849201, -0.000328016, -0.999974, -0.00713723, 1.02153, 0, 0, 0, 1
-0.999975, 0.000396588, -0.00706434, 0.290719, 0.00706703, 0.00724346, -0.999949, 0.849219, -0.000345397, -0.999974, -0.00724608, 1.02153, 0, 0, 0, 1
-0.999974, 0.000415597, -0.00716502, 0.290716, 0.00716788, 0.00735303, -0.999947, 0.849236, -0.00036289, -0.999973, -0.00735582, 1.02152, 0, 0, 0, 1
-0.999974, 0.000434751, -0.00726649, 0.290713, 0.00726954, 0.00746347, -0.999946, 0.849254, -0.000380494, -0.999972, -0.00746643, 1.02152, 0, 0, 0, 1
-0.999973, 0.000454052, -0.00736877, 0.29071, 0.007372, 0.00757478, -0.999944, 0.849272, -0.00039821, -0.999971, -0.00757792, 1.02151, 0, 0, 0, 1
-0.999972, 0.000473498, -0.00747185, 0.290707, 0.00747527, 0.00768697, -0.999943, 0.84929, -0.000416035, -0.99997, -0.00769029, 1.02151, 0, 0, 0, 1
-0.999971, 0.00049309, -0.00757574, 0.290704, 0.00757935, 0.00780003, -0.999941, 0.849308, -0.00043397, -0.999969, -0.00780354, 1.0215, 0, 0, 0, 1
-0.99997, 0.000512827, -0.00768042, 0.290701, 0.00768424, 0.00791396, -0.999939, 0.849327, -0.000452013, -0.999969, -0.00791767, 1.0215, 0, 0, 0, 1
-0.99997, 0.00053271, -0.00778591, 0.290698, 0.00778994, 0.00802877, -0.999937, 0.849345, -0.000470165, -0.999968, -0.00803268, 1.02149, 0, 0, 0, 1
-0.999969, 0.000552737, -0.0078922, 0.290695, 0.00789644, 0.00814445, -0.999936, 0.849364, -0.000488424, -0.999967, -0.00814856, 1.02149, 0, 0, 0, 1
-0.999968, 0.00057291, -0.00799929, 0.290692, 0.00800375, 0.00826101, -0.999934, 0.849383, -0.00050679, -0.999966, -0.00826533, 1.02148, 0, 0, 0, 1
-0.999967, 0.000593228, -0.00810719, 0.290688, 0.00811187, 0.00837844, -0.999932, 0.849401, -0.000525262, -0.999965, -0.00838298, 1.02147, 0, 0, 0, 1
-0.999966, 0.00061369, -0.00821588, 0.290685, 0.0082208, 0.00849675, -0.99993, 0.84942, -0.000543839, -0.999964, -0.0085015, 1.02147, 0, 0, 0, 1
-0.999965, 0.000634297, -0.00832538, 0.290682, 0.00833054, 0.00861593, -0.999928, 0.84944, -0.000562521, -0.999963, -0.00862091, 1.02146, 0, 0, 0, 1
-0.999964, 0.000655048, -0.00843568, 0.290679, 0.00844108, 0.00873598, -0.999926, 0.849459, -0.000581306, -0.999962, -0.0087412, 1.02146, 0, 0, 0, 1
-0.999963, 0.000675944, -0.00854679, 0.290675, 0.00855244, 0.00885691, -0.999924, 0.849478, -0.000600195, -0.999961, -0.00886236, 1.02145, 0, 0, 0, 1
-0.999962, 0.000696984, -0.00865869, 0.290672, 0.0086646, 0.00897871, -0.999922, 0.849498, -0.000619186, -0.999959, -0.00898441, 1.02145, 0, 0, 0, 1
-0.999961, 0.000718168, -0.0087714, 0.290669, 0.00877757, 0.00910138, -0.99992, 0.849518, -0.000638279, -0.999958, -0.00910734, 1.02144, 0, 0, 0, 1
-0.99996, 0.000739496, -0.00888491, 0.290666, 0.00889135, 0.00922493, -0.999918, 0.849538, -0.000657472, -0.999957, -0.00923114, 1.02144, 0, 0, 0, 1
-0.999959, 0.000760967, -0.00899922, 0.290662, 0.00900594, 0.00934936, -0.999916, 0.849558, -0.000676766, -0.999956, -0.00935583, 1.02143, 0, 0, 0, 1
-0.999958, 0.000782582, -0.00911433, 0.290659, 0.00912134, 0.00947466, -0.999914, 0.849578, -0.00069616, -0.999955, -0.0094814, 1.02143, 0, 0, 0, 1
-0.999957, 0.000804341, -0.00923025, 0.290655, 0.00923755, 0.00960083, -0.999911, 0.849598, -0.000715652, -0.999954, -0.00960785, 1.02142, 0, 0, 0, 1
-0.999956, 0.000826243, -0.00934696, 0.290652, 0.00935456, 0.00972788, -0.999909, 0.849619, -0.000735241, -0.999952, -0.00973518, 1.02142, 0, 0, 0, 1
-0.999955, 0.000848288, -0.00946448, 0.290648, 0.00947239, 0.0098558, -0.999907, 0.849639, -0.000754929, -0.999951, -0.00986339, 1.02141, 0, 0, 0, 1
-0.999954, 0.000870476, -0.00958281, 0.290645, 0.00959102, 0.00998459, -0.999904, 0.84966, -0.000774712, -0.99995, -0.00999248, 1.0214, 0, 0, 0, 1
-0.999953, 0.000892807, -0.00970193, 0.290641, 0.00971047, 0.0101143, -0.999902, 0.849681, -0.000794591, -0.999948, -0.0101225, 1.0214, 0, 0, 0, 1
-0.999951, 0.00091528, -0.00982186, 0.290638, 0.00983072, 0.0102448, -0.999899, 0.849702, -0.000814565, -0.999947, -0.0102533, 1.02139, 0, 0, 0, 1
-0.99995, 0.000937896, -0.00994259, 0.290634, 0.00995179, 0.0103762, -0.999897, 0.849723, -0.000834633, -0.999946, -0.010385, 1.02139, 0, 0, 0, 1
-0.999949, 0.000960655, -0.0100641, 0.290631, 0.0100737, 0.0105085, -0.999894, 0.849744, -0.000854794, -0.999944, -0.0105177, 1.02138, 0, 0, 0, 1
-0.999948, 0.000983555, -0.0101864, 0.290627, 0.0101963, 0.0106417, -0.999891, 0.849766, -0.000875047, -0.999943, -0.0106512, 1.02138, 0, 0, 0, 1
-0.999946, 0.0010066, -0.0103096, 0.290623, 0.0103198, 0.0107757, -0.999889, 0.849787, -0.000895393, -0.999941, -0.0107855, 1.02137, 0, 0, 0, 1
-0.999945, 0.00102978, -0.0104335, 0.29062, 0.0104441, 0.0109106, -0.999886, 0.849809, -0.000915829, -0.99994, -0.0109208, 1.02136, 0, 0, 0, 1
-0.999944, 0.00105311, -0.0105583, 0.290616, 0.0105693, 0.0110464, -0.999883, 0.849831, -0.000936355, -0.999938, -0.0110569, 1.02136, 0, 0, 0, 1
-0.999942, 0.00107658, -0.0106838, 0.290612, 0.0106952, 0.0111831, -0.99988, 0.849853, -0.00095697, -0.999937, -0.011194, 1.02135, 0, 0, 0, 1
-0.999941, 0.00110019, -0.0108101, 0.290609, 0.0108219, 0.0113206, -0.999877, 0.849875, -0.000977673, -0.999935, -0.0113319, 1.02135, 0, 0, 0, 1
-0.99994, 0.00112394, -0.0109373, 0.290605, 0.0109495, 0.0114591, -0.999874, 0.849897, -0.000998464, -0.999934, -0.0114707, 1.02134, 0, 0, 0, 1
-0.999938, 0.00114783, -0.0110652, 0.290601, 0.0110778, 0.0115983, -0.999871, 0.84992, -0.00101934, -0.999932, -0.0116103, 1.02133, 0, 0, 0, 1
-0.999937, 0.00117186, -0.011194, 0.290597, 0.011207, 0.0117385, -0.999868, 0.849942, -0.00104031, -0.99993, -0.0117509, 1.02133, 0, 0, 0, 1
-0.999935, 0.00119603, -0.0113235, 0.290593, 0.011337, 0.0118795, -0.999865, 0.849965, -0.00106135, -0.999929, -0.0118923, 1.02132, 0, 0, 0, 1
-0.999934, 0.00122035, -0.0114539, 0.290589, 0.0114677, 0.0120215, -0.999862, 0.849988, -0.00108249, -0.999927, -0.0120347, 1.02132, 0, 0, 0, 1
-0.999932, 0.0012448, -0.011585, 0.290586, 0.0115993, 0.0121642, -0.999859, 0.850011, -0.0011037, -0.999925, -0.0121779, 1.02131, 0, 0, 0, 1
-0.999931, 0.0012694, -0.011717, 0.290582, 0.0117318, 0.0123079, -0.999855, 0.850034, -0.001125, -0.999923, -0.0123219, 1.0213, 0, 0, 0, 1
-0.999929, 0.00129413, -0.0118498, 0.290578, 0.011865, 0.0124524, -0.999852, 0.850058, -0.00114638, -0.999922, -0.0124669, 1.0213, 0, 0, 0, 1
-0.999927, 0.00131901, -0.0119833, 0.290574, 0.011999, 0.0125979, -0.999849, 0.850081, -0.00116784, -0.99992, -0.0126128, 1.02129, 0, 0, 0, 1
-0.999926, 0.00134402, -0.0121177, 0.29057, 0.0121338, 0.0127441, -0.999845, 0.850105, -0.00118938, -0.999918, -0.0127595, 1.02128, 0, 0, 0, 1
-0.999924, 0.00136917, -0.0122529, 0.290566, 0.0122695, 0.0128913, -0.999842, 0.850128, -0.001211, -0.999916, -0.0129071, 1.02128, 0, 0, 0, 1
-0.999922, 0.00139447, -0.0123888, 0.290562, 0.012406, 0.0130393, -0.999838, 0.850152, -0.0012327, -0.999914, -0.0130556, 1.02127, 0, 0, 0, 1
-0.999921, 0.0014199, -0.0125256, 0.290558, 0.0125432, 0.0131882, -0.999834, 0.850176, -0.00125447, -0.999912, -0.013205, 1.02126, 0, 0, 0, 1
-0.999919, 0.00144547, -0.0126632, 0.290553, 0.0126813, 0.013338, -0.999831, 0.8502, -0.00127632, -0.99991, -0.0133553, 1.02126, 0, 0, 0, 1
-0.999917, 0.00147118, -0.0128015, 0.290549, 0.0128202, 0.0134887, -0.999827, 0.850225, -0.00129825, -0.999908, -0.0135064, 1.02125, 0, 0, 0, 1
-0.999915, 0.00149703, -0.0129407, 0.290545, 0.01296, 0.0136402, -0.999823, 0.850249, -0.00132025, -0.999906, -0.0136585, 1.02125, 0, 0, 0, 1
-0.999913, 0.00152302, -0.0130807, 0.290541, 0.0131005, 0.0137926, -0.999819, 0.850274, -0.00134233, -0.999904, -0.0138114, 1.02124, 0, 0, 0, 1
-0.999911, 0.00154914, -0.0132215, 0.290537, 0.0132418, 0.0139459, -0.999815, 0.850298, -0.00136447, -0.999902, -0.0139652, 1.02123, 0, 0, 0, 1
-0.999909, 0.00157541, -0.0133631, 0.290533, 0.013384, 0.0141001, -0.999811, 0.850323, -0.00138669, -0.999899, -0.0141199, 1.02123, 0, 0, 0, 1
-0.999908, 0.00160181, -0.0135055, 0.290528, 0.0135269, 0.0142551, -0.999807, 0.850348, -0.00140898, -0.999897, -0.0142755, 1.02122, 0, 0, 0, 1
-0.999906, 0.00162835, -0.0136486, 0.290524, 0.0136707, 0.014411, -0.999803, 0.850373, -0.00143134, -0.999895, -0.0144319, 1.02121, 0, 0, 0, 1
-0.999904, 0.00165503, -0.0137926, 0.29052, 0.0138153, 0.0145678, -0.999798, 0.850399, -0.00145376, -0.999893, -0.0145893, 1.02121, 0, 0, 0, 1
-0.999901, 0.00168184, -0.0139374, 0.290515, 0.0139607, 0.0147255, -0.999794, 0.850424, -0.00147626, -0.99989, -0.0147475, 1.0212, 0, 0, 0, 1
-0.999899, 0.00170879, -0.014083, 0.290511, 0.0141069, 0.014884, -0.99979, 0.85045, -0.00149882, -0.999888, -0.0149066, 1.02119, 0, 0, 0, 1
-0.999897, 0.00173588, -0.0142294, 0.290507, 0.0142539, 0.0150434, -0.999785, 0.850475, -0.00152145, -0.999885, -0.0150666, 1.02118, 0, 0, 0, 1
-0.999895, 0.00176311, -0.0143766, 0.290502, 0.0144018, 0.0152037, -0.999781, 0.850501, -0.00154414, -0.999883, -0.0152275, 1.02118, 0, 0, 0, 1
-0.999893, 0.00179047, -0.0145246, 0.290498, 0.0145504, 0.0153649, -0.999776, 0.850527, -0.0015669, -0.99988, -0.0153893, 1.02117, 0, 0, 0, 1
-0.999891, 0.00181797, -0.0146734, 0.290493, 0.0146999, 0.0155269, -0.999771, 0.850554, -0.00158972, -0.999878, -0.0155519, 1.02116, 0, 0, 0, 1
-0.999888, 0.0018456, -0.014823, 0.290489, 0.0148502, 0.0156898, -0.999767, 0.85058, -0.0016126, -0.999875, -0.0157155, 1.02116, 0, 0, 0, 1
-0.999886, 0.00187337, -0.0149734, 0.290484, 0.0150013, 0.0158536, -0.999762, 0.850606, -0.00163555, -0.999873, -0.0158799, 1.02115, 0, 0, 0, 1
-0.999884, 0.00190128, -0.0151246, 0.29048, 0.0151532, 0.0160182, -0.999757, 0.850633, -0.00165855, -0.99987, -0.0160452, 1.02114, 0, 0, 0, 1
-0.999881, 0.00192932, -0.0152766, 0.290475, 0.0153059, 0.0161838, -0.999752, 0.85066, -0.00168161, -0.999867, -0.0162114, 1.02114, 0, 0, 0, 1
-0.999879, 0.0019575, -0.0154295, 0.29047, 0.0154594, 0.0163502, -0.999747, 0.850686, -0.00170473, -0.999864, -0.0163785, 1.02113, 0, 0, 0, 1
-0.999877, 0.00198582, -0.0155831, 0.290466, 0.0156138, 0.0165175, -0.999742, 0.850713, -0.00172791, -0.999862, -0.0165464, 1.02112, 0, 0, 0, 1
-0.999874, 0.00201426, -0.0157375, 0.290461, 0.0157689, 0.0166856, -0.999736, 0.850741, -0.00175114, -0.999859, -0.0167153, 1.02112, 0, 0, 0, 1
-0.999872, 0.00204285, -0.0158927, 0.290457, 0.0159249, 0.0168547, -0.999731, 0.850768, -0.00177443, -0.999856, -0.016885, 1.02111, 0, 0, 0, 1
-0.999869, 0.00207157, -0.0160487, 0.290452, 0.0160817, 0.0170246, -0.999726, 0.850795, -0.00179777, -0.999853, -0.0170557, 1.0211, 0, 0, 0, 1
-0.999866, 0.00210042, -0.0162055, 0.290447, 0.0162393, 0.0171954, -0.99972, 0.850823, -0.00182117, -0.99985, -0.0172272, 1.02109, 0, 0, 0, 1
-0.999864, 0.00212941, -0.0163632, 0.290442, 0.0163977, 0.017367, -0.999715, 0.850851, -0.00184462, -0.999847, -0.0173996, 1.02109, 0, 0, 0, 1
-0.999861, 0.00215853, -0.0165216, 0.290438, 0.0165569, 0.0175396, -0.999709, 0.850879, -0.00186812, -0.999844, -0.0175729, 1.02108, 0, 0, 0, 1
-0.999858, 0.00218778, -0.0166808, 0.290433, 0.016717, 0.017713, -0.999703, 0.850907, -0.00189166, -0.999841, -0.017747, 1.02107, 0, 0, 0, 1
-0.999856, 0.00221717, -0.0168409, 0.290428, 0.0168779, 0.0178873, -0.999698, 0.850935, -0.00191526, -0.999838, -0.0179221, 1.02106, 0, 0, 0, 1
-0.999853, 0.00224669, -0.0170017, 0.290423, 0.0170395, 0.0180624, -0.999692, 0.850963, -0.00193891, -0.999834, -0.0180981, 1.02106, 0, 0, 0, 1
-0.99985, 0.00227635, -0.0171633, 0.290418, 0.017202, 0.0182385, -0.999686, 0.850992, -0.0019626, -0.999831, -0.0182749, 1.02105, 0, 0, 0, 1
-0.999847, 0.00230613, -0.0173258, 0.290413, 0.0173653, 0.0184154, -0.99968, 0.85102, -0.00198633, -0.999828, -0.0184526, 1.02104, 0, 0, 0, 1
-0.999844, 0.00233606, -0.017489, 0.290408, 0.0175294, 0.0185932, -0.999673, 0.851049, -0.00201012, -0.999824, -0.0186312, 1.02103, 0, 0, 0, 1
-0.999841, 0.00236611, -0.017653, 0.290403, 0.0176944, 0.0187718, -0.999667, 0.851078, -0.00203394, -0.999821, -0.0188107, 1.02103, 0, 0, 0, 1
-0.999838, 0.00239629, -0.0178179, 0.290398, 0.0178601, 0.0189514, -0.999661, 0.851107, -0.00205781, -0.999818, -0.0189911, 1.02102, 0, 0, 0, 1
-0.999835, 0.00242661, -0.0179835, 0.290393, 0.0180267, 0.0191318, -0.999654, 0.851136, -0.00208172, -0.999814, -0.0191724, 1.02101, 0, 0, 0, 1
-0.999832, 0.00245706, -0.01815, 0.290388, 0.0181941, 0.0193131, -0.999648, 0.851165, -0.00210567, -0.99981, -0.0193545, 1.021, 0, 0, 0, 1
-0.999829, 0.00248764, -0.0183172, 0.290383, 0.0183623, 0.0194953, -0.999641, 0.851195, -0.00212965, -0.999807, -0.0195376, 1.021, 0, 0, 0, 1
-0.999826, 0.00251836, -0.0184853, 0.290378, 0.0185313, 0.0196783, -0.999635, 0.851224, -0.00215368, -0.999803, -0.0197215, 1.02099, 0, 0, 0, 1
-0.999823, 0.0025492, -0.0186541, 0.290373, 0.0187011, 0.0198622, -0.999628, 0.851254, -0.00217774, -0.999799, -0.0199064, 1.02098, 0, 0, 0, 1
-0.999819, 0.00258018, -0.0188238, 0.290368, 0.0188718, 0.020047, -0.999621, 0.851284, -0.00220184, -0.999796, -0.0200921, 1.02097, 0, 0, 0, 1
-0.999816, 0.00261129, -0.0189942, 0.290363, 0.0190432, 0.0202327, -0.999614, 0.851314, -0.00222597, -0.999792, -0.0202787, 1.02097, 0, 0, 0, 1
-0.999813, 0.00264252, -0.0191655, 0.290357, 0.0192155, 0.0204192, -0.999607, 0.851344, -0.00225014, -0.999788, -0.0204662, 1.02096, 0, 0, 0, 1
-0.999809, 0.00267389, -0.0193376, 0.290352, 0.0193886, 0.0206066, -0.9996, 0.851375, -0.00227434, -0.999784, -0.0206546, 1.02095, 0, 0, 0, 1
-0.999806, 0.00270539, -0.0195104, 0.290347, 0.0195625, 0.0207949, -0.999592, 0.851405, -0.00229857, -0.99978, -0.0208438, 1.02094, 0, 0, 0, 1
-0.999803, 0.00273702, -0.0196841, 0.290342, 0.0197372, 0.0209841, -0.999585, 0.851436, -0.00232283, -0.999776, -0.021034, 1.02094, 0, 0, 0, 1
-0.999799, 0.00276878, -0.0198585, 0.290336, 0.0199128, 0.0211742, -0.999577, 0.851466, -0.00234712, -0.999772, -0.021225, 1.02093, 0, 0, 0, 1
-0.999795, 0.00280066, -0.0200338, 0.290331, 0.0200891, 0.0213651, -0.99957, 0.851497, -0.00237143, -0.999768, -0.021417, 1.02092, 0, 0, 0, 1
-0.999792, 0.00283268, -0.0202099, 0.290325, 0.0202663, 0.0215569, -0.999562, 0.851528, -0.00239578, -0.999764, -0.0216098, 1.02091, 0, 0, 0, 1
-0.999788, 0.00286483, -0.0203868, 0.29032, 0.0204443, 0.0217496, -0.999554, 0.85156, -0.00242015, -0.999759, -0.0218035, 1.0209, 0, 0, 0, 1
-0.999784, 0.0028971, -0.0205644, 0.290315, 0.0206231, 0.0219431, -0.999546, 0.851591, -0.00244454, -0.999755, -0.0219981, 1.0209, 0, 0, 0, 1
-0.999781, 0.0029295, -0.0207429, 0.290309, 0.0208028, 0.0221375, -0.999538, 0.851622, -0.00246895, -0.999751, -0.0221936, 1.02089, 0, 0, 0, 1
-0.999777, 0.00296204, -0.0209222, 0.290304, 0.0209832, 0.0223328, -0.99953, 0.851654, -0.00249339, -0.999746, -0.02239, 1.02088, 0, 0, 0, 1
-0.999773, 0.0029947, -0.0211023, 0.290298, 0.0211645, 0.022529, -0.999522, 0.851686, -0.00251785, -0.999742, -0.0225873, 1.02087, 0, 0, 0, 1
-0.999769, 0.00302748, -0.0212831, 0.290293, 0.0213465, 0.0227261, -0.999514, 0.851718, -0.00254233, -0.999737, -0.0227854, 1.02086, 0, 0, 0, 1
-0.999765, 0.0030604, -0.0214648, 0.290287, 0.0215294, 0.022924, -0.999505, 0.85175, -0.00256683, -0.999733, -0.0229845, 1.02086, 0, 0, 0, 1
-0.999761, 0.00309344, -0.0216473, 0.290281, 0.0217131, 0.0231228, -0.999497, 0.851782, -0.00259134, -0.999728, -0.0231844, 1.02085, 0, 0, 0, 1
-0.999757, 0.00312661, -0.0218306, 0.290276, 0.0218977, 0.0233225, -0.999488, 0.851814, -0.00261587, -0.999723, -0.0233853, 1.02084, 0, 0, 0, 1
-0.999753, 0.00315991, -0.0220147, 0.29027, 0.022083, 0.023523, -0.999479, 0.851847, -0.00264041, -0.999718, -0.023587, 1.02083, 0, 0, 0, 1
-0.999748, 0.00319333, -0.0221996, 0.290265, 0.0222692, 0.0237245, -0.99947, 0.85188, -0.00266497, -0.999713, -0.0237896, 1.02082, 0, 0, 0, 1
-0.999744, 0.00322688, -0.0223853, 0.290259, 0.0224562, 0.0239268, -0.999461, 0.851912, -0.00268954, -0.999709, -0.0239931, 1.02082, 0, 0, 0, 1
-0.99974, 0.00326056, -0.0225718, 0.290253, 0.022644, 0.02413, -0.999452, 0.851945, -0.00271412, -0.999704, -0.0241975, 1.02081, 0, 0, 0, 1
-0.999736, 0.00329436, -0.0227591, 0.290247, 0.0228326, 0.024334, -0.999443, 0.851978, -0.00273871, -0.999698, -0.0244028, 1.0208, 0, 0, 0, 1
-0.999731, 0.00332829, -0.0229472, 0.290241, 0.023022, 0.024539, -0.999434, 0.852012, -0.00276331, -0.999693, -0.024609, 1.02079, 0, 0, 0, 1
-0.999727, 0.00336235, -0.0231361, 0.290236, 0.0232123, 0.0247448, -0.999424, 0.852045, -0.00278791, -0.999688, -0.0248161, 1.02078, 0, 0, 0, 1
-0.999722, 0.00339653, -0.0233258, 0.29023, 0.0234034, 0.0249515, -0.999415, 0.852079, -0.00281253, -0.999683, -0.025024, 1.02077, 0, 0, 0, 1
-0.999718, 0.00343083, -0.0235163, 0.290224, 0.0235953, 0.0251591, -0.999405, 0.852112, -0.00283714, -0.999678, -0.0252329, 1.02077, 0, 0, 0, 1
-0.999713, 0.00346526, -0.0237076, 0.290218, 0.023788, 0.0253675, -0.999395, 0.852146, -0.00286176, -0.999672, -0.0254426, 1.02076, 0, 0, 0, 1
-0.999708, 0.00349982, -0.0238997, 0.290212, 0.0239815, 0.0255768, -0.999385, 0.85218, -0.00288639, -0.999667, -0.0256533, 1.02075, 0, 0, 0, 1
-0.999703, 0.00353449, -0.0240926, 0.290206, 0.0241759, 0.025787, -0.999375, 0.852214, -0.00291101, -0.999661, -0.0258648, 1.02074, 0, 0, 0, 1
-0.999699, 0.0035693, -0.0242863, 0.2902, 0.024371, 0.0259981, -0.999365, 0.852248, -0.00293563, -0.999656, -0.0260772, 1.02073, 0, 0, 0, 1
-0.999694, 0.00360422, -0.0244808, 0.290194, 0.024567, 0.02621, -0.999355, 0.852283, -0.00296025, -0.99965, -0.0262905, 1.02072, 0, 0, 0, 1
-0.999689, 0.00363927, -0.0246762, 0.290188, 0.0247638, 0.0264228, -0.999344, 0.852317, -0.00298487, -0.999644, -0.0265047, 1.02071, 0, 0, 0, 1
-0.999684, 0.00367445, -0.0248723, 0.290182, 0.0249615, 0.0266365, -0.999333, 0.852352, -0.00300949, -0.999638, -0.0267198, 1.02071, 0, 0, 0, 1
-0.999679, 0.00370974, -0.0250692, 0.290176, 0.0251599, 0.0268511, -0.999323, 0.852387, -0.00303409, -0.999633, -0.0269358, 1.0207, 0, 0, 0, 1
-0.999674, 0.00374516, -0.0252669, 0.29017, 0.0253592, 0.0270666, -0.999312, 0.852422, -0.0030587, -0.999627, -0.0271527, 1.02069, 0, 0, 0, 1
-0.999669, 0.0037807, -0.0254654, 0.290164, 0.0255593, 0.0272829, -0.999301, 0.852457, -0.00308329, -0.999621, -0.0273705, 1.02068, 0, 0, 0, 1
-0.999663, 0.00381637, -0.0256648, 0.290157, 0.0257602, 0.0275001, -0.99929, 0.852492, -0.00310787, -0.999615, -0.0275892, 1.02067, 0, 0, 0, 1
-0.999658, 0.00385215, -0.0258649, 0.290151, 0.0259619, 0.0277182, -0.999279, 0.852528, -0.00313245, -0.999608, -0.0278087, 1.02066, 0, 0, 0, 1
-0.999653, 0.00388806, -0.0260658, 0.290145, 0.0261644, 0.0279371, -0.999267, 0.852563, -0.00315701, -0.999602, -0.0280292, 1.02065, 0, 0, 0, 1
-0.999647, 0.00392409, -0.0262676, 0.290139, 0.0263678, 0.028157, -0.999256, 0.852599, -0.00318156, -0.999596, -0.0282505, 1.02065, 0, 0, 0, 1
-0.999642, 0.00396024, -0.0264701, 0.290132, 0.026572, 0.0283777, -0.999244, 0.852635, -0.00320609, -0.999589, -0.0284728, 1.02064, 0, 0, 0, 1
-0.999636, 0.00399651, -0.0266734, 0.290126, 0.026777, 0.0285993, -0.999232, 0.852671, -0.0032306, -0.999583, -0.0286959, 1.02063, 0, 0, 0, 1
-0.999631, 0.00403291, -0.0268776, 0.29012, 0.0269828, 0.0288217, -0.99922, 0.852707, -0.0032551, -0.999576, -0.0289199, 1.02062, 0, 0, 0, 1
-0.999625, 0.00406942, -0.0270825, 0.290113, 0.0271894, 0.0290451, -0.999208, 0.852743, -0.00327958, -0.99957, -0.0291448, 1.02061, 0, 0, 0, 1
-0.999619, 0.00410605, -0.0272882, 0.290107, 0.0273969, 0.0292693, -0.999196, 0.85278, -0.00330404, -0.999563, -0.0293706, 1.0206, 0, 0, 0, 1
-0.999613, 0.0041428, -0.0274948, 0.2901, 0.0276052, 0.0294944, -0.999184, 0.852816, -0.00332848, -0.999556, -0.0295973, 1.02059, 0, 0, 0, 1
-0.999607, 0.00417968, -0.0277021, 0.290094, 0.0278143, 0.0297203, -0.999171, 0.852853, -0.0033529, -0.99955, -0.0298249, 1.02058, 0, 0, 0, 1
-0.999602, 0.00421667, -0.0279103, 0.290087, 0.0280242, 0.0299472, -0.999159, 0.85289, -0.00337729, -0.999543, -0.0300534, 1.02058, 0, 0, 0, 1
-0.999596, 0.00425378, -0.0281192, 0.290081, 0.028235, 0.0301749, -0.999146, 0.852927, -0.00340165, -0.999536, -0.0302828, 1.02057, 0, 0, 0, 1
-0.999589, 0.00429101, -0.028329, 0.290074, 0.0284465, 0.0304035, -0.999133, 0.852964, -0.00342599, -0.999528, -0.0305131, 1.02056, 0, 0, 0, 1
-0.999583, 0.00432836, -0.0285395, 0.290068, 0.0286589, 0.030633, -0.99912, 0.853001, -0.0034503, -0.999521, -0.0307443, 1.02055, 0, 0, 0, 1
-0.999577, 0.00436583, -0.0287509, 0.290061, 0.0288721, 0.0308633, -0.999107, 0.853039, -0.00347458, -0.999514, -0.0309763, 1.02054, 0, 0, 0, 1
-0.999571, 0.00440341, -0.028963, 0.290054, 0.0290862, 0.0310946, -0.999093, 0.853076, -0.00349883, -0.999507, -0.0312093, 1.02053, 0, 0, 0, 1
-0.999564, 0.00444112, -0.029176, 0.290048, 0.029301, 0.0313267, -0.99908, 0.853114, -0.00352304, -0.999499, -0.0314431, 1.02052, 0, 0, 0, 1
-0.999558, 0.00447894, -0.0293897, 0.290041, 0.0295167, 0.0315596, -0.999066, 0.853152, -0.00354722, -0.999492, -0.0316779, 1.02051, 0, 0, 0, 1
-0.999551, 0.00451687, -0.0296043, 0.290034, 0.0297332, 0.0317935, -0.999052, 0.85319, -0.00357137, -0.999484, -0.0319135, 1.0205, 0, 0, 0, 1
-0.999545, 0.00455493, -0.0298196, 0.290027, 0.0299505, 0.0320282, -0.999038, 0.853228, -0.00359548, -0.999477, -0.0321501, 1.02049, 0, 0, 0, 1
-0.999538, 0.0045931, -0.0300358, 0.290021, 0.0301686, 0.0322638, -0.999024, 0.853266, -0.00361955, -0.999469, -0.0323875, 1.02049, 0, 0, 0, 1
-0.999532, 0.00463139, -0.0302528, 0.290014, 0.0303876, 0.0325003, -0.99901, 0.853305, -0.00364358, -0.999461, -0.0326258, 1.02048, 0, 0, 0, 1
-0.999525, 0.00466979, -0.0304705, 0.290007, 0.0306073, 0.0327377, -0.998995, 0.853344, -0.00366756, -0.999453, -0.032865, 1.02047, 0, 0, 0, 1
-0.999518, 0.00470831, -0.0306891, 0.29, 0.0308279, 0.0329759, -0.998981, 0.853382, -0.00369151, -0.999445, -0.0331052, 1.02046, 0, 0, 0, 1
