-0.999999, -0.000797434, -0.000797196, 0.290901, 0.000796858, 0.000424669, -1, 0.848124, 0.000797772, -1, -0.000424033, 1.02183, 0, 0, 0, 1
-0.999999, -0.000797403, -0.00079661, 0.290901, 0.000796271, 0.000424843, -1, 0.848124, 0.000797741, -1, -0.000424208, 1.02183, 0, 0, 0, 1
-0.999999, -0.000797311, -0.000794851, 0.290901, 0.000794512, 0.000425367, -1, 0.848124, 0.000797648, -1, -0.000424733, 1.02183, 0, 0, 0, 1
-0.999999, -0.000797156, -0.00079192, 0.290901, 0.000791581, 0.00042624, -1, 0.848125, 0.000797493, -1, -0.000425609, 1.02183, 0, 0, 0, 1
-0.999999, -0.000796939, -0.000787817, 0.290901, 0.000787476, 0.000427462, -1, 0.848125, 0.000797276, -1, -0.000426835, 1.02183, 0, 0, 0, 1
-0.999999, -0.000796661, -0.000782541, 0.290901, 0.000782199, 0.000429034, -1, 0.848125, 0.000796996, -1, -0.00042841, 1.02183, 0, 0, 0, 1
-0.999999, -0.000796321, -0.000776093, 0.2909, 0.000775749, 0.000430954, -1, 0.848126, 0.000796655, -1, -0.000430336, 1.02183, 0, 0, 0, 1
-0.999999, -0.000795919, -0.000768472, 0.2909, 0.000768127, 0.000433224, -1, 0.848126, 0.000796251, -1, -0.000432612, 1.02183, 0, 0, 0, 1
-0.999999, -0.000795455, -0.000759679, 0.2909, 0.000759332, 0.000435843, -1, 0.848127, 0.000795786, -1, -0.000435239, 1.02183, 0, 0, 0, 1
-0.999999, -0.000794929, -0.000749713, 0.2909, 0.000749364, 0.000438811, -1, 0.848127, 0.000795258, -1, -0.000438215, 1.02183, 0, 0, 0, 1
-0.999999, -0.000794342, -0.000738575, 0.290899, 0.000738224, 0.000442129, -1, 0.848128, 0.000794668, -1, -0.000441542, 1.02183, 0, 0, 0, 1
-0.999999, -0.000793692, -0.000726265, 0.290899, 0.000725911, 0.000445795, -1, 0.848129, 0.000794016, -1, -0.000445219, 1.02183, 0, 0, 0, 1
-0.999999, -0.000792981, -0.000712782, 0.290898, 0.000712425, 0.000449811, -1, 0.84813, 0.000793301, -1, -0.000449246, 1.02183, 0, 0, 0, 1
-0.999999, -0.000792208, -0.000698127, 0.290898, 0.000697767, 0.000454176, -1, 0.848131, 0.000792525, -1, -0.000453623, 1.02182, 0, 0, 0, 1
-0.999999, -0.000791373, -0.000682299, 0.290897, 0.000681936, 0.00045889, -1, 0.848132, 0.000791686, -1, -0.00045835, 1.02182, 0, 0, 0, 1
-0.999999, -0.000790477, -0.000665299, 0.290897, 0.000664932, 0.000463953, -1, 0.848133, 0.000790785, -1, -0.000463427, 1.02182, 0, 0, 0, 1
-0.999999, -0.000789518, -0.000647126, 0.290896, 0.000646756, 0.000469366, -1, 0.848134, 0.000789822, -1, -0.000468855, 1.02182, 0, 0, 0, 1
-0.999999, -0.000788498, -0.000627782, 0.290896, 0.000627407, 0.000475127, -1, 0.848135, 0.000788796, -1, -0.000474633, 1.02182, 0, 0, 0, 1
-1, -0.000787416, -0.000607264, 0.290895, 0.000606885, 0.000481238, -1, 0.848137, 0.000787708, -1, -0.00048076, 1.02182, 0, 0, 0, 1
-1, -0.000786272, -0.000585574, 0.290894, 0.000585191, 0.000487699, -1, 0.848138, 0.000786557, -1, -0.000487238, 1.02181, 0, 0, 0, 1
-1, -0.000785066, -0.000562712, 0.290894, 0.000562324, 0.000494508, -1, 0.848139, 0.000785344, -1, -0.000494066, 1.02181, 0, 0, 0, 1
-1, -0.000783799, -0.000538678, 0.290893, 0.000538285, 0.000501666, -1, 0.848141, 0.000784069, -1, -0.000501244, 1.02181, 0, 0, 0, 1
-1, -0.000782469, -0.000513471, 0.290892, 0.000513072, 0.000509174, -1, 0.848143, 0.000782731, -1, -0.000508773, 1.02181, 0, 0, 0, 1
-1, -0.000781078, -0.000487091, 0.290891, 0.000486688, 0.000517031, -1, 0.848144, 0.00078133, -1, -0.000516651, 1.0218, 0, 0, 0, 1
-1, -0.000779626, -0.000459539, 0.29089, 0.00045913, 0.000525237, -1, 0.848146, 0.000779867, -1, -0.000524879, 1.0218, 0, 0, 0, 1
-1, -0.000778111, -0.000430815, 0.290889, 0.0004304, 0.000533793, -1, 0.848148, 0.000778341, -1, -0.000533458, 1.0218, 0, 0, 0, 1
-1, -0.000776535, -0.000400919, 0.290889, 0.000400497, 0.000542697, -1, 0.84815, 0.000776752, -1, -0.000542386, 1.02179, 0, 0, 0, 1
-1, -0.000774897, -0.000369849, 0.290888, 0.000369422, 0.000551951, -1, 0.848152, 0.000775101, -1, -0.000551665, 1.02179, 0, 0, 0, 1
-1, -0.000773197, -0.000337608, 0.290887, 0.000337174, 0.000561554, -1, 0.848154, 0.000773387, -1, -0.000561293, 1.02179, 0, 0, 0, 1
-1, -0.000771436, -0.000304194, 0.290885, 0.000303753, 0.000571506, -1, 0.848156, 0.000771609, -1, -0.000571272, 1.02178, 0, 0, 0, 1
-1, -0.000769613, -0.000269608, 0.290884, 0.00026916, 0.000581808, -1, 0.848158, 0.000769769, -1, -0.000581601, 1.02178, 0, 0, 0, 1
-1, -0.000767728, -0.000233849, 0.290883, 0.000233394, 0.000592459, -1, 0.848161, 0.000767866, -1, -0.000592279, 1.02178, 0, 0, 0, 1
-1, -0.000765781, -0.000196918, 0.290882, 0.000196456, 0.000603459, -1, 0.848163, 0.0007659, -1, -0.000603308, 1.02177, 0, 0, 0, 1
-1, -0.000763773, -0.000158814, 0.290881, 0.000158344, 0.000614808, -1, 0.848166, 0.000763871, -1, -0.000614687, 1.02177, 0, 0, 0, 1
-1, -0.000761703, -0.000119538, 0.29088, 0.000119061, 0.000626506, -1, 0.848168, 0.000761778, -1, -0.000626415, 1.02177, 0, 0, 0, 1
-1, -0.000759572, -7.90895e-05, 0.290878, 7.86045e-05, 0.000638554, -1, 0.848171, 0.000759622, -1, -0.000638494, 1.02176, 0, 0, 0, 1
-1, -0.000757379, -3.74686e-05, 0.290877, 3.69756e-05, 0.00065095, -1, 0.848173, 0.000757403, -1, -0.000650922, 1.02176, 0, 0, 0, 1
-1, -0.000755124, 5.32466e-06, 0.290876, -5.82584e-06, 0.000663697, -1, 0.848176, 0.000755121, -0.999999, -0.000663701, 1.02175, 0, 0, 0, 1
-1, -0.000752808, 4.92904e-05, 0.290874, -4.97999e-05, 0.000676792, -1, 0.848179, 0.000752774, -0.999999, -0.000676829, 1.02175, 0, 0, 0, 1
-1, -0.00075043, 9.44285e-05, 0.290873, -9.49465e-05, 0.000690236, -1, 0.848182, 0.000750365, -0.999999, -0.000690307, 1.02174, 0, 0, 0, 1
-1, -0.000747991, 0.000140739, 0.290871, -0.000141266, 0.00070403, -1, 0.848185, 0.000747891, -0.999999, -0.000704136, 1.02174, 0, 0, 0, 1
-1, -0.00074549, 0.000188222, 0.29087, -0.000188757, 0.000718173, -1, 0.848188, 0.000745354, -0.999999, -0.000718314, 1.02173, 0, 0, 0, 1
-1, -0.000742927, 0.000236877, 0.290868, -0.000237422, 0.000732666, -1, 0.848191, 0.000742753, -0.999999, -0.000732842, 1.02173, 0, 0, 0, 1
-1, -0.000740303, 0.000286705, 0.290867, -0.000287259, 0.000747507, -1, 0.848194, 0.000740088, -0.999999, -0.000747719, 1.02172, 0, 0, 0, 1
-1, -0.000737617, 0.000337705, 0.290865, -0.000338268, 0.000762698, -1, 0.848198, 0.000737359, -0.999999, -0.000762947, 1.02172, 0, 0, 0, 1
-1, -0.00073487, 0.000389878, 0.290864, -0.00039045, 0.000778238, -1, 0.848201, 0.000734566, -0.999999, -0.000778525, 1.02171, 0, 0, 0, 1
-1, -0.000732061, 0.000443223, 0.290862, -0.000443804, 0.000794127, -1, 0.848204, 0.000731709, -0.999999, -0.000794452, 1.02171, 0, 0, 0, 1
-1, -0.000729191, 0.000497741, 0.29086, -0.000498332, 0.000810366, -1, 0.848208, 0.000728788, -0.999999, -0.000810729, 1.0217, 0, 0, 0, 1
-1, -0.00072626, 0.000553431, 0.290858, -0.000554031, 0.000826954, -1, 0.848212, 0.000725802, -0.999999, -0.000827356, 1.0217, 0, 0, 0, 1
-1, -0.000723267, 0.000610293, 0.290857, -0.000610903, 0.000843891, -0.999999, 0.848215, 0.000722751, -0.999999, -0.000844332, 1.02169, 0, 0, 0, 1
-1, -0.000720212, 0.000668328, 0.290855, -0.000668948, 0.000861177, -0.999999, 0.848219, 0.000719636, -0.999999, -0.000861658, 1.02168, 0, 0, 0, 1
-0.999999, -0.000717097, 0.000727535, 0.290853, -0.000728165, 0.000878813, -0.999999, 0.848223, 0.000716457, -0.999999, -0.000879334, 1.02168, 0, 0, 0, 1
-0.999999, -0.000713919, 0.000787914, 0.290851, -0.000788554, 0.000896797, -0.999999, 0.848227, 0.000713212, -0.999999, -0.00089736, 1.02167, 0, 0, 0, 1
-0.999999, -0.000710681, 0.000849466, 0.290849, -0.000850116, 0.000915132, -0.999999, 0.848231, 0.000709903, -0.999999, -0.000915735, 1.02167, 0, 0, 0, 1
-0.999999, -0.000707381, 0.000912191, 0.290847, -0.000912851, 0.000933815, -0.999999, 0.848235, 0.000706529, -0.999999, -0.00093446, 1.02166, 0, 0, 0, 1
-0.999999, -0.00070402, 0.000976087, 0.290845, -0.000976758, 0.000952848, -0.999999, 0.848239, 0.000703089, -0.999999, -0.000953535, 1.02165, 0, 0, 0, 1
-0.999999, -0.000700597, 0.00104116, 0.290843, -0.00104184, 0.00097223, -0.999999, 0.848243, 0.000699584, -0.999999, -0.000972959, 1.02165, 0, 0, 0, 1
-0.999999, -0.000697113, 0.0011074, 0.290841, -0.00110809, 0.000991961, -0.999999, 0.848247, 0.000696014, -0.999999, -0.000992733, 1.02164, 0, 0, 0, 1
-0.999999, -0.000693568, 0.00117481, 0.290839, -0.00117551, 0.00101204, -0.999999, 0.848252, 0.000692379, -0.999999, -0.00101286, 1.02163, 0, 0, 0, 1
-0.999999, -0.000689962, 0.0012434, 0.290837, -0.00124411, 0.00103247, -0.999999, 0.848256, 0.000688677, -0.999999, -0.00103333, 1.02163, 0, 0, 0, 1
-0.999999, -0.000686294, 0.00131316, 0.290834, -0.00131388, 0.00105325, -0.999999, 0.848261, 0.00068491, -0.999999, -0.00105415, 1.02162, 0, 0, 0, 1
-0.999999, -0.000682566, 0.00138409, 0.290832, -0.00138482, 0.00107438, -0.999998, 0.848265, 0.000681078, -0.999999, -0.00107532, 1.02161, 0, 0, 0, 1
-0.999999, -0.000678776, 0.00145619, 0.29083, -0.00145694, 0.00109586, -0.999998, 0.84827, 0.000677179, -0.999999, -0.00109684, 1.0216, 0, 0, 0, 1
-0.999999, -0.000674925, 0.00152947, 0.290828, -0.00153022, 0.00111768, -0.999998, 0.848275, 0.000673214, -0.999999, -0.00111872, 1.0216, 0, 0, 0, 1
-0.999998, -0.000671012, 0.00160392, 0.290825, -0.00160468, 0.00113986, -0.999998, 0.84828, 0.000669183, -0.999999, -0.00114094, 1.02159, 0, 0, 0, 1
-0.999998, -0.000667039, 0.00167954, 0.290823, -0.00168031, 0.00116239, -0.999998, 0.848284, 0.000665085, -0.999999, -0.00116351, 1.02158, 0, 0, 0, 1
-0.999998, -0.000663005, 0.00175633, 0.29082, -0.00175712, 0.00118526, -0.999998, 0.848289, 0.000660922, -0.999999, -0.00118642, 1.02157, 0, 0, 0, 1
-0.999998, -0.000658909, 0.0018343, 0.290818, -0.00183509, 0.00120849, -0.999998, 0.848294, 0.000656691, -0.999999, -0.00120969, 1.02157, 0, 0, 0, 1
-0.999998, -0.000654753, 0.00191344, 0.290815, -0.00191424, 0.00123206, -0.999997, 0.8483, 0.000652394, -0.999999, -0.00123331, 1.02156, 0, 0, 0, 1
-0.999998, -0.000650535, 0.00199375, 0.290813, -0.00199456, 0.00125598, -0.999997, 0.848305, 0.000648029, -0.999999, -0.00125728, 1.02155, 0, 0, 0, 1
-0.999998, -0.000646257, 0.00207523, 0.29081, -0.00207606, 0.00128026, -0.999997, 0.84831, 0.000643598, -0.999999, -0.00128159, 1.02154, 0, 0, 0, 1
-0.999997, -0.000641917, 0.00215788, 0.290808, -0.00215872, 0.00130488, -0.999997, 0.848315, 0.000639099, -0.999999, -0.00130626, 1.02153, 0, 0, 0, 1
-0.999997, -0.000637517, 0.00224171, 0.290805, -0.00224256, 0.00132985, -0.999997, 0.848321, 0.000634533, -0.999999, -0.00133128, 1.02152, 0, 0, 0, 1
-0.999997, -0.000633055, 0.00232671, 0.290802, -0.00232757, 0.00135517, -0.999996, 0.848326, 0.0006299, -0.999999, -0.00135664, 1.02151, 0, 0, 0, 1
-0.999997, -0.000628533, 0.00241288, 0.2908, -0.00241375, 0.00138084, -0.999996, 0.848332, 0.000625199, -0.999999, -0.00138235, 1.02151, 0, 0, 0, 1
-0.999997, -0.00062395, 0.00250023, 0.290797, -0.00250111, 0.00140686, -0.999996, 0.848338, 0.00062043, -0.999999, -0.00140841, 1.0215, 0, 0, 0, 1
-0.999996, -0.000619306, 0.00258875, 0.290794, -0.00258963, 0.00143323, -0.999996, 0.848343, 0.000615593, -0.999999, -0.00143483, 1.02149, 0, 0, 0, 1
-0.999996, -0.000614601, 0.00267844, 0.290791, -0.00267933, 0.00145995, -0.999995, 0.848349, 0.000610688, -0.999999, -0.00146159, 1.02148, 0, 0, 0, 1
-0.999996, -0.000609836, 0.0027693, 0.290788, -0.0027702, 0.00148701, -0.999995, 0.848355, 0.000605715, -0.999999, -0.0014887, 1.02147, 0, 0, 0, 1
-0.999996, -0.000605009, 0.00286133, 0.290786, -0.00286225, 0.00151443, -0.999995, 0.848361, 0.000600673, -0.999999, -0.00151615, 1.02146, 0, 0, 0, 1
-0.999995, -0.000600122, 0.00295454, 0.290783, -0.00295546, 0.0015422, -0.999994, 0.848367, 0.000595562, -0.999999, -0.00154396, 1.02145, 0, 0, 0, 1
-0.999995, -0.000595175, 0.00304892, 0.29078, -0.00304985, 0.00157031, -0.999994, 0.848373, 0.000590383, -0.999999, -0.00157212, 1.02144, 0, 0, 0, 1
-0.999995, -0.000590166, 0.00314447, 0.290777, -0.00314541, 0.00159878, -0.999994, 0.848379, 0.000585135, -0.999999, -0.00160062, 1.02143, 0, 0, 0, 1
-0.999995, -0.000585097, 0.0032412, 0.290774, -0.00324214, 0.00162759, -0.999993, 0.848385, 0.000579818, -0.999999, -0.00162948, 1.02142, 0, 0, 0, 1
-0.999994, -0.000579967, 0.00333909, 0.29077, -0.00334005, 0.00165675, -0.999993, 0.848392, 0.000574431, -0.999998, -0.00165868, 1.02141, 0, 0, 0, 1
-0.999994, -0.000574777, 0.00343816, 0.290767, -0.00343913, 0.00168627, -0.999993, 0.848398, 0.000568975, -0.999998, -0.00168823, 1.0214, 0, 0, 0, 1
-0.999994, -0.000569526, 0.0035384, 0.290764, -0.00353937, 0.00171613, -0.999992, 0.848405, 0.00056345, -0.999998, -0.00171814, 1.02139, 0, 0, 0, 1
-0.999993, -0.000564215, 0.00363982, 0.290761, -0.0036408, 0.00174634, -0.999992, 0.848411, 0.000557854, -0.999998, -0.00174838, 1.02138, 0, 0, 0, 1
-0.999993, -0.000558843, 0.0037424, 0.290758, -0.00374339, 0.0017769, -0.999991, 0.848418, 0.000552189, -0.999998, -0.00177898, 1.02137, 0, 0, 0, 1
-0.999992, -0.000553411, 0.00384616, 0.290754, -0.00384715, 0.00180781, -0.999991, 0.848425, 0.000546453, -0.999998, -0.00180993, 1.02136, 0, 0, 0, 1
-0.999992, -0.000547919, 0.00395109, 0.290751, -0.00395209, 0.00183908, -0.99999, 0.848431, 0.000540647, -0.999998, -0.00184123, 1.02135, 0, 0, 0, 1
-0.999992, -0.000542366, 0.00405719, 0.290748, -0.0040582, 0.00187069, -0.99999, 0.848438, 0.00053477, -0.999998, -0.00187287, 1.02134, 0, 0, 0, 1
-0.999991, -0.000536752, 0.00416447, 0.290744, -0.00416548, 0.00190264, -0.99999, 0.848445, 0.000528823, -0.999998, -0.00190486, 1.02133, 0, 0, 0, 1
-0.999991, -0.000531078, 0.00427292, 0.290741, -0.00427394, 0.00193495, -0.999989, 0.848452, 0.000522805, -0.999998, -0.0019372, 1.02132, 0, 0, 0, 1
-0.99999, -0.000525344, 0.00438254, 0.290737, -0.00438356, 0.00196761, -0.999988, 0.848459, 0.000516715, -0.999998, -0.0019699, 1.0213, 0, 0, 0, 1
-0.99999, -0.00051955, 0.00449333, 0.290734, -0.00449436, 0.00200062, -0.999988, 0.848466, 0.000510554, -0.999998, -0.00200293, 1.02129, 0, 0, 0, 1
-0.999989, -0.000513696, 0.00460529, 0.29073, -0.00460633, 0.00203398, -0.999987, 0.848474, 0.000504322, -0.999998, -0.00203632, 1.02128, 0, 0, 0, 1
-0.999989, -0.000507781, 0.00471843, 0.290727, -0.00471947, 0.00206768, -0.999987, 0.848481, 0.000498018, -0.999998, -0.00207006, 1.02127, 0, 0, 0, 1
-0.999988, -0.000501806, 0.00483274, 0.290723, -0.00483379, 0.00210174, -0.999986, 0.848488, 0.000491642, -0.999998, -0.00210414, 1.02126, 0, 0, 0, 1
-0.999988, -0.000495771, 0.00494822, 0.29072, -0.00494927, 0.00213614, -0.999985, 0.848496, 0.000485194, -0.999998, -0.00213857, 1.02125, 0, 0, 0, 1
-0.999987, -0.000489676, 0.00506488, 0.290716, -0.00506593, 0.0021709, -0.999985, 0.848503, 0.000478674, -0.999998, -0.00217335, 1.02123, 0, 0, 0, 1
-0.999986, -0.000483521, 0.0051827, 0.290712, -0.00518376, 0.002206, -0.999984, 0.848511, 0.000472081, -0.999997, -0.00220848, 1.02122, 0, 0, 0, 1
-0.999986, -0.000477306, 0.0053017, 0.290708, -0.00530276, 0.00224146, -0.999983, 0.848519, 0.000465415, -0.999997, -0.00224396, 1.02121, 0, 0, 0, 1
-0.999985, -0.000471031, 0.00542187, 0.290705, -0.00542293, 0.00227726, -0.999983, 0.848526, 0.000458676, -0.999997, -0.00227978, 1.0212, 0, 0, 0, 1
-0.999985, -0.000464696, 0.00554322, 0.290701, -0.00554428, 0.00231342, -0.999982, 0.848534, 0.000451864, -0.999997, -0.00231596, 1.02119, 0, 0, 0, 1
-0.999984, -0.000458301, 0.00566573, 0.290697, -0.00566679, 0.00234992, -0.999981, 0.848542, 0.000444979, -0.999997, -0.00235248, 1.02117, 0, 0, 0, 1
-0.999983, -0.000451847, 0.00578942, 0.290693, -0.00579048, 0.00238677, -0.99998, 0.84855, 0.00043802, -0.999997, -0.00238935, 1.02116, 0, 0, 0, 1
-0.999982, -0.000445332, 0.00591428, 0.290689, -0.00591534, 0.00242397, -0.99998, 0.848558, 0.000430987, -0.999997, -0.00242656, 1.02115, 0, 0, 0, 1
-0.999982, -0.000438758, 0.00604031, 0.290685, -0.00604138, 0.00246152, -0.999979, 0.848566, 0.00042388, -0.999997, -0.00246413, 1.02113, 0, 0, 0, 1
-0.999981, -0.000432124, 0.00616752, 0.290681, -0.00616858, 0.00249942, -0.999978, 0.848575, 0.000416699, -0.999997, -0.00250204, 1.02112, 0, 0, 0, 1
-0.99998, -0.00042543, 0.0062959, 0.290677, -0.00629696, 0.00253767, -0.999977, 0.848583, 0.000409443, -0.999997, -0.0025403, 1.02111, 0, 0, 0, 1
-0.999979, -0.000418676, 0.00642545, 0.290673, -0.0064265, 0.00257628, -0.999976, 0.848591, 0.000402113, -0.999997, -0.00257891, 1.0211, 0, 0, 0, 1
-0.999978, -0.000411863, 0.00655617, 0.290669, -0.00655722, 0.00261522, -0.999975, 0.8486, 0.000394707, -0.999996, -0.00261787, 1.02108, 0, 0, 0, 1
-0.999978, -0.000404991, 0.00668806, 0.290664, -0.00668911, 0.00265452, -0.999974, 0.848608, 0.000387226, -0.999996, -0.00265717, 1.02107, 0, 0, 0, 1
-0.999977, -0.000398058, 0.00682113, 0.29066, -0.00682218, 0.00269417, -0.999973, 0.848617, 0.00037967, -0.999996, -0.00269683, 1.02105, 0, 0, 0, 1
-0.999976, -0.000391067, 0.00695537, 0.290656, -0.00695641, 0.00273417, -0.999972, 0.848626, 0.000372038, -0.999996, -0.00273683, 1.02104, 0, 0, 0, 1
-0.999975, -0.000384015, 0.00709078, 0.290652, -0.00709182, 0.00277452, -0.999971, 0.848634, 0.000364331, -0.999996, -0.00277717, 1.02103, 0, 0, 0, 1
-0.999974, -0.000376905, 0.00722736, 0.290647, -0.00722839, 0.00281522, -0.99997, 0.848643, 0.000356547, -0.999996, -0.00281787, 1.02101, 0, 0, 0, 1
-0.999973, -0.000369735, 0.00736512, 0.290643, -0.00736614, 0.00285626, -0.999969, 0.848652, 0.000348687, -0.999996, -0.00285891, 1.021, 0, 0, 0, 1
-0.999972, -0.000362505, 0.00750404, 0.290639, -0.00750506, 0.00289766, -0.999968, 0.848661, 0.00034075, -0.999996, -0.0029003, 1.02098, 0, 0, 0, 1
-0.999971, -0.000355217, 0.00764414, 0.290634, -0.00764516, 0.00293941, -0.999966, 0.84867, 0.000332736, -0.999996, -0.00294204, 1.02097, 0, 0, 0, 1
-0.99997, -0.000347869, 0.00778542, 0.29063, -0.00778642, 0.0029815, -0.999965, 0.848679, 0.000324645, -0.999995, -0.00298412, 1.02096, 0, 0, 0, 1
-0.999969, -0.000340462, 0.00792786, 0.290625, -0.00792886, 0.00302395, -0.999964, 0.848688, 0.000316476, -0.999995, -0.00302655, 1.02094, 0, 0, 0, 1
-0.999967, -0.000332996, 0.00807148, 0.290621, -0.00807246, 0.00306675, -0.999963, 0.848698, 0.00030823, -0.999995, -0.00306933, 1.02093, 0, 0, 0, 1
-0.999966, -0.00032547, 0.00821627, 0.290616, -0.00821724, 0.00310989, -0.999961, 0.848707, 0.000299906, -0.999995, -0.00311246, 1.02091, 0, 0, 0, 1
-0.999965, -0.000317886, 0.00836223, 0.290611, -0.00836319, 0.00315339, -0.99996, 0.848717, 0.000291504, -0.999995, -0.00315593, 1.0209, 0, 0, 0, 1
-0.999964, -0.000310242, 0.00850936, 0.290607, -0.00851031, 0.00319723, -0.999959, 0.848726, 0.000283023, -0.999995, -0.00319975, 1.02088, 0, 0, 0, 1
-0.999962, -0.00030254, 0.00865767, 0.290602, -0.0086586, 0.00324142, -0.999957, 0.848736, 0.000274464, -0.999995, -0.00324392, 1.02087, 0, 0, 0, 1
-0.999961, -0.000294779, 0.00880714, 0.290597, -0.00880807, 0.00328597, -0.999956, 0.848745, 0.000265826, -0.999995, -0.00328844, 1.02085, 0, 0, 0, 1
-0.99996, -0.000286958, 0.00895779, 0.290592, -0.0089587, 0.00333086, -0.999954, 0.848755, 0.000257108, -0.999994, -0.0033333, 1.02084, 0, 0, 0, 1
-0.999958, -0.000279079, 0.00910962, 0.290588, -0.00911051, 0.0033761, -0.999953, 0.848765, 0.000248311, -0.999994, -0.00337851, 1.02082, 0, 0, 0, 1
-0.999957, -0.000271141, 0.00926261, 0.290583, -0.00926348, 0.0034217, -0.999951, 0.848775, 0.000239434, -0.999994, -0.00342406, 1.02081, 0, 0, 0, 1
-0.999956, -0.000263145, 0.00941678, 0.290578, -0.00941763, 0.00346764, -0.99995, 0.848785, 0.000230477, -0.999994, -0.00346996, 1.02079, 0, 0, 0, 1
-0.999954, -0.000255089, 0.00957211, 0.290573, -0.00957295, 0.00351393, -0.999948, 0.848795, 0.00022144, -0.999994, -0.00351621, 1.02077, 0, 0, 0, 1
-0.999953, -0.000246975, 0.00972862, 0.290568, -0.00972944, 0.00356058, -0.999946, 0.848805, 0.000212322, -0.999994, -0.00356281, 1.02076, 0, 0, 0, 1
-0.999951, -0.000238803, 0.00988631, 0.290563, -0.0098871, 0.00360757, -0.999945, 0.848815, 0.000203124, -0.999993, -0.00360975, 1.02074, 0, 0, 0, 1
-0.99995, -0.000230571, 0.0100452, 0.290558, -0.0100459, 0.00365491, -0.999943, 0.848825, 0.000193844, -0.999993, -0.00365704, 1.02073, 0, 0, 0, 1
-0.999948, -0.000222282, 0.0102052, 0.290553, -0.0102059, 0.0037026, -0.999941, 0.848836, 0.000184483, -0.999993, -0.00370468, 1.02071, 0, 0, 0, 1
-0.999946, -0.000213934, 0.0103664, 0.290548, -0.0103671, 0.00375064, -0.999939, 0.848846, 0.00017504, -0.999993, -0.00375266, 1.02069, 0, 0, 0, 1
-0.999945, -0.000205527, 0.0105288, 0.290543, -0.0105295, 0.00379903, -0.999937, 0.848857, 0.000165515, -0.999993, -0.00380099, 1.02068, 0, 0, 0, 1
-0.999943, -0.000197062, 0.0106923, 0.290537, -0.010693, 0.00384777, -0.999935, 0.848867, 0.000155908, -0.999993, -0.00384966, 1.02066, 0, 0, 0, 1
-0.999941, -0.000188539, 0.010857, 0.290532, -0.0108577, 0.00389686, -0.999933, 0.848878, 0.000146218, -0.999992, -0.00389868, 1.02064, 0, 0, 0, 1
-0.999939, -0.000179957, 0.0110229, 0.290527, -0.0110235, 0.0039463, -0.999931, 0.848888, 0.000136445, -0.999992, -0.00394805, 1.02063, 0, 0, 0, 1
-0.999937, -0.000171318, 0.01119, 0.290522, -0.0111906, 0.0039961, -0.999929, 0.848899, 0.000126589, -0.999992, -0.00399776, 1.02061, 0, 0, 0, 1
-0.999935, -0.00016262, 0.0113582, 0.290516, -0.0113588, 0.00404624, -0.999927, 0.84891, 0.00011665, -0.999992, -0.00404782, 1.02059, 0, 0, 0, 1
-0.999934, -0.000153864, 0.0115276, 0.290511, -0.0115281, 0.00409673, -0.999925, 0.848921, 0.000106627, -0.999992, -0.00409823, 1.02057, 0, 0, 0, 1
-0.999932, -0.00014505, 0.0116982, 0.290505, -0.0116987, 0.00414757, -0.999923, 0.848932, 9.65196e-05, -0.999991, -0.00414898, 1.02056, 0, 0, 0, 1
-0.99993, -0.000136178, 0.0118699, 0.2905, -0.0118704, 0.00419875, -0.999921, 0.848943, 8.6328e-05, -0.999991, -0.00420008, 1.02054, 0, 0, 0, 1
-0.999927, -0.000127248, 0.0120428, 0.290494, -0.0120433, 0.00425029, -0.999918, 0.848954, 7.60517e-05, -0.999991, -0.00425152, 1.02052, 0, 0, 0, 1
-0.999925, -0.00011826, 0.0122169, 0.290489, -0.0122173, 0.00430218, -0.999916, 0.848966, 6.56904e-05, -0.999991, -0.00430331, 1.0205, 0, 0, 0, 1
-0.999923, -0.000109214, 0.0123922, 0.290483, -0.0123925, 0.00435442, -0.999914, 0.848977, 5.52438e-05, -0.999991, -0.00435544, 1.02049, 0, 0, 0, 1
-0.999921, -0.000100111, 0.0125686, 0.290478, -0.0125689, 0.00440701, -0.999911, 0.848988, 4.47116e-05, -0.99999, -0.00440792, 1.02047, 0, 0, 0, 1
-0.999919, -9.09493e-05, 0.0127462, 0.290472, -0.0127465, 0.00445995, -0.999909, 0.849, 3.40935e-05, -0.99999, -0.00446075, 1.02045, 0, 0, 0, 1
-0.999916, -8.17304e-05, 0.012925, 0.290466, -0.0129252, 0.00451324, -0.999906, 0.849011, 2.33891e-05, -0.99999, -0.00451392, 1.02043, 0, 0, 0, 1
-0.999914, -7.24539e-05, 0.013105, 0.290461, -0.0131052, 0.00456688, -0.999904, 0.849023, 1.25981e-05, -0.99999, -0.00456744, 1.02041, 0, 0, 0, 1
-0.999912, -6.31198e-05, 0.0132861, 0.290455, -0.0132862, 0.00462087, -0.999901, 0.849035, 1.72032e-06, -0.999989, -0.0046213, 1.02039, 0, 0, 0, 1
-0.999909, -5.37282e-05, 0.0134684, 0.290449, -0.0134685, 0.00467521, -0.999898, 0.849046, -9.24471e-06, -0.999989, -0.00467551, 1.02038, 0, 0, 0, 1
-0.999907, -4.42791e-05, 0.0136518, 0.290443, -0.0136519, 0.0047299, -0.999896, 0.849058, -2.02973e-05, -0.999989, -0.00473006, 1.02036, 0, 0, 0, 1
-0.999904, -3.47727e-05, 0.0138365, 0.290437, -0.0138365, 0.00478493, -0.999893, 0.84907, -3.14377e-05, -0.999989, -0.00478496, 1.02034, 0, 0, 0, 1
-0.999902, -2.52089e-05, 0.0140223, 0.290431, -0.0140222, 0.00484032, -0.99989, 0.849082, -4.26663e-05, -0.999988, -0.0048402, 1.02032, 0, 0, 0, 1
-0.999899, -1.55878e-05, 0.0142093, 0.290425, -0.0142092, 0.00489606, -0.999887, 0.849094, -5.39834e-05, -0.999988, -0.00489579, 1.0203, 0, 0, 0, 1
-0.999896, -5.90949e-06, 0.0143974, 0.290419, -0.0143973, 0.00495215, -0.999884, 0.849106, -6.53894e-05, -0.999988, -0.00495172, 1.02028, 0, 0, 0, 1
-0.999894, 3.82599e-06, 0.0145868, 0.290413, -0.0145865, 0.00500859, -0.999881, 0.849119, -7.68846e-05, -0.999987, -0.005008, 1.02026, 0, 0, 0, 1
-0.999891, 1.36186e-05, 0.0147772, 0.290407, -0.014777, 0.00506538, -0.999878, 0.849131, -8.84692e-05, -0.999987, -0.00506462, 1.02024, 0, 0, 0, 1
-0.999888, 2.34682e-05, 0.0149689, 0.290401, -0.0149686, 0.00512252, -0.999875, 0.849143, -0.000100144, -0.999987, -0.00512159, 1.02022, 0, 0, 0, 1
-0.999885, 3.33748e-05, 0.0151618, 0.290395, -0.0151614, 0.00518, -0.999872, 0.849156, -0.000111909, -0.999987, -0.0051789, 1.0202, 0, 0, 0, 1
-0.999882, 4.33384e-05, 0.0153558, 0.290389, -0.0153553, 0.00523784, -0.999868, 0.849168, -0.000123764, -0.999986, -0.00523656, 1.02018, 0, 0, 0, 1
-0.999879, 5.33588e-05, 0.015551, 0.290383, -0.0155505, 0.00529603, -0.999865, 0.849181, -0.00013571, -0.999986, -0.00529456, 1.02016, 0, 0, 0, 1
-0.999876, 6.34361e-05, 0.0157473, 0.290376, -0.0157467, 0.00535457, -0.999862, 0.849194, -0.000147747, -0.999986, -0.00535291, 1.02014, 0, 0, 0, 1
-0.999873, 7.35701e-05, 0.0159448, 0.29037, -0.0159442, 0.00541346, -0.999858, 0.849206, -0.000159876, -0.999985, -0.0054116, 1.02012, 0, 0, 0, 1
-0.99987, 8.37607e-05, 0.0161435, 0.290364, -0.0161428, 0.0054727, -0.999855, 0.849219, -0.000172097, -0.999985, -0.00547063, 1.0201, 0, 0, 0, 1
-0.999866, 9.40081e-05, 0.0163434, 0.290357, -0.0163426, 0.00553229, -0.999851, 0.849232, -0.00018441, -0.999985, -0.00553001, 1.02008, 0, 0, 0, 1
-0.999863, 0.000104312, 0.0165444, 0.290351, -0.0165436, 0.00559223, -0.999848, 0.849245, -0.000196816, -0.999984, -0.00558973, 1.02006, 0, 0, 0, 1
-0.99986, 0.000114672, 0.0167467, 0.290345, -0.0167457, 0.00565251, -0.999844, 0.849258, -0.000209315, -0.999984, -0.0056498, 1.02004, 0, 0, 0, 1
-0.999856, 0.000125089, 0.01695, 0.290338, -0.0169491, 0.00571315, -0.99984, 0.849271, -0.000221907, -0.999984, -0.00571021, 1.02002, 0, 0, 0, 1
-0.999853, 0.000135562, 0.0171546, 0.290332, -0.0171535, 0.00577414, -0.999836, 0.849285, -0.000234593, -0.999983, -0.00577097, 1.02, 0, 0, 0, 1
-0.999849, 0.000146092, 0.0173603, 0.290325, -0.0173592, 0.00583548, -0.999832, 0.849298, -0.000247373, -0.999983, -0.00583207, 1.01998, 0, 0, 0, 1
-0.999846, 0.000156678, 0.0175672, 0.290318, -0.017566, 0.00589717, -0.999828, 0.849311, -0.000260248, -0.999983, -0.00589351, 1.01996, 0, 0, 0, 1
-0.999842, 0.00016732, 0.0177753, 0.290312, -0.017774, 0.00595921, -0.999824, 0.849325, -0.000273217, -0.999982, -0.0059553, 1.01994, 0, 0, 0, 1
-0.999838, 0.000178018, 0.0179845, 0.290305, -0.0179831, 0.0060216, -0.99982, 0.849338, -0.000286281, -0.999982, -0.00601743, 1.01991, 0, 0, 0, 1
-0.999834, 0.000188772, 0.018195, 0.290298, -0.0181935, 0.00608434, -0.999816, 0.849352, -0.000299441, -0.999981, -0.0060799, 1.01989, 0, 0, 0, 1
-0.999831, 0.000199582, 0.0184065, 0.290292, -0.018405, 0.00614743, -0.999812, 0.849365, -0.000312697, -0.999981, -0.00614272, 1.01987, 0, 0, 0, 1
-0.999827, 0.000210448, 0.0186193, 0.290285, -0.0186176, 0.00621087, -0.999807, 0.849379, -0.00032605, -0.999981, -0.00620588, 1.01985, 0, 0, 0, 1
-0.999823, 0.00022137, 0.0188332, 0.290278, -0.0188315, 0.00627466, -0.999803, 0.849393, -0.000339499, -0.99998, -0.00626938, 1.01983, 0, 0, 0, 1
-0.999819, 0.000232348, 0.0190483, 0.290271, -0.0190465, 0.0063388, -0.999799, 0.849407, -0.000353045, -0.99998, -0.00633323, 1.01981, 0, 0, 0, 1
-0.999814, 0.000243381, 0.0192646, 0.290264, -0.0192626, 0.00640329, -0.999794, 0.849421, -0.000366688, -0.999979, -0.00639742, 1.01978, 0, 0, 0, 1
-0.99981, 0.00025447, 0.019482, 0.290257, -0.01948, 0.00646814, -0.999789, 0.849435, -0.000380429, -0.999979, -0.00646195, 1.01976, 0, 0, 0, 1
-0.999806, 0.000265615, 0.0197006, 0.29025, -0.0196985, 0.00653333, -0.999785, 0.849449, -0.000394269, -0.999979, -0.00652683, 1.01974, 0, 0, 0, 1
-0.999802, 0.000276815, 0.0199204, 0.290243, -0.0199182, 0.00659887, -0.99978, 0.849463, -0.000408207, -0.999978, -0.00659205, 1.01972, 0, 0, 0, 1
-0.999797, 0.000288071, 0.0201414, 0.290236, -0.020139, 0.00666476, -0.999775, 0.849477, -0.000422244, -0.999978, -0.00665761, 1.01969, 0, 0, 0, 1
-0.999793, 0.000299382, 0.0203635, 0.290229, -0.020361, 0.006731, -0.99977, 0.849492, -0.00043638, -0.999977, -0.00672351, 1.01967, 0, 0, 0, 1
-0.999788, 0.000310749, 0.0205868, 0.290222, -0.0205842, 0.0067976, -0.999765, 0.849506, -0.000450617, -0.999977, -0.00678976, 1.01965, 0, 0, 0, 1
-0.999783, 0.00032217, 0.0208113, 0.290215, -0.0208086, 0.00686454, -0.99976, 0.849521, -0.000464953, -0.999976, -0.00685635, 1.01963, 0, 0, 0, 1
-0.999779, 0.000333647, 0.0210369, 0.290208, -0.0210341, 0.00693183, -0.999755, 0.849535, -0.00047939, -0.999976, -0.00692328, 1.0196, 0, 0, 0, 1
-0.999774, 0.000345179, 0.0212637, 0.2902, -0.0212608, 0.00699948, -0.999749, 0.84955, -0.000493928, -0.999975, -0.00699055, 1.01958, 0, 0, 0, 1
-0.999769, 0.000356766, 0.0214917, 0.290193, -0.0214886, 0.00706747, -0.999744, 0.849564, -0.000508567, -0.999975, -0.00705817, 1.01956, 0, 0, 0, 1
-0.999764, 0.000368409, 0.0217209, 0.290186, -0.0217177, 0.00713581, -0.999739, 0.849579, -0.000523308, -0.999974, -0.00712613, 1.01953, 0, 0, 0, 1
-0.999759, 0.000380105, 0.0219512, 0.290178, -0.0219479, 0.00720451, -0.999733, 0.849594, -0.000538151, -0.999974, -0.00719443, 1.01951, 0, 0, 0, 1
-0.999754, 0.000391857, 0.0221827, 0.290171, -0.0221792, 0.00727355, -0.999728, 0.849609, -0.000553097, -0.999973, -0.00726307, 1.01949, 0, 0, 0, 1
-0.999749, 0.000403664, 0.0224153, 0.290163, -0.0224118, 0.00734295, -0.999722, 0.849624, -0.000568146, -0.999973, -0.00733206, 1.01946, 0, 0, 0, 1
-0.999743, 0.000415525, 0.0226492, 0.290156, -0.0226455, 0.00741269, -0.999716, 0.849639, -0.000583298, -0.999972, -0.00740138, 1.01944, 0, 0, 0, 1
-0.999738, 0.000427441, 0.0228842, 0.290148, -0.0228803, 0.00748279, -0.99971, 0.849654, -0.000598555, -0.999972, -0.00747105, 1.01941, 0, 0, 0, 1
-0.999733, 0.000439411, 0.0231204, 0.290141, -0.0231164, 0.00755324, -0.999704, 0.84967, -0.000613915, -0.999971, -0.00754106, 1.01939, 0, 0, 0, 1
-0.999727, 0.000451436, 0.0233577, 0.290133, -0.0233536, 0.00762403, -0.999698, 0.849685, -0.00062938, -0.999971, -0.00761141, 1.01937, 0, 0, 0, 1
-0.999721, 0.000463516, 0.0235962, 0.290126, -0.023592, 0.00769518, -0.999692, 0.8497, -0.00064495, -0.99997, -0.0076821, 1.01934, 0, 0, 0, 1
-0.999716, 0.000475649, 0.0238359, 0.290118, -0.0238315, 0.00776668, -0.999686, 0.849716, -0.000660626, -0.99997, -0.00775313, 1.01932, 0, 0, 0, 1
-0.99971, 0.000487837, 0.0240768, 0.29011, -0.0240722, 0.00783853, -0.999679, 0.849731, -0.000676407, -0.999969, -0.00782451, 1.01929, 0, 0, 0, 1
-0.999704, 0.000500079, 0.0243188, 0.290102, -0.0243141, 0.00791072, -0.999673, 0.849747, -0.000692295, -0.999969, -0.00789622, 1.01927, 0, 0, 0, 1
-0.999698, 0.000512375, 0.024562, 0.290095, -0.0245571, 0.00798327, -0.999667, 0.849763, -0.00070829, -0.999968, -0.00796828, 1.01924, 0, 0, 0, 1
-0.999692, 0.000524726, 0.0248064, 0.290087, -0.0248014, 0.00805617, -0.99966, 0.849778, -0.000724392, -0.999967, -0.00804068, 1.01922, 0, 0, 0, 1
-0.999686, 0.00053713, 0.0250519, 0.290079, -0.0250467, 0.00812942, -0.999653, 0.849794, -0.000740601, -0.999967, -0.00811342, 1.01919, 0, 0, 0, 1
-0.99968, 0.000549588, 0.0252986, 0.290071, -0.0252933, 0.00820302, -0.999646, 0.84981, -0.000756919, -0.999966, -0.0081865, 1.01917, 0, 0, 0, 1
-0.999673, 0.0005621, 0.0255465, 0.290063, -0.025541, 0.00827697, -0.99964, 0.849826, -0.000773345, -0.999966, -0.00825992, 1.01914, 0, 0, 0, 1
-0.999667, 0.000574665, 0.0257956, 0.290055, -0.0257899, 0.00835128, -0.999633, 0.849842, -0.00078988, -0.999965, -0.00833368, 1.01912, 0, 0, 0, 1
-0.999661, 0.000587284, 0.0260458, 0.290047, -0.0260399, 0.00842593, -0.999625, 0.849858, -0.000806524, -0.999964, -0.00840778, 1.01909, 0, 0, 0, 1
-0.999654, 0.000599957, 0.0262972, 0.290039, -0.0262911, 0.00850093, -0.999618, 0.849874, -0.000823279, -0.999964, -0.00848222, 1.01907, 0, 0, 0, 1
-0.999647, 0.000612683, 0.0265498, 0.290031, -0.0265435, 0.00857628, -0.999611, 0.849891, -0.000840143, -0.999963, -0.008557, 1.01904, 0, 0, 0, 1
-0.999641, 0.000625463, 0.0268035, 0.290023, -0.0267971, 0.00865199, -0.999603, 0.849907, -0.000857119, -0.999962, -0.00863212, 1.01902, 0, 0, 0, 1
-0.999634, 0.000638296, 0.0270584, 0.290014, -0.0270518, 0.00872804, -0.999596, 0.849924, -0.000874205, -0.999962, -0.00870758, 1.01899, 0, 0, 0, 1
-0.999627, 0.000651182, 0.0273145, 0.290006, -0.0273077, 0.00880445, -0.999588, 0.84994, -0.000891403, -0.999961, -0.00878338, 1.01896, 0, 0, 0, 1
-0.99962, 0.000664122, 0.0275717, 0.289998, -0.0275647, 0.0088812, -0.999581, 0.849957, -0.000908713, -0.99996, -0.00885952, 1.01894, 0, 0, 0, 1
-0.999612, 0.000677114, 0.0278301, 0.28999, -0.027823, 0.00895831, -0.999573, 0.849973, -0.000926136, -0.99996, -0.008936, 1.01891, 0, 0, 0, 1
-0.999605, 0.00069016, 0.0280897, 0.289981, -0.0280823, 0.00903577, -0.999565, 0.84999, -0.000943672, -0.999959, -0.00901282, 1.01888, 0, 0, 0, 1
-0.999598, 0.000703259, 0.0283505, 0.289973, -0.0283429, 0.00911357, -0.999557, 0.850007, -0.000961321, -0.999958, -0.00908998, 1.01886, 0, 0, 0, 1
-0.99959, 0.00071641, 0.0286124, 0.289964, -0.0286046, 0.00919173, -0.999549, 0.850024, -0.000979084, -0.999957, -0.00916747, 1.01883, 0, 0, 0, 1
-0.999583, 0.000729614, 0.0288755, 0.289956, -0.0288675, 0.00927024, -0.99954, 0.850041, -0.000996962, -0.999957, -0.00924531, 1.0188, 0, 0, 0, 1
-0.999575, 0.000742871, 0.0291398, 0.289947, -0.0291315, 0.0093491, -0.999532, 0.850058, -0.00101495, -0.999956, -0.00932349, 1.01878, 0, 0, 0, 1
-0.999567, 0.000756181, 0.0294052, 0.289939, -0.0293968, 0.00942831, -0.999523, 0.850075, -0.00103306, -0.999955, -0.009402, 1.01875, 0, 0, 0, 1
-0.999559, 0.000769543, 0.0296718, 0.28993, -0.0296631, 0.00950787, -0.999515, 0.850092, -0.00105128, -0.999955, -0.00948086, 1.01872, 0, 0, 0, 1
-0.999551, 0.000782957, 0.0299396, 0.289922, -0.0299307, 0.00958778, -0.999506, 0.850109, -0.00106962, -0.999954, -0.00956005, 1.0187, 0, 0, 0, 1
-0.999543, 0.000796424, 0.0302085, 0.289913, -0.0301994, 0.00966805, -0.999497, 0.850127, -0.00108808, -0.999953, -0.00963958, 1.01867, 0, 0, 0, 1
-0.999535, 0.000809943, 0.0304786, 0.289904, -0.0304693, 0.00974866, -0.999488, 0.850144, -0.00110665, -0.999952, -0.00971945, 1.01864, 0, 0, 0, 1
-0.999527, 0.000823514, 0.0307499, 0.289896, -0.0307403, 0.00982962, -0.999479, 0.850162, -0.00112535, -0.999951, -0.00979966, 1.01861, 0, 0, 0, 1
-0.999518, 0.000837138, 0.0310224, 0.289887, -0.0310126, 0.00991094, -0.99947, 0.850179, -0.00114415, -0.999951, -0.0098802, 1.01859, 0, 0, 0, 1
-0.99951, 0.000850813, 0.031296, 0.289878, -0.0312859, 0.00999261, -0.999461, 0.850197, -0.00116308, -0.99995, -0.00996109, 1.01856, 0, 0, 0, 1
-0.999501, 0.000864541, 0.0315708, 0.289869, -0.0315605, 0.0100746, -0.999451, 0.850215, -0.00118213, -0.999949, -0.0100423, 1.01853, 0, 0, 0, 1
-0.999492, 0.00087832, 0.0318467, 0.28986, -0.0318362, 0.010157, -0.999441, 0.850232, -0.0012013, -0.999948, -0.0101239, 1.0185, 0, 0, 0, 1
-0.999483, 0.000892151, 0.0321239, 0.289851, -0.0321131, 0.0102397, -0.999432, 0.85025, -0.00122058, -0.999947, -0.0102058, 1.01847, 0, 0, 0, 1
-0.999475, 0.000906034, 0.0324022, 0.289842, -0.0323911, 0.0103228, -0.999422, 0.850268, -0.00123999, -0.999946, -0.010288, 1.01844, 0, 0, 0, 1
-0.999465, 0.000919968, 0.0326816, 0.289833, -0.0326703, 0.0104062, -0.999412, 0.850286, -0.00125952, -0.999945, -0.0103706, 1.01842, 0, 0, 0, 1
-0.999456, 0.000933954, 0.0329623, 0.289824, -0.0329507, 0.01049, -0.999402, 0.850304, -0.00127917, -0.999945, -0.0104535, 1.01839, 0, 0, 0, 1
-0.999447, 0.000947992, 0.0332441, 0.289815, -0.0332322, 0.0105741, -0.999392, 0.850322, -0.00129894, -0.999944, -0.0105367, 1.01836, 0, 0, 0, 1
-0.999437, 0.00096208, 0.033527, 0.289806, -0.0335149, 0.0106586, -0.999381, 0.850341, -0.00131884, -0.999943, -0.0106203, 1.01833, 0, 0, 0, 1
-0.999428, 0.00097622, 0.0338112, 0.289797, -0.0337988, 0.0107434, -0.999371, 0.850359, -0.00133885, -0.999942, -0.0107042, 1.0183, 0, 0, 0, 1
-0.999418, 0.000990412, 0.0340965, 0.289788, -0.0340838, 0.0108286, -0.99936, 0.850377, -0.00135899, -0.999941, -0.0107885, 1.01827, 0, 0, 0, 1
-0.999408, 0.00100465, 0.034383, 0.289778, -0.03437, 0.0109141, -0.99935, 0.850396, -0.00137926, -0.99994, -0.0108731, 1.01824, 0, 0, 0, 1
-0.999398, 0.00101895, 0.0346706, 0.289769, -0.0346573, 0.011, -0.999339, 0.850414, -0.00139965, -0.999939, -0.010958, 1.01821, 0, 0, 0, 1
-0.999388, 0.00103329, 0.0349594, 0.28976, -0.0349459, 0.0110862, -0.999328, 0.850433, -0.00142016, -0.999938, -0.0110433, 1.01818, 0, 0, 0, 1
-0.999378, 0.00104769, 0.0352494, 0.28975, -0.0352356, 0.0111728, -0.999317, 0.850452, -0.0014408, -0.999937, -0.0111289, 1.01816, 0, 0, 0, 1
-0.999368, 0.00106213, 0.0355406, 0.289741, -0.0355264, 0.0112597, -0.999305, 0.85047, -0.00146157, -0.999936, -0.0112148, 1.01813, 0, 0, 0, 1
-0.999357, 0.00107663, 0.0358329, 0.289732, -0.0358184, 0.011347, -0.999294, 0.850489, -0.00148246, -0.999935, -0.0113011, 1.0181, 0, 0, 0, 1
-0.999347, 0.00109117, 0.0361264, 0.289722, -0.0361116, 0.0114346, -0.999282, 0.850508, -0.00150348, -0.999934, -0.0113877, 1.01807, 0, 0, 0, 1
-0.999336, 0.00110577, 0.0364211, 0.289713, -0.0364059, 0.0115226, -0.999271, 0.850527, -0.00152463, -0.999933, -0.0114747, 1.01804, 0, 0, 0, 1
-0.999325, 0.00112042, 0.0367169, 0.289703, -0.0367014, 0.0116109, -0.999259, 0.850546, -0.00154591, -0.999932, -0.011562, 1.01801, 0, 0, 0, 1
-0.999314, 0.00113512, 0.0370139, 0.289693, -0.0369981, 0.0116996, -0.999247, 0.850565, -0.00156731, -0.999931, -0.0116496, 1.01798, 0, 0, 0, 1
-0.999303, 0.00114987, 0.0373121, 0.289684, -0.0372959, 0.0117886, -0.999235, 0.850584, -0.00158884, -0.99993, -0.0117375, 1.01795, 0, 0, 0, 1
-0.999292, 0.00116466, 0.0376114, 0.289674, -0.0375949, 0.011878, -0.999222, 0.850604, -0.00161051, -0.999929, -0.0118258, 1.01791, 0, 0, 0, 1
-0.99928, 0.00117951, 0.0379119, 0.289664, -0.0378951, 0.0119678, -0.99921, 0.850623, -0.0016323, -0.999928, -0.0119144, 1.01788, 0, 0, 0, 1
-0.999269, 0.00119441, 0.0382136, 0.289655, -0.0381964, 0.0120578, -0.999197, 0.850643, -0.00165423, -0.999927, -0.0120034, 1.01785, 0, 0, 0, 1
-0.999257, 0.00120936, 0.0385164, 0.289645, -0.0384989, 0.0121483, -0.999185, 0.850662, -0.00167628, -0.999925, -0.0120927, 1.01782, 0, 0, 0, 1
-0.999245, 0.00122436, 0.0388204, 0.289635, -0.0388026, 0.0122391, -0.999172, 0.850682, -0.00169847, -0.999924, -0.0121823, 1.01779, 0, 0, 0, 1
-0.999234, 0.0012394, 0.0391256, 0.289625, -0.0391074, 0.0123302, -0.999159, 0.850701, -0.00172079, -0.999923, -0.0122723, 1.01776, 0, 0, 0, 1
-0.999221, 0.0012545, 0.0394319, 0.289615, -0.0394133, 0.0124217, -0.999146, 0.850721, -0.00174324, -0.999922, -0.0123626, 1.01773, 0, 0, 0, 1
-0.999209, 0.00126965, 0.0397394, 0.289605, -0.0397205, 0.0125136, -0.999132, 0.850741, -0.00176583, -0.999921, -0.0124532, 1.0177, 0, 0, 0, 1
-0.999197, 0.00128484, 0.0400481, 0.289595, -0.0400288, 0.0126058, -0.999119, 0.850761, -0.00178855, -0.99992, -0.0125442, 1.01767, 0, 0, 0, 1
-0.999184, 0.00130009, 0.040358, 0.289585, -0.0403382, 0.0126983, -0.999105, 0.850781, -0.0018114, -0.999919, -0.0126355, 1.01764, 0, 0, 0, 1
-0.999172, 0.00131538, 0.040669, 0.289575, -0.0406489, 0.0127912, -0.999092, 0.850801, -0.00183439, -0.999917, -0.0127271, 1.0176, 0, 0, 0, 1
-0.999159, 0.00133072, 0.0409811, 0.289565, -0.0409606, 0.0128844, -0.999078, 0.850821, -0.00185752, -0.999916, -0.0128191, 1.01757, 0, 0, 0, 1
-0.999146, 0.00134612, 0.0412945, 0.289555, -0.0412736, 0.012978, -0.999064, 0.850841, -0.00188078, -0.999915, -0.0129114, 1.01754, 0, 0, 0, 1
-0.999133, 0.00136156, 0.041609, 0.289544, -0.0415877, 0.013072, -0.999049, 0.850861, -0.00190418, -0.999914, -0.013004, 1.01751, 0, 0, 0, 1
-0.99912, 0.00137705, 0.0419247, 0.289534, -0.041903, 0.0131663, -0.999035, 0.850882, -0.00192771, -0.999912, -0.013097, 1.01748, 0, 0, 0, 1
-0.999106, 0.00139259, 0.0422415, 0.289524, -0.0422194, 0.013261, -0.99902, 0.850902, -0.00195138, -0.999911, -0.0131903, 1.01744, 0, 0, 0, 1
-0.999093, 0.00140817, 0.0425595, 0.289514, -0.042537, 0.013356, -0.999006, 0.850922, -0.0019752, -0.99991, -0.0132839, 1.01741, 0, 0, 0, 1
-0.999079, 0.00142381, 0.0428787, 0.289503, -0.0428557, 0.0134513, -0.998991, 0.850943, -0.00199915, -0.999909, -0.0133779, 1.01738, 0, 0, 0, 1
-0.999065, 0.00143949, 0.0431991, 0.289493, -0.0431757, 0.013547, -0.998976, 0.850964, -0.00202324, -0.999907, -0.0134722, 1.01735, 0, 0, 0, 1
