-0.999999, -0.000797434, -0.000797196, 0.290901, 0.000796858, 0.000424669, -1, 0.848124, 0.000797772, -1, -0.000424033, 1.02183, 0, 0, 0, 1
-0.999999, -0.000797331, -0.000796551, 0.290901, 0.000796212, 0.000424875, -1, 0.848124, 0.000797669, -1, -0.00042424, 1.02183, 0, 0, 0, 1
-0.999999, -0.00079702, -0.000794614, 0.290901, 0.000794275, 0.000425495, -1, 0.848124, 0.000797358, -1, -0.000424861, 1.02183, 0, 0, 0, 1
-0.999999, -0.000796503, -0.000791387, 0.290901, 0.000791048, 0.000426527, -1, 0.848124, 0.00079684, -1, -0.000425897, 1.02183, 0, 0, 0, 1
-0.999999, -0.000795779, -0.000786869, 0.290901, 0.000786529, 0.000427972, -1, 0.848124, 0.000796115, -1, -0.000427346, 1.02183, 0, 0, 0, 1
-0.999999, -0.000794848, -0.000781061, 0.290901, 0.000780719, 0.000429831, -1, 0.848125, 0.000795183, -1, -0.00042921, 1.02183, 0, 0, 0, 1
-0.999999, -0.00079371, -0.000773961, 0.2909, 0.000773618, 0.000432102, -1, 0.848125, 0.000794044, -1, -0.000431488, 1.02183, 0, 0, 0, 1
-0.999999, -0.000792365, -0.000765571, 0.2909, 0.000765226, 0.000434786, -1, 0.848125, 0.000792698, -1, -0.00043418, 1.02183, 0, 0, 0, 1
-0.999999, -0.000790813, -0.000755889, 0.2909, 0.000755543, 0.000437883, -1, 0.848125, 0.000791144, -1, -0.000437286, 1.02183, 0, 0, 0, 1
-0.999999, -0.000789055, -0.000744917, 0.290899, 0.000744569, 0.000441393, -1, 0.848125, 0.000789383, -1, -0.000440806, 1.02183, 0, 0, 0, 1
-0.999999, -0.000787089, -0.000732654, 0.290899, 0.000732304, 0.000445317, -1, 0.848126, 0.000787415, -1, -0.00044474, 1.02183, 0, 0, 0, 1
-0.999999, -0.000784917, -0.000719101, 0.290899, 0.000718748, 0.000449653, -1, 0.848126, 0.00078524, -1, -0.000449088, 1.02183, 0, 0, 0, 1
-0.999999, -0.000782538, -0.000704256, 0.290898, 0.000703901, 0.000454402, -1, 0.848126, 0.000782858, -1, -0.000453851, 1.02182, 0, 0, 0, 1
-0.999999, -0.000779952, -0.000688121, 0.290898, 0.000687762, 0.000459564, -1, 0.848127, 0.000780268, -1, -0.000459027, 1.02182, 0, 0, 0, 1
-0.999999, -0.000777159, -0.000670694, 0.290897, 0.000670333, 0.000465139, -1, 0.848127, 0.000777471, -1, -0.000464618, 1.02182, 0, 0, 0, 1
-0.999999, -0.000774159, -0.000651977, 0.290897, 0.000651613, 0.000471127, -1, 0.848128, 0.000774466, -1, -0.000470622, 1.02182, 0, 0, 0, 1
-1, -0.000770953, -0.000631969, 0.290896, 0.000631601, 0.000477528, -1, 0.848128, 0.000771254, -1, -0.000477041, 1.02182, 0, 0, 0, 1
-1, -0.000767539, -0.000610671, 0.290895, 0.000610299, 0.000484342, -1, 0.848129, 0.000767835, -1, -0.000483873, 1.02181, 0, 0, 0, 1
-1, -0.000763919, -0.000588081, 0.290895, 0.000587706, 0.000491569, -1, 0.848129, 0.000764208, -1, -0.000491119, 1.02181, 0, 0, 0, 1
-1, -0.000760092, -0.000564201, 0.290894, 0.000563821, 0.000499209, -1, 0.84813, 0.000760374, -1, -0.00049878, 1.02181, 0, 0, 0, 1
-1, -0.000756059, -0.000539029, 0.290893, 0.000538646, 0.000507262, -1, 0.84813, 0.000756332, -1, -0.000506854, 1.02181, 0, 0, 0, 1
-1, -0.000751818, -0.000512567, 0.290893, 0.00051218, 0.000515728, -1, 0.848131, 0.000752082, -1, -0.000515342, 1.0218, 0, 0, 0, 1
-1, -0.000747371, -0.000484814, 0.290892, 0.000484422, 0.000524607, -1, 0.848131, 0.000747625, -1, -0.000524245, 1.0218, 0, 0, 0, 1
-1, -0.000742717, -0.000455771, 0.290891, 0.000455374, 0.000533899, -1, 0.848132, 0.00074296, -1, -0.00053356, 1.0218, 0, 0, 0, 1
-1, -0.000737857, -0.000425436, 0.29089, 0.000425035, 0.000543604, -1, 0.848133, 0.000738088, -1, -0.00054329, 1.02179, 0, 0, 0, 1
-1, -0.000732789, -0.000393811, 0.290889, 0.000393405, 0.000553722, -1, 0.848134, 0.000733007, -1, -0.000553434, 1.02179, 0, 0, 0, 1
-1, -0.000727515, -0.000360894, 0.290888, 0.000360484, 0.000564254, -1, 0.848134, 0.000727719, -1, -0.000563991, 1.02179, 0, 0, 0, 1
-1, -0.000722035, -0.000326687, 0.290887, 0.000326272, 0.000575198, -1, 0.848135, 0.000722222, -1, -0.000574962, 1.02178, 0, 0, 0, 1
-1, -0.000716347, -0.000291189, 0.290886, 0.000290769, 0.000586555, -1, 0.848136, 0.000716518, -1, -0.000586347, 1.02178, 0, 0, 0, 1
-1, -0.000710453, -0.000254401, 0.290885, 0.000253976, 0.000598326, -1, 0.848137, 0.000710605, -1, -0.000598145, 1.02177, 0, 0, 0, 1
-1, -0.000704353, -0.000216321, 0.290884, 0.000215891, 0.00061051, -1, 0.848138, 0.000704485, -1, -0.000610357, 1.02177, 0, 0, 0, 1
-1, -0.000698046, -0.000176951, 0.290883, 0.000176516, 0.000623106, -1, 0.848139, 0.000698156, -1, -0.000622983, 1.02176, 0, 0, 0, 1
-1, -0.000691532, -0.000136289, 0.290881, 0.00013585, 0.000636116, -1, 0.848139, 0.000691619, -1, -0.000636022, 1.02176, 0, 0, 0, 1
-1, -0.000684812, -9.43373e-05, 0.29088, 9.38925e-05, 0.000649539, -1, 0.84814, 0.000684873, -1, -0.000649475, 1.02176, 0, 0, 0, 1
-1, -0.000677885, -5.10944e-05, 0.290879, 5.06447e-05, 0.000663375, -1, 0.848141, 0.000677919, -1, -0.000663341, 1.02175, 0, 0, 0, 1
-1, -0.000670752, -6.56064e-06, 0.290877, 6.10612e-06, 0.000677625, -1, 0.848142, 0.000670756, -1, -0.00067762, 1.02175, 0, 0, 0, 1
-1, -0.000663413, 3.9264e-05, 0.290876, -3.97232e-05, 0.000692287, -1, 0.848144, 0.000663385, -1, -0.000692313, 1.02174, 0, 0, 0, 1
-1, -0.000655866, 8.63794e-05, 0.290875, -8.68433e-05, 0.000707363, -1, 0.848145, 0.000655805, -1, -0.00070742, 1.02173, 0, 0, 0, 1
-1, -0.000648114, 0.000134786, 0.290873, -0.000135254, 0.000722852, -1, 0.848146, 0.000648016, -1, -0.000722939, 1.02173, 0, 0, 0, 1
-1, -0.000640155, 0.000184483, 0.290872, -0.000184956, 0.000738754, -1, 0.848147, 0.000640019, -1, -0.000738872, 1.02172, 0, 0, 0, 1
-1, -0.00063199, 0.000235471, 0.29087, -0.000235948, 0.000755069, -1, 0.848148, 0.000631812, -1, -0.000755218, 1.02172, 0, 0, 0, 1
-1, -0.000623618, 0.000287749, 0.290869, -0.000288231, 0.000771798, -1, 0.848149, 0.000623396, -1, -0.000771977, 1.02171, 0, 0, 0, 1
-1, -0.000615041, 0.000341319, 0.290867, -0.000341804, 0.000788939, -1, 0.84815, 0.000614771, -0.999999, -0.00078915, 1.02171, 0, 0, 0, 1
-1, -0.000606257, 0.000396179, 0.290865, -0.000396668, 0.000806495, -1, 0.848152, 0.000605937, -0.999999, -0.000806735, 1.0217, 0, 0, 0, 1
-1, -0.000597266, 0.000452331, 0.290864, -0.000452823, 0.000824463, -1, 0.848153, 0.000596893, -0.999999, -0.000824733, 1.02169, 0, 0, 0, 1
-1, -0.00058807, 0.000509773, 0.290862, -0.000510268, 0.000842845, -1, 0.848154, 0.00058764, -0.999999, -0.000843144, 1.02169, 0, 0, 0, 1
-1, -0.000578667, 0.000568506, 0.29086, -0.000569004, 0.00086164, -0.999999, 0.848156, 0.000578177, -0.999999, -0.000861969, 1.02168, 0, 0, 0, 1
-1, -0.000569058, 0.000628529, 0.290858, -0.000629031, 0.000880848, -0.999999, 0.848157, 0.000568504, -0.999999, -0.000881206, 1.02167, 0, 0, 0, 1
-1, -0.000559243, 0.000689844, 0.290857, -0.000690347, 0.00090047, -0.999999, 0.848159, 0.000558622, -0.999999, -0.000900855, 1.02167, 0, 0, 0, 1
-1, -0.000549222, 0.000752449, 0.290855, -0.000752955, 0.000920505, -0.999999, 0.84816, 0.000548529, -0.999999, -0.000920918, 1.02166, 0, 0, 0, 1
-1, -0.000538995, 0.000816346, 0.290853, -0.000816853, 0.000940953, -0.999999, 0.848161, 0.000538227, -0.999999, -0.000941393, 1.02165, 0, 0, 0, 1
-0.999999, -0.000528562, 0.000881533, 0.290851, -0.000882041, 0.000961815, -0.999999, 0.848163, 0.000527714, -0.999999, -0.000962281, 1.02165, 0, 0, 0, 1
-0.999999, -0.000517923, 0.000948011, 0.290849, -0.000948519, 0.00098309, -0.999999, 0.848165, 0.000516991, -0.999999, -0.000983581, 1.02164, 0, 0, 0, 1
-0.999999, -0.000507078, 0.00101578, 0.290847, -0.00101629, 0.00100478, -0.999999, 0.848166, 0.000506057, -0.999999, -0.00100529, 1.02163, 0, 0, 0, 1
-0.999999, -0.000496027, 0.00108484, 0.290845, -0.00108535, 0.00102688, -0.999999, 0.848168, 0.000494913, -0.999999, -0.00102742, 1.02162, 0, 0, 0, 1
-0.999999, -0.000484771, 0.00115519, 0.290843, -0.0011557, 0.0010494, -0.999999, 0.848169, 0.000483558, -0.999999, -0.00104996, 1.02161, 0, 0, 0, 1
-0.999999, -0.000473308, 0.00122683, 0.290841, -0.00122734, 0.00107233, -0.999999, 0.848171, 0.000471992, -0.999999, -0.00107291, 1.02161, 0, 0, 0, 1
-0.999999, -0.00046164, 0.00129976, 0.290838, -0.00130027, 0.00109567, -0.999999, 0.848173, 0.000460215, -0.999999, -0.00109627, 1.0216, 0, 0, 0, 1
-0.999999, -0.000449766, 0.00137399, 0.290836, -0.00137449, 0.00111942, -0.999998, 0.848174, 0.000448227, -0.999999, -0.00112004, 1.02159, 0, 0, 0, 1
-0.999999, -0.000437686, 0.0014495, 0.290834, -0.00145, 0.00114359, -0.999998, 0.848176, 0.000436028, -0.999999, -0.00114423, 1.02158, 0, 0, 0, 1
-0.999999, -0.000425401, 0.0015263, 0.290832, -0.0015268, 0.00116818, -0.999998, 0.848178, 0.000423617, -0.999999, -0.00116883, 1.02157, 0, 0, 0, 1
-0.999999, -0.00041291, 0.0016044, 0.290829, -0.00160489, 0.00119317, -0.999998, 0.84818, 0.000410995, -0.999999, -0.00119384, 1.02156, 0, 0, 0, 1
-0.999999, -0.000400214, 0.00168379, 0.290827, -0.00168427, 0.00121859, -0.999998, 0.848181, 0.000398161, -0.999999, -0.00121926, 1.02156, 0, 0, 0, 1
-0.999998, -0.000387311, 0.00176446, 0.290825, -0.00176494, 0.00124441, -0.999998, 0.848183, 0.000385115, -0.999999, -0.00124509, 1.02155, 0, 0, 0, 1
-0.999998, -0.000374204, 0.00184643, 0.290822, -0.0018469, 0.00127065, -0.999997, 0.848185, 0.000371857, -0.999999, -0.00127134, 1.02154, 0, 0, 0, 1
-0.999998, -0.000360891, 0.00192969, 0.29082, -0.00193016, 0.0012973, -0.999997, 0.848187, 0.000358387, -0.999999, -0.00129799, 1.02153, 0, 0, 0, 1
-0.999998, -0.000347373, 0.00201424, 0.290817, -0.0020147, 0.00132436, -0.999997, 0.848189, 0.000344704, -0.999999, -0.00132506, 1.02152, 0, 0, 0, 1
-0.999998, -0.000333649, 0.00210008, 0.290815, -0.00210053, 0.00135184, -0.999997, 0.848191, 0.000330809, -0.999999, -0.00135254, 1.02151, 0, 0, 0, 1
-0.999998, -0.00031972, 0.00218721, 0.290812, -0.00218765, 0.00137974, -0.999997, 0.848193, 0.000316702, -0.999999, -0.00138043, 1.0215, 0, 0, 0, 1
-0.999997, -0.000305586, 0.00227563, 0.290809, -0.00227606, 0.00140804, -0.999996, 0.848195, 0.000302381, -0.999999, -0.00140873, 1.02149, 0, 0, 0, 1
-0.999997, -0.000291247, 0.00236534, 0.290807, -0.00236576, 0.00143676, -0.999996, 0.848197, 0.000287847, -0.999999, -0.00143745, 1.02148, 0, 0, 0, 1
-0.999997, -0.000276702, 0.00245635, 0.290804, -0.00245675, 0.0014659, -0.999996, 0.848199, 0.000273101, -0.999999, -0.00146657, 1.02147, 0, 0, 0, 1
-0.999997, -0.000261953, 0.00254864, 0.290801, -0.00254903, 0.00149544, -0.999996, 0.848201, 0.00025814, -0.999999, -0.00149611, 1.02146, 0, 0, 0, 1
-0.999996, -0.000246998, 0.00264223, 0.290798, -0.0026426, 0.00152541, -0.999995, 0.848204, 0.000242967, -0.999999, -0.00152605, 1.02145, 0, 0, 0, 1
-0.999996, -0.000231839, 0.0027371, 0.290796, -0.00273746, 0.00155578, -0.999995, 0.848206, 0.000227579, -0.999999, -0.00155641, 1.02144, 0, 0, 0, 1
-0.999996, -0.000216474, 0.00283327, 0.290793, -0.00283361, 0.00158657, -0.999995, 0.848208, 0.000211978, -0.999999, -0.00158718, 1.02143, 0, 0, 0, 1
-0.999996, -0.000200905, 0.00293073, 0.29079, -0.00293105, 0.00161778, -0.999994, 0.84821, 0.000196163, -0.999999, -0.00161836, 1.02141, 0, 0, 0, 1
-0.999995, -0.000185131, 0.00302948, 0.290787, -0.00302978, 0.00164939, -0.999994, 0.848213, 0.000180133, -0.999999, -0.00164995, 1.0214, 0, 0, 0, 1
-0.999995, -0.000169152, 0.00312951, 0.290784, -0.00312979, 0.00168143, -0.999994, 0.848215, 0.000163889, -0.999999, -0.00168195, 1.02139, 0, 0, 0, 1
-0.999995, -0.000152968, 0.00323084, 0.290781, -0.0032311, 0.00171387, -0.999993, 0.848217, 0.00014743, -0.999999, -0.00171436, 1.02138, 0, 0, 0, 1
-0.999994, -0.00013658, 0.00333346, 0.290778, -0.0033337, 0.00174673, -0.999993, 0.84822, 0.000130756, -0.999998, -0.00174718, 1.02137, 0, 0, 0, 1
-0.999994, -0.000119987, 0.00343738, 0.290775, -0.00343758, 0.00178001, -0.999993, 0.848222, 0.000113868, -0.999998, -0.00178041, 1.02136, 0, 0, 0, 1
-0.999994, -0.00010319, 0.00354258, 0.290771, -0.00354276, 0.00181369, -0.999992, 0.848224, 9.67638e-05, -0.999998, -0.00181405, 1.02135, 0, 0, 0, 1
-0.999993, -8.61879e-05, 0.00364907, 0.290768, -0.00364922, 0.0018478, -0.999992, 0.848227, 7.94444e-05, -0.999998, -0.0018481, 1.02133, 0, 0, 0, 1
-0.999993, -6.89816e-05, 0.00375686, 0.290765, -0.00375698, 0.00188231, -0.999991, 0.848229, 6.19094e-05, -0.999998, -0.00188256, 1.02132, 0, 0, 0, 1
-0.999993, -5.15709e-05, 0.00386593, 0.290762, -0.00386602, 0.00191724, -0.999991, 0.848232, 4.41585e-05, -0.999998, -0.00191743, 1.02131, 0, 0, 0, 1
-0.999992, -3.39559e-05, 0.0039763, 0.290758, -0.00397635, 0.00195259, -0.99999, 0.848234, 2.61916e-05, -0.999998, -0.00195271, 1.0213, 0, 0, 0, 1
-0.999992, -1.61368e-05, 0.00408795, 0.290755, -0.00408798, 0.00198835, -0.99999, 0.848237, 8.00833e-06, -0.999998, -0.0019884, 1.02128, 0, 0, 0, 1
-0.999991, 1.8866e-06, 0.0042009, 0.290752, -0.00420089, 0.00202452, -0.999989, 0.84824, -1.03914e-05, -0.999998, -0.00202449, 1.02127, 0, 0, 0, 1
-0.999991, 2.01141e-05, 0.00431514, 0.290748, -0.00431509, 0.00206111, -0.999989, 0.848242, -2.90078e-05, -0.999998, -0.002061, 1.02126, 0, 0, 0, 1
-0.99999, 3.85456e-05, 0.00443066, 0.290745, -0.00443057, 0.00209811, -0.999988, 0.848245, -4.78411e-05, -0.999998, -0.00209792, 1.02125, 0, 0, 0, 1
-0.99999, 5.71811e-05, 0.00454748, 0.290741, -0.00454735, 0.00213553, -0.999987, 0.848248, -6.68916e-05, -0.999998, -0.00213524, 1.02123, 0, 0, 0, 1
-0.999989, 7.60205e-05, 0.00466559, 0.290738, -0.00466542, 0.00217336, -0.999987, 0.84825, -8.61595e-05, -0.999998, -0.00217298, 1.02122, 0, 0, 0, 1
-0.999989, 9.50638e-05, 0.00478499, 0.290734, -0.00478477, 0.0022116, -0.999986, 0.848253, -0.000105645, -0.999998, -0.00221112, 1.02121, 0, 0, 0, 1
-0.999988, 0.000114311, 0.00490569, 0.290731, -0.00490542, 0.00225026, -0.999985, 0.848256, -0.000125348, -0.999997, -0.00224968, 1.02119, 0, 0, 0, 1
-0.999987, 0.000133762, 0.00502767, 0.290727, -0.00502735, 0.00228934, -0.999985, 0.848259, -0.00014527, -0.999997, -0.00228864, 1.02118, 0, 0, 0, 1
-0.999987, 0.000153416, 0.00515094, 0.290723, -0.00515057, 0.00232883, -0.999984, 0.848261, -0.000165409, -0.999997, -0.00232801, 1.02116, 0, 0, 0, 1
-0.999986, 0.000173274, 0.0052755, 0.29072, -0.00527508, 0.00236873, -0.999983, 0.848264, -0.000185767, -0.999997, -0.00236778, 1.02115, 0, 0, 0, 1
-0.999985, 0.000193335, 0.00540136, 0.290716, -0.00540088, 0.00240905, -0.999983, 0.848267, -0.000206344, -0.999997, -0.00240797, 1.02114, 0, 0, 0, 1
-0.999985, 0.0002136, 0.0055285, 0.290712, -0.00552796, 0.00244978, -0.999982, 0.84827, -0.00022714, -0.999997, -0.00244856, 1.02112, 0, 0, 0, 1
-0.999984, 0.000234069, 0.00565694, 0.290708, -0.00565634, 0.00249093, -0.999981, 0.848273, -0.000248155, -0.999997, -0.00248957, 1.02111, 0, 0, 0, 1
-0.999983, 0.00025474, 0.00578667, 0.290704, -0.005786, 0.00253249, -0.99998, 0.848276, -0.00026939, -0.999997, -0.00253098, 1.02109, 0, 0, 0, 1
-0.999982, 0.000275615, 0.00591768, 0.2907, -0.00591695, 0.00257447, -0.999979, 0.848279, -0.000290844, -0.999997, -0.00257279, 1.02108, 0, 0, 0, 1
-0.999982, 0.000296693, 0.00604999, 0.290696, -0.00604919, 0.00261686, -0.999978, 0.848282, -0.000312519, -0.999997, -0.00261502, 1.02106, 0, 0, 0, 1
-0.999981, 0.000317974, 0.00618359, 0.290692, -0.00618272, 0.00265967, -0.999977, 0.848285, -0.000334413, -0.999996, -0.00265765, 1.02105, 0, 0, 0, 1
-0.99998, 0.000339458, 0.00631848, 0.290688, -0.00631754, 0.00270289, -0.999976, 0.848288, -0.000356528, -0.999996, -0.00270069, 1.02103, 0, 0, 0, 1
-0.999979, 0.000361145, 0.00645466, 0.290684, -0.00645364, 0.00274653, -0.999975, 0.848292, -0.000378864, -0.999996, -0.00274414, 1.02102, 0, 0, 0, 1
-0.999978, 0.000383035, 0.00659213, 0.29068, -0.00659103, 0.00279058, -0.999974, 0.848295, -0.000401421, -0.999996, -0.00278799, 1.021, 0, 0, 0, 1
-0.999977, 0.000405127, 0.00673089, 0.290676, -0.00672972, 0.00283505, -0.999973, 0.848298, -0.000424199, -0.999996, -0.00283226, 1.02099, 0, 0, 0, 1
-0.999976, 0.000427423, 0.00687094, 0.290672, -0.00686968, 0.00287993, -0.999972, 0.848301, -0.000447199, -0.999996, -0.00287692, 1.02097, 0, 0, 0, 1
-0.999975, 0.00044992, 0.00701228, 0.290668, -0.00701094, 0.00292523, -0.999971, 0.848304, -0.00047042, -0.999996, -0.002922, 1.02096, 0, 0, 0, 1
-0.999974, 0.000472621, 0.00715492, 0.290663, -0.00715348, 0.00297094, -0.99997, 0.848308, -0.000493864, -0.999995, -0.00296748, 1.02094, 0, 0, 0, 1
-0.999973, 0.000495524, 0.00729884, 0.290659, -0.00729731, 0.00301706, -0.999969, 0.848311, -0.000517529, -0.999995, -0.00301337, 1.02092, 0, 0, 0, 1
-0.999972, 0.000518629, 0.00744406, 0.290655, -0.00744243, 0.00306361, -0.999968, 0.848314, -0.000541418, -0.999995, -0.00305966, 1.02091, 0, 0, 0, 1
-0.999971, 0.000541937, 0.00759056, 0.29065, -0.00758884, 0.00311056, -0.999966, 0.848318, -0.000565529, -0.999995, -0.00310636, 1.02089, 0, 0, 0, 1
-0.99997, 0.000565446, 0.00773836, 0.290646, -0.00773653, 0.00315794, -0.999965, 0.848321, -0.000589864, -0.999995, -0.00315347, 1.02087, 0, 0, 0, 1
-0.999969, 0.000589158, 0.00788744, 0.290641, -0.00788552, 0.00320573, -0.999964, 0.848325, -0.000614422, -0.999995, -0.00320098, 1.02086, 0, 0, 0, 1
-0.999968, 0.000613072, 0.00803782, 0.290637, -0.00803578, 0.00325393, -0.999962, 0.848328, -0.000639204, -0.999995, -0.0032489, 1.02084, 0, 0, 0, 1
-0.999966, 0.000637188, 0.00818949, 0.290632, -0.00818734, 0.00330255, -0.999961, 0.848331, -0.000664209, -0.999994, -0.00329722, 1.02082, 0, 0, 0, 1
-0.999965, 0.000661506, 0.00834245, 0.290628, -0.00834018, 0.00335158, -0.99996, 0.848335, -0.000689439, -0.999994, -0.00334595, 1.02081, 0, 0, 0, 1
-0.999964, 0.000686025, 0.00849669, 0.290623, -0.00849431, 0.00340103, -0.999958, 0.848339, -0.000714894, -0.999994, -0.00339508, 1.02079, 0, 0, 0, 1
-0.999962, 0.000710747, 0.00865223, 0.290619, -0.00864973, 0.0034509, -0.999957, 0.848342, -0.000740574, -0.999994, -0.00344462, 1.02077, 0, 0, 0, 1
-0.999961, 0.000735669, 0.00880906, 0.290614, -0.00880644, 0.00350118, -0.999955, 0.848346, -0.000766478, -0.999994, -0.00349456, 1.02075, 0, 0, 0, 1
-0.99996, 0.000760794, 0.00896718, 0.290609, -0.00896443, 0.00355187, -0.999954, 0.848349, -0.000792609, -0.999993, -0.00354491, 1.02074, 0, 0, 0, 1
-0.999958, 0.00078612, 0.00912659, 0.290604, -0.00912371, 0.00360299, -0.999952, 0.848353, -0.000818965, -0.999993, -0.00359566, 1.02072, 0, 0, 0, 1
-0.999957, 0.000811647, 0.00928729, 0.290599, -0.00928427, 0.00365451, -0.99995, 0.848357, -0.000845547, -0.999993, -0.00364682, 1.0207, 0, 0, 0, 1
-0.999955, 0.000837375, 0.00944929, 0.290595, -0.00944612, 0.00370646, -0.999949, 0.848361, -0.000872356, -0.999993, -0.00369838, 1.02068, 0, 0, 0, 1
-0.999953, 0.000863305, 0.00961257, 0.29059, -0.00960926, 0.00375882, -0.999947, 0.848364, -0.000899391, -0.999993, -0.00375035, 1.02066, 0, 0, 0, 1
-0.999952, 0.000889436, 0.00977714, 0.290585, -0.00977368, 0.00381159, -0.999945, 0.848368, -0.000926653, -0.999992, -0.00380272, 1.02064, 0, 0, 0, 1
-0.99995, 0.000915767, 0.009943, 0.29058, -0.0099394, 0.00386478, -0.999943, 0.848372, -0.000954143, -0.999992, -0.00385549, 1.02063, 0, 0, 0, 1
-0.999948, 0.0009423, 0.0101102, 0.290575, -0.0101064, 0.00391839, -0.999941, 0.848376, -0.00098186, -0.999992, -0.00390867, 1.02061, 0, 0, 0, 1
-0.999947, 0.000969033, 0.0102786, 0.29057, -0.0102747, 0.00397241, -0.999939, 0.84838, -0.00100981, -0.999992, -0.00396225, 1.02059, 0, 0, 0, 1
-0.999945, 0.000995967, 0.0104483, 0.290565, -0.0104442, 0.00402685, -0.999937, 0.848384, -0.00103798, -0.999991, -0.00401623, 1.02057, 0, 0, 0, 1
-0.999943, 0.0010231, 0.0106194, 0.29056, -0.0106151, 0.00408171, -0.999935, 0.848387, -0.00106638, -0.999991, -0.00407062, 1.02055, 0, 0, 0, 1
-0.999941, 0.00105044, 0.0107917, 0.290554, -0.0107872, 0.00413698, -0.999933, 0.848391, -0.00109501, -0.999991, -0.00412541, 1.02053, 0, 0, 0, 1
-0.999939, 0.00107797, 0.0109653, 0.290549, -0.0109607, 0.00419267, -0.999931, 0.848395, -0.00112387, -0.999991, -0.0041806, 1.02051, 0, 0, 0, 1
-0.999937, 0.00110571, 0.0111402, 0.290544, -0.0111354, 0.00424877, -0.999929, 0.848399, -0.00115296, -0.99999, -0.00423619, 1.02049, 0, 0, 0, 1
-0.999935, 0.00113365, 0.0113164, 0.290539, -0.0113114, 0.00430529, -0.999927, 0.848404, -0.00118228, -0.99999, -0.00429219, 1.02047, 0, 0, 0, 1
-0.999933, 0.00116178, 0.0114938, 0.290533, -0.0114887, 0.00436223, -0.999924, 0.848408, -0.00121183, -0.99999, -0.00434859, 1.02045, 0, 0, 0, 1
-0.999931, 0.00119012, 0.0116726, 0.290528, -0.0116672, 0.00441958, -0.999922, 0.848412, -0.00124161, -0.99999, -0.00440539, 1.02043, 0, 0, 0, 1
-0.999929, 0.00121865, 0.0118527, 0.290522, -0.0118471, 0.00447735, -0.99992, 0.848416, -0.00127162, -0.999989, -0.00446259, 1.02041, 0, 0, 0, 1
-0.999927, 0.00124739, 0.012034, 0.290517, -0.0120282, 0.00453553, -0.999917, 0.84842, -0.00130187, -0.999989, -0.0045202, 1.02039, 0, 0, 0, 1
-0.999925, 0.00127633, 0.0122167, 0.290512, -0.0122107, 0.00459413, -0.999915, 0.848424, -0.00133234, -0.999989, -0.0045782, 1.02037, 0, 0, 0, 1
-0.999922, 0.00130546, 0.0124006, 0.290506, -0.0123944, 0.00465315, -0.999912, 0.848428, -0.00136305, -0.999988, -0.00463661, 1.02035, 0, 0, 0, 1
-0.99992, 0.0013348, 0.0125858, 0.2905, -0.0125794, 0.00471259, -0.99991, 0.848433, -0.00139399, -0.999988, -0.00469542, 1.02033, 0, 0, 0, 1
-0.999917, 0.00136433, 0.0127723, 0.290495, -0.0127657, 0.00477244, -0.999907, 0.848437, -0.00142516, -0.999988, -0.00475463, 1.02031, 0, 0, 0, 1
-0.999915, 0.00139406, 0.0129601, 0.290489, -0.0129532, 0.00483271, -0.999904, 0.848441, -0.00145656, -0.999987, -0.00481424, 1.02029, 0, 0, 0, 1
-0.999913, 0.001424, 0.0131492, 0.290484, -0.0131421, 0.00489339, -0.999902, 0.848446, -0.0014882, -0.999987, -0.00487425, 1.02027, 0, 0, 0, 1
-0.99991, 0.00145413, 0.0133396, 0.290478, -0.0133322, 0.00495449, -0.999899, 0.84845, -0.00152007, -0.999987, -0.00493466, 1.02024, 0, 0, 0, 1
-0.999907, 0.00148446, 0.0135312, 0.290472, -0.0135236, 0.00501601, -0.999896, 0.848454, -0.00155218, -0.999986, -0.00499547, 1.02022, 0, 0, 0, 1
-0.999905, 0.00151499, 0.0137242, 0.290466, -0.0137164, 0.00507795, -0.999893, 0.848459, -0.00158452, -0.999986, -0.00505668, 1.0202, 0, 0, 0, 1
-0.999902, 0.00154572, 0.0139185, 0.29046, -0.0139103, 0.0051403, -0.99989, 0.848463, -0.00161709, -0.999986, -0.00511829, 1.02018, 0, 0, 0, 1
-0.999899, 0.00157665, 0.014114, 0.290455, -0.0141056, 0.00520307, -0.999887, 0.848468, -0.0016499, -0.999985, -0.00518031, 1.02016, 0, 0, 0, 1
-0.999896, 0.00160777, 0.0143108, 0.290449, -0.0143022, 0.00526626, -0.999884, 0.848472, -0.00168295, -0.999985, -0.00524272, 1.02014, 0, 0, 0, 1
-0.999893, 0.0016391, 0.0145089, 0.290443, -0.0145, 0.00532986, -0.999881, 0.848477, -0.00171623, -0.999984, -0.00530552, 1.02011, 0, 0, 0, 1
-0.99989, 0.00167062, 0.0147084, 0.290437, -0.0146992, 0.00539388, -0.999877, 0.848482, -0.00174975, -0.999984, -0.00536873, 1.02009, 0, 0, 0, 1
-0.999887, 0.00170234, 0.0149091, 0.290431, -0.0148996, 0.00545832, -0.999874, 0.848486, -0.0017835, -0.999984, -0.00543234, 1.02007, 0, 0, 0, 1
-0.999884, 0.00173426, 0.015111, 0.290425, -0.0151013, 0.00552317, -0.999871, 0.848491, -0.00181749, -0.999983, -0.00549634, 1.02005, 0, 0, 0, 1
-0.999881, 0.00176638, 0.0153143, 0.290418, -0.0153042, 0.00558845, -0.999867, 0.848495, -0.00185172, -0.999983, -0.00556075, 1.02002, 0, 0, 0, 1
-0.999878, 0.00179869, 0.0155189, 0.290412, -0.0155085, 0.00565414, -0.999864, 0.8485, -0.00188619, -0.999982, -0.00562555, 1.02, 0, 0, 0, 1
-0.999875, 0.0018312, 0.0157248, 0.290406, -0.0157141, 0.00572024, -0.99986, 0.848505, -0.0019209, -0.999982, -0.00569075, 1.01998, 0, 0, 0, 1
-0.999871, 0.00186391, 0.0159319, 0.2904, -0.0159209, 0.00578677, -0.999857, 0.84851, -0.00195584, -0.999982, -0.00575635, 1.01995, 0, 0, 0, 1
-0.999868, 0.00189682, 0.0161403, 0.290394, -0.016129, 0.00585371, -0.999853, 0.848514, -0.00199102, -0.999981, -0.00582234, 1.01993, 0, 0, 0, 1
-0.999864, 0.00192993, 0.0163501, 0.290387, -0.0163384, 0.00592107, -0.999849, 0.848519, -0.00202644, -0.999981, -0.00588874, 1.01991, 0, 0, 0, 1
-0.999861, 0.00196323, 0.0165611, 0.290381, -0.0165491, 0.00598885, -0.999845, 0.848524, -0.00206211, -0.99998, -0.00595552, 1.01988, 0, 0, 0, 1
-0.999857, 0.00199673, 0.0167734, 0.290375, -0.016761, 0.00605704, -0.999841, 0.848529, -0.00209801, -0.99998, -0.00602271, 1.01986, 0, 0, 0, 1
-0.999854, 0.00203042, 0.016987, 0.290368, -0.0169743, 0.00612566, -0.999837, 0.848534, -0.00213415, -0.999979, -0.00609029, 1.01983, 0, 0, 0, 1
-0.99985, 0.00206432, 0.0172019, 0.290362, -0.0171888, 0.00619469, -0.999833, 0.848539, -0.00217053, -0.999979, -0.00615827, 1.01981, 0, 0, 0, 1
-0.999846, 0.00209841, 0.0174181, 0.290355, -0.0174046, 0.00626413, -0.999829, 0.848544, -0.00220716, -0.999978, -0.00622665, 1.01979, 0, 0, 0, 1
-0.999842, 0.0021327, 0.0176355, 0.290349, -0.0176217, 0.006334, -0.999825, 0.848549, -0.00224403, -0.999978, -0.00629542, 1.01976, 0, 0, 0, 1
-0.999838, 0.00216718, 0.0178543, 0.290342, -0.0178401, 0.00640429, -0.99982, 0.848554, -0.00228113, -0.999977, -0.00636459, 1.01974, 0, 0, 0, 1
-0.999834, 0.00220186, 0.0180743, 0.290335, -0.0180598, 0.00647499, -0.999816, 0.848559, -0.00231849, -0.999977, -0.00643415, 1.01971, 0, 0, 0, 1
-0.99983, 0.00223674, 0.0182957, 0.290329, -0.0182807, 0.00654611, -0.999811, 0.848564, -0.00235608, -0.999976, -0.00650411, 1.01969, 0, 0, 0, 1
-0.999826, 0.00227181, 0.0185183, 0.290322, -0.0185029, 0.00661765, -0.999807, 0.848569, -0.00239392, -0.999976, -0.00657446, 1.01966, 0, 0, 0, 1
-0.999822, 0.00230708, 0.0187422, 0.290315, -0.0187264, 0.00668961, -0.999802, 0.848574, -0.002432, -0.999975, -0.00664521, 1.01964, 0, 0, 0, 1
-0.999817, 0.00234254, 0.0189674, 0.290308, -0.0189512, 0.00676198, -0.999798, 0.848579, -0.00247033, -0.999974, -0.00671635, 1.01961, 0, 0, 0, 1
-0.999813, 0.0023782, 0.0191939, 0.290302, -0.0191773, 0.00683478, -0.999793, 0.848585, -0.0025089, -0.999974, -0.00678789, 1.01959, 0, 0, 0, 1
-0.999808, 0.00241406, 0.0194217, 0.290295, -0.0194046, 0.00690799, -0.999788, 0.84859, -0.00254771, -0.999973, -0.00685982, 1.01956, 0, 0, 0, 1
-0.999804, 0.00245011, 0.0196508, 0.290288, -0.0196333, 0.00698162, -0.999783, 0.848595, -0.00258677, -0.999973, -0.00693215, 1.01954, 0, 0, 0, 1
-0.999799, 0.00248636, 0.0198811, 0.290281, -0.0198632, 0.00705567, -0.999778, 0.8486, -0.00262608, -0.999972, -0.00700486, 1.01951, 0, 0, 0, 1
-0.999795, 0.0025228, 0.0201128, 0.290274, -0.0200944, 0.00713014, -0.999773, 0.848606, -0.00266564, -0.999971, -0.00707798, 1.01948, 0, 0, 0, 1
-0.99979, 0.00255944, 0.0203457, 0.290267, -0.0203268, 0.00720502, -0.999767, 0.848611, -0.00270544, -0.999971, -0.00715148, 1.01946, 0, 0, 0, 1
-0.999785, 0.00259627, 0.02058, 0.29026, -0.0205606, 0.00728033, -0.999762, 0.848617, -0.00274548, -0.99997, -0.00722538, 1.01943, 0, 0, 0, 1
-0.99978, 0.0026333, 0.0208155, 0.290253, -0.0207956, 0.00735605, -0.999757, 0.848622, -0.00278578, -0.999969, -0.00729967, 1.01941, 0, 0, 0, 1
-0.999775, 0.00267052, 0.0210523, 0.290246, -0.021032, 0.00743219, -0.999751, 0.848627, -0.00282632, -0.999969, -0.00737435, 1.01938, 0, 0, 0, 1
-0.99977, 0.00270794, 0.0212904, 0.290238, -0.0212696, 0.00750876, -0.999746, 0.848633, -0.00286712, -0.999968, -0.00744943, 1.01935, 0, 0, 0, 1
-0.999764, 0.00274555, 0.0215298, 0.290231, -0.0215084, 0.00758574, -0.99974, 0.848638, -0.00290816, -0.999967, -0.0075249, 1.01933, 0, 0, 0, 1
-0.999759, 0.00278336, 0.0217705, 0.290224, -0.0217486, 0.00766314, -0.999734, 0.848644, -0.00294945, -0.999967, -0.00760076, 1.0193, 0, 0, 0, 1
-0.999754, 0.00282136, 0.0220124, 0.290217, -0.02199, 0.00774095, -0.999728, 0.848649, -0.00299099, -0.999966, -0.00767701, 1.01927, 0, 0, 0, 1
-0.999748, 0.00285955, 0.0222557, 0.290209, -0.0222327, 0.00781919, -0.999722, 0.848655, -0.00303278, -0.999965, -0.00775365, 1.01924, 0, 0, 0, 1
-0.999743, 0.00289794, 0.0225002, 0.290202, -0.0224767, 0.00789785, -0.999716, 0.848661, -0.00307482, -0.999965, -0.00783068, 1.01922, 0, 0, 0, 1
-0.999737, 0.00293652, 0.0227461, 0.290194, -0.022722, 0.00797693, -0.99971, 0.848666, -0.00311712, -0.999964, -0.0079081, 1.01919, 0, 0, 0, 1
-0.999731, 0.0029753, 0.0229932, 0.290187, -0.0229686, 0.00805642, -0.999704, 0.848672, -0.00315966, -0.999963, -0.00798592, 1.01916, 0, 0, 0, 1
-0.999725, 0.00301427, 0.0232416, 0.290179, -0.0232164, 0.00813634, -0.999697, 0.848678, -0.00320246, -0.999962, -0.00806412, 1.01913, 0, 0, 0, 1
-0.999719, 0.00305343, 0.0234913, 0.290172, -0.0234655, 0.00821667, -0.999691, 0.848683, -0.00324551, -0.999962, -0.00814272, 1.01911, 0, 0, 0, 1
-0.999713, 0.00309279, 0.0237423, 0.290164, -0.0237159, 0.00829743, -0.999684, 0.848689, -0.00328881, -0.999961, -0.0082217, 1.01908, 0, 0, 0, 1
-0.999707, 0.00313234, 0.0239946, 0.290157, -0.0239676, 0.0083786, -0.999678, 0.848695, -0.00333237, -0.99996, -0.00830107, 1.01905, 0, 0, 0, 1
-0.999701, 0.00317208, 0.0242481, 0.290149, -0.0242206, 0.00846019, -0.999671, 0.848701, -0.00337618, -0.999959, -0.00838083, 1.01902, 0, 0, 0, 1
-0.999695, 0.00321202, 0.024503, 0.290141, -0.0244748, 0.00854221, -0.999664, 0.848707, -0.00342025, -0.999958, -0.00846099, 1.01899, 0, 0, 0, 1
-0.999688, 0.00325215, 0.0247591, 0.290134, -0.0247303, 0.00862464, -0.999657, 0.848712, -0.00346457, -0.999958, -0.00854152, 1.01896, 0, 0, 0, 1
-0.999682, 0.00329247, 0.0250166, 0.290126, -0.0249871, 0.00870749, -0.99965, 0.848718, -0.00350915, -0.999957, -0.00862245, 1.01893, 0, 0, 0, 1
-0.999675, 0.00333298, 0.0252753, 0.290118, -0.0252452, 0.00879077, -0.999643, 0.848724, -0.00355398, -0.999956, -0.00870377, 1.01891, 0, 0, 0, 1
-0.999668, 0.00337368, 0.0255353, 0.29011, -0.0255045, 0.00887446, -0.999635, 0.84873, -0.00359907, -0.999955, -0.00878547, 1.01888, 0, 0, 0, 1
-0.999661, 0.00341458, 0.0257966, 0.290102, -0.0257651, 0.00895857, -0.999628, 0.848736, -0.00364441, -0.999954, -0.00886756, 1.01885, 0, 0, 0, 1
-0.999654, 0.00345567, 0.0260592, 0.290094, -0.026027, 0.00904311, -0.99962, 0.848742, -0.00369002, -0.999953, -0.00895004, 1.01882, 0, 0, 0, 1
-0.999647, 0.00349695, 0.0263231, 0.290086, -0.0262902, 0.00912806, -0.999613, 0.848748, -0.00373588, -0.999952, -0.00903291, 1.01879, 0, 0, 0, 1
-0.99964, 0.00353843, 0.0265882, 0.290078, -0.0265547, 0.00921343, -0.999605, 0.848754, -0.003782, -0.999951, -0.00911616, 1.01876, 0, 0, 0, 1
-0.999633, 0.00358009, 0.0268547, 0.29007, -0.0268204, 0.00929923, -0.999597, 0.84876, -0.00382838, -0.99995, -0.00919979, 1.01873, 0, 0, 0, 1
-0.999626, 0.00362195, 0.0271224, 0.290062, -0.0270874, 0.00938544, -0.999589, 0.848767, -0.00387501, -0.999949, -0.00928382, 1.0187, 0, 0, 0, 1
-0.999618, 0.00366399, 0.0273914, 0.290054, -0.0273557, 0.00947208, -0.999581, 0.848773, -0.00392191, -0.999948, -0.00936823, 1.01867, 0, 0, 0, 1
-0.99961, 0.00370623, 0.0276617, 0.290046, -0.0276253, 0.00955913, -0.999573, 0.848779, -0.00396907, -0.999947, -0.00945302, 1.01864, 0, 0, 0, 1
-0.999603, 0.00374866, 0.0279334, 0.290038, -0.0278961, 0.00964661, -0.999564, 0.848785, -0.00401649, -0.999946, -0.0095382, 1.01861, 0, 0, 0, 1
-0.999595, 0.00379128, 0.0282062, 0.290029, -0.0281682, 0.00973451, -0.999556, 0.848791, -0.00406417, -0.999945, -0.00962377, 1.01858, 0, 0, 0, 1
-0.999587, 0.00383409, 0.0284804, 0.290021, -0.0284416, 0.00982282, -0.999547, 0.848798, -0.00411211, -0.999944, -0.00970972, 1.01855, 0, 0, 0, 1
-0.999579, 0.00387709, 0.0287559, 0.290013, -0.0287163, 0.00991156, -0.999538, 0.848804, -0.00416032, -0.999943, -0.00979605, 1.01852, 0, 0, 0, 1
-0.999571, 0.00392029, 0.0290326, 0.290004, -0.0289922, 0.0100007, -0.99953, 0.84881, -0.00420879, -0.999942, -0.00988277, 1.01848, 0, 0, 0, 1
-0.999562, 0.00396367, 0.0293107, 0.289996, -0.0292694, 0.0100903, -0.999521, 0.848817, -0.00425752, -0.999941, -0.00996987, 1.01845, 0, 0, 0, 1
-0.999554, 0.00400724, 0.02959, 0.289987, -0.0295479, 0.0101803, -0.999512, 0.848823, -0.00430652, -0.99994, -0.0100574, 1.01842, 0, 0, 0, 1
-0.999546, 0.004051, 0.0298706, 0.289979, -0.0298277, 0.0102707, -0.999502, 0.84883, -0.00435578, -0.999939, -0.0101452, 1.01839, 0, 0, 0, 1
-0.999537, 0.00409495, 0.0301525, 0.28997, -0.0301088, 0.0103616, -0.999493, 0.848836, -0.0044053, -0.999938, -0.0102335, 1.01836, 0, 0, 0, 1
-0.999528, 0.00413909, 0.0304357, 0.289962, -0.0303911, 0.0104528, -0.999483, 0.848843, -0.00445509, -0.999937, -0.0103221, 1.01833, 0, 0, 0, 1
-0.999519, 0.00418342, 0.0307202, 0.289953, -0.0306747, 0.0105445, -0.999474, 0.848849, -0.00450515, -0.999936, -0.0104111, 1.0183, 0, 0, 0, 1
-0.99951, 0.00422794, 0.031006, 0.289944, -0.0309595, 0.0106366, -0.999464, 0.848856, -0.00455547, -0.999934, -0.0105005, 1.01826, 0, 0, 0, 1
-0.999501, 0.00427265, 0.031293, 0.289936, -0.0312457, 0.0107292, -0.999454, 0.848862, -0.00460607, -0.999933, -0.0105903, 1.01823, 0, 0, 0, 1
-0.999492, 0.00431755, 0.0315814, 0.289927, -0.0315331, 0.0108221, -0.999444, 0.848869, -0.00465692, -0.999932, -0.0106805, 1.0182, 0, 0, 0, 1
-0.999482, 0.00436263, 0.031871, 0.289918, -0.0318218, 0.0109155, -0.999434, 0.848875, -0.00470805, -0.999931, -0.010771, 1.01817, 0, 0, 0, 1
-0.999473, 0.00440791, 0.0321619, 0.289909, -0.0321118, 0.0110093, -0.999424, 0.848882, -0.00475945, -0.99993, -0.0108619, 1.01813, 0, 0, 0, 1
-0.999463, 0.00445337, 0.0324541, 0.2899, -0.032403, 0.0111035, -0.999413, 0.848889, -0.00481111, -0.999928, -0.0109532, 1.0181, 0, 0, 0, 1
-0.999454, 0.00449902, 0.0327476, 0.289891, -0.0326955, 0.0111981, -0.999403, 0.848896, -0.00486305, -0.999927, -0.0110449, 1.01807, 0, 0, 0, 1
-0.999444, 0.00454486, 0.0330424, 0.289883, -0.0329893, 0.0112932, -0.999392, 0.848902, -0.00491525, -0.999926, -0.011137, 1.01804, 0, 0, 0, 1
-0.999434, 0.00459089, 0.0333384, 0.289874, -0.0332844, 0.0113887, -0.999381, 0.848909, -0.00496773, -0.999925, -0.0112294, 1.018, 0, 0, 0, 1
-0.999423, 0.0046371, 0.0336358, 0.289865, -0.0335807, 0.0114846, -0.99937, 0.848916, -0.00502047, -0.999923, -0.0113222, 1.01797, 0, 0, 0, 1
-0.999413, 0.00468351, 0.0339344, 0.289855, -0.0338783, 0.0115809, -0.999359, 0.848923, -0.00507349, -0.999922, -0.0114154, 1.01794, 0, 0, 0, 1
-0.999403, 0.0047301, 0.0342344, 0.289846, -0.0341772, 0.0116777, -0.999348, 0.84893, -0.00512679, -0.999921, -0.011509, 1.0179, 0, 0, 0, 1
-0.999392, 0.00477687, 0.0345356, 0.289837, -0.0344774, 0.0117748, -0.999336, 0.848936, -0.00518035, -0.999919, -0.011603, 1.01787, 0, 0, 0, 1
-0.999381, 0.00482384, 0.0348381, 0.289828, -0.0347788, 0.0118724, -0.999325, 0.848943, -0.00523419, -0.999918, -0.0116973, 1.01784, 0, 0, 0, 1
-0.99937, 0.00487099, 0.0351418, 0.289819, -0.0350815, 0.0119704, -0.999313, 0.84895, -0.0052883, -0.999916, -0.011792, 1.0178, 0, 0, 0, 1
-0.999359, 0.00491833, 0.0354469, 0.289809, -0.0353854, 0.0120689, -0.999301, 0.848957, -0.00534269, -0.999915, -0.0118871, 1.01777, 0, 0, 0, 1
-0.999348, 0.00496585, 0.0357533, 0.2898, -0.0356907, 0.0121677, -0.999289, 0.848964, -0.00539735, -0.999914, -0.0119826, 1.01773, 0, 0, 0, 1
-0.999337, 0.00501356, 0.0360609, 0.289791, -0.0359972, 0.012267, -0.999277, 0.848971, -0.00545229, -0.999912, -0.0120784, 1.0177, 0, 0, 0, 1
-0.999326, 0.00506146, 0.0363698, 0.289781, -0.036305, 0.0123667, -0.999264, 0.848978, -0.00550751, -0.999911, -0.0121746, 1.01766, 0, 0, 0, 1
-0.999314, 0.00510954, 0.0366801, 0.289772, -0.036614, 0.0124669, -0.999252, 0.848986, -0.005563, -0.999909, -0.0122712, 1.01763, 0, 0, 0, 1
-0.999302, 0.00515781, 0.0369916, 0.289762, -0.0369243, 0.0125674, -0.999239, 0.848993, -0.00561877, -0.999908, -0.0123682, 1.01759, 0, 0, 0, 1
-0.99929, 0.00520626, 0.0373043, 0.289753, -0.0372359, 0.0126684, -0.999226, 0.849, -0.00567482, -0.999906, -0.0124655, 1.01756, 0, 0, 0, 1
-0.999278, 0.0052549, 0.0376184, 0.289743, -0.0375488, 0.0127698, -0.999213, 0.849007, -0.00573115, -0.999905, -0.0125633, 1.01752, 0, 0, 0, 1
-0.999266, 0.00530373, 0.0379338, 0.289734, -0.0378629, 0.0128716, -0.9992, 0.849014, -0.00578775, -0.999903, -0.0126613, 1.01749, 0, 0, 0, 1
-0.999254, 0.00535274, 0.0382504, 0.289724, -0.0381783, 0.0129739, -0.999187, 0.849021, -0.00584464, -0.999902, -0.0127598, 1.01745, 0, 0, 0, 1
-0.999241, 0.00540193, 0.0385683, 0.289714, -0.038495, 0.0130765, -0.999173, 0.849029, -0.00590181, -0.9999, -0.0128587, 1.01742, 0, 0, 0, 1
-0.999229, 0.00545131, 0.0388875, 0.289705, -0.038813, 0.0131796, -0.99916, 0.849036, -0.00595926, -0.999898, -0.0129579, 1.01738, 0, 0, 0, 1
-0.999216, 0.00550088, 0.039208, 0.289695, -0.0391322, 0.0132831, -0.999146, 0.849043, -0.00601698, -0.999897, -0.0130575, 1.01735, 0, 0, 0, 1
-0.999203, 0.00555063, 0.0395298, 0.289685, -0.0394526, 0.0133871, -0.999132, 0.849051, -0.006075, -0.999895, -0.0131574, 1.01731, 0, 0, 0, 1
-0.99919, 0.00560056, 0.0398529, 0.289675, -0.0397744, 0.0134914, -0.999118, 0.849058, -0.00613329, -0.999893, -0.0132577, 1.01728, 0, 0, 0, 1
-0.999177, 0.00565068, 0.0401773, 0.289665, -0.0400974, 0.0135962, -0.999103, 0.849065, -0.00619187, -0.999892, -0.0133584, 1.01724, 0, 0, 0, 1
-0.999163, 0.00570098, 0.0405029, 0.289655, -0.0404217, 0.0137014, -0.999089, 0.849073, -0.00625073, -0.99989, -0.0134595, 1.0172, 0, 0, 0, 1
-0.99915, 0.00575146, 0.0408298, 0.289645, -0.0407473, 0.0138071, -0.999074, 0.84908, -0.00630988, -0.999888, -0.013561, 1.01717, 0, 0, 0, 1
-0.999136, 0.00580213, 0.041158, 0.289635, -0.0410741, 0.0139131, -0.999059, 0.849088, -0.00636931, -0.999886, -0.0136628, 1.01713, 0, 0, 0, 1
-0.999122, 0.00585298, 0.0414875, 0.289625, -0.0414022, 0.0140196, -0.999044, 0.849095, -0.00642903, -0.999885, -0.013765, 1.01709, 0, 0, 0, 1
-0.999108, 0.00590402, 0.0418183, 0.289615, -0.0417315, 0.0141265, -0.999029, 0.849103, -0.00648903, -0.999883, -0.0138675, 1.01706, 0, 0, 0, 1
-0.999094, 0.00595524, 0.0421504, 0.289605, -0.0420621, 0.0142338, -0.999014, 0.849111, -0.00654932, -0.999881, -0.0139704, 1.01702, 0, 0, 0, 1
-0.999079, 0.00600664, 0.0424837, 0.289595, -0.042394, 0.0143416, -0.998998, 0.849118, -0.0066099, -0.999879, -0.0140737, 1.01698, 0, 0, 0, 1
-0.999065, 0.00605822, 0.0428183, 0.289585, -0.0427272, 0.0144498, -0.998982, 0.849126, -0.00667077, -0.999877, -0.0141774, 1.01694, 0, 0, 0, 1
-0.99905, 0.00610999, 0.0431542, 0.289574, -0.0430616, 0.0145584, -0.998966, 0.849133, -0.00673193, -0.999875, -0.0142814, 1.01691, 0, 0, 0, 1
-0.999035, 0.00616193, 0.0434914, 0.289564, -0.0433973, 0.0146674, -0.99895, 0.849141, -0.00679337, -0.999873, -0.0143858, 1.01687, 0, 0, 0, 1
-0.99902, 0.00621406, 0.0438299, 0.289554, -0.0437342, 0.0147769, -0.998934, 0.849149, -0.00685511, -0.999872, -0.0144906, 1.01683, 0, 0, 0, 1
-0.999004, 0.00626638, 0.0441697, 0.289543, -0.0440725, 0.0148867, -0.998917, 0.849157, -0.00691713, -0.99987, -0.0145957, 1.01679, 0, 0, 0, 1
-0.998989, 0.00631887, 0.0445107, 0.289533, -0.0444119, 0.014997, -0.998901, 0.849164, -0.00697945, -0.999868, -0.0147012, 1.01676, 0, 0, 0, 1
-0.998973, 0.00637154, 0.0448531, 0.289523, -0.0447527, 0.0151078, -0.998884, 0.849172, -0.00704206, -0.999866, -0.0148071, 1.01672, 0, 0, 0, 1
-0.998957, 0.0064244, 0.0451967, 0.289512, -0.0450947, 0.0152189, -0.998867, 0.84918, -0.00710496, -0.999864, -0.0149133, 1.01668, 0, 0, 0, 1
-0.998941, 0.00647744, 0.0455416, 0.289501, -0.045438, 0.0153305, -0.99885, 0.849188, -0.00716816, -0.999861, -0.01502, 1.01664, 0, 0, 0, 1
-0.998925, 0.00653065, 0.0458878, 0.289491, -0.0457825, 0.0154425, -0.998832, 0.849196, -0.00723165, -0.999859, -0.0151269, 1.0166, 0, 0, 0, 1
-0.998909, 0.00658405, 0.0462352, 0.28948, -0.0461283, 0.0155549, -0.998814, 0.849204, -0.00729543, -0.999857, -0.0152342, 1.01656, 0, 0, 0, 1
-0.998892, 0.00663763, 0.046584, 0.28947, -0.0464754, 0.0156678, -0.998797, 0.849212, -0.00735951, -0.999855, -0.0153419, 1.01652, 0, 0, 0, 1
-0.998876, 0.00669139, 0.046934, 0.289459, -0.0468237, 0.0157811, -0.998779, 0.84922, -0.00742388, -0.999853, -0.01545, 1.01649, 0, 0, 0, 1
-0.998859, 0.00674533, 0.0472853, 0.289448, -0.0471733, 0.0158948, -0.99876, 0.849228, -0.00748855, -0.999851, -0.0155584, 1.01645, 0, 0, 0, 1
-0.998842, 0.00679945, 0.0476379, 0.289437, -0.0475242, 0.0160089, -0.998742, 0.849236, -0.00755352, -0.999849, -0.0156672, 1.01641, 0, 0, 0, 1
-0.998824, 0.00685375, 0.0479918, 0.289426, -0.0478763, 0.0161235, -0.998723, 0.849244, -0.00761879, -0.999847, -0.0157764, 1.01637, 0, 0, 0, 1
-0.998807, 0.00690822, 0.048347, 0.289416, -0.0482297, 0.0162384, -0.998704, 0.849252, -0.00768435, -0.999844, -0.0158859, 1.01633, 0, 0, 0, 1
