-0.999999, -0.000797434, -0.000797196, 0.290901, 0.000796858, 0.000424669, -1, 0.848124, 0.000797772, -1, -0.000424033, 1.02183, 0, 0, 0, 1
-0.999999, -0.000797333, -0.000797584, 0.290901, 0.000797245, 0.000425165, -1, 0.848124, 0.000797672, -1, -0.000424529, 1.02183, 0, 0, 0, 1
-0.999999, -0.000797031, -0.000798747, 0.290901, 0.000798408, 0.000426652, -1, 0.848125, 0.000797372, -1, -0.000426016, 1.02183, 0, 0, 0, 1
-0.999999, -0.000796528, -0.000800687, 0.290901, 0.000800345, 0.000429131, -1, 0.848125, 0.000796871, -1, -0.000428494, 1.02183, 0, 0, 0, 1
-0.999999, -0.000795822, -0.000803402, 0.290901, 0.000803058, 0.000432602, -1, 0.848125, 0.00079617, -1, -0.000431963, 1.02183, 0, 0, 0, 1
-0.999999, -0.000794916, -0.000806892, 0.290901, 0.000806545, 0.000437065, -1, 0.848126, 0.000795268, -1, -0.000436423, 1.02183, 0, 0, 0, 1
-0.999999, -0.000793808, -0.000811159, 0.290901, 0.000810808, 0.000442519, -1, 0.848127, 0.000794167, -1, -0.000441875, 1.02183, 0, 0, 0, 1
-0.999999, -0.000792498, -0.000816201, 0.290901, 0.000815845, 0.000448965, -1, 0.848128, 0.000792865, -1, -0.000448318, 1.02183, 0, 0, 0, 1
-0.999999, -0.000790988, -0.000822019, 0.2909, 0.000821658, 0.000456403, -1, 0.848129, 0.000791362, -1, -0.000455752, 1.02183, 0, 0, 0, 1
-0.999999, -0.000789275, -0.000828612, 0.2909, 0.000828245, 0.000464832, -1, 0.84813, 0.00078966, -1, -0.000464178, 1.02183, 0, 0, 0, 1
-0.999999, -0.000787361, -0.000835981, 0.2909, 0.000835608, 0.000474253, -1, 0.848132, 0.000787758, -1, -0.000473595, 1.02183, 0, 0, 0, 1
-0.999999, -0.000785246, -0.000844126, 0.2909, 0.000843746, 0.000484666, -1, 0.848133, 0.000785655, -1, -0.000484003, 1.02183, 0, 0, 0, 1
-0.999999, -0.00078293, -0.000853047, 0.2909, 0.000852659, 0.00049607, -1, 0.848135, 0.000783353, -1, -0.000495402, 1.02183, 0, 0, 0, 1
-0.999999, -0.000780412, -0.000862743, 0.290899, 0.000862346, 0.000508466, -0.999999, 0.848137, 0.00078085, -1, -0.000507793, 1.02183, 0, 0, 0, 1
-0.999999, -0.000777693, -0.000873215, 0.290899, 0.000872809, 0.000521854, -0.999999, 0.848139, 0.000778148, -1, -0.000521175, 1.02183, 0, 0, 0, 1
-0.999999, -0.000774772, -0.000884463, 0.290899, 0.000884047, 0.000536233, -0.999999, 0.848141, 0.000775246, -1, -0.000535548, 1.02183, 0, 0, 0, 1
-0.999999, -0.00077165, -0.000896486, 0.290898, 0.000896061, 0.000551604, -0.999999, 0.848143, 0.000772144, -1, -0.000550913, 1.02183, 0, 0, 0, 1
-0.999999, -0.000768327, -0.000909285, 0.290898, 0.000908849, 0.000567967, -0.999999, 0.848146, 0.000768843, -1, -0.000567269, 1.02183, 0, 0, 0, 1
-0.999999, -0.000764803, -0.00092286, 0.290898, 0.000922413, 0.000585322, -0.999999, 0.848148, 0.000765342, -1, -0.000584616, 1.02183, 0, 0, 0, 1
-0.999999, -0.000761077, -0.000937211, 0.290897, 0.000936751, 0.000603668, -0.999999, 0.848151, 0.000761642, -1, -0.000602955, 1.02183, 0, 0, 0, 1
-0.999999, -0.00075715, -0.000952337, 0.290897, 0.000951865, 0.000623006, -0.999999, 0.848154, 0.000757743, -1, -0.000622285, 1.02183, 0, 0, 0, 1
-0.999999, -0.000753022, -0.000968239, 0.290897, 0.000967755, 0.000643336, -0.999999, 0.848157, 0.000753644, -1, -0.000642607, 1.02182, 0, 0, 0, 1
-0.999999, -0.000748692, -0.000984917, 0.290896, 0.000984419, 0.000664658, -0.999999, 0.84816, 0.000749347, -0.999999, -0.00066392, 1.02182, 0, 0, 0, 1
-0.999999, -0.000744162, -0.00100237, 0.290896, 0.00100186, 0.000686971, -0.999999, 0.848163, 0.00074485, -0.999999, -0.000686225, 1.02182, 0, 0, 0, 1
-0.999999, -0.00073943, -0.0010206, 0.290895, 0.00102007, 0.000710276, -0.999999, 0.848167, 0.000740155, -0.999999, -0.000709521, 1.02182, 0, 0, 0, 1
-0.999999, -0.000734498, -0.0010396, 0.290895, 0.00103906, 0.000734573, -0.999999, 0.84817, 0.000735261, -0.999999, -0.000733809, 1.02182, 0, 0, 0, 1
-0.999999, -0.000729364, -0.00105938, 0.290894, 0.00105883, 0.000759861, -0.999999, 0.848174, 0.000730169, -0.999999, -0.000759088, 1.02182, 0, 0, 0, 1
-0.999999, -0.000724029, -0.00107994, 0.290894, 0.00107937, 0.000786142, -0.999999, 0.848178, 0.000724878, -0.999999, -0.000785359, 1.02182, 0, 0, 0, 1
-0.999999, -0.000718494, -0.00110127, 0.290893, 0.00110069, 0.000813414, -0.999999, 0.848182, 0.000719389, -0.999999, -0.000812622, 1.02182, 0, 0, 0, 1
-0.999999, -0.000712757, -0.00112338, 0.290893, 0.00112278, 0.000841678, -0.999999, 0.848186, 0.000713702, -0.999999, -0.000840877, 1.02181, 0, 0, 0, 1
-0.999999, -0.00070682, -0.00114626, 0.290892, 0.00114565, 0.000870933, -0.999999, 0.848191, 0.000707817, -0.999999, -0.000870123, 1.02181, 0, 0, 0, 1
-0.999999, -0.000700681, -0.00116992, 0.290891, 0.00116929, 0.000901181, -0.999999, 0.848195, 0.000701735, -0.999999, -0.000900361, 1.02181, 0, 0, 0, 1
-0.999999, -0.000694342, -0.00119436, 0.290891, 0.00119371, 0.00093242, -0.999999, 0.8482, 0.000695455, -0.999999, -0.00093159, 1.02181, 0, 0, 0, 1
-0.999999, -0.000687802, -0.00121957, 0.29089, 0.0012189, 0.000964651, -0.999999, 0.848205, 0.000688978, -0.999999, -0.000963812, 1.02181, 0, 0, 0, 1
-0.999999, -0.000681061, -0.00124555, 0.290889, 0.00124487, 0.000997874, -0.999999, 0.84821, 0.000682303, -0.999999, -0.000997025, 1.02181, 0, 0, 0, 1
-0.999999, -0.00067412, -0.00127231, 0.290889, 0.00127162, 0.00103209, -0.999999, 0.848215, 0.000675432, -0.999999, -0.00103123, 1.02181, 0, 0, 0, 1
-0.999999, -0.000666978, -0.00129985, 0.290888, 0.00129914, 0.0010673, -0.999999, 0.84822, 0.000668364, -0.999999, -0.00106643, 1.0218, 0, 0, 0, 1
-0.999999, -0.000659635, -0.00132817, 0.290887, 0.00132744, 0.00110349, -0.999999, 0.848226, 0.0006611, -0.999999, -0.00110262, 1.0218, 0, 0, 0, 1
-0.999999, -0.000652092, -0.00135725, 0.290887, 0.00135651, 0.00114068, -0.999998, 0.848231, 0.000653639, -0.999999, -0.0011398, 1.0218, 0, 0, 0, 1
-0.999999, -0.000644348, -0.00138712, 0.290886, 0.00138636, 0.00117887, -0.999998, 0.848237, 0.000645982, -0.999999, -0.00117797, 1.0218, 0, 0, 0, 1
-0.999999, -0.000636404, -0.00141776, 0.290885, 0.00141698, 0.00121804, -0.999998, 0.848243, 0.00063813, -0.999999, -0.00121714, 1.0218, 0, 0, 0, 1
-0.999999, -0.000628259, -0.00144918, 0.290884, 0.00144838, 0.00125821, -0.999998, 0.848249, 0.000630081, -0.999999, -0.00125729, 1.0218, 0, 0, 0, 1
-0.999999, -0.000619914, -0.00148137, 0.290883, 0.00148056, 0.00129936, -0.999998, 0.848255, 0.000621838, -0.999999, -0.00129844, 1.02179, 0, 0, 0, 1
-0.999999, -0.000611369, -0.00151433, 0.290883, 0.00151351, 0.00134151, -0.999998, 0.848261, 0.000613399, -0.999999, -0.00134059, 1.02179, 0, 0, 0, 1
-0.999999, -0.000602624, -0.00154808, 0.290882, 0.00154724, 0.00138466, -0.999998, 0.848268, 0.000604766, -0.999999, -0.00138372, 1.02179, 0, 0, 0, 1
-0.999999, -0.000593678, -0.0015826, 0.290881, 0.00158175, 0.00142879, -0.999998, 0.848274, 0.000595938, -0.999999, -0.00142785, 1.02179, 0, 0, 0, 1
-0.999999, -0.000584532, -0.00161789, 0.29088, 0.00161703, 0.00147392, -0.999998, 0.848281, 0.000586916, -0.999999, -0.00147297, 1.02179, 0, 0, 0, 1
-0.999998, -0.000575186, -0.00165396, 0.290879, 0.00165309, 0.00152003, -0.999997, 0.848288, 0.000577699, -0.999999, -0.00151908, 1.02178, 0, 0, 0, 1
-0.999998, -0.000565641, -0.00169081, 0.290878, 0.00168992, 0.00156714, -0.999997, 0.848295, 0.000568289, -0.999999, -0.00156618, 1.02178, 0, 0, 0, 1
-0.999998, -0.000555895, -0.00172843, 0.290877, 0.00172753, 0.00161524, -0.999997, 0.848302, 0.000558685, -0.999999, -0.00161428, 1.02178, 0, 0, 0, 1
-0.999998, -0.000545949, -0.00176683, 0.290876, 0.00176592, 0.00166434, -0.999997, 0.848309, 0.000548888, -0.999998, -0.00166337, 1.02178, 0, 0, 0, 1
-0.999998, -0.000535804, -0.001806, 0.290875, 0.00180508, 0.00171442, -0.999997, 0.848317, 0.000538899, -0.999998, -0.00171345, 1.02177, 0, 0, 0, 1
-0.999998, -0.000525459, -0.00184595, 0.290874, 0.00184502, 0.0017655, -0.999997, 0.848325, 0.000528716, -0.999998, -0.00176453, 1.02177, 0, 0, 0, 1
-0.999998, -0.000514914, -0.00188667, 0.290873, 0.00188573, 0.00181757, -0.999997, 0.848332, 0.000518342, -0.999998, -0.0018166, 1.02177, 0, 0, 0, 1
-0.999998, -0.00050417, -0.00192817, 0.290872, 0.00192723, 0.00187063, -0.999996, 0.84834, 0.000507775, -0.999998, -0.00186966, 1.02177, 0, 0, 0, 1
-0.999998, -0.000493226, -0.00197045, 0.290871, 0.0019695, 0.00192469, -0.999996, 0.848348, 0.000497017, -0.999998, -0.00192371, 1.02176, 0, 0, 0, 1
-0.999998, -0.000482083, -0.0020135, 0.29087, 0.00201254, 0.00197973, -0.999996, 0.848357, 0.000486067, -0.999998, -0.00197876, 1.02176, 0, 0, 0, 1
-0.999998, -0.00047074, -0.00205733, 0.290869, 0.00205636, 0.00203577, -0.999996, 0.848365, 0.000474926, -0.999998, -0.0020348, 1.02176, 0, 0, 0, 1
-0.999998, -0.000459198, -0.00210193, 0.290867, 0.00210096, 0.0020928, -0.999996, 0.848373, 0.000463595, -0.999998, -0.00209183, 1.02176, 0, 0, 0, 1
-0.999998, -0.000447457, -0.00214731, 0.290866, 0.00214634, 0.00215082, -0.999995, 0.848382, 0.000452073, -0.999998, -0.00214986, 1.02175, 0, 0, 0, 1
-0.999997, -0.000435516, -0.00219346, 0.290865, 0.0021925, 0.00220984, -0.999995, 0.848391, 0.000440361, -0.999997, -0.00220887, 1.02175, 0, 0, 0, 1
-0.999997, -0.000423377, -0.00224039, 0.290864, 0.00223943, 0.00226984, -0.999995, 0.8484, 0.00042846, -0.999997, -0.00226889, 1.02175, 0, 0, 0, 1
-0.999997, -0.000411039, -0.0022881, 0.290863, 0.00228713, 0.00233084, -0.999995, 0.848409, 0.00041637, -0.999997, -0.00232989, 1.02174, 0, 0, 0, 1
-0.999997, -0.000398501, -0.00233658, 0.290861, 0.00233562, 0.00239283, -0.999994, 0.848418, 0.00040409, -0.999997, -0.00239189, 1.02174, 0, 0, 0, 1
-0.999997, -0.000385765, -0.00238584, 0.29086, 0.00238488, 0.00245581, -0.999994, 0.848428, 0.000391622, -0.999997, -0.00245489, 1.02174, 0, 0, 0, 1
-0.999997, -0.00037283, -0.00243587, 0.290859, 0.00243492, 0.00251979, -0.999994, 0.848437, 0.000378966, -0.999997, -0.00251887, 1.02174, 0, 0, 0, 1
-0.999997, -0.000359697, -0.00248668, 0.290857, 0.00248574, 0.00258476, -0.999994, 0.848447, 0.000366122, -0.999997, -0.00258385, 1.02173, 0, 0, 0, 1
-0.999997, -0.000346365, -0.00253826, 0.290856, 0.00253734, 0.00265072, -0.999993, 0.848457, 0.000353091, -0.999996, -0.00264983, 1.02173, 0, 0, 0, 1
-0.999997, -0.000332834, -0.00259062, 0.290855, 0.00258971, 0.00271767, -0.999993, 0.848467, 0.000339872, -0.999996, -0.0027168, 1.02173, 0, 0, 0, 1
-0.999996, -0.000319105, -0.00264376, 0.290853, 0.00264286, 0.00278561, -0.999993, 0.848477, 0.000326467, -0.999996, -0.00278476, 1.02172, 0, 0, 0, 1
-0.999996, -0.000305178, -0.00269767, 0.290852, 0.00269679, 0.00285455, -0.999992, 0.848487, 0.000312876, -0.999996, -0.00285372, 1.02172, 0, 0, 0, 1
-0.999996, -0.000291053, -0.00275236, 0.290851, 0.00275149, 0.00292448, -0.999992, 0.848498, 0.000299099, -0.999996, -0.00292367, 1.02172, 0, 0, 0, 1
-0.999996, -0.000276729, -0.00280782, 0.290849, 0.00280698, 0.0029954, -0.999992, 0.848508, 0.000285137, -0.999995, -0.00299461, 1.02171, 0, 0, 0, 1
-0.999996, -0.000262208, -0.00286406, 0.290848, 0.00286324, 0.00306731, -0.999991, 0.848519, 0.00027099, -0.999995, -0.00306655, 1.02171, 0, 0, 0, 1
-0.999996, -0.000247488, -0.00292107, 0.290846, 0.00292028, 0.00314022, -0.999991, 0.84853, 0.000256659, -0.999995, -0.00313948, 1.02171, 0, 0, 0, 1
-0.999996, -0.000232571, -0.00297886, 0.290845, 0.0029781, 0.00321412, -0.99999, 0.848541, 0.000242143, -0.999995, -0.00321341, 1.0217, 0, 0, 0, 1
-0.999995, -0.000217456, -0.00303743, 0.290843, 0.0030367, 0.00328901, -0.99999, 0.848552, 0.000227444, -0.999995, -0.00328833, 1.0217, 0, 0, 0, 1
-0.999995, -0.000202144, -0.00309677, 0.290842, 0.00309607, 0.00336489, -0.99999, 0.848564, 0.000212562, -0.999994, -0.00336425, 1.0217, 0, 0, 0, 1
-0.999995, -0.000186633, -0.00315689, 0.29084, 0.00315623, 0.00344177, -0.999989, 0.848575, 0.000197497, -0.999994, -0.00344116, 1.02169, 0, 0, 0, 1
-0.999995, -0.000170926, -0.00321778, 0.290838, 0.00321716, 0.00351963, -0.999989, 0.848587, 0.00018225, -0.999994, -0.00351907, 1.02169, 0, 0, 0, 1
-0.999995, -0.000155021, -0.00327945, 0.290837, 0.00327887, 0.0035985, -0.999988, 0.848599, 0.000166821, -0.999994, -0.00359797, 1.02169, 0, 0, 0, 1
-0.999994, -0.000138919, -0.00334189, 0.290835, 0.00334136, 0.00367835, -0.999988, 0.848611, 0.00015121, -0.999993, -0.00367786, 1.02168, 0, 0, 0, 1
-0.999994, -0.00012262, -0.00340511, 0.290834, 0.00340463, 0.00375919, -0.999987, 0.848623, 0.000135419, -0.999993, -0.00375876, 1.02168, 0, 0, 0, 1
-0.999994, -0.000106124, -0.00346911, 0.290832, 0.00346867, 0.00384103, -0.999987, 0.848635, 0.000119448, -0.999993, -0.00384064, 1.02167, 0, 0, 0, 1
-0.999994, -8.94314e-05, -0.00353388, 0.29083, 0.0035335, 0.00392386, -0.999986, 0.848647, 0.000103297, -0.999992, -0.00392352, 1.02167, 0, 0, 0, 1
-0.999994, -7.25418e-05, -0.00359942, 0.290828, 0.00359911, 0.00400769, -0.999985, 0.84866, 8.69661e-05, -0.999992, -0.0040074, 1.02167, 0, 0, 0, 1
-0.999993, -5.54555e-05, -0.00366575, 0.290827, 0.00366549, 0.0040925, -0.999985, 0.848673, 7.04567e-05, -0.999992, -0.00409227, 1.02166, 0, 0, 0, 1
-0.999993, -3.81727e-05, -0.00373285, 0.290825, 0.00373265, 0.00417831, -0.999984, 0.848685, 5.37691e-05, -0.999991, -0.00417814, 1.02166, 0, 0, 0, 1
-0.999993, -2.06934e-05, -0.00380072, 0.290823, 0.0038006, 0.00426511, -0.999984, 0.848698, 3.69036e-05, -0.999991, -0.004265, 1.02165, 0, 0, 0, 1
-0.999993, -3.01793e-06, -0.00386937, 0.290821, 0.00386932, 0.00435291, -0.999983, 0.848711, 1.98609e-05, -0.999991, -0.00435286, 1.02165, 0, 0, 0, 1
-0.999992, 1.48538e-05, -0.00393879, 0.29082, 0.00393882, 0.00444169, -0.999982, 0.848725, 2.64141e-06, -0.99999, -0.00444172, 1.02165, 0, 0, 0, 1
-0.999992, 3.29215e-05, -0.004009, 0.290818, 0.0040091, 0.00453147, -0.999982, 0.848738, -1.47543e-05, -0.99999, -0.00453157, 1.02164, 0, 0, 0, 1
-0.999992, 5.11852e-05, -0.00407997, 0.290816, 0.00408017, 0.00462225, -0.999981, 0.848752, -3.23256e-05, -0.999989, -0.00462242, 1.02164, 0, 0, 0, 1
-0.999991, 6.96447e-05, -0.00415172, 0.290814, 0.00415201, 0.00471401, -0.99998, 0.848766, -5.00721e-05, -0.999989, -0.00471426, 1.02163, 0, 0, 0, 1
-0.999991, 8.82999e-05, -0.00422425, 0.290812, 0.00422463, 0.00480677, -0.99998, 0.848779, -6.79931e-05, -0.999988, -0.0048071, 1.02163, 0, 0, 0, 1
-0.999991, 0.000107151, -0.00429756, 0.29081, 0.00429803, 0.00490052, -0.999979, 0.848793, -8.60882e-05, -0.999988, -0.00490093, 1.02163, 0, 0, 0, 1
-0.99999, 0.000126197, -0.00437164, 0.290808, 0.00437221, 0.00499526, -0.999978, 0.848808, -0.000104357, -0.999988, -0.00499577, 1.02162, 0, 0, 0, 1
-0.99999, 0.000145438, -0.00444649, 0.290806, 0.00444717, 0.005091, -0.999977, 0.848822, -0.000122798, -0.999987, -0.00509159, 1.02162, 0, 0, 0, 1
-0.99999, 0.000164875, -0.00452212, 0.290804, 0.00452292, 0.00518773, -0.999976, 0.848836, -0.000141412, -0.999987, -0.00518842, 1.02161, 0, 0, 0, 1
-0.999989, 0.000184507, -0.00459853, 0.290802, 0.00459944, 0.00528545, -0.999975, 0.848851, -0.000160197, -0.999986, -0.00528624, 1.02161, 0, 0, 0, 1
-0.999989, 0.000204334, -0.00467571, 0.2908, 0.00467674, 0.00538416, -0.999975, 0.848866, -0.000179154, -0.999985, -0.00538506, 1.0216, 0, 0, 0, 1
-0.999989, 0.000224355, -0.00475367, 0.290798, 0.00475483, 0.00548387, -0.999974, 0.848881, -0.000198281, -0.999985, -0.00548488, 1.0216, 0, 0, 0, 1
-0.999988, 0.000244571, -0.0048324, 0.290796, 0.00483369, 0.00558457, -0.999973, 0.848896, -0.000217578, -0.999984, -0.00558569, 1.02159, 0, 0, 0, 1
-0.999988, 0.000264982, -0.00491191, 0.290794, 0.00491334, 0.00568627, -0.999972, 0.848911, -0.000237044, -0.999984, -0.0056875, 1.02159, 0, 0, 0, 1
-0.999987, 0.000285587, -0.0049922, 0.290792, 0.00499377, 0.00578895, -0.999971, 0.848926, -0.000256679, -0.999983, -0.00579031, 1.02158, 0, 0, 0, 1
-0.999987, 0.000306386, -0.00507326, 0.29079, 0.00507498, 0.00589263, -0.99997, 0.848942, -0.000276482, -0.999983, -0.00589411, 1.02158, 0, 0, 0, 1
-0.999987, 0.00032738, -0.00515509, 0.290788, 0.00515697, 0.00599731, -0.999969, 0.848958, -0.000296453, -0.999982, -0.00599892, 1.02157, 0, 0, 0, 1
-0.999986, 0.000348567, -0.00523771, 0.290786, 0.00523974, 0.00610297, -0.999968, 0.848974, -0.00031659, -0.999981, -0.00610472, 1.02157, 0, 0, 0, 1
-0.999986, 0.000369948, -0.0053211, 0.290783, 0.00532329, 0.00620963, -0.999967, 0.848989, -0.000336894, -0.999981, -0.00621151, 1.02157, 0, 0, 0, 1
-0.999985, 0.000391523, -0.00540526, 0.290781, 0.00540762, 0.00631728, -0.999965, 0.849006, -0.000357363, -0.99998, -0.00631931, 1.02156, 0, 0, 0, 1
-0.999985, 0.000413291, -0.0054902, 0.290779, 0.00549274, 0.00642593, -0.999964, 0.849022, -0.000377997, -0.999979, -0.0064281, 1.02156, 0, 0, 0, 1
-0.999984, 0.000435253, -0.00557591, 0.290777, 0.00557864, 0.00653557, -0.999963, 0.849038, -0.000398795, -0.999979, -0.0065379, 1.02155, 0, 0, 0, 1
-0.999984, 0.000457408, -0.0056624, 0.290774, 0.00566532, 0.0066462, -0.999962, 0.849055, -0.000419757, -0.999978, -0.00664869, 1.02155, 0, 0, 0, 1
-0.999983, 0.000479756, -0.00574967, 0.290772, 0.00575278, 0.00675783, -0.999961, 0.849072, -0.000440882, -0.999977, -0.00676047, 1.02154, 0, 0, 0, 1
-0.999983, 0.000502297, -0.00583771, 0.29077, 0.00584103, 0.00687045, -0.999959, 0.849089, -0.000462169, -0.999976, -0.00687326, 1.02153, 0, 0, 0, 1
-0.999982, 0.000525031, -0.00592653, 0.290768, 0.00593005, 0.00698406, -0.999958, 0.849106, -0.000483618, -0.999975, -0.00698705, 1.02153, 0, 0, 0, 1
-0.999982, 0.000547958, -0.00601612, 0.290765, 0.00601986, 0.00709866, -0.999957, 0.849123, -0.000505228, -0.999975, -0.00710183, 1.02152, 0, 0, 0, 1
-0.999981, 0.000571077, -0.00610649, 0.290763, 0.00611045, 0.00721426, -0.999955, 0.84914, -0.000526997, -0.999974, -0.00721761, 1.02152, 0, 0, 0, 1
-0.999981, 0.000594388, -0.00619764, 0.29076, 0.00620183, 0.00733085, -0.999954, 0.849158, -0.000548927, -0.999973, -0.0073344, 1.02151, 0, 0, 0, 1
-0.99998, 0.000617891, -0.00628956, 0.290758, 0.00629399, 0.00744844, -0.999952, 0.849175, -0.000571015, -0.999972, -0.00745218, 1.02151, 0, 0, 0, 1
-0.999979, 0.000641587, -0.00638225, 0.290756, 0.00638693, 0.00756702, -0.999951, 0.849193, -0.000593261, -0.999971, -0.00757096, 1.0215, 0, 0, 0, 1
-0.999979, 0.000665474, -0.00647573, 0.290753, 0.00648065, 0.00768659, -0.999949, 0.849211, -0.000615664, -0.99997, -0.00769074, 1.0215, 0, 0, 0, 1
-0.999978, 0.000689553, -0.00656997, 0.290751, 0.00657516, 0.00780716, -0.999948, 0.849229, -0.000638225, -0.999969, -0.00781152, 1.02149, 0, 0, 0, 1
-0.999978, 0.000713824, -0.006665, 0.290748, 0.00667045, 0.00792871, -0.999946, 0.849247, -0.000660941, -0.999968, -0.0079333, 1.02149, 0, 0, 0, 1
-0.999977, 0.000738286, -0.0067608, 0.290746, 0.00676652, 0.00805127, -0.999945, 0.849266, -0.000683812, -0.999967, -0.00805608, 1.02148, 0, 0, 0, 1
-0.999976, 0.000762939, -0.00685737, 0.290743, 0.00686338, 0.00817481, -0.999943, 0.849284, -0.000706838, -0.999966, -0.00817986, 1.02148, 0, 0, 0, 1
-0.999976, 0.000787783, -0.00695472, 0.29074, 0.00696102, 0.00829935, -0.999941, 0.849303, -0.000730017, -0.999965, -0.00830463, 1.02147, 0, 0, 0, 1
-0.999975, 0.000812818, -0.00705285, 0.290738, 0.00705945, 0.00842489, -0.99994, 0.849322, -0.00075335, -0.999964, -0.00843041, 1.02146, 0, 0, 0, 1
-0.999974, 0.000838044, -0.00715175, 0.290735, 0.00715866, 0.00855141, -0.999938, 0.849341, -0.000776834, -0.999963, -0.00855719, 1.02146, 0, 0, 0, 1
-0.999973, 0.00086346, -0.00725143, 0.290733, 0.00725865, 0.00867894, -0.999936, 0.84936, -0.00080047, -0.999962, -0.00868497, 1.02145, 0, 0, 0, 1
-0.999973, 0.000889067, -0.00735188, 0.29073, 0.00735943, 0.00880745, -0.999934, 0.849379, -0.000824257, -0.999961, -0.00881375, 1.02145, 0, 0, 0, 1
-0.999972, 0.000914863, -0.00745311, 0.290727, 0.00746099, 0.00893696, -0.999932, 0.849398, -0.000848193, -0.99996, -0.00894353, 1.02144, 0, 0, 0, 1
-0.999971, 0.00094085, -0.00755511, 0.290724, 0.00756334, 0.00906746, -0.99993, 0.849418, -0.000872279, -0.999958, -0.00907431, 1.02143, 0, 0, 0, 1
-0.99997, 0.000967027, -0.00765789, 0.290722, 0.00766647, 0.00919896, -0.999928, 0.849438, -0.000896513, -0.999957, -0.0092061, 1.02143, 0, 0, 0, 1
-0.999969, 0.000993393, -0.00776145, 0.290719, 0.00777039, 0.00933145, -0.999926, 0.849458, -0.000920894, -0.999956, -0.00933888, 1.02142, 0, 0, 0, 1
-0.999969, 0.00101995, -0.00786578, 0.290716, 0.00787509, 0.00946493, -0.999924, 0.849478, -0.000945422, -0.999955, -0.00947267, 1.02142, 0, 0, 0, 1
-0.999968, 0.00104669, -0.00797089, 0.290713, 0.00798057, 0.00959941, -0.999922, 0.849498, -0.000970096, -0.999953, -0.00960745, 1.02141, 0, 0, 0, 1
-0.999967, 0.00107363, -0.00807677, 0.290711, 0.00808685, 0.00973488, -0.99992, 0.849518, -0.000994916, -0.999952, -0.00974324, 1.0214, 0, 0, 0, 1
-0.999966, 0.00110075, -0.00818343, 0.290708, 0.0081939, 0.00987135, -0.999918, 0.849539, -0.00101988, -0.999951, -0.00988003, 1.0214, 0, 0, 0, 1
-0.999965, 0.00112806, -0.00829087, 0.290705, 0.00830175, 0.0100088, -0.999915, 0.849559, -0.00104499, -0.999949, -0.0100178, 1.02139, 0, 0, 0, 1
-0.999964, 0.00115556, -0.00839908, 0.290702, 0.00841038, 0.0101473, -0.999913, 0.84958, -0.00107024, -0.999948, -0.0101566, 1.02139, 0, 0, 0, 1
-0.999963, 0.00118325, -0.00850806, 0.290699, 0.00851979, 0.0102867, -0.999911, 0.849601, -0.00109563, -0.999946, -0.0102964, 1.02138, 0, 0, 0, 1
-0.999962, 0.00121113, -0.00861782, 0.290696, 0.00862999, 0.0104271, -0.999908, 0.849622, -0.00112116, -0.999945, -0.0104372, 1.02137, 0, 0, 0, 1
-0.999961, 0.00123919, -0.00872836, 0.290693, 0.00874098, 0.0105686, -0.999906, 0.849643, -0.00114683, -0.999943, -0.010579, 1.02137, 0, 0, 0, 1
-0.99996, 0.00126745, -0.00883968, 0.29069, 0.00885275, 0.010711, -0.999903, 0.849665, -0.00117264, -0.999942, -0.0107218, 1.02136, 0, 0, 0, 1
-0.999959, 0.00129589, -0.00895176, 0.290687, 0.00896531, 0.0108544, -0.999901, 0.849686, -0.00119859, -0.99994, -0.0108656, 1.02135, 0, 0, 0, 1
-0.999958, 0.00132452, -0.00906463, 0.290684, 0.00907866, 0.0109989, -0.999898, 0.849708, -0.00122468, -0.999939, -0.0110104, 1.02135, 0, 0, 0, 1
-0.999957, 0.00135333, -0.00917827, 0.290681, 0.00919279, 0.0111443, -0.999896, 0.84973, -0.0012509, -0.999937, -0.0111562, 1.02134, 0, 0, 0, 1
-0.999956, 0.00138233, -0.00929268, 0.290678, 0.00930771, 0.0112907, -0.999893, 0.849752, -0.00127726, -0.999935, -0.011303, 1.02133, 0, 0, 0, 1
-0.999955, 0.00141152, -0.00940788, 0.290675, 0.00942341, 0.0114381, -0.99989, 0.849774, -0.00130376, -0.999934, -0.0114509, 1.02133, 0, 0, 0, 1
-0.999954, 0.0014409, -0.00952384, 0.290672, 0.00953991, 0.0115865, -0.999887, 0.849796, -0.00133039, -0.999932, -0.0115997, 1.02132, 0, 0, 0, 1
-0.999952, 0.00147046, -0.00964059, 0.290669, 0.00965719, 0.0117359, -0.999884, 0.849819, -0.00135715, -0.99993, -0.0117495, 1.02132, 0, 0, 0, 1
-0.999951, 0.00150021, -0.00975811, 0.290666, 0.00977526, 0.0118862, -0.999882, 0.849841, -0.00138404, -0.999928, -0.0119003, 1.02131, 0, 0, 0, 1
-0.99995, 0.00153014, -0.0098764, 0.290663, 0.00989411, 0.0120376, -0.999879, 0.849864, -0.00141107, -0.999926, -0.0120522, 1.0213, 0, 0, 0, 1
-0.999949, 0.00156026, -0.00999547, 0.290659, 0.0100138, 0.01219, -0.999876, 0.849887, -0.00143822, -0.999924, -0.012205, 1.02129, 0, 0, 0, 1
-0.999948, 0.00159057, -0.0101153, 0.290656, 0.0101342, 0.0123434, -0.999872, 0.84991, -0.00146551, -0.999923, -0.0123588, 1.02129, 0, 0, 0, 1
-0.999946, 0.00162106, -0.0102359, 0.290653, 0.0102554, 0.0124977, -0.999869, 0.849933, -0.00149292, -0.999921, -0.0125137, 1.02128, 0, 0, 0, 1
-0.999945, 0.00165173, -0.0103573, 0.29065, 0.0103774, 0.0126531, -0.999866, 0.849956, -0.00152046, -0.999919, -0.0126695, 1.02127, 0, 0, 0, 1
-0.999944, 0.0016826, -0.0104795, 0.290646, 0.0105002, 0.0128094, -0.999863, 0.84998, -0.00154813, -0.999917, -0.0128264, 1.02127, 0, 0, 0, 1
-0.999942, 0.00171364, -0.0106025, 0.290643, 0.0106238, 0.0129668, -0.999859, 0.850004, -0.00157592, -0.999914, -0.0129842, 1.02126, 0, 0, 0, 1
-0.999941, 0.00174487, -0.0107262, 0.29064, 0.0107482, 0.0131251, -0.999856, 0.850027, -0.00160384, -0.999912, -0.0131431, 1.02125, 0, 0, 0, 1
-0.99994, 0.00177629, -0.0108507, 0.290636, 0.0108733, 0.0132844, -0.999853, 0.850051, -0.00163188, -0.99991, -0.013303, 1.02125, 0, 0, 0, 1
-0.999938, 0.00180789, -0.010976, 0.290633, 0.0109993, 0.0134448, -0.999849, 0.850075, -0.00166005, -0.999908, -0.0134638, 1.02124, 0, 0, 0, 1
-0.999937, 0.00183967, -0.011102, 0.29063, 0.011126, 0.0136061, -0.999846, 0.8501, -0.00168833, -0.999906, -0.0136257, 1.02123, 0, 0, 0, 1
-0.999935, 0.00187164, -0.0112288, 0.290626, 0.0112536, 0.0137684, -0.999842, 0.850124, -0.00171674, -0.999903, -0.0137886, 1.02122, 0, 0, 0, 1
-0.999934, 0.00190379, -0.0113564, 0.290623, 0.0113819, 0.0139317, -0.999838, 0.850149, -0.00174527, -0.999901, -0.0139525, 1.02122, 0, 0, 0, 1
-0.999932, 0.00193612, -0.0114848, 0.290619, 0.011511, 0.014096, -0.999834, 0.850173, -0.00177391, -0.999899, -0.0141174, 1.02121, 0, 0, 0, 1
-0.999931, 0.00196864, -0.011614, 0.290616, 0.0116409, 0.0142613, -0.999831, 0.850198, -0.00180267, -0.999896, -0.0142833, 1.0212, 0, 0, 0, 1
-0.999929, 0.00200134, -0.0117439, 0.290612, 0.0117716, 0.0144276, -0.999827, 0.850223, -0.00183155, -0.999894, -0.0144502, 1.0212, 0, 0, 0, 1
-0.999927, 0.00203422, -0.0118746, 0.290609, 0.0119031, 0.0145949, -0.999823, 0.850249, -0.00186055, -0.999891, -0.0146181, 1.02119, 0, 0, 0, 1
-0.999926, 0.00206729, -0.0120061, 0.290605, 0.0120353, 0.0147632, -0.999819, 0.850274, -0.00188966, -0.999889, -0.014787, 1.02118, 0, 0, 0, 1
-0.999924, 0.00210053, -0.0121383, 0.290602, 0.0121684, 0.0149325, -0.999814, 0.850299, -0.00191889, -0.999886, -0.0149569, 1.02117, 0, 0, 0, 1
-0.999922, 0.00213396, -0.0122714, 0.290598, 0.0123022, 0.0151028, -0.99981, 0.850325, -0.00194822, -0.999884, -0.0151279, 1.02117, 0, 0, 0, 1
-0.999921, 0.00216757, -0.0124052, 0.290594, 0.0124369, 0.0152741, -0.999806, 0.850351, -0.00197767, -0.999881, -0.0152998, 1.02116, 0, 0, 0, 1
-0.999919, 0.00220136, -0.0125398, 0.290591, 0.0125723, 0.0154463, -0.999802, 0.850377, -0.00200723, -0.999878, -0.0154727, 1.02115, 0, 0, 0, 1
-0.999917, 0.00223534, -0.0126751, 0.290587, 0.0127085, 0.0156196, -0.999797, 0.850403, -0.0020369, -0.999876, -0.0156467, 1.02114, 0, 0, 0, 1
-0.999915, 0.00226949, -0.0128113, 0.290583, 0.0128455, 0.0157938, -0.999793, 0.850429, -0.00206668, -0.999873, -0.0158217, 1.02114, 0, 0, 0, 1
-0.999914, 0.00230383, -0.0129482, 0.29058, 0.0129833, 0.0159691, -0.999788, 0.850455, -0.00209657, -0.99987, -0.0159976, 1.02113, 0, 0, 0, 1
-0.999912, 0.00233834, -0.0130859, 0.290576, 0.0131219, 0.0161453, -0.999784, 0.850482, -0.00212656, -0.999867, -0.0161746, 1.02112, 0, 0, 0, 1
-0.99991, 0.00237304, -0.0132243, 0.290572, 0.0132613, 0.0163226, -0.999779, 0.850509, -0.00215666, -0.999864, -0.0163526, 1.02111, 0, 0, 0, 1
-0.999908, 0.00240791, -0.0133636, 0.290568, 0.0134015, 0.0165008, -0.999774, 0.850535, -0.00218686, -0.999861, -0.0165316, 1.02111, 0, 0, 0, 1
-0.999906, 0.00244297, -0.0135036, 0.290565, 0.0135425, 0.0166801, -0.999769, 0.850562, -0.00221716, -0.999858, -0.0167116, 1.0211, 0, 0, 0, 1
-0.999904, 0.0024782, -0.0136444, 0.290561, 0.0136843, 0.0168603, -0.999764, 0.85059, -0.00224757, -0.999855, -0.0168926, 1.02109, 0, 0, 0, 1
-0.999902, 0.00251362, -0.0137859, 0.290557, 0.0138268, 0.0170415, -0.999759, 0.850617, -0.00227808, -0.999852, -0.0170746, 1.02108, 0, 0, 0, 1
-0.9999, 0.00254921, -0.0139283, 0.290553, 0.0139702, 0.0172237, -0.999754, 0.850644, -0.00230869, -0.999848, -0.0172576, 1.02107, 0, 0, 0, 1
-0.999898, 0.00258499, -0.0140714, 0.290549, 0.0141143, 0.0174069, -0.999749, 0.850672, -0.0023394, -0.999845, -0.0174416, 1.02107, 0, 0, 0, 1
-0.999896, 0.00262094, -0.0142153, 0.290545, 0.0142592, 0.0175912, -0.999744, 0.8507, -0.0023702, -0.999842, -0.0176267, 1.02106, 0, 0, 0, 1
-0.999893, 0.00265707, -0.01436, 0.290541, 0.014405, 0.0177764, -0.999738, 0.850728, -0.0024011, -0.999838, -0.0178127, 1.02105, 0, 0, 0, 1
-0.999891, 0.00269337, -0.0145054, 0.290537, 0.0145515, 0.0179626, -0.999733, 0.850756, -0.0024321, -0.999835, -0.0179998, 1.02104, 0, 0, 0, 1
-0.999889, 0.00272986, -0.0146516, 0.290533, 0.0146988, 0.0181498, -0.999727, 0.850784, -0.00246319, -0.999832, -0.0181879, 1.02103, 0, 0, 0, 1
-0.999887, 0.00276652, -0.0147986, 0.290529, 0.0148469, 0.018338, -0.999722, 0.850812, -0.00249438, -0.999828, -0.0183769, 1.02103, 0, 0, 0, 1
-0.999884, 0.00280336, -0.0149464, 0.290525, 0.0149958, 0.0185271, -0.999716, 0.850841, -0.00252565, -0.999824, -0.018567, 1.02102, 0, 0, 0, 1
-0.999882, 0.00284038, -0.0150949, 0.290521, 0.0151455, 0.0187173, -0.99971, 0.85087, -0.00255702, -0.999821, -0.0187581, 1.02101, 0, 0, 0, 1
-0.99988, 0.00287757, -0.0152443, 0.290517, 0.015296, 0.0189085, -0.999704, 0.850898, -0.00258848, -0.999817, -0.0189502, 1.021, 0, 0, 0, 1
-0.999877, 0.00291495, -0.0153944, 0.290513, 0.0154473, 0.0191007, -0.999698, 0.850927, -0.00262002, -0.999813, -0.0191434, 1.02099, 0, 0, 0, 1
-0.999875, 0.00295249, -0.0155452, 0.290509, 0.0155994, 0.0192938, -0.999692, 0.850957, -0.00265166, -0.999809, -0.0193375, 1.02098, 0, 0, 0, 1
-0.999872, 0.00299022, -0.0156969, 0.290504, 0.0157522, 0.019488, -0.999686, 0.850986, -0.00268338, -0.999806, -0.0195326, 1.02098, 0, 0, 0, 1
-0.99987, 0.00302812, -0.0158493, 0.2905, 0.0159059, 0.0196832, -0.99968, 0.851015, -0.00271518, -0.999802, -0.0197288, 1.02097, 0, 0, 0, 1
-0.999867, 0.00306619, -0.0160025, 0.290496, 0.0160604, 0.0198793, -0.999673, 0.851045, -0.00274707, -0.999798, -0.0199259, 1.02096, 0, 0, 0, 1
-0.999865, 0.00310444, -0.0161565, 0.290492, 0.0162156, 0.0200765, -0.999667, 0.851075, -0.00277904, -0.999794, -0.0201241, 1.02095, 0, 0, 0, 1
-0.999862, 0.00314287, -0.0163112, 0.290488, 0.0163717, 0.0202746, -0.99966, 0.851104, -0.00281109, -0.99979, -0.0203233, 1.02094, 0, 0, 0, 1
-0.999859, 0.00318146, -0.0164668, 0.290483, 0.0165285, 0.0204738, -0.999654, 0.851135, -0.00284323, -0.999785, -0.0205235, 1.02093, 0, 0, 0, 1
-0.999857, 0.00322024, -0.0166231, 0.290479, 0.0166862, 0.0206739, -0.999647, 0.851165, -0.00287544, -0.999781, -0.0207247, 1.02093, 0, 0, 0, 1
-0.999854, 0.00325919, -0.0167802, 0.290475, 0.0168446, 0.0208751, -0.99964, 0.851195, -0.00290773, -0.999777, -0.0209269, 1.02092, 0, 0, 0, 1
-0.999851, 0.00329831, -0.016938, 0.29047, 0.0170039, 0.0210772, -0.999633, 0.851226, -0.00294009, -0.999772, -0.0211301, 1.02091, 0, 0, 0, 1
-0.999848, 0.00333761, -0.0170966, 0.290466, 0.0171639, 0.0212803, -0.999626, 0.851256, -0.00297254, -0.999768, -0.0213344, 1.0209, 0, 0, 0, 1
-0.999845, 0.00337708, -0.0172561, 0.290461, 0.0173247, 0.0214844, -0.999619, 0.851287, -0.00300505, -0.999763, -0.0215396, 1.02089, 0, 0, 0, 1
-0.999842, 0.00341672, -0.0174162, 0.290457, 0.0174863, 0.0216896, -0.999612, 0.851318, -0.00303764, -0.999759, -0.0217459, 1.02088, 0, 0, 0, 1
-0.99984, 0.00345653, -0.0175772, 0.290453, 0.0176488, 0.0218957, -0.999604, 0.851349, -0.0030703, -0.999754, -0.0219532, 1.02087, 0, 0, 0, 1
-0.999837, 0.00349652, -0.0177389, 0.290448, 0.017812, 0.0221028, -0.999597, 0.851381, -0.00310303, -0.99975, -0.0221615, 1.02087, 0, 0, 0, 1
-0.999834, 0.00353668, -0.0179014, 0.290444, 0.017976, 0.0223109, -0.999589, 0.851412, -0.00313583, -0.999745, -0.0223708, 1.02086, 0, 0, 0, 1
-0.99983, 0.00357701, -0.0180647, 0.290439, 0.0181408, 0.02252, -0.999582, 0.851444, -0.0031687, -0.99974, -0.0225811, 1.02085, 0, 0, 0, 1
-0.999827, 0.00361752, -0.0182288, 0.290434, 0.0183064, 0.0227301, -0.999574, 0.851475, -0.00320163, -0.999735, -0.0227924, 1.02084, 0, 0, 0, 1
-0.999824, 0.00365819, -0.0183936, 0.29043, 0.0184728, 0.0229412, -0.999566, 0.851507, -0.00323463, -0.99973, -0.0230047, 1.02083, 0, 0, 0, 1
-0.999821, 0.00369904, -0.0185592, 0.290425, 0.01864, 0.0231533, -0.999558, 0.851539, -0.0032677, -0.999725, -0.0232181, 1.02082, 0, 0, 0, 1
-0.999818, 0.00374006, -0.0187256, 0.290421, 0.018808, 0.0233664, -0.99955, 0.851572, -0.00330082, -0.99972, -0.0234325, 1.02081, 0, 0, 0, 1
-0.999814, 0.00378124, -0.0188928, 0.290416, 0.0189768, 0.0235805, -0.999542, 0.851604, -0.00333401, -0.999715, -0.0236479, 1.0208, 0, 0, 0, 1
-0.999811, 0.0038226, -0.0190607, 0.290411, 0.0191464, 0.0237956, -0.999533, 0.851636, -0.00336726, -0.99971, -0.0238642, 1.02079, 0, 0, 0, 1
-0.999808, 0.00386413, -0.0192295, 0.290407, 0.0193168, 0.0240116, -0.999525, 0.851669, -0.00340057, -0.999704, -0.0240817, 1.02079, 0, 0, 0, 1
-0.999804, 0.00390583, -0.0193989, 0.290402, 0.019488, 0.0242287, -0.999516, 0.851702, -0.00343393, -0.999699, -0.0243001, 1.02078, 0, 0, 0, 1
-0.999801, 0.0039477, -0.0195692, 0.290397, 0.01966, 0.0244468, -0.999508, 0.851735, -0.00346735, -0.999693, -0.0245195, 1.02077, 0, 0, 0, 1
-0.999797, 0.00398973, -0.0197403, 0.290392, 0.0198328, 0.0246659, -0.999499, 0.851768, -0.00350082, -0.999688, -0.02474, 1.02076, 0, 0, 0, 1
-0.999794, 0.00403194, -0.0199121, 0.290387, 0.0200064, 0.0248859, -0.99949, 0.851801, -0.00353435, -0.999682, -0.0249614, 1.02075, 0, 0, 0, 1
-0.99979, 0.00407431, -0.0200847, 0.290383, 0.0201808, 0.025107, -0.999481, 0.851835, -0.00356793, -0.999676, -0.0251839, 1.02074, 0, 0, 0, 1
-0.999786, 0.00411686, -0.020258, 0.290378, 0.020356, 0.025329, -0.999472, 0.851868, -0.00360156, -0.999671, -0.0254074, 1.02073, 0, 0, 0, 1
-0.999783, 0.00415957, -0.0204322, 0.290373, 0.020532, 0.0255521, -0.999463, 0.851902, -0.00363524, -0.999665, -0.0256319, 1.02072, 0, 0, 0, 1
-0.999779, 0.00420244, -0.0206071, 0.290368, 0.0207088, 0.0257761, -0.999453, 0.851936, -0.00366897, -0.999659, -0.0258575, 1.02071, 0, 0, 0, 1
-0.999775, 0.00424549, -0.0207828, 0.290363, 0.0208863, 0.0260012, -0.999444, 0.85197, -0.00370275, -0.999653, -0.026084, 1.0207, 0, 0, 0, 1
-0.999771, 0.0042887, -0.0209593, 0.290358, 0.0210647, 0.0262272, -0.999434, 0.852004, -0.00373657, -0.999647, -0.0263116, 1.02069, 0, 0, 0, 1
-0.999767, 0.00433208, -0.0211365, 0.290353, 0.0212439, 0.0264543, -0.999424, 0.852039, -0.00377043, -0.999641, -0.0265401, 1.02068, 0, 0, 0, 1
-0.999763, 0.00437562, -0.0213146, 0.290348, 0.0214239, 0.0266823, -0.999414, 0.852073, -0.00380434, -0.999634, -0.0267697, 1.02068, 0, 0, 0, 1
-0.999759, 0.00441934, -0.0214934, 0.290343, 0.0216047, 0.0269113, -0.999404, 0.852108, -0.00383829, -0.999628, -0.0270003, 1.02067, 0, 0, 0, 1
-0.999755, 0.00446321, -0.0216729, 0.290338, 0.0217863, 0.0271414, -0.999394, 0.852143, -0.00387228, -0.999622, -0.027232, 1.02066, 0, 0, 0, 1
-0.999751, 0.00450726, -0.0218533, 0.290333, 0.0219687, 0.0273724, -0.999384, 0.852178, -0.0039063, -0.999615, -0.0274646, 1.02065, 0, 0, 0, 1
-0.999747, 0.00455146, -0.0220344, 0.290328, 0.0221519, 0.0276044, -0.999373, 0.852213, -0.00394036, -0.999609, -0.0276983, 1.02064, 0, 0, 0, 1
-0.999743, 0.00459584, -0.0222163, 0.290323, 0.0223359, 0.0278374, -0.999363, 0.852248, -0.00397446, -0.999602, -0.0279329, 1.02063, 0, 0, 0, 1
-0.999738, 0.00464037, -0.022399, 0.290317, 0.0225207, 0.0280715, -0.999352, 0.852284, -0.00400859, -0.999595, -0.0281686, 1.02062, 0, 0, 0, 1
-0.999734, 0.00468508, -0.0225825, 0.290312, 0.0227063, 0.0283065, -0.999341, 0.852319, -0.00404276, -0.999588, -0.0284053, 1.02061, 0, 0, 0, 1
-0.99973, 0.00472994, -0.0227667, 0.290307, 0.0228927, 0.0285425, -0.99933, 0.852355, -0.00407696, -0.999581, -0.028643, 1.0206, 0, 0, 0, 1
-0.999725, 0.00477497, -0.0229517, 0.290302, 0.0230799, 0.0287795, -0.999319, 0.852391, -0.00411118, -0.999574, -0.0288818, 1.02059, 0, 0, 0, 1
-0.999721, 0.00482016, -0.0231375, 0.290296, 0.0232679, 0.0290175, -0.999308, 0.852427, -0.00414543, -0.999567, -0.0291215, 1.02058, 0, 0, 0, 1
-0.999716, 0.00486552, -0.0233241, 0.290291, 0.0234567, 0.0292565, -0.999297, 0.852463, -0.00417972, -0.99956, -0.0293623, 1.02057, 0, 0, 0, 1
-0.999712, 0.00491104, -0.0235114, 0.290286, 0.0236463, 0.0294965, -0.999285, 0.8525, -0.00421402, -0.999553, -0.0296041, 1.02056, 0, 0, 0, 1
-0.999707, 0.00495672, -0.0236995, 0.29028, 0.0238367, 0.0297375, -0.999273, 0.852536, -0.00424835, -0.999545, -0.0298469, 1.02055, 0, 0, 0, 1
-0.999702, 0.00500256, -0.0238884, 0.290275, 0.0240279, 0.0299795, -0.999262, 0.852573, -0.0042827, -0.999538, -0.0300907, 1.02054, 0, 0, 0, 1
-0.999697, 0.00504856, -0.0240781, 0.29027, 0.0242199, 0.0302225, -0.99925, 0.85261, -0.00431708, -0.99953, -0.0303356, 1.02053, 0, 0, 0, 1
-0.999692, 0.00509473, -0.0242685, 0.290264, 0.0244127, 0.0304665, -0.999238, 0.852647, -0.00435147, -0.999523, -0.0305815, 1.02052, 0, 0, 0, 1
-0.999688, 0.00514105, -0.0244597, 0.290259, 0.0246063, 0.0307114, -0.999225, 0.852684, -0.00438588, -0.999515, -0.0308283, 1.02051, 0, 0, 0, 1
-0.999683, 0.00518754, -0.0246517, 0.290253, 0.0248008, 0.0309574, -0.999213, 0.852721, -0.00442031, -0.999507, -0.0310762, 1.0205, 0, 0, 0, 1
-0.999678, 0.00523419, -0.0248445, 0.290248, 0.024996, 0.0312044, -0.9992, 0.852759, -0.00445475, -0.999499, -0.0313252, 1.02049, 0, 0, 0, 1
-0.999673, 0.005281, -0.025038, 0.290242, 0.025192, 0.0314524, -0.999188, 0.852797, -0.0044892, -0.999491, -0.0315751, 1.02048, 0, 0, 0, 1
-0.999667, 0.00532796, -0.0252323, 0.290237, 0.0253889, 0.0317013, -0.999175, 0.852834, -0.00452367, -0.999483, -0.0318261, 1.02047, 0, 0, 0, 1
-0.999662, 0.00537509, -0.0254274, 0.290231, 0.0255865, 0.0319513, -0.999162, 0.852872, -0.00455815, -0.999475, -0.032078, 1.02046, 0, 0, 0, 1
-0.999657, 0.00542238, -0.0256233, 0.290225, 0.0257849, 0.0322023, -0.999149, 0.85291, -0.00459263, -0.999467, -0.032331, 1.02045, 0, 0, 0, 1
-0.999652, 0.00546982, -0.0258199, 0.29022, 0.0259842, 0.0324542, -0.999135, 0.852949, -0.00462713, -0.999458, -0.0325851, 1.02044, 0, 0, 0, 1
-0.999646, 0.00551742, -0.0260174, 0.290214, 0.0261842, 0.0327072, -0.999122, 0.852987, -0.00466162, -0.99945, -0.0328401, 1.02043, 0, 0, 0, 1
-0.999641, 0.00556518, -0.0262156, 0.290208, 0.0263851, 0.0329612, -0.999108, 0.853026, -0.00469613, -0.999441, -0.0330962, 1.02042, 0, 0, 0, 1
-0.999635, 0.0056131, -0.0264145, 0.290203, 0.0265868, 0.0332161, -0.999095, 0.853064, -0.00473063, -0.999432, -0.0333532, 1.02041, 0, 0, 0, 1
-0.99963, 0.00566118, -0.0266143, 0.290197, 0.0267892, 0.0334721, -0.999081, 0.853103, -0.00476514, -0.999424, -0.0336113, 1.0204, 0, 0, 0, 1
-0.999624, 0.00570941, -0.0268148, 0.290191, 0.0269925, 0.033729, -0.999066, 0.853142, -0.00479964, -0.999415, -0.0338704, 1.02039, 0, 0, 0, 1
-0.999618, 0.0057578, -0.0270161, 0.290185, 0.0271966, 0.033987, -0.999052, 0.853182, -0.00483415, -0.999406, -0.0341306, 1.02038, 0, 0, 0, 1
-0.999613, 0.00580635, -0.0272182, 0.290179, 0.0274014, 0.0342459, -0.999038, 0.853221, -0.00486865, -0.999397, -0.0343917, 1.02037, 0, 0, 0, 1
-0.999607, 0.00585505, -0.027421, 0.290174, 0.0276071, 0.0345058, -0.999023, 0.85326, -0.00490314, -0.999387, -0.0346539, 1.02036, 0, 0, 0, 1
-0.999601, 0.0059039, -0.0276247, 0.290168, 0.0278136, 0.0347668, -0.999008, 0.8533, -0.00493763, -0.999378, -0.0349171, 1.02035, 0, 0, 0, 1
-0.999595, 0.00595292, -0.0278291, 0.290162, 0.0280209, 0.0350287, -0.998993, 0.85334, -0.00497211, -0.999369, -0.0351813, 1.02034, 0, 0, 0, 1
-0.999589, 0.00600208, -0.0280342, 0.290156, 0.028229, 0.0352916, -0.998978, 0.85338, -0.00500658, -0.999359, -0.0354466, 1.02033, 0, 0, 0, 1
-0.999583, 0.00605141, -0.0282402, 0.29015, 0.0284379, 0.0355556, -0.998963, 0.85342, -0.00504103, -0.999349, -0.0357128, 1.02032, 0, 0, 0, 1
-0.999577, 0.00610088, -0.0284469, 0.290144, 0.0286477, 0.0358205, -0.998948, 0.85346, -0.00507548, -0.99934, -0.0359801, 1.02031, 0, 0, 0, 1
-0.99957, 0.00615051, -0.0286544, 0.290138, 0.0288582, 0.0360864, -0.998932, 0.853501, -0.00510991, -0.99933, -0.0362484, 1.0203, 0, 0, 0, 1
-0.999564, 0.0062003, -0.0288627, 0.290132, 0.0290695, 0.0363533, -0.998916, 0.853541, -0.00514432, -0.99932, -0.0365177, 1.02029, 0, 0, 0, 1
-0.999558, 0.00625023, -0.0290718, 0.290126, 0.0292817, 0.0366213, -0.9989, 0.853582, -0.00517871, -0.99931, -0.0367881, 1.02028, 0, 0, 0, 1
-0.999551, 0.00630032, -0.0292816, 0.290119, 0.0294946, 0.0368902, -0.998884, 0.853623, -0.00521309, -0.999299, -0.0370595, 1.02027, 0, 0, 0, 1
-0.999545, 0.00635056, -0.0294922, 0.290113, 0.0297084, 0.0371601, -0.998868, 0.853664, -0.00524744, -0.999289, -0.0373319, 1.02026, 0, 0, 0, 1
-0.999538, 0.00640096, -0.0297036, 0.290107, 0.0299229, 0.037431, -0.998851, 0.853706, -0.00528177, -0.999279, -0.0376053, 1.02025, 0, 0, 0, 1
