-0.999999, -0.000797434, -0.000797196, 0.290901, 0.000796858, 0.000424669, -1, 0.848124, 0.000797772, -1, -0.000424033, 1.02183, 0, 0, 0, 1
-0.999999, -0.00079744, -0.00079675, 0.290901, 0.000796411, 0.000425064, -1, 0.848124, 0.000797778, -1, -0.000424428, 1.02183, 0, 0, 0, 1
-0.999999, -0.000797456, -0.000795412, 0.290901, 0.000795072, 0.000426248, -1, 0.848125, 0.000797794, -1, -0.000425614, 1.02183, 0, 0, 0, 1
-0.999999, -0.000797482, -0.000793182, 0.290901, 0.000792841, 0.000428222, -1, 0.848125, 0.000797822, -1, -0.000427589, 1.02183, 0, 0, 0, 1
-0.999999, -0.00079752, -0.00079006, 0.290901, 0.000789717, 0.000430985, -1, 0.848126, 0.00079786, -1, -0.000430355, 1.02183, 0, 0, 0, 1
-0.999999, -0.000797568, -0.000786046, 0.290901, 0.0007857, 0.000434538, -1, 0.848126, 0.00079791, -1, -0.000433911, 1.02183, 0, 0, 0, 1
-0.999999, -0.000797627, -0.00078114, 0.290901, 0.00078079, 0.00043888, -1, 0.848127, 0.00079797, -1, -0.000438257, 1.02183, 0, 0, 0, 1
-0.999999, -0.000797697, -0.000775342, 0.2909, 0.000774988, 0.000444012, -1, 0.848128, 0.000798041, -1, -0.000443394, 1.02183, 0, 0, 0, 1
-0.999999, -0.000797777, -0.000768652, 0.2909, 0.000768293, 0.000449934, -1, 0.84813, 0.000798123, -1, -0.000449321, 1.02183, 0, 0, 0, 1
-0.999999, -0.000797869, -0.00076107, 0.2909, 0.000760706, 0.000456645, -1, 0.848131, 0.000798216, -1, -0.000456037, 1.02183, 0, 0, 0, 1
-0.999999, -0.000797971, -0.000752596, 0.2909, 0.000752226, 0.000464145, -1, 0.848133, 0.00079832, -1, -0.000463545, 1.02183, 0, 0, 0, 1
-0.999999, -0.000798083, -0.00074323, 0.2909, 0.000742853, 0.000472435, -1, 0.848134, 0.000798434, -1, -0.000471842, 1.02183, 0, 0, 0, 1
-0.999999, -0.000798207, -0.000732972, 0.290899, 0.000732588, 0.000481515, -1, 0.848136, 0.000798559, -1, -0.00048093, 1.02182, 0, 0, 0, 1
-0.999999, -0.000798341, -0.000721822, 0.290899, 0.00072143, 0.000491384, -1, 0.848138, 0.000798695, -1, -0.000490808, 1.02182, 0, 0, 0, 1
-0.999999, -0.000798486, -0.00070978, 0.290899, 0.00070938, 0.000502043, -1, 0.848141, 0.000798842, -1, -0.000501476, 1.02182, 0, 0, 0, 1
-0.999999, -0.000798642, -0.000696846, 0.290898, 0.000696436, 0.000513491, -1, 0.848143, 0.000798999, -1, -0.000512934, 1.02182, 0, 0, 0, 1
-0.999999, -0.000798808, -0.00068302, 0.290898, 0.000682601, 0.000525728, -1, 0.848146, 0.000799167, -1, -0.000525183, 1.02181, 0, 0, 0, 1
-0.999999, -0.000798985, -0.000668303, 0.290898, 0.000667872, 0.000538756, -1, 0.848148, 0.000799345, -1, -0.000538222, 1.02181, 0, 0, 0, 1
-0.999999, -0.000799173, -0.000652693, 0.290897, 0.000652251, 0.000552572, -1, 0.848151, 0.000799534, -1, -0.000552051, 1.02181, 0, 0, 0, 1
-0.999999, -0.000799372, -0.000636191, 0.290897, 0.000635737, 0.000567179, -1, 0.848154, 0.000799733, -1, -0.00056667, 1.02181, 0, 0, 0, 1
-0.999999, -0.000799582, -0.000618797, 0.290896, 0.000618331, 0.000582574, -1, 0.848158, 0.000799942, -1, -0.00058208, 1.0218, 0, 0, 0, 1
-0.999999, -0.000799802, -0.000600511, 0.290896, 0.000600032, 0.00059876, -1, 0.848161, 0.000800161, -1, -0.000598279, 1.0218, 0, 0, 0, 1
-1, -0.000800033, -0.000581333, 0.290895, 0.00058084, 0.000615735, -1, 0.848165, 0.000800391, -0.999999, -0.00061527, 1.0218, 0, 0, 0, 1
-1, -0.000800275, -0.000561263, 0.290895, 0.000560756, 0.000633499, -1, 0.848168, 0.00080063, -0.999999, -0.00063305, 1.02179, 0, 0, 0, 1
-1, -0.000800528, -0.000540301, 0.290894, 0.000539779, 0.000652053, -1, 0.848172, 0.00080088, -0.999999, -0.00065162, 1.02179, 0, 0, 0, 1
-1, -0.000800791, -0.000518447, 0.290893, 0.000517909, 0.000671396, -1, 0.848176, 0.000801139, -0.999999, -0.000670981, 1.02179, 0, 0, 0, 1
-1, -0.000801066, -0.000495701, 0.290893, 0.000495147, 0.000691529, -1, 0.848181, 0.000801408, -0.999999, -0.000691132, 1.02178, 0, 0, 0, 1
-1, -0.000801351, -0.000472063, 0.290892, 0.000471492, 0.000712452, -1, 0.848185, 0.000801687, -0.999999, -0.000712074, 1.02178, 0, 0, 0, 1
-1, -0.000801647, -0.000447533, 0.290892, 0.000446945, 0.000734164, -1, 0.84819, 0.000801976, -0.999999, -0.000733805, 1.02177, 0, 0, 0, 1
-1, -0.000801954, -0.000422111, 0.290891, 0.000421505, 0.000756665, -1, 0.848195, 0.000802273, -0.999999, -0.000756327, 1.02177, 0, 0, 0, 1
-1, -0.000802272, -0.000395797, 0.29089, 0.000395172, 0.000779956, -1, 0.8482, 0.000802581, -0.999999, -0.000779639, 1.02176, 0, 0, 0, 1
-1, -0.000802601, -0.000368592, 0.290889, 0.000367946, 0.000804037, -1, 0.848205, 0.000802897, -0.999999, -0.000803741, 1.02176, 0, 0, 0, 1
-1, -0.000802941, -0.000340494, 0.290889, 0.000339828, 0.000828907, -1, 0.84821, 0.000803223, -0.999999, -0.000828634, 1.02175, 0, 0, 0, 1
-1, -0.000803291, -0.000311504, 0.290888, 0.000310817, 0.000854567, -1, 0.848215, 0.000803557, -0.999999, -0.000854317, 1.02175, 0, 0, 0, 1
-1, -0.000803653, -0.000281622, 0.290887, 0.000280914, 0.000881016, -1, 0.848221, 0.0008039, -0.999999, -0.00088079, 1.02174, 0, 0, 0, 1
-1, -0.000804025, -0.000250848, 0.290886, 0.000250118, 0.000908254, -1, 0.848227, 0.000804252, -0.999999, -0.000908053, 1.02174, 0, 0, 0, 1
-1, -0.000804408, -0.000219182, 0.290885, 0.000218429, 0.000936283, -1, 0.848233, 0.000804613, -0.999999, -0.000936107, 1.02173, 0, 0, 0, 1
-1, -0.000804803, -0.000186624, 0.290884, 0.000185847, 0.0009651, -1, 0.848239, 0.000804982, -0.999999, -0.00096495, 1.02173, 0, 0, 0, 1
-1, -0.000805208, -0.000153174, 0.290884, 0.000152373, 0.000994708, -0.999999, 0.848245, 0.00080536, -0.999999, -0.000994584, 1.02172, 0, 0, 0, 1
-1, -0.000805624, -0.000118832, 0.290883, 0.000118007, 0.0010251, -0.999999, 0.848251, 0.000805745, -0.999999, -0.00102501, 1.02172, 0, 0, 0, 1
-1, -0.000806051, -8.35985e-05, 0.290882, 8.27471e-05, 0.00105629, -0.999999, 0.848258, 0.000806139, -0.999999, -0.00105622, 1.02171, 0, 0, 0, 1
-1, -0.000806489, -4.74726e-05, 0.290881, 4.65949e-05, 0.00108827, -0.999999, 0.848265, 0.000806541, -0.999999, -0.00108823, 1.0217, 0, 0, 0, 1
-1, -0.000806939, -1.04548e-05, 0.29088, 9.55015e-06, 0.00112103, -0.999999, 0.848272, 0.00080695, -0.999999, -0.00112102, 1.0217, 0, 0, 0, 1
-1, -0.000807399, 2.74551e-05, 0.290879, -2.83873e-05, 0.00115459, -0.999999, 0.848279, 0.000807367, -0.999999, -0.00115461, 1.02169, 0, 0, 0, 1
-1, -0.00080787, 6.6257e-05, 0.290878, -6.72175e-05, 0.00118893, -0.999999, 0.848286, 0.000807791, -0.999999, -0.00118898, 1.02168, 0, 0, 0, 1
-1, -0.000808352, 0.000105951, 0.290877, -0.00010694, 0.00122406, -0.999999, 0.848294, 0.000808222, -0.999999, -0.00122415, 1.02168, 0, 0, 0, 1
-1, -0.000808846, 0.000146537, 0.290875, -0.000147556, 0.00125999, -0.999999, 0.848301, 0.000808661, -0.999999, -0.00126011, 1.02167, 0, 0, 0, 1
-1, -0.00080935, 0.000188015, 0.290874, -0.000189064, 0.0012967, -0.999999, 0.848309, 0.000809106, -0.999999, -0.00129685, 1.02166, 0, 0, 0, 1
-1, -0.000809866, 0.000230384, 0.290873, -0.000231465, 0.0013342, -0.999999, 0.848317, 0.000809558, -0.999999, -0.00133439, 1.02165, 0, 0, 0, 1
-1, -0.000810393, 0.000273646, 0.290872, -0.000274758, 0.0013725, -0.999999, 0.848325, 0.000810016, -0.999999, -0.00137272, 1.02165, 0, 0, 0, 1
-1, -0.000810931, 0.0003178, 0.290871, -0.000318945, 0.00141158, -0.999999, 0.848333, 0.000810481, -0.999999, -0.00141184, 1.02164, 0, 0, 0, 1
-1, -0.00081148, 0.000362846, 0.29087, -0.000364024, 0.00145145, -0.999999, 0.848342, 0.000810952, -0.999999, -0.00145174, 1.02163, 0, 0, 0, 1
-1, -0.00081204, 0.000408784, 0.290868, -0.000409995, 0.00149211, -0.999999, 0.84835, 0.000811429, -0.999999, -0.00149244, 1.02162, 0, 0, 0, 1
-1, -0.000812611, 0.000455614, 0.290867, -0.00045686, 0.00153356, -0.999999, 0.848359, 0.000811911, -0.999998, -0.00153393, 1.02161, 0, 0, 0, 1
-1, -0.000813194, 0.000503336, 0.290866, -0.000504617, 0.0015758, -0.999999, 0.848368, 0.000812399, -0.999998, -0.00157621, 1.02161, 0, 0, 0, 1
-1, -0.000813788, 0.000551949, 0.290864, -0.000553266, 0.00161883, -0.999999, 0.848377, 0.000812893, -0.999998, -0.00161928, 1.0216, 0, 0, 0, 1
-0.999999, -0.000814393, 0.000601455, 0.290863, -0.000602809, 0.00166265, -0.999998, 0.848387, 0.000813391, -0.999998, -0.00166314, 1.02159, 0, 0, 0, 1
-0.999999, -0.000815009, 0.000651853, 0.290862, -0.000653244, 0.00170725, -0.999998, 0.848396, 0.000813895, -0.999998, -0.00170779, 1.02158, 0, 0, 0, 1
-0.999999, -0.000815637, 0.000703143, 0.29086, -0.000704572, 0.00175265, -0.999998, 0.848406, 0.000814403, -0.999998, -0.00175323, 1.02157, 0, 0, 0, 1
-0.999999, -0.000816275, 0.000755325, 0.290859, -0.000756792, 0.00179884, -0.999998, 0.848415, 0.000814915, -0.999998, -0.00179946, 1.02156, 0, 0, 0, 1
-0.999999, -0.000816926, 0.000808399, 0.290858, -0.000809905, 0.00184582, -0.999998, 0.848425, 0.000815432, -0.999998, -0.00184648, 1.02155, 0, 0, 0, 1
-0.999999, -0.000817587, 0.000862364, 0.290856, -0.000863911, 0.00189358, -0.999998, 0.848436, 0.000815953, -0.999998, -0.00189429, 1.02154, 0, 0, 0, 1
-0.999999, -0.00081826, 0.000917222, 0.290855, -0.00091881, 0.00194214, -0.999998, 0.848446, 0.000816477, -0.999998, -0.00194289, 1.02153, 0, 0, 0, 1
-0.999999, -0.000818945, 0.000972972, 0.290853, -0.000974601, 0.00199148, -0.999998, 0.848456, 0.000817005, -0.999998, -0.00199228, 1.02152, 0, 0, 0, 1
-0.999999, -0.00081964, 0.00102961, 0.290852, -0.00103129, 0.00204162, -0.999997, 0.848467, 0.000817536, -0.999998, -0.00204246, 1.02151, 0, 0, 0, 1
-0.999999, -0.000820347, 0.00108715, 0.29085, -0.00108886, 0.00209254, -0.999997, 0.848478, 0.00081807, -0.999997, -0.00209343, 1.0215, 0, 0, 0, 1
-0.999999, -0.000821066, 0.00114557, 0.290848, -0.00114733, 0.00214426, -0.999997, 0.848489, 0.000818607, -0.999997, -0.0021452, 1.02149, 0, 0, 0, 1
-0.999999, -0.000821796, 0.00120489, 0.290847, -0.00120669, 0.00219676, -0.999997, 0.8485, 0.000819147, -0.999997, -0.00219775, 1.02148, 0, 0, 0, 1
-0.999999, -0.000822538, 0.0012651, 0.290845, -0.00126695, 0.00225005, -0.999997, 0.848511, 0.000819689, -0.999997, -0.00225109, 1.02147, 0, 0, 0, 1
-0.999999, -0.000823291, 0.0013262, 0.290843, -0.0013281, 0.00230413, -0.999996, 0.848523, 0.000820232, -0.999997, -0.00230522, 1.02146, 0, 0, 0, 1
-0.999999, -0.000824056, 0.0013882, 0.290842, -0.00139014, 0.00235901, -0.999996, 0.848534, 0.000820778, -0.999997, -0.00236015, 1.02145, 0, 0, 0, 1
-0.999999, -0.000824832, 0.00145108, 0.29084, -0.00145307, 0.00241467, -0.999996, 0.848546, 0.000821325, -0.999997, -0.00241586, 1.02144, 0, 0, 0, 1
-0.999999, -0.00082562, 0.00151486, 0.290838, -0.0015169, 0.00247112, -0.999996, 0.848558, 0.000821873, -0.999997, -0.00247237, 1.02143, 0, 0, 0, 1
-0.999998, -0.000826419, 0.00157953, 0.290837, -0.00158161, 0.00252836, -0.999996, 0.84857, 0.000822422, -0.999996, -0.00252966, 1.02142, 0, 0, 0, 1
-0.999998, -0.00082723, 0.00164509, 0.290835, -0.00164723, 0.00258639, -0.999995, 0.848582, 0.000822971, -0.999996, -0.00258775, 1.0214, 0, 0, 0, 1
-0.999998, -0.000828053, 0.00171155, 0.290833, -0.00171373, 0.00264521, -0.999995, 0.848595, 0.000823521, -0.999996, -0.00264662, 1.02139, 0, 0, 0, 1
-0.999998, -0.000828887, 0.00177889, 0.290831, -0.00178113, 0.00270482, -0.999995, 0.848608, 0.000824071, -0.999996, -0.00270629, 1.02138, 0, 0, 0, 1
-0.999998, -0.000829734, 0.00184713, 0.290829, -0.00184942, 0.00276521, -0.999994, 0.84862, 0.000824621, -0.999996, -0.00276674, 1.02137, 0, 0, 0, 1
-0.999998, -0.000830591, 0.00191626, 0.290827, -0.0019186, 0.0028264, -0.999994, 0.848633, 0.000825171, -0.999996, -0.00282799, 1.02136, 0, 0, 0, 1
-0.999998, -0.000831461, 0.00198628, 0.290826, -0.00198867, 0.00288838, -0.999994, 0.848646, 0.000825719, -0.999995, -0.00289003, 1.02134, 0, 0, 0, 1
-0.999998, -0.000832343, 0.00205719, 0.290824, -0.00205964, 0.00295115, -0.999994, 0.84866, 0.000826266, -0.999995, -0.00295285, 1.02133, 0, 0, 0, 1
-0.999997, -0.000833236, 0.002129, 0.290822, -0.0021315, 0.0030147, -0.999993, 0.848673, 0.000826812, -0.999995, -0.00301647, 1.02132, 0, 0, 0, 1
-0.999997, -0.000834141, 0.0022017, 0.29082, -0.00220426, 0.00307905, -0.999993, 0.848687, 0.000827356, -0.999995, -0.00308088, 1.02131, 0, 0, 0, 1
-0.999997, -0.000835058, 0.00227529, 0.290818, -0.0022779, 0.00314418, -0.999992, 0.848701, 0.000827898, -0.999995, -0.00314608, 1.02129, 0, 0, 0, 1
-0.999997, -0.000835987, 0.00234977, 0.290816, -0.00235244, 0.00321011, -0.999992, 0.848715, 0.000828438, -0.999994, -0.00321207, 1.02128, 0, 0, 0, 1
-0.999997, -0.000836928, 0.00242514, 0.290814, -0.00242787, 0.00327682, -0.999992, 0.848729, 0.000828974, -0.999994, -0.00327884, 1.02127, 0, 0, 0, 1
-0.999997, -0.000837881, 0.00250141, 0.290812, -0.0025042, 0.00334433, -0.999991, 0.848743, 0.000829508, -0.999994, -0.00334641, 1.02125, 0, 0, 0, 1
-0.999996, -0.000838846, 0.00257856, 0.290809, -0.00258141, 0.00341262, -0.999991, 0.848758, 0.000830038, -0.999994, -0.00341477, 1.02124, 0, 0, 0, 1
-0.999996, -0.000839823, 0.00265661, 0.290807, -0.00265952, 0.0034817, -0.99999, 0.848772, 0.000830565, -0.999994, -0.00348392, 1.02123, 0, 0, 0, 1
-0.999996, -0.000840812, 0.00273556, 0.290805, -0.00273853, 0.00355157, -0.99999, 0.848787, 0.000831088, -0.999993, -0.00355386, 1.02121, 0, 0, 0, 1
-0.999996, -0.000841813, 0.00281539, 0.290803, -0.00281842, 0.00362224, -0.999989, 0.848802, 0.000831606, -0.999993, -0.00362459, 1.0212, 0, 0, 0, 1
-0.999995, -0.000842826, 0.00289611, 0.290801, -0.00289921, 0.00369369, -0.999989, 0.848817, 0.000832119, -0.999993, -0.00369611, 1.02118, 0, 0, 0, 1
-0.999995, -0.000843851, 0.00297773, 0.290799, -0.00298089, 0.00376593, -0.999988, 0.848833, 0.000832627, -0.999993, -0.00376843, 1.02117, 0, 0, 0, 1
-0.999995, -0.000844889, 0.00306024, 0.290796, -0.00306346, 0.00383896, -0.999988, 0.848848, 0.00083313, -0.999992, -0.00384153, 1.02116, 0, 0, 0, 1
-0.999995, -0.000845938, 0.00314364, 0.290794, -0.00314693, 0.00391278, -0.999987, 0.848864, 0.000833627, -0.999992, -0.00391542, 1.02114, 0, 0, 0, 1
-0.999994, -0.000847, 0.00322794, 0.290792, -0.00323129, 0.00398739, -0.999987, 0.84888, 0.000834118, -0.999992, -0.0039901, 1.02113, 0, 0, 0, 1
-0.999994, -0.000848074, 0.00331312, 0.290789, -0.00331654, 0.00406279, -0.999986, 0.848896, 0.000834602, -0.999991, -0.00406557, 1.02111, 0, 0, 0, 1
-0.999994, -0.000849161, 0.0033992, 0.290787, -0.00340269, 0.00413897, -0.999986, 0.848912, 0.00083508, -0.999991, -0.00414184, 1.0211, 0, 0, 0, 1
-0.999994, -0.00085026, 0.00348617, 0.290785, -0.00348972, 0.00421595, -0.999985, 0.848928, 0.00083555, -0.999991, -0.00421889, 1.02108, 0, 0, 0, 1
-0.999993, -0.000851371, 0.00357403, 0.290782, -0.00357765, 0.00429372, -0.999984, 0.848945, 0.000836012, -0.99999, -0.00429674, 1.02107, 0, 0, 0, 1
-0.999993, -0.000852495, 0.00366278, 0.29078, -0.00366648, 0.00437228, -0.999984, 0.848961, 0.000836466, -0.99999, -0.00437537, 1.02105, 0, 0, 0, 1
-0.999993, -0.000853631, 0.00375243, 0.290778, -0.00375619, 0.00445162, -0.999983, 0.848978, 0.000836912, -0.99999, -0.00445479, 1.02103, 0, 0, 0, 1
-0.999992, -0.00085478, 0.00384296, 0.290775, -0.0038468, 0.00453176, -0.999982, 0.848995, 0.000837349, -0.999989, -0.00453501, 1.02102, 0, 0, 0, 1
-0.999992, -0.000855941, 0.00393439, 0.290773, -0.0039383, 0.00461268, -0.999982, 0.849012, 0.000837777, -0.999989, -0.00461602, 1.021, 0, 0, 0, 1
-0.999992, -0.000857114, 0.00402671, 0.29077, -0.0040307, 0.0046944, -0.999981, 0.84903, 0.000838195, -0.999989, -0.00469781, 1.02099, 0, 0, 0, 1
-0.999991, -0.000858301, 0.00411993, 0.290768, -0.00412398, 0.0047769, -0.99998, 0.849047, 0.000838603, -0.999988, -0.0047804, 1.02097, 0, 0, 0, 1
-0.999991, -0.000859499, 0.00421403, 0.290765, -0.00421816, 0.00486019, -0.999979, 0.849065, 0.000839001, -0.999988, -0.00486377, 1.02095, 0, 0, 0, 1
-0.99999, -0.000860711, 0.00430903, 0.290762, -0.00431323, 0.00494428, -0.999978, 0.849083, 0.000839387, -0.999987, -0.00494794, 1.02094, 0, 0, 0, 1
-0.99999, -0.000861935, 0.00440492, 0.29076, -0.0044092, 0.00502915, -0.999978, 0.849101, 0.000839763, -0.999987, -0.0050329, 1.02092, 0, 0, 0, 1
-0.999989, -0.000863172, 0.0045017, 0.290757, -0.00450606, 0.00511481, -0.999977, 0.849119, 0.000840127, -0.999987, -0.00511865, 1.0209, 0, 0, 0, 1
-0.999989, -0.000864422, 0.00459937, 0.290754, -0.00460381, 0.00520126, -0.999976, 0.849137, 0.000840478, -0.999986, -0.00520518, 1.02089, 0, 0, 0, 1
-0.999989, -0.000865684, 0.00469794, 0.290752, -0.00470245, 0.0052885, -0.999975, 0.849156, 0.000840818, -0.999986, -0.00529251, 1.02087, 0, 0, 0, 1
-0.999988, -0.00086696, 0.00479739, 0.290749, -0.00480199, 0.00537653, -0.999974, 0.849174, 0.000841144, -0.999985, -0.00538063, 1.02085, 0, 0, 0, 1
-0.999988, -0.000868248, 0.00489774, 0.290746, -0.00490241, 0.00546535, -0.999973, 0.849193, 0.000841457, -0.999985, -0.00546954, 1.02083, 0, 0, 0, 1
-0.999987, -0.000869549, 0.00499898, 0.290744, -0.00500374, 0.00555496, -0.999972, 0.849212, 0.000841756, -0.999984, -0.00555924, 1.02082, 0, 0, 0, 1
-0.999987, -0.000870863, 0.00510111, 0.290741, -0.00510595, 0.00564536, -0.999971, 0.849231, 0.00084204, -0.999984, -0.00564973, 1.0208, 0, 0, 0, 1
-0.999986, -0.00087219, 0.00520414, 0.290738, -0.00520906, 0.00573655, -0.99997, 0.849251, 0.000842311, -0.999983, -0.00574101, 1.02078, 0, 0, 0, 1
-0.999986, -0.000873531, 0.00530805, 0.290735, -0.00531306, 0.00582852, -0.999969, 0.84927, 0.000842565, -0.999983, -0.00583308, 1.02076, 0, 0, 0, 1
-0.999985, -0.000874884, 0.00541286, 0.290732, -0.00541795, 0.00592129, -0.999968, 0.84929, 0.000842805, -0.999982, -0.00592594, 1.02074, 0, 0, 0, 1
-0.999984, -0.00087625, 0.00551856, 0.290729, -0.00552374, 0.00601485, -0.999967, 0.84931, 0.000843028, -0.999982, -0.00601959, 1.02073, 0, 0, 0, 1
-0.999984, -0.00087763, 0.00562515, 0.290726, -0.00563041, 0.00610919, -0.999965, 0.84933, 0.000843234, -0.999981, -0.00611403, 1.02071, 0, 0, 0, 1
-0.999983, -0.000879023, 0.00573264, 0.290724, -0.00573798, 0.00620433, -0.999964, 0.84935, 0.000843424, -0.99998, -0.00620927, 1.02069, 0, 0, 0, 1
-0.999983, -0.000880429, 0.00584101, 0.290721, -0.00584645, 0.00630025, -0.999963, 0.84937, 0.000843596, -0.99998, -0.00630529, 1.02067, 0, 0, 0, 1
-0.999982, -0.000881848, 0.00595028, 0.290718, -0.0059558, 0.00639696, -0.999962, 0.849391, 0.00084375, -0.999979, -0.0064021, 1.02065, 0, 0, 0, 1
-0.999981, -0.000883281, 0.00606044, 0.290715, -0.00606605, 0.00649447, -0.999961, 0.849412, 0.000843886, -0.999979, -0.0064997, 1.02063, 0, 0, 0, 1
-0.999981, -0.000884727, 0.00617149, 0.290712, -0.00617719, 0.00659276, -0.999959, 0.849432, 0.000844003, -0.999978, -0.0065981, 1.02061, 0, 0, 0, 1
-0.99998, -0.000886186, 0.00628344, 0.290709, -0.00628923, 0.00669184, -0.999958, 0.849454, 0.000844101, -0.999977, -0.00669728, 1.02059, 0, 0, 0, 1
-0.999979, -0.000887659, 0.00639627, 0.290705, -0.00640215, 0.00679171, -0.999956, 0.849475, 0.000844178, -0.999977, -0.00679725, 1.02057, 0, 0, 0, 1
-0.999978, -0.000889145, 0.00651, 0.290702, -0.00651597, 0.00689237, -0.999955, 0.849496, 0.000844236, -0.999976, -0.00689802, 1.02055, 0, 0, 0, 1
-0.999978, -0.000890645, 0.00662462, 0.290699, -0.00663069, 0.00699382, -0.999954, 0.849518, 0.000844272, -0.999975, -0.00699957, 1.02053, 0, 0, 0, 1
-0.999977, -0.000892158, 0.00674013, 0.290696, -0.00674629, 0.00709606, -0.999952, 0.849539, 0.000844287, -0.999974, -0.00710192, 1.02051, 0, 0, 0, 1
-0.999976, -0.000893686, 0.00685653, 0.290693, -0.00686279, 0.00719909, -0.999951, 0.849561, 0.000844281, -0.999974, -0.00720505, 1.02049, 0, 0, 0, 1
-0.999975, -0.000895226, 0.00697383, 0.29069, -0.00698018, 0.00730291, -0.999949, 0.849583, 0.000844251, -0.999973, -0.00730898, 1.02047, 0, 0, 0, 1
-0.999974, -0.000896781, 0.00709201, 0.290686, -0.00709846, 0.00740752, -0.999947, 0.849605, 0.0008442, -0.999972, -0.0074137, 1.02045, 0, 0, 0, 1
-0.999974, -0.000898349, 0.00721109, 0.290683, -0.00721764, 0.00751292, -0.999946, 0.849628, 0.000844124, -0.999971, -0.0075192, 1.02043, 0, 0, 0, 1
-0.999973, -0.000899931, 0.00733106, 0.29068, -0.00733771, 0.0076191, -0.999944, 0.84965, 0.000844025, -0.999971, -0.0076255, 1.02041, 0, 0, 0, 1
-0.999972, -0.000901527, 0.00745192, 0.290677, -0.00745867, 0.00772608, -0.999942, 0.849673, 0.000843901, -0.99997, -0.00773259, 1.02039, 0, 0, 0, 1
-0.999971, -0.000903137, 0.00757368, 0.290673, -0.00758052, 0.00783384, -0.999941, 0.849696, 0.000843752, -0.999969, -0.00784046, 1.02037, 0, 0, 0, 1
-0.99997, -0.000904761, 0.00769632, 0.29067, -0.00770327, 0.0079424, -0.999939, 0.849719, 0.000843578, -0.999968, -0.00794913, 1.02034, 0, 0, 0, 1
-0.999969, -0.000906399, 0.00781986, 0.290667, -0.00782691, 0.00805174, -0.999937, 0.849742, 0.000843378, -0.999967, -0.00805859, 1.02032, 0, 0, 0, 1
-0.999968, -0.000908051, 0.00794429, 0.290663, -0.00795144, 0.00816188, -0.999935, 0.849766, 0.000843151, -0.999966, -0.00816884, 1.0203, 0, 0, 0, 1
-0.999967, -0.000909717, 0.00806961, 0.29066, -0.00807686, 0.0082728, -0.999933, 0.849789, 0.000842898, -0.999965, -0.00827987, 1.02028, 0, 0, 0, 1
-0.999966, -0.000911397, 0.00819582, 0.290656, -0.00820318, 0.00838451, -0.999931, 0.849813, 0.000842616, -0.999964, -0.0083917, 1.02026, 0, 0, 0, 1
-0.999965, -0.000913091, 0.00832293, 0.290653, -0.00833039, 0.00849701, -0.999929, 0.849837, 0.000842306, -0.999963, -0.00850432, 1.02024, 0, 0, 0, 1
-0.999964, -0.0009148, 0.00845092, 0.290649, -0.00845849, 0.0086103, -0.999927, 0.849861, 0.000841968, -0.999963, -0.00861773, 1.02021, 0, 0, 0, 1
-0.999963, -0.000916522, 0.00857981, 0.290646, -0.00858749, 0.00872438, -0.999925, 0.849885, 0.0008416, -0.999962, -0.00873193, 1.02019, 0, 0, 0, 1
-0.999962, -0.00091826, 0.00870959, 0.290642, -0.00871737, 0.00883925, -0.999923, 0.84991, 0.000841203, -0.999961, -0.00884692, 1.02017, 0, 0, 0, 1
-0.999961, -0.000920011, 0.00884027, 0.290639, -0.00884815, 0.00895491, -0.999921, 0.849934, 0.000840775, -0.999959, -0.0089627, 1.02014, 0, 0, 0, 1
-0.999959, -0.000921777, 0.00897183, 0.290635, -0.00897983, 0.00907136, -0.999919, 0.849959, 0.000840316, -0.999958, -0.00907927, 1.02012, 0, 0, 0, 1
-0.999958, -0.000923558, 0.00910428, 0.290631, -0.00911239, 0.0091886, -0.999916, 0.849984, 0.000839825, -0.999957, -0.00919663, 1.0201, 0, 0, 0, 1
-0.999957, -0.000925353, 0.00923763, 0.290628, -0.00924585, 0.00930662, -0.999914, 0.850009, 0.000839302, -0.999956, -0.00931478, 1.02008, 0, 0, 0, 1
-0.999956, -0.000927163, 0.00937187, 0.290624, -0.0093802, 0.00942544, -0.999912, 0.850034, 0.000838747, -0.999955, -0.00943372, 1.02005, 0, 0, 0, 1
-0.999954, -0.000928987, 0.009507, 0.29062, -0.00951544, 0.00954504, -0.999909, 0.85006, 0.000838158, -0.999954, -0.00955345, 1.02003, 0, 0, 0, 1
-0.999953, -0.000930826, 0.00964302, 0.290617, -0.00965157, 0.00966544, -0.999907, 0.850085, 0.000837535, -0.999953, -0.00967397, 1.02, 0, 0, 0, 1
-0.999952, -0.00093268, 0.00977994, 0.290613, -0.0097886, 0.00978662, -0.999904, 0.850111, 0.000836878, -0.999952, -0.00979528, 1.01998, 0, 0, 0, 1
-0.99995, -0.000934548, 0.00991775, 0.290609, -0.00992652, 0.0099086, -0.999902, 0.850137, 0.000836185, -0.99995, -0.00991738, 1.01996, 0, 0, 0, 1
-0.999949, -0.000936432, 0.0100564, 0.290605, -0.0100653, 0.0100314, -0.999899, 0.850163, 0.000835457, -0.999949, -0.0100403, 1.01993, 0, 0, 0, 1
-0.999948, -0.00093833, 0.010196, 0.290601, -0.010205, 0.0101549, -0.999896, 0.850189, 0.000834693, -0.999948, -0.010164, 1.01991, 0, 0, 0, 1
-0.999946, -0.000940243, 0.0103365, 0.290598, -0.0103456, 0.0102793, -0.999894, 0.850216, 0.000833892, -0.999947, -0.0102884, 1.01988, 0, 0, 0, 1
-0.999945, -0.000942172, 0.0104779, 0.290594, -0.0104871, 0.0104044, -0.999891, 0.850242, 0.000833053, -0.999945, -0.0104137, 1.01986, 0, 0, 0, 1
-0.999943, -0.000944115, 0.0106202, 0.29059, -0.0106295, 0.0105303, -0.999888, 0.850269, 0.000832176, -0.999944, -0.0105397, 1.01983, 0, 0, 0, 1
-0.999942, -0.000946074, 0.0107633, 0.290586, -0.0107728, 0.010657, -0.999885, 0.850296, 0.00083126, -0.999943, -0.0106666, 1.01981, 0, 0, 0, 1
-0.99994, -0.000948047, 0.0109074, 0.290582, -0.010917, 0.0107845, -0.999882, 0.850323, 0.000830305, -0.999941, -0.0107942, 1.01978, 0, 0, 0, 1
-0.999938, -0.000950036, 0.0110523, 0.290578, -0.011062, 0.0109128, -0.999879, 0.85035, 0.00082931, -0.99994, -0.0109226, 1.01976, 0, 0, 0, 1
-0.999937, -0.00095204, 0.0111981, 0.290574, -0.011208, 0.0110419, -0.999876, 0.850378, 0.000828274, -0.999939, -0.0110518, 1.01973, 0, 0, 0, 1
-0.999935, -0.00095406, 0.0113449, 0.29057, -0.0113548, 0.0111717, -0.999873, 0.850405, 0.000827197, -0.999937, -0.0111818, 1.01971, 0, 0, 0, 1
-0.999934, -0.000956095, 0.0114925, 0.290566, -0.0115025, 0.0113024, -0.99987, 0.850433, 0.000826078, -0.999936, -0.0113126, 1.01968, 0, 0, 0, 1
-0.999932, -0.000958146, 0.011641, 0.290562, -0.0116512, 0.0114338, -0.999867, 0.850461, 0.000824917, -0.999934, -0.0114442, 1.01966, 0, 0, 0, 1
-0.99993, -0.000960212, 0.0117904, 0.290558, -0.0118007, 0.0115661, -0.999863, 0.850489, 0.000823712, -0.999933, -0.0115766, 1.01963, 0, 0, 0, 1
-0.999928, -0.000962293, 0.0119407, 0.290554, -0.0119511, 0.0116991, -0.99986, 0.850517, 0.000822464, -0.999931, -0.0117098, 1.0196, 0, 0, 0, 1
-0.999926, -0.00096439, 0.0120918, 0.290549, -0.0121024, 0.0118329, -0.999857, 0.850546, 0.000821171, -0.99993, -0.0118437, 1.01958, 0, 0, 0, 1
-0.999925, -0.000966503, 0.0122439, 0.290545, -0.0122546, 0.0119675, -0.999853, 0.850574, 0.000819832, -0.999928, -0.0119784, 1.01955, 0, 0, 0, 1
-0.999923, -0.000968632, 0.0123969, 0.290541, -0.0124077, 0.0121029, -0.99985, 0.850603, 0.000818448, -0.999926, -0.012114, 1.01953, 0, 0, 0, 1
-0.999921, -0.000970777, 0.0125507, 0.290537, -0.0125617, 0.0122391, -0.999846, 0.850632, 0.000817018, -0.999925, -0.0122503, 1.0195, 0, 0, 0, 1
-0.999919, -0.000972937, 0.0127055, 0.290533, -0.0127166, 0.012376, -0.999843, 0.850661, 0.00081554, -0.999923, -0.0123874, 1.01947, 0, 0, 0, 1
-0.999917, -0.000975113, 0.0128611, 0.290528, -0.0128723, 0.0125138, -0.999839, 0.850691, 0.000814015, -0.999921, -0.0125253, 1.01944, 0, 0, 0, 1
-0.999915, -0.000977305, 0.0130177, 0.290524, -0.013029, 0.0126523, -0.999835, 0.85072, 0.00081244, -0.999919, -0.012664, 1.01942, 0, 0, 0, 1
-0.999913, -0.000979514, 0.0131751, 0.29052, -0.0131865, 0.0127917, -0.999831, 0.85075, 0.000810817, -0.999918, -0.0128035, 1.01939, 0, 0, 0, 1
-0.999911, -0.000981738, 0.0133334, 0.290515, -0.013345, 0.0129318, -0.999827, 0.85078, 0.000809144, -0.999916, -0.0129438, 1.01936, 0, 0, 0, 1
-0.999908, -0.000983979, 0.0134926, 0.290511, -0.0135043, 0.0130727, -0.999823, 0.85081, 0.00080742, -0.999914, -0.0130848, 1.01934, 0, 0, 0, 1
-0.999906, -0.000986236, 0.0136527, 0.290506, -0.0136645, 0.0132144, -0.999819, 0.85084, 0.000805645, -0.999912, -0.0132267, 1.01931, 0, 0, 0, 1
-0.999904, -0.000988509, 0.0138137, 0.290502, -0.0138257, 0.0133569, -0.999815, 0.85087, 0.000803818, -0.99991, -0.0133693, 1.01928, 0, 0, 0, 1
-0.999902, -0.000990799, 0.0139756, 0.290498, -0.0139877, 0.0135002, -0.999811, 0.8509, 0.000801938, -0.999908, -0.0135127, 1.01925, 0, 0, 0, 1
-0.9999, -0.000993104, 0.0141383, 0.290493, -0.0141506, 0.0136443, -0.999807, 0.850931, 0.000800005, -0.999906, -0.013657, 1.01922, 0, 0, 0, 1
-0.999897, -0.000995427, 0.014302, 0.290489, -0.0143144, 0.0137891, -0.999802, 0.850962, 0.000798018, -0.999904, -0.013802, 1.01919, 0, 0, 0, 1
-0.999895, -0.000997766, 0.0144665, 0.290484, -0.014479, 0.0139348, -0.999798, 0.850993, 0.000795976, -0.999902, -0.0139478, 1.01917, 0, 0, 0, 1
-0.999892, -0.00100012, 0.014632, 0.290479, -0.0146446, 0.0140812, -0.999794, 0.851024, 0.000793879, -0.9999, -0.0140943, 1.01914, 0, 0, 0, 1
-0.99989, -0.00100249, 0.0147983, 0.290475, -0.0148111, 0.0142284, -0.999789, 0.851055, 0.000791725, -0.999898, -0.0142417, 1.01911, 0, 0, 0, 1
-0.999888, -0.00100488, 0.0149656, 0.29047, -0.0149785, 0.0143765, -0.999784, 0.851087, 0.000789515, -0.999896, -0.0143899, 1.01908, 0, 0, 0, 1
-0.999885, -0.00100729, 0.0151337, 0.290466, -0.0151467, 0.0145253, -0.99978, 0.851119, 0.000787246, -0.999894, -0.0145388, 1.01905, 0, 0, 0, 1
-0.999882, -0.00100971, 0.0153027, 0.290461, -0.0153159, 0.0146749, -0.999775, 0.85115, 0.000784919, -0.999892, -0.0146886, 1.01902, 0, 0, 0, 1
-0.99988, -0.00101215, 0.0154726, 0.290456, -0.0154859, 0.0148252, -0.99977, 0.851182, 0.000782534, -0.99989, -0.0148391, 1.01899, 0, 0, 0, 1
-0.999877, -0.00101461, 0.0156434, 0.290452, -0.0156568, 0.0149764, -0.999765, 0.851215, 0.000780088, -0.999887, -0.0149905, 1.01896, 0, 0, 0, 1
-0.999874, -0.00101708, 0.0158151, 0.290447, -0.0158287, 0.0151284, -0.99976, 0.851247, 0.000777581, -0.999885, -0.0151426, 1.01893, 0, 0, 0, 1
-0.999872, -0.00101957, 0.0159876, 0.290442, -0.0160014, 0.0152811, -0.999755, 0.851279, 0.000775013, -0.999883, -0.0152955, 1.0189, 0, 0, 0, 1
-0.999869, -0.00102208, 0.0161611, 0.290437, -0.016175, 0.0154347, -0.99975, 0.851312, 0.000772384, -0.99988, -0.0154492, 1.01887, 0, 0, 0, 1
-0.999866, -0.00102461, 0.0163355, 0.290432, -0.0163495, 0.015589, -0.999745, 0.851345, 0.000769691, -0.999878, -0.0156037, 1.01884, 0, 0, 0, 1
-0.999863, -0.00102715, 0.0165107, 0.290428, -0.0165249, 0.0157441, -0.999739, 0.851378, 0.000766934, -0.999876, -0.0157589, 1.01881, 0, 0, 0, 1
-0.99986, -0.00102971, 0.0166869, 0.290423, -0.0167011, 0.0159, -0.999734, 0.851411, 0.000764113, -0.999873, -0.015915, 1.01878, 0, 0, 0, 1
-0.999857, -0.00103229, 0.0168639, 0.290418, -0.0168783, 0.0160567, -0.999729, 0.851445, 0.000761227, -0.999871, -0.0160718, 1.01875, 0, 0, 0, 1
-0.999854, -0.00103488, 0.0170418, 0.290413, -0.0170564, 0.0162142, -0.999723, 0.851478, 0.000758275, -0.999868, -0.0162295, 1.01872, 0, 0, 0, 1
-0.999851, -0.00103749, 0.0172206, 0.290408, -0.0172353, 0.0163725, -0.999717, 0.851512, 0.000755256, -0.999865, -0.0163879, 1.01869, 0, 0, 0, 1
-0.999848, -0.00104012, 0.0174003, 0.290403, -0.0174152, 0.0165315, -0.999712, 0.851546, 0.00075217, -0.999863, -0.0165471, 1.01866, 0, 0, 0, 1
-0.999845, -0.00104277, 0.0175809, 0.290398, -0.0175959, 0.0166914, -0.999706, 0.85158, 0.000749015, -0.99986, -0.0167071, 1.01863, 0, 0, 0, 1
-0.999842, -0.00104544, 0.0177624, 0.290393, -0.0177775, 0.016852, -0.9997, 0.851614, 0.000745791, -0.999857, -0.0168679, 1.0186, 0, 0, 0, 1
-0.999838, -0.00104812, 0.0179448, 0.290388, -0.0179601, 0.0170134, -0.999694, 0.851648, 0.000742498, -0.999855, -0.0170295, 1.01856, 0, 0, 0, 1
-0.999835, -0.00105082, 0.0181281, 0.290383, -0.0181435, 0.0171757, -0.999688, 0.851683, 0.000739134, -0.999852, -0.0171919, 1.01853, 0, 0, 0, 1
-0.999832, -0.00105354, 0.0183122, 0.290378, -0.0183278, 0.0173387, -0.999682, 0.851718, 0.000735698, -0.999849, -0.0173551, 1.0185, 0, 0, 0, 1
-0.999828, -0.00105628, 0.0184973, 0.290373, -0.018513, 0.0175025, -0.999675, 0.851752, 0.00073219, -0.999846, -0.017519, 1.01847, 0, 0, 0, 1
-0.999825, -0.00105904, 0.0186832, 0.290368, -0.018699, 0.017667, -0.999669, 0.851787, 0.000728609, -0.999843, -0.0176837, 1.01844, 0, 0, 0, 1
-0.999821, -0.00106181, 0.0188701, 0.290362, -0.018886, 0.0178324, -0.999663, 0.851823, 0.000724954, -0.99984, -0.0178493, 1.0184, 0, 0, 0, 1
-0.999818, -0.0010646, 0.0190578, 0.290357, -0.0190739, 0.0179986, -0.999656, 0.851858, 0.000721224, -0.999837, -0.0180156, 1.01837, 0, 0, 0, 1
-0.999814, -0.00106741, 0.0192464, 0.290352, -0.0192626, 0.0181655, -0.999649, 0.851894, 0.000717419, -0.999834, -0.0181827, 1.01834, 0, 0, 0, 1
-0.999811, -0.00107024, 0.0194359, 0.290347, -0.0194523, 0.0183333, -0.999643, 0.851929, 0.000713538, -0.999831, -0.0183506, 1.01831, 0, 0, 0, 1
-0.999807, -0.00107309, 0.0196263, 0.290341, -0.0196428, 0.0185018, -0.999636, 0.851965, 0.000709579, -0.999828, -0.0185193, 1.01827, 0, 0, 0, 1
-0.999803, -0.00107596, 0.0198176, 0.290336, -0.0198343, 0.0186711, -0.999629, 0.852001, 0.000705542, -0.999825, -0.0186888, 1.01824, 0, 0, 0, 1
-0.999799, -0.00107884, 0.0200098, 0.290331, -0.0200266, 0.0188412, -0.999622, 0.852038, 0.000701427, -0.999822, -0.018859, 1.01821, 0, 0, 0, 1
-0.999795, -0.00108175, 0.0202029, 0.290325, -0.0202198, 0.0190121, -0.999615, 0.852074, 0.000697232, -0.999819, -0.0190301, 1.01817, 0, 0, 0, 1
-0.999791, -0.00108467, 0.0203968, 0.29032, -0.0204139, 0.0191838, -0.999608, 0.852111, 0.000692956, -0.999815, -0.0192019, 1.01814, 0, 0, 0, 1
-0.999787, -0.00108761, 0.0205917, 0.290315, -0.0206089, 0.0193563, -0.9996, 0.852147, 0.000688599, -0.999812, -0.0193746, 1.01811, 0, 0, 0, 1
-0.999783, -0.00109057, 0.0207874, 0.290309, -0.0208048, 0.0195295, -0.999593, 0.852184, 0.00068416, -0.999809, -0.019548, 1.01807, 0, 0, 0, 1
-0.999779, -0.00109355, 0.0209841, 0.290304, -0.0210016, 0.0197036, -0.999585, 0.852221, 0.000679638, -0.999805, -0.0197222, 1.01804, 0, 0, 0, 1
-0.999775, -0.00109655, 0.0211816, 0.290298, -0.0211992, 0.0198784, -0.999578, 0.852259, 0.000675032, -0.999802, -0.0198972, 1.01801, 0, 0, 0, 1
-0.999771, -0.00109957, 0.02138, 0.290293, -0.0213978, 0.020054, -0.99957, 0.852296, 0.000670341, -0.999798, -0.020073, 1.01797, 0, 0, 0, 1
-0.999767, -0.00110261, 0.0215793, 0.290287, -0.0215972, 0.0202304, -0.999562, 0.852334, 0.000665565, -0.999795, -0.0202495, 1.01794, 0, 0, 0, 1
-0.999762, -0.00110566, 0.0217795, 0.290282, -0.0217976, 0.0204076, -0.999554, 0.852371, 0.000660702, -0.999791, -0.0204269, 1.0179, 0, 0, 0, 1
-0.999758, -0.00110874, 0.0219806, 0.290276, -0.0219988, 0.0205856, -0.999546, 0.852409, 0.000655751, -0.999787, -0.020605, 1.01787, 0, 0, 0, 1
-0.999753, -0.00111184, 0.0221826, 0.29027, -0.0222009, 0.0207644, -0.999538, 0.852448, 0.000650713, -0.999784, -0.020784, 1.01783, 0, 0, 0, 1
-0.999749, -0.00111495, 0.0223855, 0.290265, -0.0224039, 0.020944, -0.99953, 0.852486, 0.000645585, -0.99978, -0.0209637, 1.0178, 0, 0, 0, 1
-0.999744, -0.00111809, 0.0225892, 0.290259, -0.0226078, 0.0211243, -0.999521, 0.852524, 0.000640368, -0.999776, -0.0211442, 1.01776, 0, 0, 0, 1
-0.99974, -0.00112124, 0.0227939, 0.290253, -0.0228126, 0.0213055, -0.999513, 0.852563, 0.000635059, -0.999772, -0.0213255, 1.01773, 0, 0, 0, 1
-0.999735, -0.00112441, 0.0229994, 0.290248, -0.0230183, 0.0214874, -0.999504, 0.852602, 0.000629659, -0.999768, -0.0215076, 1.01769, 0, 0, 0, 1
-0.99973, -0.00112761, 0.0232059, 0.290242, -0.0232248, 0.0216701, -0.999495, 0.852641, 0.000624166, -0.999765, -0.0216905, 1.01766, 0, 0, 0, 1
-0.999725, -0.00113082, 0.0234132, 0.290236, -0.0234323, 0.0218537, -0.999487, 0.85268, 0.000618579, -0.999761, -0.0218741, 1.01762, 0, 0, 0, 1
-0.99972, -0.00113406, 0.0236214, 0.29023, -0.0236407, 0.022038, -0.999478, 0.852719, 0.000612898, -0.999756, -0.0220586, 1.01759, 0, 0, 0, 1
-0.999715, -0.00113731, 0.0238305, 0.290225, -0.0238499, 0.022223, -0.999469, 0.852759, 0.000607121, -0.999752, -0.0222438, 1.01755, 0, 0, 0, 1
-0.99971, -0.00114059, 0.0240405, 0.290219, -0.02406, 0.0224089, -0.999459, 0.852798, 0.000601249, -0.999748, -0.0224299, 1.01751, 0, 0, 0, 1
-0.999705, -0.00114388, 0.0242514, 0.290213, -0.024271, 0.0225956, -0.99945, 0.852838, 0.000595279, -0.999744, -0.0226167, 1.01748, 0, 0, 0, 1
-0.9997, -0.0011472, 0.0244632, 0.290207, -0.0244829, 0.022783, -0.999441, 0.852878, 0.000589211, -0.99974, -0.0228043, 1.01744, 0, 0, 0, 1
-0.999695, -0.00115053, 0.0246758, 0.290201, -0.0246957, 0.0229713, -0.999431, 0.852918, 0.000583044, -0.999735, -0.0229927, 1.0174, 0, 0, 0, 1
-0.99969, -0.00115389, 0.0248894, 0.290195, -0.0249094, 0.0231603, -0.999421, 0.852959, 0.000576776, -0.999731, -0.0231819, 1.01737, 0, 0, 0, 1
-0.999684, -0.00115727, 0.0251038, 0.290189, -0.025124, 0.0233501, -0.999412, 0.852999, 0.000570408, -0.999727, -0.0233718, 1.01733, 0, 0, 0, 1
-0.999679, -0.00116066, 0.0253192, 0.290183, -0.0253395, 0.0235407, -0.999402, 0.85304, 0.000563939, -0.999722, -0.0235626, 1.01729, 0, 0, 0, 1
-0.999673, -0.00116408, 0.0255354, 0.290177, -0.0255558, 0.0237321, -0.999392, 0.853081, 0.000557366, -0.999718, -0.0237541, 1.01726, 0, 0, 0, 1
-0.999668, -0.00116752, 0.0257525, 0.290171, -0.0257731, 0.0239243, -0.999381, 0.853122, 0.00055069, -0.999713, -0.0239464, 1.01722, 0, 0, 0, 1
-0.999662, -0.00117098, 0.0259705, 0.290165, -0.0259912, 0.0241173, -0.999371, 0.853163, 0.000543909, -0.999708, -0.0241396, 1.01718, 0, 0, 0, 1
-0.999656, -0.00117446, 0.0261894, 0.290159, -0.0262102, 0.024311, -0.999361, 0.853204, 0.000537022, -0.999704, -0.0243335, 1.01715, 0, 0, 0, 1
-0.999651, -0.00117797, 0.0264092, 0.290153, -0.0264302, 0.0245056, -0.99935, 0.853246, 0.000530029, -0.999699, -0.0245282, 1.01711, 0, 0, 0, 1
-0.999645, -0.00118149, 0.0266299, 0.290146, -0.026651, 0.0247009, -0.99934, 0.853287, 0.000522928, -0.999694, -0.0247236, 1.01707, 0, 0, 0, 1
-0.999639, -0.00118504, 0.0268515, 0.29014, -0.0268726, 0.024897, -0.999329, 0.853329, 0.000515719, -0.999689, -0.0249199, 1.01703, 0, 0, 0, 1
-0.999633, -0.0011886, 0.0270739, 0.290134, -0.0270952, 0.025094, -0.999318, 0.853371, 0.0005084, -0.999684, -0.0251169, 1.01699, 0, 0, 0, 1
-0.999627, -0.00119219, 0.0272973, 0.290128, -0.0273187, 0.0252917, -0.999307, 0.853413, 0.000500971, -0.999679, -0.0253148, 1.01696, 0, 0, 0, 1
-0.99962, -0.0011958, 0.0275215, 0.290122, -0.027543, 0.0254901, -0.999296, 0.853456, 0.000493431, -0.999674, -0.0255134, 1.01692, 0, 0, 0, 1
-0.999614, -0.00119943, 0.0277466, 0.290115, -0.0277683, 0.0256894, -0.999284, 0.853498, 0.000485778, -0.999669, -0.0257128, 1.01688, 0, 0, 0, 1
-0.999608, -0.00120308, 0.0279727, 0.290109, -0.0279944, 0.0258895, -0.999273, 0.853541, 0.000478012, -0.999664, -0.025913, 1.01684, 0, 0, 0, 1
-0.999602, -0.00120676, 0.0281996, 0.290103, -0.0282215, 0.0260903, -0.999261, 0.853584, 0.000470132, -0.999659, -0.026114, 1.0168, 0, 0, 0, 1
-0.999595, -0.00121046, 0.0284274, 0.290096, -0.0284494, 0.026292, -0.999249, 0.853627, 0.000462136, -0.999654, -0.0263158, 1.01676, 0, 0, 0, 1
-0.999589, -0.00121417, 0.028656, 0.29009, -0.0286782, 0.0264944, -0.999238, 0.85367, 0.000454024, -0.999648, -0.0265183, 1.01672, 0, 0, 0, 1
-0.999582, -0.00121792, 0.0288856, 0.290083, -0.0289079, 0.0266976, -0.999225, 0.853714, 0.000445795, -0.999643, -0.0267217, 1.01668, 0, 0, 0, 1
-0.999575, -0.00122168, 0.0291161, 0.290077, -0.0291384, 0.0269016, -0.999213, 0.853757, 0.000437447, -0.999637, -0.0269258, 1.01664, 0, 0, 0, 1
-0.999569, -0.00122546, 0.0293475, 0.29007, -0.0293699, 0.0271064, -0.999201, 0.853801, 0.00042898, -0.999632, -0.0271307, 1.0166, 0, 0, 0, 1
-0.999562, -0.00122927, 0.0295797, 0.290064, -0.0296022, 0.027312, -0.999189, 0.853845, 0.000420393, -0.999626, -0.0273364, 1.01657, 0, 0, 0, 1
-0.999555, -0.0012331, 0.0298128, 0.290057, -0.0298355, 0.0275184, -0.999176, 0.853889, 0.000411685, -0.999621, -0.0275429, 1.01653, 0, 0, 0, 1
-0.999548, -0.00123695, 0.0300469, 0.290051, -0.0300696, 0.0277255, -0.999163, 0.853933, 0.000402854, -0.999615, -0.0277502, 1.01649, 0, 0, 0, 1
-0.999541, -0.00124083, 0.0302818, 0.290044, -0.0303046, 0.0279335, -0.99915, 0.853978, 0.0003939, -0.999609, -0.0279582, 1.01645, 0, 0, 0, 1
-0.999533, -0.00124473, 0.0305176, 0.290038, -0.0305405, 0.0281422, -0.999137, 0.854022, 0.000384821, -0.999603, -0.0281671, 1.01641, 0, 0, 0, 1
-0.999526, -0.00124865, 0.0307543, 0.290031, -0.0307773, 0.0283517, -0.999124, 0.854067, 0.000375617, -0.999597, -0.0283767, 1.01636, 0, 0, 0, 1
-0.999519, -0.00125259, 0.0309919, 0.290024, -0.031015, 0.028562, -0.999111, 0.854112, 0.000366287, -0.999591, -0.0285871, 1.01632, 0, 0, 0, 1
-0.999511, -0.00125656, 0.0312303, 0.290018, -0.0312536, 0.0287731, -0.999097, 0.854157, 0.000356829, -0.999585, -0.0287983, 1.01628, 0, 0, 0, 1
-0.999504, -0.00126055, 0.0314697, 0.290011, -0.031493, 0.028985, -0.999084, 0.854202, 0.000347243, -0.999579, -0.0290103, 1.01624, 0, 0, 0, 1
-0.999496, -0.00126456, 0.03171, 0.290004, -0.0317334, 0.0291977, -0.99907, 0.854248, 0.000337527, -0.999573, -0.0292231, 1.0162, 0, 0, 0, 1
-0.999489, -0.0012686, 0.0319511, 0.289997, -0.0319746, 0.0294111, -0.999056, 0.854293, 0.00032768, -0.999567, -0.0294366, 1.01616, 0, 0, 0, 1
-0.999481, -0.00127266, 0.0321931, 0.28999, -0.0322167, 0.0296254, -0.999042, 0.854339, 0.000317702, -0.99956, -0.029651, 1.01612, 0, 0, 0, 1
-0.999473, -0.00127674, 0.0324361, 0.289984, -0.0324597, 0.0298404, -0.999027, 0.854385, 0.000307591, -0.999554, -0.0298661, 1.01608, 0, 0, 0, 1
-0.999465, -0.00128084, 0.0326799, 0.289977, -0.0327036, 0.0300562, -0.999013, 0.854431, 0.000297347, -0.999547, -0.030082, 1.01604, 0, 0, 0, 1
-0.999457, -0.00128497, 0.0329246, 0.28997, -0.0329484, 0.0302728, -0.998998, 0.854478, 0.000286968, -0.999541, -0.0302987, 1.016, 0, 0, 0, 1
