-0.999999, -0.000797434, -0.000797196, 0.290901, 0.000796858, 0.000424669, -1, 0.848124, 0.000797772, -1, -0.000424033, 1.02183, 0, 0, 0, 1
-0.999999, -0.000797336, -0.000796715, 0.290901, 0.000796376, 0.000425136, -1, 0.848124, 0.000797674, -1, -0.000424501, 1.02183, 0, 0, 0, 1
-0.999999, -0.000797041, -0.000795272, 0.290901, 0.000794933, 0.000426538, -1, 0.848125, 0.000797379, -1, -0.000425904, 1.02183, 0, 0, 0, 1
-0.999999, -0.000796549, -0.000792868, 0.290901, 0.000792527, 0.000428875, -1, 0.848125, 0.000796888, -1, -0.000428243, 1.02183, 0, 0, 0, 1
-0.999999, -0.00079586, -0.000789502, 0.290901, 0.000789158, 0.000432146, -1, 0.848125, 0.000796201, -1, -0.000431518, 1.02183, 0, 0, 0, 1
-0.999999, -0.000794974, -0.000785174, 0.290901, 0.000784827, 0.000436352, -1, 0.848126, 0.000795317, -1, -0.000435728, 1.02183, 0, 0, 0, 1
-0.999999, -0.000793892, -0.000779884, 0.290901, 0.000779533, 0.000441493, -1, 0.848127, 0.000794236, -1, -0.000440873, 1.02183, 0, 0, 0, 1
-0.999999, -0.000792613, -0.000773632, 0.290901, 0.000773277, 0.000447568, -1, 0.848128, 0.000792959, -1, -0.000446955, 1.02183, 0, 0, 0, 1
-0.999999, -0.000791137, -0.000766419, 0.290901, 0.000766059, 0.000454578, -1, 0.848129, 0.000791485, -1, -0.000453971, 1.02183, 0, 0, 0, 1
-0.999999, -0.000789464, -0.000758243, 0.290901, 0.000757878, 0.000462522, -1, 0.848131, 0.000789814, -1, -0.000461924, 1.02183, 0, 0, 0, 1
-0.999999, -0.000787595, -0.000749106, 0.290901, 0.000748735, 0.000471401, -1, 0.848132, 0.000787947, -1, -0.000470812, 1.02183, 0, 0, 0, 1
-0.999999, -0.000785528, -0.000739007, 0.290901, 0.00073863, 0.000481215, -1, 0.848134, 0.000785884, -1, -0.000480635, 1.02183, 0, 0, 0, 1
-0.999999, -0.000783265, -0.000727947, 0.290901, 0.000727562, 0.000491964, -1, 0.848136, 0.000783623, -1, -0.000491394, 1.02183, 0, 0, 0, 1
-0.999999, -0.000780806, -0.000715924, 0.290901, 0.000715531, 0.000503647, -1, 0.848138, 0.000781166, -1, -0.000503088, 1.02182, 0, 0, 0, 1
-0.999999, -0.000778149, -0.00070294, 0.290901, 0.000702538, 0.000516265, -1, 0.84814, 0.000778512, -1, -0.000515718, 1.02182, 0, 0, 0, 1
-0.999999, -0.000775296, -0.000688994, 0.290901, 0.000688583, 0.000529818, -1, 0.848142, 0.000775661, -1, -0.000529283, 1.02182, 0, 0, 0, 1
-0.999999, -0.000772246, -0.000674086, 0.290901, 0.000673666, 0.000544305, -1, 0.848144, 0.000772613, -1, -0.000543784, 1.02182, 0, 0, 0, 1
-0.999999, -0.000768999, -0.000658217, 0.290901, 0.000657786, 0.000559727, -1, 0.848147, 0.000769367, -1, -0.00055922, 1.02182, 0, 0, 0, 1
-1, -0.000765556, -0.000641385, 0.290901, 0.000640944, 0.000576083, -1, 0.84815, 0.000765925, -1, -0.000575592, 1.02182, 0, 0, 0, 1
-1, -0.000761916, -0.000623592, 0.290901, 0.00062314, 0.000593374, -1, 0.848153, 0.000762286, -1, -0.000592899, 1.02181, 0, 0, 0, 1
-1, -0.00075808, -0.000604837, 0.290901, 0.000604373, 0.0006116, -1, 0.848156, 0.000758449, -1, -0.000611142, 1.02181, 0, 0, 0, 1
-1, -0.000754046, -0.00058512, 0.290902, 0.000584644, 0.000630761, -1, 0.848159, 0.000754415, -1, -0.00063032, 1.02181, 0, 0, 0, 1
-1, -0.000749816, -0.000564441, 0.290902, 0.000563953, 0.000650856, -1, 0.848162, 0.000750184, -1, -0.000650433, 1.02181, 0, 0, 0, 1
-1, -0.00074539, -0.000542801, 0.290902, 0.0005423, 0.000671886, -1, 0.848166, 0.000745754, -0.999999, -0.000671482, 1.0218, 0, 0, 0, 1
-1, -0.000740767, -0.000520199, 0.290902, 0.000519685, 0.000693851, -1, 0.84817, 0.000741128, -0.999999, -0.000693466, 1.0218, 0, 0, 0, 1
-1, -0.000735947, -0.000496635, 0.290902, 0.000496107, 0.00071675, -1, 0.848174, 0.000736303, -0.999999, -0.000716385, 1.0218, 0, 0, 0, 1
-1, -0.000730931, -0.000472109, 0.290902, 0.000471568, 0.000740584, -1, 0.848178, 0.000731281, -0.999999, -0.000740239, 1.0218, 0, 0, 0, 1
-1, -0.000725718, -0.000446621, 0.290902, 0.000446066, 0.000765353, -1, 0.848182, 0.00072606, -0.999999, -0.000765029, 1.02179, 0, 0, 0, 1
-1, -0.000720309, -0.000420172, 0.290902, 0.000419602, 0.000791057, -1, 0.848186, 0.000720641, -0.999999, -0.000790754, 1.02179, 0, 0, 0, 1
-1, -0.000714704, -0.000392761, 0.290902, 0.000392176, 0.000817695, -1, 0.848191, 0.000715025, -0.999999, -0.000817414, 1.02179, 0, 0, 0, 1
-1, -0.000708902, -0.000364388, 0.290902, 0.000363789, 0.000845268, -1, 0.848195, 0.000709209, -0.999999, -0.00084501, 1.02178, 0, 0, 0, 1
-1, -0.000702903, -0.000335053, 0.290902, 0.000334439, 0.000873776, -1, 0.8482, 0.000703195, -0.999999, -0.00087354, 1.02178, 0, 0, 0, 1
-1, -0.000696708, -0.000304757, 0.290902, 0.000304127, 0.000903218, -1, 0.848205, 0.000696983, -0.999999, -0.000903006, 1.02178, 0, 0, 0, 1
-1, -0.000690317, -0.000273498, 0.290902, 0.000272854, 0.000933595, -1, 0.84821, 0.000690572, -0.999999, -0.000933407, 1.02177, 0, 0, 0, 1
-1, -0.000683729, -0.000241278, 0.290902, 0.000240618, 0.000964907, -1, 0.848216, 0.000683962, -0.999999, -0.000964742, 1.02177, 0, 0, 0, 1
-1, -0.000676945, -0.000208096, 0.290902, 0.000207421, 0.000997154, -0.999999, 0.848221, 0.000677152, -0.999999, -0.000997013, 1.02176, 0, 0, 0, 1
-1, -0.000669965, -0.000173952, 0.290902, 0.000173262, 0.00103034, -0.999999, 0.848227, 0.000670144, -0.999999, -0.00103022, 1.02176, 0, 0, 0, 1
-1, -0.000662788, -0.000138847, 0.290903, 0.000138141, 0.00106445, -0.999999, 0.848232, 0.000662936, -0.999999, -0.00106436, 1.02176, 0, 0, 0, 1
-1, -0.000655415, -0.000102779, 0.290903, 0.000102059, 0.0010995, -0.999999, 0.848238, 0.000655528, -0.999999, -0.00109944, 1.02175, 0, 0, 0, 1
-1, -0.000647846, -6.57501e-05, 0.290903, 6.50145e-05, 0.00113549, -0.999999, 0.848244, 0.000647921, -0.999999, -0.00113545, 1.02175, 0, 0, 0, 1
-1, -0.000640081, -2.77592e-05, 0.290903, 2.70087e-05, 0.00117241, -0.999999, 0.848251, 0.000640113, -0.999999, -0.00117239, 1.02174, 0, 0, 0, 1
-1, -0.00063212, 1.11936e-05, 0.290903, -1.19586e-05, 0.00121026, -0.999999, 0.848257, 0.000632106, -0.999999, -0.00121027, 1.02174, 0, 0, 0, 1
-1, -0.000623962, 5.11081e-05, 0.290903, -5.18875e-05, 0.00124905, -0.999999, 0.848264, 0.000623898, -0.999999, -0.00124909, 1.02173, 0, 0, 0, 1
-1, -0.000615609, 9.19845e-05, 0.290903, -9.27778e-05, 0.00128878, -0.999999, 0.84827, 0.00061549, -0.999999, -0.00128884, 1.02173, 0, 0, 0, 1
-1, -0.000607059, 0.000133823, 0.290903, -0.00013463, 0.00132944, -0.999999, 0.848277, 0.000606881, -0.999999, -0.00132952, 1.02172, 0, 0, 0, 1
-1, -0.000598314, 0.000176623, 0.290903, -0.000177443, 0.00137103, -0.999999, 0.848284, 0.000598071, -0.999999, -0.00137114, 1.02172, 0, 0, 0, 1
-1, -0.000589372, 0.000220384, 0.290903, -0.000221217, 0.00141356, -0.999999, 0.848291, 0.00058906, -0.999999, -0.00141369, 1.02171, 0, 0, 0, 1
-1, -0.000580235, 0.000265108, 0.290903, -0.000265953, 0.00145703, -0.999999, 0.848299, 0.000579848, -0.999999, -0.00145718, 1.02171, 0, 0, 0, 1
-1, -0.000570901, 0.000310793, 0.290904, -0.00031165, 0.00150143, -0.999999, 0.848306, 0.000570434, -0.999999, -0.0015016, 1.0217, 0, 0, 0, 1
-1, -0.000561372, 0.00035744, 0.290904, -0.000358308, 0.00154676, -0.999999, 0.848314, 0.000560818, -0.999999, -0.00154696, 1.0217, 0, 0, 0, 1
-1, -0.000551647, 0.000405049, 0.290904, -0.000405928, 0.00159303, -0.999999, 0.848322, 0.000551001, -0.999999, -0.00159325, 1.02169, 0, 0, 0, 1
-1, -0.000541726, 0.00045362, 0.290904, -0.000454508, 0.00164023, -0.999999, 0.84833, 0.000540981, -0.999999, -0.00164048, 1.02169, 0, 0, 0, 1
-1, -0.00053161, 0.000503153, 0.290904, -0.000504049, 0.00168837, -0.999998, 0.848338, 0.000530759, -0.999998, -0.00168864, 1.02168, 0, 0, 0, 1
-1, -0.000521297, 0.000553647, 0.290904, -0.000554552, 0.00173744, -0.999998, 0.848346, 0.000520335, -0.999998, -0.00173773, 1.02167, 0, 0, 0, 1
-1, -0.00051079, 0.000605103, 0.290904, -0.000606015, 0.00178745, -0.999998, 0.848355, 0.000509707, -0.999998, -0.00178776, 1.02167, 0, 0, 0, 1
-1, -0.000500086, 0.000657521, 0.290904, -0.000658439, 0.0018384, -0.999998, 0.848363, 0.000498876, -0.999998, -0.00183872, 1.02166, 0, 0, 0, 1
-1, -0.000489187, 0.000710901, 0.290904, -0.000711824, 0.00189027, -0.999998, 0.848372, 0.000487842, -0.999998, -0.00189062, 1.02166, 0, 0, 0, 1
-1, -0.000478092, 0.000765242, 0.290904, -0.00076617, 0.00194309, -0.999998, 0.848381, 0.000476604, -0.999998, -0.00194345, 1.02165, 0, 0, 0, 1
-1, -0.000466802, 0.000820545, 0.290905, -0.000821476, 0.00199683, -0.999998, 0.84839, 0.000465163, -0.999998, -0.00199722, 1.02164, 0, 0, 0, 1
-1, -0.000455317, 0.00087681, 0.290905, -0.000877743, 0.00205152, -0.999998, 0.848399, 0.000453517, -0.999998, -0.00205192, 1.02164, 0, 0, 0, 1
-0.999999, -0.000443636, 0.000934037, 0.290905, -0.00093497, 0.00210713, -0.999997, 0.848409, 0.000441667, -0.999998, -0.00210755, 1.02163, 0, 0, 0, 1
-0.999999, -0.00043176, 0.000992226, 0.290905, -0.000993158, 0.00216369, -0.999997, 0.848418, 0.000429612, -0.999998, -0.00216411, 1.02162, 0, 0, 0, 1
-0.999999, -0.000419689, 0.00105138, 0.290905, -0.00105231, 0.00222117, -0.999997, 0.848428, 0.000417352, -0.999997, -0.00222162, 1.02162, 0, 0, 0, 1
-0.999999, -0.000407422, 0.00111149, 0.290905, -0.00111241, 0.0022796, -0.999997, 0.848438, 0.000404887, -0.999997, -0.00228005, 1.02161, 0, 0, 0, 1
-0.999999, -0.00039496, 0.00117256, 0.290905, -0.00117348, 0.00233896, -0.999997, 0.848448, 0.000392216, -0.999997, -0.00233942, 1.0216, 0, 0, 0, 1
-0.999999, -0.000382303, 0.0012346, 0.290906, -0.00123551, 0.00239925, -0.999996, 0.848458, 0.00037934, -0.999997, -0.00239972, 1.02159, 0, 0, 0, 1
-0.999999, -0.000369451, 0.0012976, 0.290906, -0.0012985, 0.00246048, -0.999996, 0.848469, 0.000366257, -0.999997, -0.00246095, 1.02159, 0, 0, 0, 1
-0.999999, -0.000356404, 0.00136156, 0.290906, -0.00136245, 0.00252264, -0.999996, 0.848479, 0.000352968, -0.999997, -0.00252312, 1.02158, 0, 0, 0, 1
-0.999999, -0.000343162, 0.00142648, 0.290906, -0.00142736, 0.00258574, -0.999996, 0.84849, 0.000339472, -0.999997, -0.00258622, 1.02157, 0, 0, 0, 1
-0.999999, -0.000329725, 0.00149236, 0.290906, -0.00149323, 0.00264977, -0.999995, 0.848501, 0.000325769, -0.999996, -0.00265026, 1.02156, 0, 0, 0, 1
-0.999999, -0.000316094, 0.0015592, 0.290906, -0.00156006, 0.00271474, -0.999995, 0.848512, 0.000311859, -0.999996, -0.00271523, 1.02156, 0, 0, 0, 1
-0.999999, -0.000302267, 0.00162701, 0.290906, -0.00162785, 0.00278064, -0.999995, 0.848523, 0.000297741, -0.999996, -0.00278113, 1.02155, 0, 0, 0, 1
-0.999999, -0.000288246, 0.00169578, 0.290907, -0.00169659, 0.00284748, -0.999995, 0.848534, 0.000283416, -0.999996, -0.00284796, 1.02154, 0, 0, 0, 1
-0.999998, -0.00027403, 0.00176551, 0.290907, -0.0017663, 0.00291525, -0.999994, 0.848546, 0.000268882, -0.999996, -0.00291573, 1.02153, 0, 0, 0, 1
-0.999998, -0.00025962, 0.0018362, 0.290907, -0.00183697, 0.00298396, -0.999994, 0.848557, 0.000254139, -0.999996, -0.00298443, 1.02152, 0, 0, 0, 1
-0.999998, -0.000245014, 0.00190786, 0.290907, -0.00190859, 0.0030536, -0.999994, 0.848569, 0.000239187, -0.999995, -0.00305406, 1.02151, 0, 0, 0, 1
-0.999998, -0.000230215, 0.00198047, 0.290907, -0.00198118, 0.00312418, -0.999993, 0.848581, 0.000224026, -0.999995, -0.00312463, 1.02151, 0, 0, 0, 1
-0.999998, -0.000215221, 0.00205405, 0.290907, -0.00205473, 0.00319569, -0.999993, 0.848593, 0.000208655, -0.999995, -0.00319613, 1.0215, 0, 0, 0, 1
-0.999998, -0.000200033, 0.00212859, 0.290907, -0.00212923, 0.00326814, -0.999992, 0.848605, 0.000193075, -0.999995, -0.00326856, 1.02149, 0, 0, 0, 1
-0.999998, -0.00018465, 0.00220409, 0.290908, -0.00220469, 0.00334153, -0.999992, 0.848618, 0.000177283, -0.999994, -0.00334192, 1.02148, 0, 0, 0, 1
-0.999997, -0.000169073, 0.00228055, 0.290908, -0.00228111, 0.00341584, -0.999992, 0.84863, 0.000161282, -0.999994, -0.00341622, 1.02147, 0, 0, 0, 1
-0.999997, -0.000153302, 0.00235797, 0.290908, -0.0023585, 0.0034911, -0.999991, 0.848643, 0.000145069, -0.999994, -0.00349145, 1.02146, 0, 0, 0, 1
-0.999997, -0.000137337, 0.00243636, 0.290908, -0.00243684, 0.00356729, -0.999991, 0.848656, 0.000128644, -0.999994, -0.00356761, 1.02145, 0, 0, 0, 1
-0.999997, -0.000121178, 0.00251571, 0.290908, -0.00251613, 0.00364441, -0.99999, 0.848669, 0.000112008, -0.999993, -0.00364471, 1.02144, 0, 0, 0, 1
-0.999997, -0.000104824, 0.00259602, 0.290908, -0.00259639, 0.00372247, -0.99999, 0.848682, 9.51598e-05, -0.999993, -0.00372273, 1.02143, 0, 0, 0, 1
-0.999996, -8.82774e-05, 0.00267729, 0.290909, -0.00267761, 0.00380147, -0.999989, 0.848696, 7.80988e-05, -0.999993, -0.00380169, 1.02142, 0, 0, 0, 1
-0.999996, -7.15365e-05, 0.00275952, 0.290909, -0.00275978, 0.0038814, -0.999989, 0.848709, 6.08248e-05, -0.999992, -0.00388158, 1.02141, 0, 0, 0, 1
-0.999996, -5.46018e-05, 0.00284272, 0.290909, -0.00284291, 0.00396226, -0.999988, 0.848723, 4.33375e-05, -0.999992, -0.0039624, 1.0214, 0, 0, 0, 1
-0.999996, -3.74734e-05, 0.00292688, 0.290909, -0.002927, 0.00404406, -0.999988, 0.848737, 2.56365e-05, -0.999992, -0.00404416, 1.02139, 0, 0, 0, 1
-0.999995, -2.01514e-05, 0.00301199, 0.290909, -0.00301205, 0.0041268, -0.999987, 0.848751, 7.72127e-06, -0.999991, -0.00412684, 1.02138, 0, 0, 0, 1
-0.999995, -2.63589e-06, 0.00309807, 0.290909, -0.00309806, 0.00421047, -0.999986, 0.848765, -1.04085e-05, -0.999991, -0.00421046, 1.02137, 0, 0, 0, 1
-0.999995, 1.50731e-05, 0.00318512, 0.29091, -0.00318502, 0.00429508, -0.999986, 0.848779, -2.87532e-05, -0.999991, -0.00429501, 1.02136, 0, 0, 0, 1
-0.999995, 3.29755e-05, 0.00327312, 0.29091, -0.00327294, 0.00438062, -0.999985, 0.848794, -4.73133e-05, -0.99999, -0.00438049, 1.02135, 0, 0, 0, 1
-0.999994, 5.10713e-05, 0.00336209, 0.29091, -0.00336182, 0.0044671, -0.999984, 0.848808, -6.60892e-05, -0.99999, -0.0044669, 1.02134, 0, 0, 0, 1
-0.999994, 6.93603e-05, 0.00345201, 0.29091, -0.00345166, 0.00455451, -0.999984, 0.848823, -8.50813e-05, -0.99999, -0.00455424, 1.02133, 0, 0, 0, 1
-0.999994, 8.78424e-05, 0.0035429, 0.29091, -0.00354246, 0.00464286, -0.999983, 0.848838, -0.00010429, -0.999989, -0.00464252, 1.02132, 0, 0, 0, 1
-0.999993, 0.000106518, 0.00363475, 0.290911, -0.00363421, 0.00473214, -0.999982, 0.848853, -0.000123716, -0.999989, -0.00473172, 1.02131, 0, 0, 0, 1
-0.999993, 0.000125386, 0.00372757, 0.290911, -0.00372692, 0.00482236, -0.999981, 0.848869, -0.000143359, -0.999988, -0.00482186, 1.0213, 0, 0, 0, 1
-0.999993, 0.000144447, 0.00382134, 0.290911, -0.00382058, 0.00491351, -0.999981, 0.848884, -0.000163221, -0.999988, -0.00491292, 1.02129, 0, 0, 0, 1
-0.999992, 0.000163701, 0.00391608, 0.290911, -0.00391521, 0.0050056, -0.99998, 0.8489, -0.0001833, -0.999987, -0.00500492, 1.02128, 0, 0, 0, 1
-0.999992, 0.000183148, 0.00401177, 0.290911, -0.00401079, 0.00509863, -0.999979, 0.848915, -0.000203599, -0.999987, -0.00509785, 1.02127, 0, 0, 0, 1
-0.999992, 0.000202788, 0.00410843, 0.290911, -0.00410732, 0.00519259, -0.999978, 0.848931, -0.000224117, -0.999986, -0.00519171, 1.02126, 0, 0, 0, 1
-0.999991, 0.00022262, 0.00420605, 0.290912, -0.00420482, 0.00528748, -0.999977, 0.848948, -0.000244854, -0.999986, -0.0052865, 1.02124, 0, 0, 0, 1
-0.999991, 0.000242644, 0.00430464, 0.290912, -0.00430327, 0.00538331, -0.999976, 0.848964, -0.000265812, -0.999985, -0.00538222, 1.02123, 0, 0, 0, 1
-0.99999, 0.000262861, 0.00440418, 0.290912, -0.00440268, 0.00548008, -0.999975, 0.84898, -0.00028699, -0.999985, -0.00547887, 1.02122, 0, 0, 0, 1
-0.99999, 0.000283271, 0.00450469, 0.290912, -0.00450304, 0.00557778, -0.999974, 0.848997, -0.00030839, -0.999984, -0.00557645, 1.02121, 0, 0, 0, 1
-0.999989, 0.000303873, 0.00460616, 0.290912, -0.00460436, 0.00567642, -0.999973, 0.849013, -0.000330011, -0.999984, -0.00567496, 1.0212, 0, 0, 0, 1
-0.999989, 0.000324667, 0.00470859, 0.290913, -0.00470663, 0.005776, -0.999972, 0.84903, -0.000351854, -0.999983, -0.0057744, 1.02119, 0, 0, 0, 1
-0.999988, 0.000345653, 0.00481198, 0.290913, -0.00480986, 0.0058765, -0.999971, 0.849047, -0.00037392, -0.999983, -0.00587477, 1.02117, 0, 0, 0, 1
-0.999988, 0.000366831, 0.00491633, 0.290913, -0.00491405, 0.00597795, -0.99997, 0.849065, -0.000396209, -0.999982, -0.00597607, 1.02116, 0, 0, 0, 1
-0.999987, 0.000388201, 0.00502165, 0.290913, -0.00501919, 0.00608033, -0.999969, 0.849082, -0.000418722, -0.999981, -0.0060783, 1.02115, 0, 0, 0, 1
-0.999987, 0.000409762, 0.00512792, 0.290914, -0.00512529, 0.00618365, -0.999968, 0.849099, -0.000441458, -0.999981, -0.00618146, 1.02114, 0, 0, 0, 1
-0.999986, 0.000431516, 0.00523516, 0.290914, -0.00523234, 0.0062879, -0.999967, 0.849117, -0.00046442, -0.99998, -0.00628555, 1.02112, 0, 0, 0, 1
-0.999986, 0.000453461, 0.00534336, 0.290914, -0.00534035, 0.00639308, -0.999965, 0.849135, -0.000487606, -0.999979, -0.00639057, 1.02111, 0, 0, 0, 1
-0.999985, 0.000475598, 0.00545252, 0.290914, -0.00544932, 0.00649921, -0.999964, 0.849153, -0.000511018, -0.999979, -0.00649652, 1.0211, 0, 0, 0, 1
-0.999984, 0.000497926, 0.00556265, 0.290914, -0.00555924, 0.00660627, -0.999963, 0.849171, -0.000534656, -0.999978, -0.00660339, 1.02109, 0, 0, 0, 1
-0.999984, 0.000520446, 0.00567373, 0.290915, -0.00567011, 0.00671426, -0.999961, 0.849189, -0.00055852, -0.999977, -0.0067112, 1.02107, 0, 0, 0, 1
-0.999983, 0.000543156, 0.00578578, 0.290915, -0.00578194, 0.00682319, -0.99996, 0.849208, -0.000582612, -0.999977, -0.00681993, 1.02106, 0, 0, 0, 1
-0.999982, 0.000566058, 0.00589879, 0.290915, -0.00589472, 0.00693305, -0.999959, 0.849227, -0.000606932, -0.999976, -0.0069296, 1.02105, 0, 0, 0, 1
-0.999982, 0.000589152, 0.00601276, 0.290915, -0.00600846, 0.00704386, -0.999957, 0.849245, -0.000631479, -0.999975, -0.00704019, 1.02103, 0, 0, 0, 1
-0.999981, 0.000612436, 0.00612769, 0.290915, -0.00612315, 0.00715559, -0.999956, 0.849264, -0.000656256, -0.999974, -0.00715171, 1.02102, 0, 0, 0, 1
-0.99998, 0.000635911, 0.00624358, 0.290916, -0.0062388, 0.00726827, -0.999954, 0.849283, -0.000681261, -0.999973, -0.00726416, 1.02101, 0, 0, 0, 1
-0.99998, 0.000659576, 0.00636044, 0.290916, -0.0063554, 0.00738187, -0.999953, 0.849303, -0.000706497, -0.999973, -0.00737753, 1.02099, 0, 0, 0, 1
-0.999979, 0.000683433, 0.00647825, 0.290916, -0.00647295, 0.00749642, -0.999951, 0.849322, -0.000731963, -0.999972, -0.00749184, 1.02098, 0, 0, 0, 1
-0.999978, 0.00070748, 0.00659703, 0.290916, -0.00659146, 0.0076119, -0.999949, 0.849342, -0.00075766, -0.999971, -0.00760707, 1.02096, 0, 0, 0, 1
-0.999977, 0.000731717, 0.00671677, 0.290917, -0.00671092, 0.00772831, -0.999948, 0.849362, -0.000783588, -0.99997, -0.00772323, 1.02095, 0, 0, 0, 1
-0.999976, 0.000756145, 0.00683747, 0.290917, -0.00683133, 0.00784567, -0.999946, 0.849381, -0.000809749, -0.999969, -0.00784032, 1.02094, 0, 0, 0, 1
-0.999975, 0.000780763, 0.00695914, 0.290917, -0.0069527, 0.00796395, -0.999944, 0.849402, -0.000836142, -0.999968, -0.00795833, 1.02092, 0, 0, 0, 1
-0.999975, 0.000805572, 0.00708176, 0.290917, -0.00707502, 0.00808318, -0.999942, 0.849422, -0.000862768, -0.999967, -0.00807727, 1.02091, 0, 0, 0, 1
-0.999974, 0.00083057, 0.00720535, 0.290917, -0.00719829, 0.00820334, -0.99994, 0.849442, -0.000889629, -0.999966, -0.00819714, 1.02089, 0, 0, 0, 1
-0.999973, 0.000855758, 0.0073299, 0.290918, -0.00732252, 0.00832443, -0.999939, 0.849463, -0.000916723, -0.999965, -0.00831794, 1.02088, 0, 0, 0, 1
-0.999972, 0.000881137, 0.00745541, 0.290918, -0.0074477, 0.00844646, -0.999937, 0.849483, -0.000944053, -0.999964, -0.00843966, 1.02086, 0, 0, 0, 1
-0.999971, 0.000906705, 0.00758188, 0.290918, -0.00757383, 0.00856943, -0.999935, 0.849504, -0.000971618, -0.999963, -0.00856231, 1.02085, 0, 0, 0, 1
-0.99997, 0.000932462, 0.00770931, 0.290918, -0.00770092, 0.00869333, -0.999933, 0.849525, -0.000999419, -0.999962, -0.00868589, 1.02084, 0, 0, 0, 1
-0.999969, 0.000958409, 0.0078377, 0.290919, -0.00782895, 0.00881817, -0.99993, 0.849547, -0.00102746, -0.999961, -0.0088104, 1.02082, 0, 0, 0, 1
-0.999968, 0.000984546, 0.00796706, 0.290919, -0.00795794, 0.00894395, -0.999928, 0.849568, -0.00105573, -0.99996, -0.00893583, 1.02081, 0, 0, 0, 1
-0.999967, 0.00101087, 0.00809738, 0.290919, -0.00808788, 0.00907066, -0.999926, 0.849589, -0.00108425, -0.999958, -0.00906218, 1.02079, 0, 0, 0, 1
-0.999966, 0.00103739, 0.00822866, 0.290919, -0.00821877, 0.00919831, -0.999924, 0.849611, -0.001113, -0.999957, -0.00918947, 1.02077, 0, 0, 0, 1
-0.999964, 0.00106409, 0.0083609, 0.29092, -0.00835061, 0.00932689, -0.999922, 0.849633, -0.00114199, -0.999956, -0.00931767, 1.02076, 0, 0, 0, 1
-0.999963, 0.00109098, 0.0084941, 0.29092, -0.00848341, 0.00945641, -0.999919, 0.849655, -0.00117122, -0.999955, -0.00944681, 1.02074, 0, 0, 0, 1
-0.999962, 0.00111807, 0.00862826, 0.29092, -0.00861715, 0.00958687, -0.999917, 0.849677, -0.00120069, -0.999953, -0.00957687, 1.02073, 0, 0, 0, 1
-0.999961, 0.00114534, 0.00876339, 0.29092, -0.00875185, 0.00971826, -0.999914, 0.849699, -0.0012304, -0.999952, -0.00970785, 1.02071, 0, 0, 0, 1
-0.99996, 0.0011728, 0.00889947, 0.29092, -0.0088875, 0.00985059, -0.999912, 0.849722, -0.00126036, -0.999951, -0.00983977, 1.0207, 0, 0, 0, 1
-0.999958, 0.00120044, 0.00903652, 0.290921, -0.00902409, 0.00998385, -0.999909, 0.849745, -0.00129056, -0.999949, -0.0099726, 1.02068, 0, 0, 0, 1
-0.999957, 0.00122828, 0.00917453, 0.290921, -0.00916164, 0.010118, -0.999907, 0.849767, -0.00132099, -0.999948, -0.0101064, 1.02066, 0, 0, 0, 1
-0.999956, 0.00125631, 0.0093135, 0.290921, -0.00930014, 0.0102532, -0.999904, 0.84979, -0.00135168, -0.999947, -0.010241, 1.02065, 0, 0, 0, 1
-0.999954, 0.00128452, 0.00945343, 0.290921, -0.00943959, 0.0103893, -0.999901, 0.849814, -0.00138261, -0.999945, -0.0103767, 1.02063, 0, 0, 0, 1
-0.999953, 0.00131292, 0.00959433, 0.290922, -0.00957999, 0.0105263, -0.999899, 0.849837, -0.00141378, -0.999944, -0.0105132, 1.02062, 0, 0, 0, 1
-0.999952, 0.00134151, 0.00973618, 0.290922, -0.00972133, 0.0106642, -0.999896, 0.84986, -0.0014452, -0.999942, -0.0106507, 1.0206, 0, 0, 0, 1
-0.99995, 0.00137028, 0.009879, 0.290922, -0.00986363, 0.0108031, -0.999893, 0.849884, -0.00147686, -0.999941, -0.010789, 1.02058, 0, 0, 0, 1
-0.999949, 0.00139925, 0.0100228, 0.290922, -0.0100069, 0.0109429, -0.99989, 0.849908, -0.00150877, -0.999939, -0.0109283, 1.02057, 0, 0, 0, 1
-0.999947, 0.0014284, 0.0101675, 0.290923, -0.0101511, 0.0110837, -0.999887, 0.849932, -0.00154093, -0.999938, -0.0110686, 1.02055, 0, 0, 0, 1
-0.999946, 0.00145774, 0.0103132, 0.290923, -0.0102962, 0.0112254, -0.999884, 0.849956, -0.00157334, -0.999936, -0.0112097, 1.02053, 0, 0, 0, 1
-0.999944, 0.00148727, 0.0104599, 0.290923, -0.0104423, 0.011368, -0.999881, 0.84998, -0.001606, -0.999934, -0.0113518, 1.02052, 0, 0, 0, 1
-0.999943, 0.00151698, 0.0106075, 0.290923, -0.0105894, 0.0115115, -0.999878, 0.850004, -0.0016389, -0.999933, -0.0114948, 1.0205, 0, 0, 0, 1
-0.999941, 0.00154688, 0.0107561, 0.290924, -0.0107373, 0.011656, -0.999874, 0.850029, -0.00167206, -0.999931, -0.0116387, 1.02048, 0, 0, 0, 1
-0.999939, 0.00157697, 0.0109056, 0.290924, -0.0108863, 0.0118015, -0.999871, 0.850054, -0.00170547, -0.999929, -0.0117836, 1.02046, 0, 0, 0, 1
-0.999938, 0.00160724, 0.0110561, 0.290924, -0.0110362, 0.0119478, -0.999868, 0.850079, -0.00173913, -0.999927, -0.0119294, 1.02045, 0, 0, 0, 1
-0.999936, 0.0016377, 0.0112076, 0.290924, -0.011187, 0.0120952, -0.999864, 0.850104, -0.00177304, -0.999926, -0.0120761, 1.02043, 0, 0, 0, 1
-0.999934, 0.00166835, 0.01136, 0.290925, -0.0113388, 0.0122434, -0.999861, 0.850129, -0.00180721, -0.999924, -0.0122237, 1.02041, 0, 0, 0, 1
-0.999932, 0.00169919, 0.0115134, 0.290925, -0.0114915, 0.0123926, -0.999857, 0.850154, -0.00184162, -0.999922, -0.0123722, 1.02039, 0, 0, 0, 1
-0.99993, 0.00173021, 0.0116678, 0.290925, -0.0116452, 0.0125427, -0.999854, 0.85018, -0.0018763, -0.99992, -0.0125217, 1.02038, 0, 0, 0, 1
-0.999929, 0.00176141, 0.0118231, 0.290925, -0.0117998, 0.0126938, -0.99985, 0.850205, -0.00191123, -0.999918, -0.0126721, 1.02036, 0, 0, 0, 1
-0.999927, 0.00179281, 0.0119794, 0.290926, -0.0119554, 0.0128457, -0.999846, 0.850231, -0.00194641, -0.999916, -0.0128234, 1.02034, 0, 0, 0, 1
-0.999925, 0.00182438, 0.0121366, 0.290926, -0.0121119, 0.0129987, -0.999842, 0.850257, -0.00198186, -0.999914, -0.0129756, 1.02032, 0, 0, 0, 1
-0.999923, 0.00185615, 0.0122948, 0.290926, -0.0122694, 0.0131525, -0.999838, 0.850284, -0.00201756, -0.999912, -0.0131287, 1.0203, 0, 0, 0, 1
-0.999921, 0.0018881, 0.012454, 0.290926, -0.0124278, 0.0133073, -0.999834, 0.85031, -0.00205351, -0.99991, -0.0132828, 1.02028, 0, 0, 0, 1
-0.999919, 0.00192023, 0.0126141, 0.290927, -0.0125871, 0.0134631, -0.99983, 0.850336, -0.00208973, -0.999908, -0.0134378, 1.02027, 0, 0, 0, 1
-0.999916, 0.00195255, 0.0127752, 0.290927, -0.0127474, 0.0136197, -0.999826, 0.850363, -0.00212621, -0.999905, -0.0135937, 1.02025, 0, 0, 0, 1
-0.999914, 0.00198506, 0.0129372, 0.290927, -0.0129087, 0.0137774, -0.999822, 0.85039, -0.00216295, -0.999903, -0.0137506, 1.02023, 0, 0, 0, 1
-0.999912, 0.00201775, 0.0131002, 0.290927, -0.0130709, 0.0139359, -0.999817, 0.850417, -0.00219995, -0.999901, -0.0139083, 1.02021, 0, 0, 0, 1
-0.99991, 0.00205063, 0.0132642, 0.290928, -0.013234, 0.0140954, -0.999813, 0.850444, -0.00223721, -0.999899, -0.014067, 1.02019, 0, 0, 0, 1
-0.999908, 0.00208369, 0.0134291, 0.290928, -0.0133981, 0.0142558, -0.999809, 0.850471, -0.00227473, -0.999896, -0.0142266, 1.02017, 0, 0, 0, 1
-0.999905, 0.00211693, 0.013595, 0.290928, -0.0135631, 0.0144172, -0.999804, 0.850499, -0.00231252, -0.999894, -0.0143871, 1.02015, 0, 0, 0, 1
-0.999903, 0.00215036, 0.0137619, 0.290928, -0.0137291, 0.0145795, -0.999799, 0.850527, -0.00235057, -0.999891, -0.0145485, 1.02013, 0, 0, 0, 1
-0.999901, 0.00218398, 0.0139297, 0.290929, -0.013896, 0.0147427, -0.999795, 0.850554, -0.00238889, -0.999889, -0.0147109, 1.02011, 0, 0, 0, 1
-0.999898, 0.00221777, 0.0140984, 0.290929, -0.0140638, 0.0149069, -0.99979, 0.850582, -0.00242747, -0.999886, -0.0148741, 1.0201, 0, 0, 0, 1
-0.999896, 0.00225176, 0.0142682, 0.290929, -0.0142326, 0.015072, -0.999785, 0.85061, -0.00246632, -0.999884, -0.0150383, 1.02008, 0, 0, 0, 1
-0.999893, 0.00228592, 0.0144389, 0.290929, -0.0144024, 0.015238, -0.99978, 0.850639, -0.00250544, -0.999881, -0.0152034, 1.02006, 0, 0, 0, 1
-0.999891, 0.00232027, 0.0146105, 0.29093, -0.0145731, 0.015405, -0.999775, 0.850667, -0.00254483, -0.999879, -0.0153695, 1.02004, 0, 0, 0, 1
-0.999888, 0.00235481, 0.0147831, 0.29093, -0.0147447, 0.0155729, -0.99977, 0.850696, -0.00258448, -0.999876, -0.0155364, 1.02002, 0, 0, 0, 1
-0.999885, 0.00238952, 0.0149567, 0.29093, -0.0149173, 0.0157417, -0.999765, 0.850725, -0.00262441, -0.999873, -0.0157043, 1.02, 0, 0, 0, 1
-0.999883, 0.00242443, 0.0151312, 0.29093, -0.0150908, 0.0159115, -0.99976, 0.850754, -0.0026646, -0.99987, -0.0158731, 1.01998, 0, 0, 0, 1
-0.99988, 0.00245951, 0.0153067, 0.290931, -0.0152653, 0.0160822, -0.999754, 0.850783, -0.00270507, -0.999868, -0.0160428, 1.01996, 0, 0, 0, 1
-0.999877, 0.00249478, 0.0154832, 0.290931, -0.0154407, 0.0162539, -0.999749, 0.850812, -0.00274581, -0.999865, -0.0162134, 1.01994, 0, 0, 0, 1
-0.999874, 0.00253023, 0.0156606, 0.290931, -0.015617, 0.0164265, -0.999743, 0.850841, -0.00278682, -0.999862, -0.0163849, 1.01992, 0, 0, 0, 1
-0.999871, 0.00256586, 0.015839, 0.290931, -0.0157943, 0.0166, -0.999737, 0.850871, -0.00282811, -0.999859, -0.0165574, 1.0199, 0, 0, 0, 1
-0.999868, 0.00260167, 0.0160183, 0.290932, -0.0159725, 0.0167745, -0.999732, 0.850901, -0.00286967, -0.999856, -0.0167307, 1.01987, 0, 0, 0, 1
-0.999865, 0.00263767, 0.0161986, 0.290932, -0.0161517, 0.0169499, -0.999726, 0.850931, -0.00291151, -0.999853, -0.016905, 1.01985, 0, 0, 0, 1
-0.999862, 0.00267385, 0.0163799, 0.290932, -0.0163318, 0.0171263, -0.99972, 0.850961, -0.00295363, -0.99985, -0.0170802, 1.01983, 0, 0, 0, 1
-0.999859, 0.00271021, 0.0165621, 0.290932, -0.0165128, 0.0173035, -0.999714, 0.850991, -0.00299602, -0.999847, -0.0172564, 1.01981, 0, 0, 0, 1
-0.999856, 0.00274676, 0.0167453, 0.290933, -0.0166948, 0.0174818, -0.999708, 0.851021, -0.00303869, -0.999843, -0.0174334, 1.01979, 0, 0, 0, 1
-0.999853, 0.00278348, 0.0169295, 0.290933, -0.0168777, 0.0176609, -0.999702, 0.851052, -0.00308164, -0.99984, -0.0176113, 1.01977, 0, 0, 0, 1
-0.99985, 0.00282039, 0.0171146, 0.290933, -0.0170616, 0.017841, -0.999695, 0.851083, -0.00312487, -0.999837, -0.0177902, 1.01975, 0, 0, 0, 1
-0.999846, 0.00285748, 0.0173006, 0.290933, -0.0172464, 0.018022, -0.999689, 0.851114, -0.00316838, -0.999834, -0.01797, 1.01973, 0, 0, 0, 1
-0.999843, 0.00289475, 0.0174877, 0.290934, -0.0174321, 0.018204, -0.999682, 0.851145, -0.00321217, -0.99983, -0.0181507, 1.01971, 0, 0, 0, 1
-0.999839, 0.0029322, 0.0176757, 0.290934, -0.0176188, 0.0183869, -0.999676, 0.851176, -0.00325625, -0.999827, -0.0183323, 1.01968, 0, 0, 0, 1
-0.999836, 0.00296983, 0.0178646, 0.290934, -0.0178065, 0.0185708, -0.999669, 0.851207, -0.00330061, -0.999823, -0.0185148, 1.01966, 0, 0, 0, 1
-0.999832, 0.00300764, 0.0180545, 0.290934, -0.017995, 0.0187555, -0.999662, 0.851239, -0.00334525, -0.99982, -0.0186983, 1.01964, 0, 0, 0, 1
-0.999829, 0.00304564, 0.0182454, 0.290935, -0.0181845, 0.0189413, -0.999655, 0.85127, -0.00339018, -0.999816, -0.0188826, 1.01962, 0, 0, 0, 1
-0.999825, 0.00308381, 0.0184372, 0.290935, -0.0183749, 0.0191279, -0.999648, 0.851302, -0.00343539, -0.999812, -0.0190679, 1.0196, 0, 0, 0, 1
-0.999822, 0.00312217, 0.01863, 0.290935, -0.0185663, 0.0193155, -0.999641, 0.851334, -0.00348089, -0.999809, -0.0192541, 1.01958, 0, 0, 0, 1
-0.999818, 0.0031607, 0.0188238, 0.290935, -0.0187586, 0.019504, -0.999634, 0.851367, -0.00352668, -0.999805, -0.0194412, 1.01955, 0, 0, 0, 1
-0.999814, 0.00319942, 0.0190185, 0.290935, -0.0189519, 0.0196935, -0.999626, 0.851399, -0.00357276, -0.999801, -0.0196292, 1.01953, 0, 0, 0, 1
-0.99981, 0.00323831, 0.0192141, 0.290936, -0.0191461, 0.0198839, -0.999619, 0.851431, -0.00361913, -0.999797, -0.0198181, 1.01951, 0, 0, 0, 1
-0.999806, 0.00327739, 0.0194108, 0.290936, -0.0193412, 0.0200752, -0.999611, 0.851464, -0.00366579, -0.999793, -0.0200079, 1.01949, 0, 0, 0, 1
-0.999802, 0.00331664, 0.0196084, 0.290936, -0.0195372, 0.0202675, -0.999604, 0.851497, -0.00371274, -0.999789, -0.0201987, 1.01946, 0, 0, 0, 1
-0.999798, 0.00335607, 0.0198069, 0.290936, -0.0197342, 0.0204607, -0.999596, 0.85153, -0.00375998, -0.999785, -0.0203904, 1.01944, 0, 0, 0, 1
-0.999794, 0.00339569, 0.0200064, 0.290937, -0.0199322, 0.0206549, -0.999588, 0.851563, -0.00380752, -0.999781, -0.0205829, 1.01942, 0, 0, 0, 1
-0.99979, 0.00343548, 0.0202069, 0.290937, -0.020131, 0.0208499, -0.99958, 0.851596, -0.00385535, -0.999777, -0.0207764, 1.0194, 0, 0, 0, 1
-0.999786, 0.00347545, 0.0204083, 0.290937, -0.0203308, 0.021046, -0.999572, 0.85163, -0.00390347, -0.999772, -0.0209708, 1.01937, 0, 0, 0, 1
-0.999781, 0.0035156, 0.0206107, 0.290937, -0.0205315, 0.0212429, -0.999564, 0.851664, -0.00395189, -0.999768, -0.0211661, 1.01935, 0, 0, 0, 1
-0.999777, 0.00355592, 0.0208141, 0.290938, -0.0207332, 0.0214408, -0.999555, 0.851697, -0.00400061, -0.999764, -0.0213623, 1.01933, 0, 0, 0, 1
-0.999773, 0.00359643, 0.0210184, 0.290938, -0.0209358, 0.0216397, -0.999547, 0.851731, -0.00404963, -0.999759, -0.0215595, 1.0193, 0, 0, 0, 1
-0.999768, 0.00363711, 0.0212237, 0.290938, -0.0211393, 0.0218394, -0.999538, 0.851766, -0.00409895, -0.999755, -0.0217575, 1.01928, 0, 0, 0, 1
-0.999764, 0.00367798, 0.0214299, 0.290938, -0.0213438, 0.0220402, -0.999529, 0.8518, -0.00414856, -0.99975, -0.0219564, 1.01926, 0, 0, 0, 1
-0.999759, 0.00371902, 0.0216371, 0.290938, -0.0215492, 0.0222418, -0.99952, 0.851834, -0.00419848, -0.999746, -0.0221563, 1.01923, 0, 0, 0, 1
-0.999754, 0.00376023, 0.0218453, 0.290939, -0.0217555, 0.0224444, -0.999511, 0.851869, -0.0042487, -0.999741, -0.0223571, 1.01921, 0, 0, 0, 1
-0.99975, 0.00380163, 0.0220544, 0.290939, -0.0219628, 0.0226479, -0.999502, 0.851904, -0.00429922, -0.999736, -0.0225587, 1.01919, 0, 0, 0, 1
-0.999745, 0.0038432, 0.0222645, 0.290939, -0.022171, 0.0228524, -0.999493, 0.851939, -0.00435005, -0.999731, -0.0227613, 1.01916, 0, 0, 0, 1
-0.99974, 0.00388495, 0.0224755, 0.290939, -0.0223801, 0.0230578, -0.999484, 0.851974, -0.00440118, -0.999727, -0.0229648, 1.01914, 0, 0, 0, 1
-0.999735, 0.00392688, 0.0226875, 0.29094, -0.0225902, 0.0232641, -0.999474, 0.852009, -0.00445262, -0.999722, -0.0231692, 1.01911, 0, 0, 0, 1
-0.99973, 0.00396898, 0.0229004, 0.29094, -0.0228012, 0.0234714, -0.999464, 0.852045, -0.00450436, -0.999717, -0.0233745, 1.01909, 0, 0, 0, 1
-0.999725, 0.00401126, 0.0231144, 0.29094, -0.0230131, 0.0236796, -0.999455, 0.85208, -0.00455641, -0.999712, -0.0235808, 1.01907, 0, 0, 0, 1
-0.99972, 0.00405371, 0.0233292, 0.29094, -0.023226, 0.0238887, -0.999445, 0.852116, -0.00460877, -0.999706, -0.0237879, 1.01904, 0, 0, 0, 1
-0.999714, 0.00409635, 0.0235451, 0.29094, -0.0234397, 0.0240988, -0.999435, 0.852152, -0.00466144, -0.999701, -0.0239959, 1.01902, 0, 0, 0, 1
-0.999709, 0.00413915, 0.0237619, 0.290941, -0.0236544, 0.0243098, -0.999425, 0.852188, -0.00471442, -0.999696, -0.0242049, 1.01899, 0, 0, 0, 1
-0.999704, 0.00418214, 0.0239796, 0.290941, -0.0238701, 0.0245218, -0.999414, 0.852225, -0.00476771, -0.999691, -0.0244147, 1.01897, 0, 0, 0, 1
-0.999698, 0.0042253, 0.0241983, 0.290941, -0.0240867, 0.0247347, -0.999404, 0.852261, -0.00482132, -0.999685, -0.0246255, 1.01894, 0, 0, 0, 1
-0.999693, 0.00426863, 0.024418, 0.290941, -0.0243042, 0.0249485, -0.999393, 0.852298, -0.00487524, -0.99968, -0.0248371, 1.01892, 0, 0, 0, 1
-0.999687, 0.00431214, 0.0246386, 0.290941, -0.0245226, 0.0251633, -0.999383, 0.852334, -0.00492947, -0.999674, -0.0250497, 1.01889, 0, 0, 0, 1
-0.999681, 0.00435583, 0.0248602, 0.290942, -0.0247419, 0.025379, -0.999372, 0.852371, -0.00498402, -0.999668, -0.0252632, 1.01887, 0, 0, 0, 1
-0.999676, 0.00439969, 0.0250828, 0.290942, -0.0249622, 0.0255957, -0.999361, 0.852408, -0.00503889, -0.999663, -0.0254775, 1.01884, 0, 0, 0, 1
-0.99967, 0.00444372, 0.0253063, 0.290942, -0.0251834, 0.0258132, -0.99935, 0.852446, -0.00509407, -0.999657, -0.0256928, 1.01882, 0, 0, 0, 1
-0.999664, 0.00448793, 0.0255308, 0.290942, -0.0254056, 0.0260318, -0.999338, 0.852483, -0.00514957, -0.999651, -0.025909, 1.01879, 0, 0, 0, 1
-0.999658, 0.00453232, 0.0257562, 0.290942, -0.0256286, 0.0262512, -0.999327, 0.852521, -0.0052054, -0.999645, -0.0261261, 1.01877, 0, 0, 0, 1
-0.999652, 0.00457687, 0.0259826, 0.290943, -0.0258526, 0.0264716, -0.999315, 0.852559, -0.00526154, -0.999639, -0.0263441, 1.01874, 0, 0, 0, 1
-0.999646, 0.0046216, 0.0262099, 0.290943, -0.0260775, 0.026693, -0.999303, 0.852597, -0.00531801, -0.999633, -0.026563, 1.01872, 0, 0, 0, 1
-0.99964, 0.00466651, 0.0264382, 0.290943, -0.0263034, 0.0269152, -0.999292, 0.852635, -0.0053748, -0.999627, -0.0267828, 1.01869, 0, 0, 0, 1
-0.999633, 0.00471159, 0.0266675, 0.290943, -0.0265302, 0.0271384, -0.99928, 0.852673, -0.00543191, -0.999621, -0.0270035, 1.01867, 0, 0, 0, 1
-0.999627, 0.00475684, 0.0268977, 0.290943, -0.0267579, 0.0273626, -0.999267, 0.852711, -0.00548935, -0.999614, -0.0272251, 1.01864, 0, 0, 0, 1
-0.99962, 0.00480227, 0.0271289, 0.290944, -0.0269865, 0.0275877, -0.999255, 0.85275, -0.00554711, -0.999608, -0.0274476, 1.01861, 0, 0, 0, 1
-0.999614, 0.00484786, 0.0273611, 0.290944, -0.027216, 0.0278137, -0.999243, 0.852789, -0.0056052, -0.999601, -0.027671, 1.01859, 0, 0, 0, 1
-0.999607, 0.00489363, 0.0275942, 0.290944, -0.0274465, 0.0280407, -0.99923, 0.852828, -0.00566362, -0.999595, -0.0278953, 1.01856, 0, 0, 0, 1
-0.999601, 0.00493958, 0.0278282, 0.290944, -0.0276779, 0.0282686, -0.999217, 0.852867, -0.00572237, -0.999588, -0.0281205, 1.01854, 0, 0, 0, 1
-0.999594, 0.00498569, 0.0280633, 0.290944, -0.0279102, 0.0284974, -0.999204, 0.852906, -0.00578145, -0.999581, -0.0283467, 1.01851, 0, 0, 0, 1
-0.999587, 0.00503198, 0.0282992, 0.290944, -0.0281434, 0.0287272, -0.999191, 0.852945, -0.00584087, -0.999575, -0.0285737, 1.01848, 0, 0, 0, 1
-0.99958, 0.00507844, 0.0285362, 0.290945, -0.0283776, 0.0289579, -0.999178, 0.852985, -0.00590061, -0.999568, -0.0288016, 1.01846, 0, 0, 0, 1
-0.999573, 0.00512507, 0.0287741, 0.290945, -0.0286126, 0.0291895, -0.999164, 0.853025, -0.00596069, -0.999561, -0.0290304, 1.01843, 0, 0, 0, 1
-0.999566, 0.00517188, 0.0290129, 0.290945, -0.0288486, 0.0294221, -0.999151, 0.853065, -0.0060211, -0.999554, -0.0292601, 1.0184, 0, 0, 0, 1
-0.999558, 0.00521885, 0.0292527, 0.290945, -0.0290856, 0.0296556, -0.999137, 0.853105, -0.00608185, -0.999547, -0.0294907, 1.01838, 0, 0, 0, 1
-0.999551, 0.00526599, 0.0294935, 0.290945, -0.0293234, 0.0298901, -0.999123, 0.853145, -0.00614294, -0.999539, -0.0297223, 1.01835, 0, 0, 0, 1
-0.999544, 0.00531331, 0.0297352, 0.290945, -0.0295622, 0.0301255, -0.999109, 0.853185, -0.00620437, -0.999532, -0.0299547, 1.01832, 0, 0, 0, 1
-0.999536, 0.0053608, 0.0299779, 0.290946, -0.0298019, 0.0303618, -0.999095, 0.853226, -0.00626613, -0.999525, -0.030188, 1.0183, 0, 0, 0, 1
-0.999529, 0.00540846, 0.0302216, 0.290946, -0.0300425, 0.0305991, -0.99908, 0.853267, -0.00632823, -0.999517, -0.0304222, 1.01827, 0, 0, 0, 1
-0.999521, 0.00545628, 0.0304662, 0.290946, -0.030284, 0.0308373, -0.999066, 0.853308, -0.00639068, -0.99951, -0.0306573, 1.01824, 0, 0, 0, 1
-0.999513, 0.00550428, 0.0307118, 0.290946, -0.0305264, 0.0310765, -0.999051, 0.853349, -0.00645347, -0.999502, -0.0308933, 1.01821, 0, 0, 0, 1
-0.999505, 0.00555245, 0.0309583, 0.290946, -0.0307698, 0.0313166, -0.999036, 0.85339, -0.0065166, -0.999494, -0.0311302, 1.01819, 0, 0, 0, 1
-0.999497, 0.00560079, 0.0312058, 0.290946, -0.0310141, 0.0315576, -0.999021, 0.853431, -0.00658008, -0.999486, -0.031368, 1.01816, 0, 0, 0, 1
-0.999489, 0.00564929, 0.0314542, 0.290946, -0.0312592, 0.0317995, -0.999005, 0.853473, -0.0066439, -0.999478, -0.0316067, 1.01813, 0, 0, 0, 1
-0.999481, 0.00569797, 0.0317036, 0.290947, -0.0315054, 0.0320424, -0.99899, 0.853515, -0.00670807, -0.99947, -0.0318463, 1.0181, 0, 0, 0, 1
-0.999473, 0.00574681, 0.031954, 0.290947, -0.0317524, 0.0322863, -0.998974, 0.853557, -0.00677259, -0.999462, -0.0320868, 1.01808, 0, 0, 0, 1
-0.999464, 0.00579583, 0.0322053, 0.290947, -0.0320003, 0.0325311, -0.998958, 0.853599, -0.00683746, -0.999454, -0.0323282, 1.01805, 0, 0, 0, 1
-0.999456, 0.00584501, 0.0324576, 0.290947, -0.0322492, 0.0327768, -0.998942, 0.853641, -0.00690268, -0.999446, -0.0325704, 1.01802, 0, 0, 0, 1
-0.999447, 0.00589436, 0.0327108, 0.290947, -0.032499, 0.0330234, -0.998926, 0.853683, -0.00696825, -0.999437, -0.0328136, 1.01799, 0, 0, 0, 1
-0.999439, 0.00594388, 0.032965, 0.290947, -0.0327497, 0.033271, -0.99891, 0.853726, -0.00703418, -0.999429, -0.0330577, 1.01796, 0, 0, 0, 1
-0.99943, 0.00599357, 0.0332201, 0.290947, -0.0330013, 0.0335195, -0.998893, 0.853769, -0.00710045, -0.99942, -0.0333026, 1.01793, 0, 0, 0, 1
-0.999421, 0.00604342, 0.0334762, 0.290947, -0.0332538, 0.033769, -0.998876, 0.853812, -0.00716709, -0.999411, -0.0335485, 1.01791, 0, 0, 0, 1
-0.999412, 0.00609344, 0.0337333, 0.290948, -0.0335072, 0.0340194, -0.998859, 0.853855, -0.00723408, -0.999403, -0.0337952, 1.01788, 0, 0, 0, 1
-0.999403, 0.00614363, 0.0339913, 0.290948, -0.0337616, 0.0342707, -0.998842, 0.853898, -0.00730143, -0.999394, -0.0340429, 1.01785, 0, 0, 0, 1
-0.999394, 0.00619399, 0.0342503, 0.290948, -0.0340168, 0.034523, -0.998825, 0.853941, -0.00736913, -0.999385, -0.0342914, 1.01782, 0, 0, 0, 1
-0.999385, 0.00624451, 0.0345102, 0.290948, -0.034273, 0.0347762, -0.998807, 0.853985, -0.0074372, -0.999376, -0.0345408, 1.01779, 0, 0, 0, 1
-0.999375, 0.0062952, 0.0347711, 0.290948, -0.0345301, 0.0350304, -0.99879, 0.854029, -0.00750563, -0.999366, -0.0347911, 1.01776, 0, 0, 0, 1
-0.999366, 0.00634606, 0.035033, 0.290948, -0.0347881, 0.0352855, -0.998772, 0.854073, -0.00757442, -0.999357, -0.0350423, 1.01773, 0, 0, 0, 1
-0.999356, 0.00639708, 0.0352958, 0.290948, -0.035047, 0.0355415, -0.998753, 0.854117, -0.00764357, -0.999348, -0.0352944, 1.01771, 0, 0, 0, 1
-0.999347, 0.00644827, 0.0355595, 0.290948, -0.0353068, 0.0357985, -0.998735, 0.854161, -0.00771309, -0.999338, -0.0355474, 1.01768, 0, 0, 0, 1
-0.999337, 0.00649962, 0.0358243, 0.290948, -0.0355675, 0.0360564, -0.998717, 0.854205, -0.00778297, -0.999329, -0.0358013, 1.01765, 0, 0, 0, 1
