-0.999999, -0.000797434, -0.000797196, 0.290901, 0.000796858, 0.000424669, -1, 0.848124, 0.000797772, -1, -0.000424033, 1.02183, 0, 0, 0, 1
-0.999999, -0.000797477, -0.000797593, 0.290901, 0.000797254, 0.000425333, -1, 0.848124, 0.000797816, -1, -0.000424697, 1.02183, 0, 0, 0, 1
-0.999999, -0.000797607, -0.000798784, 0.290901, 0.000798443, 0.000427327, -1, 0.848124, 0.000797948, -1, -0.000426689, 1.02183, 0, 0, 0, 1
-0.999999, -0.000797823, -0.000800769, 0.290901, 0.000800426, 0.000430649, -1, 0.848125, 0.000798167, -1, -0.00043001, 1.02183, 0, 0, 0, 1
-0.999999, -0.000798125, -0.000803548, 0.2909, 0.000803201, 0.0004353, -1, 0.848125, 0.000798475, -1, -0.000434659, 1.02183, 0, 0, 0, 1
-0.999999, -0.000798514, -0.000807121, 0.2909, 0.000806769, 0.00044128, -1, 0.848126, 0.00079887, -1, -0.000440635, 1.02184, 0, 0, 0, 1
-0.999999, -0.000798989, -0.000811489, 0.2909, 0.00081113, 0.000448589, -1, 0.848126, 0.000799353, -1, -0.00044794, 1.02184, 0, 0, 0, 1
-0.999999, -0.000799551, -0.00081665, 0.290899, 0.000816284, 0.000457227, -1, 0.848127, 0.000799924, -1, -0.000456574, 1.02184, 0, 0, 0, 1
-0.999999, -0.000800199, -0.000822605, 0.290898, 0.000822231, 0.000467193, -1, 0.848128, 0.000800583, -1, -0.000466535, 1.02184, 0, 0, 0, 1
-0.999999, -0.000800933, -0.000829354, 0.290898, 0.000828971, 0.000478489, -1, 0.848129, 0.00080133, -1, -0.000477825, 1.02184, 0, 0, 0, 1
-0.999999, -0.000801754, -0.000836898, 0.290897, 0.000836504, 0.000491113, -1, 0.84813, 0.000802165, -1, -0.000490442, 1.02184, 0, 0, 0, 1
-0.999999, -0.000802662, -0.000845235, 0.290896, 0.00084483, 0.000505067, -1, 0.848132, 0.000803088, -1, -0.000504388, 1.02184, 0, 0, 0, 1
-0.999999, -0.000803656, -0.000854367, 0.290895, 0.000853949, 0.000520349, -1, 0.848133, 0.0008041, -1, -0.000519662, 1.02184, 0, 0, 0, 1
-0.999999, -0.000804736, -0.000864292, 0.290894, 0.00086386, 0.00053696, -0.999999, 0.848135, 0.0008052, -1, -0.000536264, 1.02184, 0, 0, 0, 1
-0.999999, -0.000805903, -0.000875011, 0.290893, 0.000874564, 0.0005549, -0.999999, 0.848136, 0.000806388, -1, -0.000554195, 1.02184, 0, 0, 0, 1
-0.999999, -0.000807157, -0.000886525, 0.290892, 0.000886062, 0.000574169, -0.999999, 0.848138, 0.000807665, -1, -0.000573453, 1.02184, 0, 0, 0, 1
-0.999999, -0.000808497, -0.000898833, 0.290891, 0.000898352, 0.000594766, -0.999999, 0.84814, 0.000809031, -0.999999, -0.00059404, 1.02184, 0, 0, 0, 1
-0.999999, -0.000809923, -0.000911934, 0.290889, 0.000911435, 0.000616693, -0.999999, 0.848142, 0.000810485, -0.999999, -0.000615954, 1.02184, 0, 0, 0, 1
-0.999999, -0.000811437, -0.00092583, 0.290888, 0.000925311, 0.000639948, -0.999999, 0.848144, 0.000812029, -0.999999, -0.000639197, 1.02184, 0, 0, 0, 1
-0.999999, -0.000813037, -0.000940519, 0.290886, 0.000939979, 0.000664533, -0.999999, 0.848147, 0.000813661, -0.999999, -0.000663768, 1.02184, 0, 0, 0, 1
-0.999999, -0.000814723, -0.000956003, 0.290885, 0.000955441, 0.000690446, -0.999999, 0.848149, 0.000815383, -0.999999, -0.000689667, 1.02184, 0, 0, 0, 1
-0.999999, -0.000816497, -0.000972281, 0.290883, 0.000971695, 0.000717688, -0.999999, 0.848152, 0.000817194, -0.999999, -0.000716894, 1.02184, 0, 0, 0, 1
-0.999999, -0.000818357, -0.000989352, 0.290881, 0.000988742, 0.000746259, -0.999999, 0.848154, 0.000819095, -0.999999, -0.000745449, 1.02184, 0, 0, 0, 1
-0.999999, -0.000820304, -0.00100722, 0.290879, 0.00100658, 0.000776159, -0.999999, 0.848157, 0.000821085, -0.999999, -0.000775332, 1.02184, 0, 0, 0, 1
-0.999999, -0.000822337, -0.00102588, 0.290878, 0.00102521, 0.000807387, -0.999999, 0.84816, 0.000823165, -0.999999, -0.000806544, 1.02185, 0, 0, 0, 1
-0.999999, -0.000824458, -0.00104533, 0.290876, 0.00104464, 0.000839945, -0.999999, 0.848163, 0.000825335, -0.999999, -0.000839083, 1.02185, 0, 0, 0, 1
-0.999999, -0.000826666, -0.00106558, 0.290873, 0.00106486, 0.000873831, -0.999999, 0.848166, 0.000827596, -0.999999, -0.00087295, 1.02185, 0, 0, 0, 1
-0.999999, -0.00082896, -0.00108662, 0.290871, 0.00108587, 0.000909046, -0.999999, 0.84817, 0.000829947, -0.999999, -0.000908145, 1.02185, 0, 0, 0, 1
-0.999999, -0.000831341, -0.00110846, 0.290869, 0.00110767, 0.00094559, -0.999999, 0.848173, 0.000832389, -0.999999, -0.000944669, 1.02185, 0, 0, 0, 1
-0.999999, -0.00083381, -0.00113109, 0.290867, 0.00113027, 0.000983463, -0.999999, 0.848177, 0.000834921, -0.999999, -0.00098252, 1.02185, 0, 0, 0, 1
-0.999999, -0.000836366, -0.00115451, 0.290864, 0.00115366, 0.00102267, -0.999999, 0.84818, 0.000837545, -0.999999, -0.0010217, 1.02185, 0, 0, 0, 1
-0.999999, -0.000839008, -0.00117873, 0.290862, 0.00117784, 0.0010632, -0.999999, 0.848184, 0.00084026, -0.999999, -0.00106221, 1.02185, 0, 0, 0, 1
-0.999999, -0.000841738, -0.00120374, 0.290859, 0.00120281, 0.00110506, -0.999999, 0.848188, 0.000843067, -0.999999, -0.00110404, 1.02185, 0, 0, 0, 1
-0.999999, -0.000844555, -0.00122955, 0.290857, 0.00122858, 0.00114824, -0.999999, 0.848192, 0.000845966, -0.999999, -0.0011472, 1.02185, 0, 0, 0, 1
-0.999999, -0.00084746, -0.00125615, 0.290854, 0.00125514, 0.00119276, -0.999999, 0.848196, 0.000848957, -0.999999, -0.0011917, 1.02186, 0, 0, 0, 1
-0.999999, -0.000850451, -0.00128354, 0.290851, 0.00128249, 0.00123861, -0.999998, 0.848201, 0.00085204, -0.999999, -0.00123751, 1.02186, 0, 0, 0, 1
-0.999999, -0.00085353, -0.00131173, 0.290848, 0.00131063, 0.00128578, -0.999998, 0.848205, 0.000855216, -0.999999, -0.00128466, 1.02186, 0, 0, 0, 1
-0.999999, -0.000856697, -0.00134071, 0.290845, 0.00133957, 0.00133428, -0.999998, 0.84821, 0.000858484, -0.999999, -0.00133314, 1.02186, 0, 0, 0, 1
-0.999999, -0.000859951, -0.00137049, 0.290842, 0.0013693, 0.00138412, -0.999998, 0.848214, 0.000861846, -0.999999, -0.00138294, 1.02186, 0, 0, 0, 1
-0.999999, -0.000863293, -0.00140106, 0.290839, 0.00139982, 0.00143528, -0.999998, 0.848219, 0.000865302, -0.999999, -0.00143407, 1.02186, 0, 0, 0, 1
-0.999999, -0.000866722, -0.00143242, 0.290836, 0.00143113, 0.00148777, -0.999998, 0.848224, 0.000868851, -0.999999, -0.00148653, 1.02186, 0, 0, 0, 1
-0.999999, -0.000870239, -0.00146458, 0.290832, 0.00146324, 0.00154159, -0.999998, 0.848229, 0.000872495, -0.999998, -0.00154031, 1.02187, 0, 0, 0, 1
-0.999998, -0.000873844, -0.00149753, 0.290829, 0.00149614, 0.00159673, -0.999998, 0.848234, 0.000876233, -0.999998, -0.00159542, 1.02187, 0, 0, 0, 1
-0.999998, -0.000877536, -0.00153128, 0.290826, 0.00152983, 0.00165321, -0.999997, 0.84824, 0.000880066, -0.999998, -0.00165187, 1.02187, 0, 0, 0, 1
-0.999998, -0.000881317, -0.00156582, 0.290822, 0.00156431, 0.00171102, -0.999997, 0.848245, 0.000883994, -0.999998, -0.00170963, 1.02187, 0, 0, 0, 1
-0.999998, -0.000885186, -0.00160116, 0.290818, 0.00159959, 0.00177015, -0.999997, 0.848251, 0.000888017, -0.999998, -0.00176873, 1.02187, 0, 0, 0, 1
-0.999998, -0.000889142, -0.00163728, 0.290815, 0.00163565, 0.00183061, -0.999997, 0.848256, 0.000892137, -0.999998, -0.00182915, 1.02187, 0, 0, 0, 1
-0.999998, -0.000893187, -0.00167421, 0.290811, 0.00167251, 0.0018924, -0.999997, 0.848262, 0.000896352, -0.999998, -0.00189091, 1.02188, 0, 0, 0, 1
-0.999998, -0.00089732, -0.00171192, 0.290807, 0.00171017, 0.00195552, -0.999997, 0.848268, 0.000900664, -0.999998, -0.00195399, 1.02188, 0, 0, 0, 1
-0.999998, -0.000901541, -0.00175043, 0.290803, 0.00174861, 0.00201997, -0.999996, 0.848274, 0.000905074, -0.999998, -0.00201839, 1.02188, 0, 0, 0, 1
-0.999998, -0.00090585, -0.00178974, 0.290799, 0.00178785, 0.00208575, -0.999996, 0.84828, 0.00090958, -0.999997, -0.00208413, 1.02188, 0, 0, 0, 1
-0.999998, -0.000910248, -0.00182984, 0.290795, 0.00182787, 0.00215286, -0.999996, 0.848287, 0.000914184, -0.999997, -0.00215119, 1.02188, 0, 0, 0, 1
-0.999998, -0.000914735, -0.00187073, 0.290791, 0.00186869, 0.00222129, -0.999996, 0.848293, 0.000918887, -0.999997, -0.00221958, 1.02188, 0, 0, 0, 1
-0.999998, -0.00091931, -0.00191242, 0.290786, 0.00191031, 0.00229106, -0.999996, 0.8483, 0.000923687, -0.999997, -0.00228929, 1.02189, 0, 0, 0, 1
-0.999998, -0.000923974, -0.0019549, 0.290782, 0.00195271, 0.00236215, -0.999995, 0.848306, 0.000928587, -0.999997, -0.00236034, 1.02189, 0, 0, 0, 1
-0.999998, -0.000928727, -0.00199817, 0.290777, 0.00199591, 0.00243457, -0.999995, 0.848313, 0.000933587, -0.999997, -0.00243271, 1.02189, 0, 0, 0, 1
-0.999997, -0.000933568, -0.00204224, 0.290773, 0.00203989, 0.00250832, -0.999995, 0.84832, 0.000938686, -0.999996, -0.00250641, 1.02189, 0, 0, 0, 1
-0.999997, -0.000938498, -0.0020871, 0.290768, 0.00208467, 0.0025834, -0.999994, 0.848327, 0.000943885, -0.999996, -0.00258144, 1.0219, 0, 0, 0, 1
-0.999997, -0.000943518, -0.00213276, 0.290764, 0.00213024, 0.00265981, -0.999994, 0.848334, 0.000949185, -0.999996, -0.00265779, 1.0219, 0, 0, 0, 1
-0.999997, -0.000948627, -0.00217921, 0.290759, 0.00217661, 0.00273754, -0.999994, 0.848342, 0.000954587, -0.999996, -0.00273547, 1.0219, 0, 0, 0, 1
-0.999997, -0.000953825, -0.00222646, 0.290754, 0.00222376, 0.00281661, -0.999994, 0.848349, 0.000960089, -0.999996, -0.00281448, 1.0219, 0, 0, 0, 1
-0.999997, -0.000959112, -0.0022745, 0.290749, 0.00227171, 0.002897, -0.999993, 0.848357, 0.000965695, -0.999995, -0.00289481, 1.0219, 0, 0, 0, 1
-0.999997, -0.000964489, -0.00232333, 0.290744, 0.00232045, 0.00297872, -0.999993, 0.848364, 0.000971402, -0.999995, -0.00297648, 1.02191, 0, 0, 0, 1
-0.999997, -0.000969955, -0.00237296, 0.290739, 0.00236998, 0.00306177, -0.999993, 0.848372, 0.000977213, -0.999995, -0.00305946, 1.02191, 0, 0, 0, 1
-0.999997, -0.000975511, -0.00242338, 0.290734, 0.0024203, 0.00314615, -0.999992, 0.84838, 0.000983127, -0.999995, -0.00314378, 1.02191, 0, 0, 0, 1
-0.999996, -0.000981156, -0.00247459, 0.290728, 0.00247141, 0.00323186, -0.999992, 0.848388, 0.000989146, -0.999994, -0.00322942, 1.02191, 0, 0, 0, 1
-0.999996, -0.000986892, -0.0025266, 0.290723, 0.00252331, 0.0033189, -0.999991, 0.848396, 0.000995269, -0.999994, -0.0033164, 1.02192, 0, 0, 0, 1
-0.999996, -0.000992717, -0.0025794, 0.290718, 0.00257601, 0.00340726, -0.999991, 0.848405, 0.0010015, -0.999994, -0.00340469, 1.02192, 0, 0, 0, 1
-0.999996, -0.000998633, -0.002633, 0.290712, 0.00262949, 0.00349696, -0.99999, 0.848413, 0.00100783, -0.999993, -0.00349432, 1.02192, 0, 0, 0, 1
-0.999996, -0.00100464, -0.00268739, 0.290707, 0.00268377, 0.00358798, -0.99999, 0.848422, 0.00101427, -0.999993, -0.00358527, 1.02192, 0, 0, 0, 1
-0.999996, -0.00101073, -0.00274258, 0.290701, 0.00273884, 0.00368033, -0.999989, 0.84843, 0.00102082, -0.999993, -0.00367755, 1.02193, 0, 0, 0, 1
-0.999996, -0.00101692, -0.00279856, 0.290695, 0.0027947, 0.00377401, -0.999989, 0.848439, 0.00102747, -0.999992, -0.00377115, 1.02193, 0, 0, 0, 1
-0.999995, -0.0010232, -0.00285533, 0.290689, 0.00285135, 0.00386902, -0.999988, 0.848448, 0.00103423, -0.999992, -0.00386608, 1.02193, 0, 0, 0, 1
-0.999995, -0.00102957, -0.0029129, 0.290683, 0.00290879, 0.00396536, -0.999988, 0.848457, 0.0010411, -0.999992, -0.00396234, 1.02193, 0, 0, 0, 1
-0.999995, -0.00103602, -0.00297126, 0.290677, 0.00296703, 0.00406302, -0.999987, 0.848466, 0.00104808, -0.999991, -0.00405993, 1.02194, 0, 0, 0, 1
-0.999995, -0.00104257, -0.00303041, 0.290671, 0.00302605, 0.00416202, -0.999987, 0.848476, 0.00105517, -0.999991, -0.00415884, 1.02194, 0, 0, 0, 1
-0.999995, -0.00104921, -0.00309036, 0.290665, 0.00308587, 0.00426234, -0.999986, 0.848485, 0.00106237, -0.99999, -0.00425908, 1.02194, 0, 0, 0, 1
-0.999994, -0.00105595, -0.00315111, 0.290659, 0.00314647, 0.00436399, -0.999986, 0.848495, 0.00106968, -0.99999, -0.00436064, 1.02195, 0, 0, 0, 1
-0.999994, -0.00106277, -0.00321265, 0.290652, 0.00320787, 0.00446697, -0.999985, 0.848505, 0.0010771, -0.999989, -0.00446353, 1.02195, 0, 0, 0, 1
-0.999994, -0.00106968, -0.00327498, 0.290646, 0.00327005, 0.00457128, -0.999984, 0.848514, 0.00108464, -0.999989, -0.00456775, 1.02195, 0, 0, 0, 1
-0.999994, -0.00107669, -0.0033381, 0.290639, 0.00333303, 0.00467691, -0.999984, 0.848524, 0.00109228, -0.999988, -0.0046733, 1.02195, 0, 0, 0, 1
-0.999994, -0.00108378, -0.00340202, 0.290633, 0.0033968, 0.00478388, -0.999983, 0.848534, 0.00110004, -0.999988, -0.00478017, 1.02196, 0, 0, 0, 1
-0.999993, -0.00109097, -0.00346674, 0.290626, 0.00346136, 0.00489217, -0.999982, 0.848545, 0.00110791, -0.999987, -0.00488836, 1.02196, 0, 0, 0, 1
-0.999993, -0.00109825, -0.00353224, 0.290619, 0.00352671, 0.00500179, -0.999981, 0.848555, 0.0011159, -0.999987, -0.00499789, 1.02196, 0, 0, 0, 1
-0.999993, -0.00110563, -0.00359854, 0.290613, 0.00359285, 0.00511274, -0.99998, 0.848565, 0.001124, -0.999986, -0.00510873, 1.02197, 0, 0, 0, 1
-0.999993, -0.00111309, -0.00366564, 0.290606, 0.00365978, 0.00522502, -0.99998, 0.848576, 0.00113222, -0.999986, -0.00522091, 1.02197, 0, 0, 0, 1
-0.999992, -0.00112065, -0.00373353, 0.290599, 0.0037275, 0.00533863, -0.999979, 0.848587, 0.00114056, -0.999985, -0.00533441, 1.02197, 0, 0, 0, 1
-0.999992, -0.0011283, -0.00380221, 0.290592, 0.00379601, 0.00545356, -0.999978, 0.848597, 0.00114901, -0.999984, -0.00544924, 1.02198, 0, 0, 0, 1
-0.999992, -0.00113604, -0.00387169, 0.290584, 0.00386531, 0.00556983, -0.999977, 0.848608, 0.00115758, -0.999984, -0.00556539, 1.02198, 0, 0, 0, 1
-0.999992, -0.00114388, -0.00394196, 0.290577, 0.0039354, 0.00568742, -0.999976, 0.848619, 0.00116627, -0.999983, -0.00568287, 1.02198, 0, 0, 0, 1
-0.999991, -0.00115181, -0.00401303, 0.29057, 0.00400628, 0.00580634, -0.999975, 0.848631, 0.00117508, -0.999982, -0.00580168, 1.02199, 0, 0, 0, 1
-0.999991, -0.00115983, -0.00408489, 0.290563, 0.00407795, 0.00592659, -0.999974, 0.848642, 0.00118401, -0.999982, -0.00592181, 1.02199, 0, 0, 0, 1
-0.999991, -0.00116794, -0.00415754, 0.290555, 0.00415041, 0.00604817, -0.999973, 0.848653, 0.00119306, -0.999981, -0.00604326, 1.02199, 0, 0, 0, 1
-0.99999, -0.00117615, -0.00423099, 0.290547, 0.00422366, 0.00617107, -0.999972, 0.848665, 0.00120223, -0.99998, -0.00616605, 1.022, 0, 0, 0, 1
-0.99999, -0.00118445, -0.00430523, 0.29054, 0.00429769, 0.00629531, -0.999971, 0.848677, 0.00121152, -0.999979, -0.00629015, 1.022, 0, 0, 0, 1
-0.99999, -0.00119285, -0.00438027, 0.290532, 0.00437252, 0.00642087, -0.99997, 0.848689, 0.00122094, -0.999979, -0.00641559, 1.02201, 0, 0, 0, 1
-0.999989, -0.00120134, -0.0044561, 0.290524, 0.00444814, 0.00654776, -0.999969, 0.848701, 0.00123047, -0.999978, -0.00654235, 1.02201, 0, 0, 0, 1
-0.999989, -0.00120992, -0.00453272, 0.290516, 0.00452455, 0.00667598, -0.999967, 0.848713, 0.00124014, -0.999977, -0.00667043, 1.02201, 0, 0, 0, 1
-0.999989, -0.00121859, -0.00461014, 0.290508, 0.00460175, 0.00680553, -0.999966, 0.848725, 0.00124993, -0.999976, -0.00679984, 1.02202, 0, 0, 0, 1
-0.999988, -0.00122737, -0.00468835, 0.2905, 0.00467973, 0.0069364, -0.999965, 0.848737, 0.00125984, -0.999975, -0.00693058, 1.02202, 0, 0, 0, 1
-0.999988, -0.00123623, -0.00476736, 0.290492, 0.00475851, 0.0070686, -0.999964, 0.84875, 0.00126988, -0.999974, -0.00706264, 1.02202, 0, 0, 0, 1
-0.999987, -0.00124519, -0.00484716, 0.290484, 0.00483807, 0.00720214, -0.999962, 0.848762, 0.00128005, -0.999973, -0.00719602, 1.02203, 0, 0, 0, 1
-0.999987, -0.00125425, -0.00492776, 0.290476, 0.00491842, 0.007337, -0.999961, 0.848775, 0.00129035, -0.999972, -0.00733073, 1.02203, 0, 0, 0, 1
-0.999987, -0.0012634, -0.00500914, 0.290467, 0.00499957, 0.00747318, -0.99996, 0.848788, 0.00130078, -0.999971, -0.00746677, 1.02204, 0, 0, 0, 1
-0.999986, -0.00127264, -0.00509133, 0.290459, 0.0050815, 0.0076107, -0.999958, 0.848801, 0.00131134, -0.99997, -0.00760413, 1.02204, 0, 0, 0, 1
-0.999986, -0.00128198, -0.0051743, 0.29045, 0.00516422, 0.00774954, -0.999957, 0.848814, 0.00132202, -0.999969, -0.00774281, 1.02204, 0, 0, 0, 1
-0.999985, -0.00129142, -0.00525807, 0.290441, 0.00524773, 0.00788972, -0.999955, 0.848827, 0.00133284, -0.999968, -0.00788282, 1.02205, 0, 0, 0, 1
-0.999985, -0.00130095, -0.00534264, 0.290433, 0.00533202, 0.00803122, -0.999954, 0.84884, 0.0013438, -0.999967, -0.00802416, 1.02205, 0, 0, 0, 1
-0.999984, -0.00131057, -0.005428, 0.290424, 0.00541711, 0.00817404, -0.999952, 0.848854, 0.00135488, -0.999966, -0.00816682, 1.02206, 0, 0, 0, 1
-0.999984, -0.0013203, -0.00551415, 0.290415, 0.00550298, 0.0083182, -0.99995, 0.848868, 0.0013661, -0.999965, -0.0083108, 1.02206, 0, 0, 0, 1
-0.999983, -0.00133012, -0.0056011, 0.290406, 0.00558964, 0.00846368, -0.999949, 0.848881, 0.00137745, -0.999963, -0.00845611, 1.02207, 0, 0, 0, 1
-0.999983, -0.00134003, -0.00568884, 0.290397, 0.00567709, 0.0086105, -0.999947, 0.848895, 0.00138895, -0.999962, -0.00860274, 1.02207, 0, 0, 0, 1
-0.999982, -0.00135004, -0.00577737, 0.290388, 0.00576533, 0.00875864, -0.999945, 0.848909, 0.00140057, -0.999961, -0.0087507, 1.02207, 0, 0, 0, 1
-0.999982, -0.00136015, -0.0058667, 0.290379, 0.00585436, 0.00890811, -0.999943, 0.848923, 0.00141234, -0.999959, -0.00889998, 1.02208, 0, 0, 0, 1
-0.999981, -0.00137036, -0.00595682, 0.290369, 0.00594417, 0.0090589, -0.999941, 0.848937, 0.00142424, -0.999958, -0.00905059, 1.02208, 0, 0, 0, 1
-0.999981, -0.00138066, -0.00604774, 0.29036, 0.00603477, 0.00921103, -0.999939, 0.848952, 0.00143628, -0.999957, -0.00920252, 1.02209, 0, 0, 0, 1
-0.99998, -0.00139106, -0.00613945, 0.29035, 0.00612616, 0.00936448, -0.999937, 0.848966, 0.00144847, -0.999955, -0.00935577, 1.02209, 0, 0, 0, 1
-0.99998, -0.00140156, -0.00623196, 0.290341, 0.00621834, 0.00951926, -0.999935, 0.848981, 0.00146079, -0.999954, -0.00951035, 1.0221, 0, 0, 0, 1
-0.999979, -0.00141215, -0.00632526, 0.290331, 0.0063113, 0.00967537, -0.999933, 0.848996, 0.00147326, -0.999952, -0.00966625, 1.0221, 0, 0, 0, 1
-0.999978, -0.00142285, -0.00641935, 0.290322, 0.00640506, 0.0098328, -0.999931, 0.849011, 0.00148587, -0.999951, -0.00982348, 1.02211, 0, 0, 0, 1
-0.999978, -0.00143364, -0.00651424, 0.290312, 0.00649959, 0.00999156, -0.999929, 0.849025, 0.00149862, -0.999949, -0.00998202, 1.02211, 0, 0, 0, 1
-0.999977, -0.00144453, -0.00660992, 0.290302, 0.00659492, 0.0101517, -0.999927, 0.849041, 0.00151152, -0.999947, -0.0101419, 1.02212, 0, 0, 0, 1
-0.999976, -0.00145551, -0.00670639, 0.290292, 0.00669103, 0.0103131, -0.999924, 0.849056, 0.00152457, -0.999946, -0.0103031, 1.02212, 0, 0, 0, 1
-0.999976, -0.0014666, -0.00680366, 0.290282, 0.00678793, 0.0104758, -0.999922, 0.849071, 0.00153776, -0.999944, -0.0104656, 1.02212, 0, 0, 0, 1
-0.999975, -0.00147778, -0.00690173, 0.290272, 0.00688562, 0.0106399, -0.99992, 0.849087, 0.0015511, -0.999942, -0.0106295, 1.02213, 0, 0, 0, 1
-0.999974, -0.00148907, -0.00700058, 0.290261, 0.00698409, 0.0108053, -0.999917, 0.849102, 0.00156459, -0.999941, -0.0107946, 1.02213, 0, 0, 0, 1
-0.999974, -0.00150045, -0.00710024, 0.290251, 0.00708335, 0.010972, -0.999915, 0.849118, 0.00157823, -0.999939, -0.0109611, 1.02214, 0, 0, 0, 1
-0.999973, -0.00151193, -0.00720068, 0.290241, 0.0071834, 0.0111401, -0.999912, 0.849134, 0.00159202, -0.999937, -0.0111289, 1.02214, 0, 0, 0, 1
-0.999972, -0.00152352, -0.00730192, 0.29023, 0.00728423, 0.0113095, -0.99991, 0.84915, 0.00160596, -0.999935, -0.0112981, 1.02215, 0, 0, 0, 1
-0.999971, -0.0015352, -0.00740396, 0.29022, 0.00738585, 0.0114802, -0.999907, 0.849166, 0.00162005, -0.999933, -0.0114685, 1.02216, 0, 0, 0, 1
-0.999971, -0.00154698, -0.00750678, 0.290209, 0.00748826, 0.0116522, -0.999904, 0.849182, 0.0016343, -0.999931, -0.0116403, 1.02216, 0, 0, 0, 1
-0.99997, -0.00155886, -0.00761041, 0.290198, 0.00759145, 0.0118256, -0.999901, 0.849199, 0.00164871, -0.999929, -0.0118134, 1.02217, 0, 0, 0, 1
-0.999969, -0.00157084, -0.00771482, 0.290188, 0.00769543, 0.0120003, -0.999898, 0.849215, 0.00166326, -0.999927, -0.0119878, 1.02217, 0, 0, 0, 1
-0.999968, -0.00158293, -0.00782003, 0.290177, 0.00780019, 0.0121763, -0.999895, 0.849232, 0.00167798, -0.999925, -0.0121636, 1.02218, 0, 0, 0, 1
-0.999967, -0.00159511, -0.00792604, 0.290166, 0.00790574, 0.0123537, -0.999892, 0.849249, 0.00169286, -0.999922, -0.0123406, 1.02218, 0, 0, 0, 1
-0.999966, -0.0016074, -0.00803284, 0.290155, 0.00801207, 0.0125323, -0.999889, 0.849266, 0.00170789, -0.99992, -0.012519, 1.02219, 0, 0, 0, 1
-0.999966, -0.00161978, -0.00814043, 0.290144, 0.00811919, 0.0127123, -0.999886, 0.849283, 0.00172308, -0.999918, -0.0126987, 1.02219, 0, 0, 0, 1
-0.999965, -0.00163227, -0.00824882, 0.290132, 0.0082271, 0.0128937, -0.999883, 0.8493, 0.00173844, -0.999916, -0.0128798, 1.0222, 0, 0, 0, 1
-0.999964, -0.00164486, -0.008358, 0.290121, 0.00833579, 0.0130763, -0.99988, 0.849317, 0.00175396, -0.999913, -0.0130621, 1.0222, 0, 0, 0, 1
-0.999963, -0.00165756, -0.00846797, 0.29011, 0.00844526, 0.0132603, -0.999876, 0.849334, 0.00176964, -0.999911, -0.0132458, 1.02221, 0, 0, 0, 1
-0.999962, -0.00167035, -0.00857874, 0.290098, 0.00855552, 0.0134456, -0.999873, 0.849352, 0.00178548, -0.999908, -0.0134308, 1.02221, 0, 0, 0, 1
-0.999961, -0.00168325, -0.0086903, 0.290087, 0.00866656, 0.0136323, -0.99987, 0.84937, 0.0018015, -0.999906, -0.0136171, 1.02222, 0, 0, 0, 1
-0.99996, -0.00169625, -0.00880266, 0.290075, 0.00877839, 0.0138202, -0.999866, 0.849387, 0.00181767, -0.999903, -0.0138048, 1.02223, 0, 0, 0, 1
-0.999959, -0.00170935, -0.00891581, 0.290063, 0.00889101, 0.0140095, -0.999862, 0.849405, 0.00183402, -0.9999, -0.0139938, 1.02223, 0, 0, 0, 1
-0.999958, -0.00172256, -0.00902976, 0.290052, 0.0090044, 0.0142002, -0.999859, 0.849423, 0.00185054, -0.999898, -0.014184, 1.02224, 0, 0, 0, 1
-0.999957, -0.00173586, -0.0091445, 0.29004, 0.00911858, 0.0143921, -0.999855, 0.849441, 0.00186722, -0.999895, -0.0143757, 1.02224, 0, 0, 0, 1
-0.999956, -0.00174928, -0.00926003, 0.290028, 0.00923355, 0.0145854, -0.999851, 0.84946, 0.00188408, -0.999892, -0.0145686, 1.02225, 0, 0, 0, 1
-0.999954, -0.00176279, -0.00937636, 0.290016, 0.0093493, 0.01478, -0.999847, 0.849478, 0.00190111, -0.999889, -0.0147628, 1.02226, 0, 0, 0, 1
-0.999953, -0.00177641, -0.00949348, 0.290004, 0.00946583, 0.0149759, -0.999843, 0.849497, 0.00191831, -0.999886, -0.0149584, 1.02226, 0, 0, 0, 1
-0.999952, -0.00179014, -0.0096114, 0.289991, 0.00958315, 0.0151732, -0.999839, 0.849515, 0.00193569, -0.999883, -0.0151553, 1.02227, 0, 0, 0, 1
-0.999951, -0.00180397, -0.00973011, 0.289979, 0.00970125, 0.0153718, -0.999835, 0.849534, 0.00195324, -0.99988, -0.0153535, 1.02227, 0, 0, 0, 1
-0.99995, -0.0018179, -0.00984961, 0.289967, 0.00982013, 0.0155717, -0.999831, 0.849553, 0.00197097, -0.999877, -0.015553, 1.02228, 0, 0, 0, 1
-0.999949, -0.00183194, -0.00996991, 0.289954, 0.0099398, 0.0157729, -0.999826, 0.849572, 0.00198888, -0.999874, -0.0157539, 1.02229, 0, 0, 0, 1
-0.999947, -0.00184609, -0.010091, 0.289942, 0.0100602, 0.0159755, -0.999822, 0.849591, 0.00200697, -0.999871, -0.0159561, 1.02229, 0, 0, 0, 1
-0.999946, -0.00186034, -0.0102129, 0.289929, 0.0101815, 0.0161794, -0.999817, 0.849611, 0.00202524, -0.999867, -0.0161595, 1.0223, 0, 0, 0, 1
-0.999945, -0.0018747, -0.0103356, 0.289916, 0.0103035, 0.0163846, -0.999813, 0.84963, 0.00204369, -0.999864, -0.0163644, 1.02231, 0, 0, 0, 1
-0.999944, -0.00188916, -0.0104591, 0.289903, 0.0104263, 0.0165911, -0.999808, 0.84965, 0.00206232, -0.999861, -0.0165705, 1.02231, 0, 0, 0, 1
-0.999942, -0.00190373, -0.0105833, 0.289891, 0.0105499, 0.016799, -0.999803, 0.849669, 0.00208114, -0.999857, -0.0167779, 1.02232, 0, 0, 0, 1
-0.999941, -0.0019184, -0.0107084, 0.289878, 0.0106742, 0.0170082, -0.999798, 0.849689, 0.00210015, -0.999854, -0.0169867, 1.02232, 0, 0, 0, 1
-0.999939, -0.00193319, -0.0108342, 0.289865, 0.0107994, 0.0172187, -0.999793, 0.849709, 0.00211934, -0.99985, -0.0171968, 1.02233, 0, 0, 0, 1
-0.999938, -0.00194808, -0.0109609, 0.289851, 0.0109253, 0.0174306, -0.999788, 0.849729, 0.00213872, -0.999846, -0.0174082, 1.02234, 0, 0, 0, 1
-0.999937, -0.00196307, -0.0110883, 0.289838, 0.011052, 0.0176437, -0.999783, 0.849749, 0.00215829, -0.999842, -0.0176209, 1.02234, 0, 0, 0, 1
-0.999935, -0.00197818, -0.0112166, 0.289825, 0.0111795, 0.0178582, -0.999778, 0.84977, 0.00217805, -0.999839, -0.017835, 1.02235, 0, 0, 0, 1
-0.999934, -0.00199339, -0.0113456, 0.289812, 0.0113078, 0.0180741, -0.999773, 0.84979, 0.002198, -0.999835, -0.0180503, 1.02236, 0, 0, 0, 1
-0.999932, -0.00200871, -0.0114754, 0.289798, 0.0114368, 0.0182912, -0.999767, 0.849811, 0.00221815, -0.999831, -0.018267, 1.02236, 0, 0, 0, 1
-0.999931, -0.00202414, -0.0116061, 0.289784, 0.0115666, 0.0185097, -0.999762, 0.849831, 0.00223849, -0.999827, -0.018485, 1.02237, 0, 0, 0, 1
-0.999929, -0.00203968, -0.0117375, 0.289771, 0.0116973, 0.0187295, -0.999756, 0.849852, 0.00225902, -0.999823, -0.0187043, 1.02238, 0, 0, 0, 1
-0.999927, -0.00205533, -0.0118697, 0.289757, 0.0118286, 0.0189507, -0.99975, 0.849873, 0.00227975, -0.999818, -0.018925, 1.02239, 0, 0, 0, 1
-0.999926, -0.00207108, -0.0120027, 0.289743, 0.0119608, 0.0191731, -0.999745, 0.849894, 0.00230068, -0.999814, -0.0191469, 1.02239, 0, 0, 0, 1
-0.999924, -0.00208695, -0.0121365, 0.289729, 0.0120938, 0.0193969, -0.999739, 0.849916, 0.00232182, -0.99981, -0.0193702, 1.0224, 0, 0, 0, 1
-0.999922, -0.00210293, -0.0122711, 0.289715, 0.0122275, 0.019622, -0.999733, 0.849937, 0.00234315, -0.999805, -0.0195948, 1.02241, 0, 0, 0, 1
-0.999921, -0.00211901, -0.0124065, 0.289701, 0.012362, 0.0198485, -0.999727, 0.849958, 0.00236468, -0.999801, -0.0198207, 1.02241, 0, 0, 0, 1
-0.999919, -0.00213521, -0.0125427, 0.289687, 0.0124973, 0.0200762, -0.99972, 0.84998, 0.00238642, -0.999796, -0.0200479, 1.02242, 0, 0, 0, 1
-0.999917, -0.00215152, -0.0126796, 0.289673, 0.0126334, 0.0203053, -0.999714, 0.850002, 0.00240836, -0.999792, -0.0202765, 1.02243, 0, 0, 0, 1
-0.999916, -0.00216793, -0.0128174, 0.289659, 0.0127702, 0.0205357, -0.999708, 0.850024, 0.00243051, -0.999787, -0.0205063, 1.02244, 0, 0, 0, 1
-0.999914, -0.00218446, -0.012956, 0.289644, 0.0129079, 0.0207675, -0.999701, 0.850046, 0.00245287, -0.999782, -0.0207375, 1.02244, 0, 0, 0, 1
-0.999912, -0.0022011, -0.0130953, 0.28963, 0.0130463, 0.0210005, -0.999694, 0.850068, 0.00247544, -0.999777, -0.02097, 1.02245, 0, 0, 0, 1
-0.99991, -0.00221786, -0.0132355, 0.289615, 0.0131855, 0.0212349, -0.999688, 0.85009, 0.00249822, -0.999772, -0.0212038, 1.02246, 0, 0, 0, 1
-0.999908, -0.00223472, -0.0133764, 0.289601, 0.0133254, 0.0214707, -0.999681, 0.850112, 0.00252121, -0.999767, -0.0214389, 1.02247, 0, 0, 0, 1
-0.999906, -0.0022517, -0.0135182, 0.289586, 0.0134662, 0.0217077, -0.999674, 0.850135, 0.00254441, -0.999762, -0.0216753, 1.02247, 0, 0, 0, 1
-0.999904, -0.00226879, -0.0136607, 0.289571, 0.0136077, 0.0219461, -0.999667, 0.850158, 0.00256783, -0.999757, -0.0219131, 1.02248, 0, 0, 0, 1
-0.999902, -0.00228599, -0.0138041, 0.289556, 0.01375, 0.0221858, -0.999659, 0.85018, 0.00259146, -0.999751, -0.0221522, 1.02249, 0, 0, 0, 1
-0.9999, -0.00230331, -0.0139482, 0.289541, 0.0138931, 0.0224268, -0.999652, 0.850203, 0.00261532, -0.999746, -0.0223926, 1.0225, 0, 0, 0, 1
-0.999898, -0.00232074, -0.0140931, 0.289526, 0.0140369, 0.0226691, -0.999644, 0.850226, 0.00263939, -0.99974, -0.0226343, 1.0225, 0, 0, 0, 1
-0.999896, -0.00233828, -0.0142388, 0.289511, 0.0141815, 0.0229128, -0.999637, 0.850249, 0.00266368, -0.999735, -0.0228773, 1.02251, 0, 0, 0, 1
-0.999894, -0.00235594, -0.0143853, 0.289496, 0.014327, 0.0231578, -0.999629, 0.850273, 0.0026882, -0.999729, -0.0231216, 1.02252, 0, 0, 0, 1
-0.999892, -0.00237371, -0.0145326, 0.28948, 0.0144731, 0.0234041, -0.999621, 0.850296, 0.00271293, -0.999723, -0.0233672, 1.02253, 0, 0, 0, 1
-0.999889, -0.0023916, -0.0146807, 0.289465, 0.0146201, 0.0236518, -0.999613, 0.85032, 0.0027379, -0.999717, -0.0236142, 1.02254, 0, 0, 0, 1
-0.999887, -0.0024096, -0.0148296, 0.289449, 0.0147678, 0.0239008, -0.999605, 0.850343, 0.00276309, -0.999711, -0.0238625, 1.02254, 0, 0, 0, 1
-0.999885, -0.00242771, -0.0149793, 0.289434, 0.0149164, 0.024151, -0.999597, 0.850367, 0.0027885, -0.999705, -0.0241121, 1.02255, 0, 0, 0, 1
-0.999883, -0.00244595, -0.0151298, 0.289418, 0.0150656, 0.0244027, -0.999589, 0.850391, 0.00281415, -0.999699, -0.024363, 1.02256, 0, 0, 0, 1
-0.99988, -0.0024643, -0.0152811, 0.289402, 0.0152157, 0.0246556, -0.99958, 0.850415, 0.00284003, -0.999693, -0.0246152, 1.02257, 0, 0, 0, 1
-0.999878, -0.00248276, -0.0154331, 0.289387, 0.0153666, 0.0249099, -0.999572, 0.850439, 0.00286614, -0.999687, -0.0248687, 1.02258, 0, 0, 0, 1
-0.999875, -0.00250134, -0.015586, 0.289371, 0.0155182, 0.0251655, -0.999563, 0.850463, 0.00289248, -0.99968, -0.0251235, 1.02259, 0, 0, 0, 1
-0.999873, -0.00252004, -0.0157397, 0.289355, 0.0156706, 0.0254224, -0.999554, 0.850488, 0.00291906, -0.999674, -0.0253797, 1.02259, 0, 0, 0, 1
-0.99987, -0.00253886, -0.0158941, 0.289339, 0.0158237, 0.0256807, -0.999545, 0.850512, 0.00294588, -0.999667, -0.0256372, 1.0226, 0, 0, 0, 1
-0.999868, -0.00255779, -0.0160494, 0.289322, 0.0159777, 0.0259402, -0.999536, 0.850537, 0.00297293, -0.99966, -0.0258959, 1.02261, 0, 0, 0, 1
-0.999865, -0.00257685, -0.0162054, 0.289306, 0.0161324, 0.0262011, -0.999527, 0.850562, 0.00300022, -0.999653, -0.026156, 1.02262, 0, 0, 0, 1
-0.999863, -0.00259602, -0.0163622, 0.28929, 0.0162879, 0.0264633, -0.999517, 0.850587, 0.00302776, -0.999646, -0.0264174, 1.02263, 0, 0, 0, 1
-0.99986, -0.0026153, -0.0165199, 0.289273, 0.0164441, 0.0267269, -0.999508, 0.850612, 0.00305554, -0.999639, -0.0266801, 1.02264, 0, 0, 0, 1
-0.999857, -0.00263471, -0.0166783, 0.289257, 0.0166012, 0.0269918, -0.999498, 0.850637, 0.00308356, -0.999632, -0.0269442, 1.02265, 0, 0, 0, 1
-0.999855, -0.00265424, -0.0168375, 0.28924, 0.016759, 0.0272579, -0.999488, 0.850663, 0.00311183, -0.999625, -0.0272095, 1.02265, 0, 0, 0, 1
-0.999852, -0.00267388, -0.0169975, 0.289224, 0.0169176, 0.0275255, -0.999478, 0.850688, 0.00314035, -0.999618, -0.0274761, 1.02266, 0, 0, 0, 1
-0.999849, -0.00269365, -0.0171583, 0.289207, 0.0170769, 0.0277943, -0.999468, 0.850714, 0.00316912, -0.99961, -0.0277441, 1.02267, 0, 0, 0, 1
-0.999846, -0.00271354, -0.0173199, 0.28919, 0.017237, 0.0280645, -0.999457, 0.850739, 0.00319814, -0.999602, -0.0280134, 1.02268, 0, 0, 0, 1
-0.999843, -0.00273354, -0.0174823, 0.289173, 0.0173979, 0.028336, -0.999447, 0.850765, 0.00322741, -0.999595, -0.028284, 1.02269, 0, 0, 0, 1
-0.999841, -0.00275367, -0.0176455, 0.289156, 0.0175596, 0.0286088, -0.999436, 0.850791, 0.00325694, -0.999587, -0.0285558, 1.0227, 0, 0, 0, 1
-0.999838, -0.00277392, -0.0178095, 0.289139, 0.017722, 0.0288829, -0.999426, 0.850817, 0.00328672, -0.999579, -0.028829, 1.02271, 0, 0, 0, 1
-0.999835, -0.00279429, -0.0179743, 0.289122, 0.0178853, 0.0291584, -0.999415, 0.850844, 0.00331676, -0.999571, -0.0291036, 1.02272, 0, 0, 0, 1
-0.999831, -0.00281478, -0.0181399, 0.289105, 0.0180492, 0.0294351, -0.999404, 0.85087, 0.00334705, -0.999563, -0.0293794, 1.02273, 0, 0, 0, 1
-0.999828, -0.0028354, -0.0183062, 0.289087, 0.018214, 0.0297132, -0.999393, 0.850896, 0.00337761, -0.999554, -0.0296565, 1.02274, 0, 0, 0, 1
-0.999825, -0.00285613, -0.0184734, 0.28907, 0.0183795, 0.0299927, -0.999381, 0.850923, 0.00340843, -0.999546, -0.0299349, 1.02275, 0, 0, 0, 1
-0.999822, -0.00287699, -0.0186414, 0.289052, 0.0185458, 0.0302734, -0.99937, 0.85095, 0.00343952, -0.999538, -0.0302147, 1.02276, 0, 0, 0, 1
-0.999819, -0.00289798, -0.0188101, 0.289035, 0.0187129, 0.0305555, -0.999358, 0.850977, 0.00347087, -0.999529, -0.0304957, 1.02277, 0, 0, 0, 1
-0.999816, -0.00291908, -0.0189797, 0.289017, 0.0188807, 0.0308389, -0.999346, 0.851004, 0.00350249, -0.99952, -0.0307781, 1.02278, 0, 0, 0, 1
-0.999812, -0.00294031, -0.01915, 0.288999, 0.0190493, 0.0311236, -0.999334, 0.851031, 0.00353437, -0.999511, -0.0310618, 1.02279, 0, 0, 0, 1
-0.999809, -0.00296167, -0.0193211, 0.288981, 0.0192187, 0.0314097, -0.999322, 0.851058, 0.00356653, -0.999502, -0.0313467, 1.02279, 0, 0, 0, 1
-0.999806, -0.00298315, -0.0194931, 0.288963, 0.0193888, 0.031697, -0.999309, 0.851086, 0.00359896, -0.999493, -0.031633, 1.0228, 0, 0, 0, 1
-0.999802, -0.00300475, -0.0196658, 0.288945, 0.0195597, 0.0319857, -0.999297, 0.851113, 0.00363167, -0.999484, -0.0319206, 1.02281, 0, 0, 0, 1
-0.999799, -0.00302648, -0.0198393, 0.288927, 0.0197314, 0.0322757, -0.999284, 0.851141, 0.00366465, -0.999474, -0.0322095, 1.02282, 0, 0, 0, 1
-0.999795, -0.00304834, -0.0200136, 0.288909, 0.0199039, 0.0325671, -0.999271, 0.851169, 0.0036979, -0.999465, -0.0324997, 1.02283, 0, 0, 0, 1
-0.999791, -0.00307032, -0.0201888, 0.28889, 0.0200771, 0.0328597, -0.999258, 0.851196, 0.00373144, -0.999455, -0.0327912, 1.02284, 0, 0, 0, 1
-0.999788, -0.00309243, -0.0203647, 0.288872, 0.0202511, 0.0331537, -0.999245, 0.851224, 0.00376526, -0.999445, -0.0330841, 1.02285, 0, 0, 0, 1
-0.999784, -0.00311467, -0.0205414, 0.288854, 0.0204258, 0.033449, -0.999232, 0.851253, 0.00379936, -0.999436, -0.0333782, 1.02286, 0, 0, 0, 1
-0.99978, -0.00313703, -0.0207189, 0.288835, 0.0206013, 0.0337456, -0.999218, 0.851281, 0.00383375, -0.999426, -0.0336736, 1.02288, 0, 0, 0, 1
-0.999777, -0.00315952, -0.0208972, 0.288816, 0.0207776, 0.0340436, -0.999204, 0.851309, 0.00386842, -0.999415, -0.0339703, 1.02289, 0, 0, 0, 1
-0.999773, -0.00318214, -0.0210762, 0.288798, 0.0209546, 0.0343429, -0.99919, 0.851338, 0.00390338, -0.999405, -0.0342684, 1.0229, 0, 0, 0, 1
-0.999769, -0.00320488, -0.0212561, 0.288779, 0.0211325, 0.0346435, -0.999176, 0.851367, 0.00393863, -0.999395, -0.0345677, 1.02291, 0, 0, 0, 1
-0.999765, -0.00322776, -0.0214368, 0.28876, 0.021311, 0.0349454, -0.999162, 0.851396, 0.00397417, -0.999384, -0.0348684, 1.02292, 0, 0, 0, 1
-0.999761, -0.00325076, -0.0216183, 0.288741, 0.0214904, 0.0352486, -0.999147, 0.851425, 0.00401, -0.999373, -0.0351703, 1.02293, 0, 0, 0, 1
-0.999757, -0.00327389, -0.0218005, 0.288722, 0.0216705, 0.0355532, -0.999133, 0.851454, 0.00404613, -0.999362, -0.0354736, 1.02294, 0, 0, 0, 1
-0.999753, -0.00329716, -0.0219836, 0.288703, 0.0218514, 0.035859, -0.999118, 0.851483, 0.00408256, -0.999351, -0.0357781, 1.02295, 0, 0, 0, 1
-0.999749, -0.00332055, -0.0221674, 0.288683, 0.022033, 0.0361662, -0.999103, 0.851512, 0.00411928, -0.99934, -0.036084, 1.02296, 0, 0, 0, 1
-0.999745, -0.00334407, -0.0223521, 0.288664, 0.0222154, 0.0364748, -0.999088, 0.851542, 0.00415631, -0.999329, -0.0363911, 1.02297, 0, 0, 0, 1
-0.99974, -0.00336773, -0.0225375, 0.288645, 0.0223986, 0.0367846, -0.999072, 0.851571, 0.00419364, -0.999318, -0.0366996, 1.02298, 0, 0, 0, 1
-0.999736, -0.00339151, -0.0227238, 0.288625, 0.0225825, 0.0370958, -0.999057, 0.851601, 0.00423127, -0.999306, -0.0370094, 1.02299, 0, 0, 0, 1
-0.999732, -0.00341543, -0.0229108, 0.288606, 0.0227672, 0.0374082, -0.999041, 0.851631, 0.00426921, -0.999294, -0.0373204, 1.023, 0, 0, 0, 1
-0.999727, -0.00343948, -0.0230986, 0.288586, 0.0229526, 0.0377221, -0.999025, 0.851661, 0.00430745, -0.999282, -0.0376328, 1.02301, 0, 0, 0, 1
-0.999723, -0.00346366, -0.0232873, 0.288566, 0.0231388, 0.0380372, -0.999008, 0.851691, 0.00434601, -0.99927, -0.0379465, 1.02303, 0, 0, 0, 1
-0.999718, -0.00348798, -0.0234767, 0.288546, 0.0233258, 0.0383536, -0.998992, 0.851721, 0.00438488, -0.999258, -0.0382615, 1.02304, 0, 0, 0, 1
-0.999714, -0.00351242, -0.0236669, 0.288526, 0.0235135, 0.0386714, -0.998975, 0.851752, 0.00442406, -0.999246, -0.0385777, 1.02305, 0, 0, 0, 1
-0.999709, -0.00353701, -0.0238579, 0.288506, 0.023702, 0.0389905, -0.998958, 0.851782, 0.00446355, -0.999233, -0.0388953, 1.02306, 0, 0, 0, 1
-0.999704, -0.00356172, -0.0240497, 0.288486, 0.0238913, 0.0393109, -0.998941, 0.851813, 0.00450337, -0.999221, -0.0392142, 1.02307, 0, 0, 0, 1
-0.9997, -0.00358657, -0.0242423, 0.288466, 0.0240813, 0.0396326, -0.998924, 0.851844, 0.0045435, -0.999208, -0.0395343, 1.02308, 0, 0, 0, 1
-0.999695, -0.00361156, -0.0244357, 0.288446, 0.0242721, 0.0399557, -0.998907, 0.851875, 0.00458395, -0.999195, -0.0398558, 1.02309, 0, 0, 0, 1
-0.99969, -0.00363668, -0.0246299, 0.288425, 0.0244636, 0.04028, -0.998889, 0.851906, 0.00462473, -0.999182, -0.0401786, 1.02311, 0, 0, 0, 1
-0.999685, -0.00366193, -0.0248249, 0.288405, 0.0246559, 0.0406057, -0.998871, 0.851937, 0.00466583, -0.999169, -0.0405026, 1.02312, 0, 0, 0, 1
-0.99968, -0.00368732, -0.0250207, 0.288384, 0.024849, 0.0409327, -0.998853, 0.851968, 0.00470726, -0.999155, -0.040828, 1.02313, 0, 0, 0, 1
-0.999675, -0.00371285, -0.0252172, 0.288364, 0.0250428, 0.0412611, -0.998835, 0.852, 0.00474901, -0.999142, -0.0411547, 1.02314, 0, 0, 0, 1
-0.99967, -0.00373852, -0.0254146, 0.288343, 0.0252373, 0.0415907, -0.998816, 0.852031, 0.0047911, -0.999128, -0.0414826, 1.02315, 0, 0, 0, 1
-0.999665, -0.00376432, -0.0256128, 0.288322, 0.0254327, 0.0419217, -0.998797, 0.852063, 0.00483352, -0.999114, -0.0418119, 1.02316, 0, 0, 0, 1
-0.99966, -0.00379026, -0.0258117, 0.288301, 0.0256288, 0.042254, -0.998778, 0.852095, 0.00487627, -0.9991, -0.0421424, 1.02318, 0, 0, 0, 1
-0.999654, -0.00381634, -0.0260115, 0.28828, 0.0258256, 0.0425876, -0.998759, 0.852127, 0.00491936, -0.999085, -0.0424743, 1.02319, 0, 0, 0, 1
-0.999649, -0.00384255, -0.026212, 0.288259, 0.0260232, 0.0429225, -0.998739, 0.852159, 0.00496279, -0.999071, -0.0428074, 1.0232, 0, 0, 0, 1
-0.999644, -0.00386891, -0.0264134, 0.288238, 0.0262215, 0.0432587, -0.99872, 0.852191, 0.00500656, -0.999056, -0.0431419, 1.02321, 0, 0, 0, 1
-0.999638, -0.0038954, -0.0266155, 0.288217, 0.0264207, 0.0435963, -0.9987, 0.852223, 0.00505067, -0.999042, -0.0434776, 1.02323, 0, 0, 0, 1
-0.999633, -0.00392203, -0.0268185, 0.288195, 0.0266205, 0.0439352, -0.99868, 0.852256, 0.00509513, -0.999027, -0.0438146, 1.02324, 0, 0, 0, 1
-0.999627, -0.00394881, -0.0270222, 0.288174, 0.0268211, 0.0442754, -0.998659, 0.852289, 0.00513993, -0.999012, -0.0441529, 1.02325, 0, 0, 0, 1
-0.999621, -0.00397572, -0.0272267, 0.288153, 0.0270225, 0.0446169, -0.998639, 0.852321, 0.00518508, -0.998996, -0.0444926, 1.02326, 0, 0, 0, 1
-0.999616, -0.00400278, -0.027432, 0.288131, 0.0272246, 0.0449597, -0.998618, 0.852354, 0.00523058, -0.998981, -0.0448335, 1.02328, 0, 0, 0, 1
-0.99961, -0.00402998, -0.0276382, 0.288109, 0.0274275, 0.0453039, -0.998597, 0.852387, 0.00527644, -0.998965, -0.0451757, 1.02329, 0, 0, 0, 1
-0.999604, -0.00405731, -0.0278451, 0.288087, 0.0276311, 0.0456493, -0.998575, 0.85242, 0.00532264, -0.998949, -0.0455192, 1.0233, 0, 0, 0, 1
-0.999598, -0.00408479, -0.0280528, 0.288066, 0.0278355, 0.0459961, -0.998554, 0.852454, 0.00536921, -0.998933, -0.0458639, 1.02331, 0, 0, 0, 1
-0.999592, -0.00411242, -0.0282613, 0.288044, 0.0280406, 0.0463442, -0.998532, 0.852487, 0.00541613, -0.998917, -0.04621, 1.02333, 0, 0, 0, 1
-0.999586, -0.00414018, -0.0284706, 0.288022, 0.0282465, 0.0466937, -0.99851, 0.852521, 0.00546341, -0.998901, -0.0465574, 1.02334, 0, 0, 0, 1
-0.99958, -0.00416809, -0.0286807, 0.288, 0.0284532, 0.0470444, -0.998487, 0.852554, 0.00551106, -0.998884, -0.046906, 1.02335, 0, 0, 0, 1
-0.999574, -0.00419615, -0.0288916, 0.287977, 0.0286606, 0.0473965, -0.998465, 0.852588, 0.00555907, -0.998867, -0.047256, 1.02337, 0, 0, 0, 1
-0.999567, -0.00422435, -0.0291033, 0.287955, 0.0288687, 0.0477498, -0.998442, 0.852622, 0.00560744, -0.99885, -0.0476072, 1.02338, 0, 0, 0, 1
-0.999561, -0.00425269, -0.0293157, 0.287933, 0.0290776, 0.0481045, -0.998419, 0.852656, 0.00565619, -0.998833, -0.0479598, 1.02339, 0, 0, 0, 1
-0.999555, -0.00428118, -0.029529, 0.28791, 0.0292872, 0.0484605, -0.998396, 0.85269, 0.0057053, -0.998816, -0.0483136, 1.02341, 0, 0, 0, 1
-0.999548, -0.00430981, -0.0297431, 0.287888, 0.0294976, 0.0488179, -0.998372, 0.852725, 0.00575479, -0.998798, -0.0486687, 1.02342, 0, 0, 0, 1
-0.999542, -0.00433859, -0.029958, 0.287865, 0.0297087, 0.0491765, -0.998348, 0.852759, 0.00580465, -0.998781, -0.0490251, 1.02343, 0, 0, 0, 1
-0.999535, -0.00436752, -0.0301736, 0.287842, 0.0299206, 0.0495365, -0.998324, 0.852794, 0.00585489, -0.998763, -0.0493828, 1.02345, 0, 0, 0, 1
-0.999528, -0.00439659, -0.0303901, 0.287819, 0.0301333, 0.0498977, -0.9983, 0.852828, 0.00590551, -0.998745, -0.0497417, 1.02346, 0, 0, 0, 1
-0.999522, -0.00442581, -0.0306074, 0.287796, 0.0303466, 0.0502603, -0.998275, 0.852863, 0.00595651, -0.998726, -0.050102, 1.02347, 0, 0, 0, 1
-0.999515, -0.00445518, -0.0308254, 0.287773, 0.0305607, 0.0506242, -0.99825, 0.852898, 0.0060079, -0.998708, -0.0504635, 1.02349, 0, 0, 0, 1
