-0.999999, -0.000797434, -0.000797196, 0.290901, 0.000796858, 0.000424669, -1, 0.848124, 0.000797772, -1, -0.000424033, 1.02183, 0, 0, 0, 1
-0.999999, -0.000797349, -0.000796593, 0.290901, 0.000796255, 0.000424874, -1, 0.848124, 0.000797688, -1, -0.000424239, 1.02183, 0, 0, 0, 1
-0.999999, -0.000797095, -0.000794786, 0.290901, 0.000794447, 0.000425491, -1, 0.848124, 0.000797433, -1, -0.000424857, 1.02183, 0, 0, 0, 1
-0.999999, -0.000796672, -0.000791773, 0.290901, 0.000791433, 0.000426518, -1, 0.848125, 0.000797009, -1, -0.000425887, 1.02183, 0, 0, 0, 1
-0.999999, -0.000796079, -0.000787554, 0.290901, 0.000787214, 0.000427956, -1, 0.848125, 0.000796415, -1, -0.00042733, 1.02183, 0, 0, 0, 1
-0.999999, -0.000795316, -0.000782131, 0.290901, 0.000781789, 0.000429806, -1, 0.848125, 0.000795652, -1, -0.000429184, 1.02183, 0, 0, 0, 1
-0.999999, -0.000794384, -0.000775502, 0.290901, 0.000775159, 0.000432066, -1, 0.848125, 0.000794719, -1, -0.00043145, 1.02183, 0, 0, 0, 1
-0.999999, -0.000793283, -0.000767668, 0.2909, 0.000767324, 0.000434737, -1, 0.848126, 0.000793616, -1, -0.000434128, 1.02183, 0, 0, 0, 1
-0.999999, -0.000792012, -0.000758629, 0.2909, 0.000758283, 0.000437819, -1, 0.848126, 0.000792344, -1, -0.000437219, 1.02183, 0, 0, 0, 1
-0.999999, -0.000790571, -0.000748385, 0.2909, 0.000748036, 0.000441313, -1, 0.848127, 0.000790901, -1, -0.000440721, 1.02183, 0, 0, 0, 1
-0.999999, -0.000788962, -0.000736935, 0.2909, 0.000736584, 0.000445217, -1, 0.848128, 0.000789289, -1, -0.000444635, 1.02183, 0, 0, 0, 1
-0.999999, -0.000787182, -0.00072428, 0.2909, 0.000723927, 0.000449532, -1, 0.848128, 0.000787508, -1, -0.000448962, 1.02183, 0, 0, 0, 1
-0.999999, -0.000785234, -0.00071042, 0.290899, 0.000710064, 0.000454258, -1, 0.848129, 0.000785556, -1, -0.0004537, 1.02182, 0, 0, 0, 1
-0.999999, -0.000783116, -0.000695355, 0.290899, 0.000694996, 0.000459395, -1, 0.84813, 0.000783435, -1, -0.00045885, 1.02182, 0, 0, 0, 1
-0.999999, -0.000780828, -0.000679085, 0.290899, 0.000678722, 0.000464943, -1, 0.848131, 0.000781144, -1, -0.000464413, 1.02182, 0, 0, 0, 1
-0.999999, -0.000778371, -0.000661609, 0.290899, 0.000661243, 0.000470902, -1, 0.848132, 0.000778683, -1, -0.000470387, 1.02182, 0, 0, 0, 1
-0.999999, -0.000775745, -0.000642928, 0.290898, 0.000642558, 0.000477272, -1, 0.848133, 0.000776052, -1, -0.000476773, 1.02182, 0, 0, 0, 1
-1, -0.00077295, -0.000623042, 0.290898, 0.000622668, 0.000484053, -1, 0.848134, 0.000773251, -1, -0.000483571, 1.02181, 0, 0, 0, 1
-1, -0.000769985, -0.000601951, 0.290898, 0.000601573, 0.000491245, -1, 0.848135, 0.00077028, -1, -0.000490781, 1.02181, 0, 0, 0, 1
-1, -0.00076685, -0.000579654, 0.290897, 0.000579272, 0.000498847, -1, 0.848136, 0.000767139, -1, -0.000498403, 1.02181, 0, 0, 0, 1
-1, -0.000763546, -0.000556153, 0.290897, 0.000555766, 0.000506861, -1, 0.848138, 0.000763828, -1, -0.000506437, 1.02181, 0, 0, 0, 1
-1, -0.000760073, -0.000531446, 0.290896, 0.000531054, 0.000515286, -1, 0.848139, 0.000760347, -1, -0.000514882, 1.0218, 0, 0, 0, 1
-1, -0.000756431, -0.000505534, 0.290896, 0.000505137, 0.000524122, -1, 0.848141, 0.000756696, -1, -0.00052374, 1.0218, 0, 0, 0, 1
-1, -0.000752619, -0.000478416, 0.290895, 0.000478015, 0.000533369, -1, 0.848142, 0.000752874, -1, -0.000533009, 1.0218, 0, 0, 0, 1
-1, -0.000748638, -0.000450094, 0.290895, 0.000449687, 0.000543027, -1, 0.848144, 0.000748882, -1, -0.00054269, 1.02179, 0, 0, 0, 1
-1, -0.000744487, -0.000420566, 0.290894, 0.000420154, 0.000553096, -1, 0.848145, 0.00074472, -1, -0.000552783, 1.02179, 0, 0, 0, 1
-1, -0.000740168, -0.000389833, 0.290894, 0.000389416, 0.000563576, -1, 0.848147, 0.000740387, -1, -0.000563287, 1.02179, 0, 0, 0, 1
-1, -0.000735679, -0.000357895, 0.290893, 0.000357472, 0.000574467, -1, 0.848149, 0.000735884, -1, -0.000574204, 1.02178, 0, 0, 0, 1
-1, -0.00073102, -0.000324751, 0.290893, 0.000324323, 0.000585769, -1, 0.848151, 0.00073121, -1, -0.000585532, 1.02178, 0, 0, 0, 1
-1, -0.000726193, -0.000290402, 0.290892, 0.000289969, 0.000597482, -1, 0.848153, 0.000726366, -1, -0.000597271, 1.02177, 0, 0, 0, 1
-1, -0.000721196, -0.000254849, 0.290891, 0.000254409, 0.000609606, -1, 0.848155, 0.000721351, -1, -0.000609422, 1.02177, 0, 0, 0, 1
-1, -0.00071603, -0.000218089, 0.290891, 0.000217644, 0.000622141, -1, 0.848157, 0.000716166, -1, -0.000621985, 1.02177, 0, 0, 0, 1
-1, -0.000710695, -0.000180125, 0.29089, 0.000179674, 0.000635087, -1, 0.848159, 0.000710809, -1, -0.000634959, 1.02176, 0, 0, 0, 1
-1, -0.00070519, -0.000140956, 0.290889, 0.000140498, 0.000648444, -1, 0.848161, 0.000705282, -1, -0.000648345, 1.02176, 0, 0, 0, 1
-1, -0.000699517, -0.000100581, 0.290888, 0.000100118, 0.000662213, -1, 0.848163, 0.000699583, -1, -0.000662143, 1.02175, 0, 0, 0, 1
-1, -0.000693674, -5.90008e-05, 0.290888, 5.85316e-05, 0.000676392, -1, 0.848166, 0.000693714, -1, -0.000676351, 1.02175, 0, 0, 0, 1
-1, -0.000687662, -1.62156e-05, 0.290887, 1.57404e-05, 0.000690983, -1, 0.848168, 0.000687673, -1, -0.000690972, 1.02174, 0, 0, 0, 1
-1, -0.000681481, 2.77749e-05, 0.290886, -2.8256e-05, 0.000705984, -1, 0.848171, 0.000681461, -1, -0.000706003, 1.02174, 0, 0, 0, 1
-1, -0.000675131, 7.29705e-05, 0.290885, -7.34575e-05, 0.000721397, -1, 0.848173, 0.000675078, -1, -0.000721446, 1.02173, 0, 0, 0, 1
-1, -0.000668612, 0.000119371, 0.290885, -0.000119864, 0.000737221, -1, 0.848176, 0.000668523, -1, -0.000737301, 1.02173, 0, 0, 0, 1
-1, -0.000661923, 0.000166977, 0.290884, -0.000167476, 0.000753456, -1, 0.848178, 0.000661797, -0.999999, -0.000753566, 1.02172, 0, 0, 0, 1
-1, -0.000655066, 0.000215789, 0.290883, -0.000216293, 0.000770102, -1, 0.848181, 0.0006549, -0.999999, -0.000770243, 1.02172, 0, 0, 0, 1
-1, -0.00064804, 0.000265805, 0.290882, -0.000266315, 0.000787159, -1, 0.848184, 0.00064783, -0.999999, -0.000787331, 1.02171, 0, 0, 0, 1
-1, -0.000640844, 0.000317027, 0.290881, -0.000317543, 0.000804627, -1, 0.848187, 0.000640589, -0.999999, -0.00080483, 1.0217, 0, 0, 0, 1
-1, -0.00063348, 0.000369454, 0.29088, -0.000369975, 0.000822506, -1, 0.84819, 0.000633176, -0.999999, -0.000822741, 1.0217, 0, 0, 0, 1
-1, -0.000625946, 0.000423086, 0.290879, -0.000423612, 0.000840797, -1, 0.848193, 0.00062559, -0.999999, -0.000841062, 1.02169, 0, 0, 0, 1
-1, -0.000618244, 0.000477923, 0.290878, -0.000478455, 0.000859499, -1, 0.848196, 0.000617833, -0.999999, -0.000859794, 1.02168, 0, 0, 0, 1
-1, -0.000610373, 0.000533966, 0.290877, -0.000534502, 0.000878612, -0.999999, 0.848199, 0.000609903, -0.999999, -0.000878938, 1.02168, 0, 0, 0, 1
-1, -0.000602333, 0.000591214, 0.290876, -0.000591755, 0.000898136, -0.999999, 0.848202, 0.000601801, -0.999999, -0.000898492, 1.02167, 0, 0, 0, 1
-1, -0.000594124, 0.000649667, 0.290875, -0.000650212, 0.000918071, -0.999999, 0.848205, 0.000593527, -0.999999, -0.000918457, 1.02166, 0, 0, 0, 1
-1, -0.000585746, 0.000709325, 0.290874, -0.000709875, 0.000938418, -0.999999, 0.848209, 0.00058508, -0.999999, -0.000938833, 1.02166, 0, 0, 0, 1
-1, -0.000577199, 0.000770188, 0.290873, -0.000770742, 0.000959175, -0.999999, 0.848212, 0.00057646, -0.999999, -0.00095962, 1.02165, 0, 0, 0, 1
-0.999999, -0.000568484, 0.000832257, 0.290872, -0.000832814, 0.000980344, -0.999999, 0.848216, 0.000567667, -0.999999, -0.000980817, 1.02164, 0, 0, 0, 1
-0.999999, -0.0005596, 0.000895531, 0.290871, -0.000896091, 0.00100192, -0.999999, 0.848219, 0.000558702, -0.999999, -0.00100243, 1.02163, 0, 0, 0, 1
-0.999999, -0.000550547, 0.00096001, 0.290869, -0.000960573, 0.00102392, -0.999999, 0.848223, 0.000549563, -0.999999, -0.00102444, 1.02163, 0, 0, 0, 1
-0.999999, -0.000541325, 0.00102569, 0.290868, -0.00102626, 0.00104632, -0.999999, 0.848227, 0.000540251, -0.999999, -0.00104687, 1.02162, 0, 0, 0, 1
-0.999999, -0.000531934, 0.00109258, 0.290867, -0.00109315, 0.00106913, -0.999999, 0.84823, 0.000530766, -0.999999, -0.00106971, 1.02161, 0, 0, 0, 1
-0.999999, -0.000522375, 0.00116068, 0.290866, -0.00116125, 0.00109236, -0.999999, 0.848234, 0.000521107, -0.999999, -0.00109296, 1.0216, 0, 0, 0, 1
-0.999999, -0.000512648, 0.00122998, 0.290865, -0.00123055, 0.00111599, -0.999999, 0.848238, 0.000511274, -0.999999, -0.00111662, 1.0216, 0, 0, 0, 1
-0.999999, -0.000502751, 0.00130048, 0.290863, -0.00130106, 0.00114004, -0.999999, 0.848242, 0.000501268, -0.999999, -0.0011407, 1.02159, 0, 0, 0, 1
-0.999999, -0.000492687, 0.00137219, 0.290862, -0.00137277, 0.0011645, -0.999998, 0.848246, 0.000491088, -0.999999, -0.00116518, 1.02158, 0, 0, 0, 1
-0.999999, -0.000482453, 0.00144511, 0.290861, -0.00144568, 0.00118937, -0.999998, 0.84825, 0.000480733, -0.999999, -0.00119007, 1.02157, 0, 0, 0, 1
-0.999999, -0.000472051, 0.00151923, 0.290859, -0.0015198, 0.00121465, -0.999998, 0.848254, 0.000470205, -0.999999, -0.00121537, 1.02156, 0, 0, 0, 1
-0.999999, -0.000461481, 0.00159456, 0.290858, -0.00159513, 0.00124035, -0.999998, 0.848258, 0.000459502, -0.999999, -0.00124108, 1.02155, 0, 0, 0, 1
-0.999999, -0.000450742, 0.00167109, 0.290857, -0.00167166, 0.00126645, -0.999998, 0.848263, 0.000448625, -0.999999, -0.0012672, 1.02154, 0, 0, 0, 1
-0.999998, -0.000439835, 0.00174882, 0.290855, -0.00174939, 0.00129297, -0.999998, 0.848267, 0.000437572, -0.999999, -0.00129374, 1.02153, 0, 0, 0, 1
-0.999998, -0.000428759, 0.00182777, 0.290854, -0.00182833, 0.0013199, -0.999997, 0.848272, 0.000426345, -0.999999, -0.00132068, 1.02152, 0, 0, 0, 1
-0.999998, -0.000417515, 0.00190791, 0.290852, -0.00190847, 0.00134723, -0.999997, 0.848276, 0.000414943, -0.999999, -0.00134803, 1.02152, 0, 0, 0, 1
-0.999998, -0.000406103, 0.00198926, 0.290851, -0.00198982, 0.00137498, -0.999997, 0.848281, 0.000403366, -0.999999, -0.00137579, 1.02151, 0, 0, 0, 1
-0.999998, -0.000394522, 0.00207182, 0.290849, -0.00207237, 0.00140315, -0.999997, 0.848285, 0.000391614, -0.999999, -0.00140396, 1.0215, 0, 0, 0, 1
-0.999998, -0.000382773, 0.00215558, 0.290848, -0.00215613, 0.00143172, -0.999997, 0.84829, 0.000379686, -0.999999, -0.00143254, 1.02149, 0, 0, 0, 1
-0.999997, -0.000370856, 0.00224055, 0.290846, -0.00224109, 0.0014607, -0.999996, 0.848295, 0.000367582, -0.999999, -0.00146153, 1.02148, 0, 0, 0, 1
-0.999997, -0.000358771, 0.00232672, 0.290845, -0.00232726, 0.0014901, -0.999996, 0.8483, 0.000355302, -0.999999, -0.00149093, 1.02147, 0, 0, 0, 1
-0.999997, -0.000346517, 0.0024141, 0.290843, -0.00241463, 0.00151991, -0.999996, 0.848304, 0.000342847, -0.999999, -0.00152074, 1.02146, 0, 0, 0, 1
-0.999997, -0.000334096, 0.00250269, 0.290842, -0.0025032, 0.00155013, -0.999996, 0.848309, 0.000330215, -0.999999, -0.00155096, 1.02145, 0, 0, 0, 1
-0.999997, -0.000321506, 0.00259247, 0.29084, -0.00259298, 0.00158076, -0.999995, 0.848314, 0.000317407, -0.999999, -0.00158158, 1.02143, 0, 0, 0, 1
-0.999996, -0.000308749, 0.00268347, 0.290838, -0.00268396, 0.0016118, -0.999995, 0.84832, 0.000304422, -0.999999, -0.00161262, 1.02142, 0, 0, 0, 1
-0.999996, -0.000295823, 0.00277567, 0.290837, -0.00277615, 0.00164325, -0.999995, 0.848325, 0.00029126, -0.999999, -0.00164407, 1.02141, 0, 0, 0, 1
-0.999996, -0.000282729, 0.00286907, 0.290835, -0.00286954, 0.00167512, -0.999994, 0.84833, 0.000277922, -0.999999, -0.00167592, 1.0214, 0, 0, 0, 1
-0.999996, -0.000269468, 0.00296368, 0.290833, -0.00296414, 0.00170739, -0.999994, 0.848335, 0.000264406, -0.999999, -0.00170819, 1.02139, 0, 0, 0, 1
-0.999995, -0.000256038, 0.00305949, 0.290831, -0.00305993, 0.00174008, -0.999994, 0.848341, 0.000250713, -0.999998, -0.00174086, 1.02138, 0, 0, 0, 1
-0.999995, -0.000242441, 0.00315651, 0.29083, -0.00315694, 0.00177318, -0.999993, 0.848346, 0.000236843, -0.999998, -0.00177394, 1.02137, 0, 0, 0, 1
-0.999995, -0.000228676, 0.00325474, 0.290828, -0.00325515, 0.00180669, -0.999993, 0.848352, 0.000222794, -0.999998, -0.00180743, 1.02136, 0, 0, 0, 1
-0.999994, -0.000214744, 0.00335417, 0.290826, -0.00335456, 0.00184062, -0.999993, 0.848357, 0.000208568, -0.999998, -0.00184133, 1.02134, 0, 0, 0, 1
-0.999994, -0.000200643, 0.0034548, 0.290824, -0.00345517, 0.00187495, -0.999992, 0.848363, 0.000194164, -0.999998, -0.00187563, 1.02133, 0, 0, 0, 1
-0.999994, -0.000186375, 0.00355664, 0.290822, -0.00355699, 0.0019097, -0.999992, 0.848369, 0.000179581, -0.999998, -0.00191035, 1.02132, 0, 0, 0, 1
-0.999993, -0.000171939, 0.00365969, 0.290821, -0.00366002, 0.00194486, -0.999991, 0.848374, 0.00016482, -0.999998, -0.00194547, 1.02131, 0, 0, 0, 1
-0.999993, -0.000157336, 0.00376394, 0.290819, -0.00376424, 0.00198043, -0.999991, 0.84838, 0.00014988, -0.999998, -0.00198101, 1.0213, 0, 0, 0, 1
-0.999993, -0.000142565, 0.00386939, 0.290817, -0.00386967, 0.00201641, -0.99999, 0.848386, 0.000134761, -0.999998, -0.00201695, 1.02128, 0, 0, 0, 1
-0.999992, -0.000127627, 0.00397606, 0.290815, -0.00397631, 0.0020528, -0.99999, 0.848392, 0.000119463, -0.999998, -0.00205329, 1.02127, 0, 0, 0, 1
-0.999992, -0.000112521, 0.00408392, 0.290813, -0.00408415, 0.00208961, -0.999989, 0.848398, 0.000103986, -0.999998, -0.00209005, 1.02126, 0, 0, 0, 1
-0.999991, -9.72475e-05, 0.00419299, 0.290811, -0.00419319, 0.00212683, -0.999989, 0.848404, 8.83286e-05, -0.999998, -0.00212721, 1.02125, 0, 0, 0, 1
-0.999991, -8.18069e-05, 0.00430327, 0.290809, -0.00430344, 0.00216445, -0.999988, 0.84841, 7.24917e-05, -0.999998, -0.00216479, 1.02123, 0, 0, 0, 1
-0.99999, -6.61989e-05, 0.00441475, 0.290807, -0.00441489, 0.0022025, -0.999988, 0.848417, 5.64747e-05, -0.999998, -0.00220277, 1.02122, 0, 0, 0, 1
-0.99999, -5.04238e-05, 0.00452744, 0.290805, -0.00452754, 0.00224095, -0.999987, 0.848423, 4.02774e-05, -0.999997, -0.00224115, 1.02121, 0, 0, 0, 1
-0.999989, -3.44814e-05, 0.00464133, 0.290803, -0.0046414, 0.00227981, -0.999987, 0.848429, 2.38995e-05, -0.999997, -0.00227995, 1.02119, 0, 0, 0, 1
-0.999989, -1.83718e-05, 0.00475643, 0.290801, -0.00475646, 0.00231909, -0.999986, 0.848436, 7.34096e-06, -0.999997, -0.00231915, 1.02118, 0, 0, 0, 1
-0.999988, -2.0951e-06, 0.00487273, 0.290799, -0.00487272, 0.00235878, -0.999985, 0.848442, -9.39861e-06, -0.999997, -0.00235876, 1.02117, 0, 0, 0, 1
-0.999988, 1.43487e-05, 0.00499023, 0.290797, -0.00499019, 0.00239888, -0.999985, 0.848449, -2.63194e-05, -0.999997, -0.00239878, 1.02115, 0, 0, 0, 1
-0.999987, 3.09595e-05, 0.00510895, 0.290794, -0.00510886, 0.00243939, -0.999984, 0.848456, -4.34217e-05, -0.999997, -0.0024392, 1.02114, 0, 0, 0, 1
-0.999986, 4.77372e-05, 0.00522886, 0.290792, -0.00522873, 0.00248031, -0.999983, 0.848462, -6.07057e-05, -0.999997, -0.00248003, 1.02112, 0, 0, 0, 1
-0.999986, 6.46819e-05, 0.00534999, 0.29079, -0.00534981, 0.00252165, -0.999983, 0.848469, -7.81716e-05, -0.999997, -0.00252127, 1.02111, 0, 0, 0, 1
-0.999985, 8.17935e-05, 0.00547231, 0.290788, -0.00547209, 0.0025634, -0.999982, 0.848476, -9.58197e-05, -0.999997, -0.00256291, 1.0211, 0, 0, 0, 1
-0.999984, 9.90719e-05, 0.00559585, 0.290786, -0.00559557, 0.00260556, -0.999981, 0.848483, -0.00011365, -0.999997, -0.00260496, 1.02108, 0, 0, 0, 1
-0.999984, 0.000116517, 0.00572059, 0.290783, -0.00572026, 0.00264813, -0.99998, 0.84849, -0.000131664, -0.999996, -0.00264742, 1.02107, 0, 0, 0, 1
-0.999983, 0.000134129, 0.00584653, 0.290781, -0.00584615, 0.00269111, -0.999979, 0.848497, -0.00014986, -0.999996, -0.00269028, 1.02105, 0, 0, 0, 1
-0.999982, 0.000151907, 0.00597368, 0.290779, -0.00597324, 0.00273451, -0.999978, 0.848504, -0.000168239, -0.999996, -0.00273356, 1.02104, 0, 0, 0, 1
-0.999981, 0.000169853, 0.00610203, 0.290776, -0.00610153, 0.00277832, -0.999978, 0.848511, -0.000186802, -0.999996, -0.00277723, 1.02102, 0, 0, 0, 1
-0.999981, 0.000187964, 0.00623159, 0.290774, -0.00623103, 0.00282254, -0.999977, 0.848519, -0.000205549, -0.999996, -0.00282131, 1.02101, 0, 0, 0, 1
-0.99998, 0.000206242, 0.00636235, 0.290772, -0.00636173, 0.00286717, -0.999976, 0.848526, -0.000224479, -0.999996, -0.0028658, 1.02099, 0, 0, 0, 1
-0.999979, 0.000224687, 0.00649432, 0.290769, -0.00649364, 0.00291222, -0.999975, 0.848533, -0.000243594, -0.999996, -0.0029107, 1.02097, 0, 0, 0, 1
-0.999978, 0.000243298, 0.00662749, 0.290767, -0.00662674, 0.00295768, -0.999974, 0.848541, -0.000262894, -0.999996, -0.002956, 1.02096, 0, 0, 0, 1
-0.999977, 0.000262076, 0.00676187, 0.290764, -0.00676105, 0.00300355, -0.999973, 0.848548, -0.000282378, -0.999995, -0.0030017, 1.02094, 0, 0, 0, 1
-0.999976, 0.000281019, 0.00689745, 0.290762, -0.00689657, 0.00304983, -0.999972, 0.848556, -0.000302047, -0.999995, -0.00304782, 1.02093, 0, 0, 0, 1
-0.999975, 0.000300129, 0.00703424, 0.290759, -0.00703328, 0.00309652, -0.99997, 0.848564, -0.000321902, -0.999995, -0.00309433, 1.02091, 0, 0, 0, 1
-0.999974, 0.000319405, 0.00717224, 0.290757, -0.0071712, 0.00314363, -0.999969, 0.848571, -0.000341942, -0.999995, -0.00314126, 1.02089, 0, 0, 0, 1
-0.999973, 0.000338847, 0.00731144, 0.290754, -0.00731032, 0.00319115, -0.999968, 0.848579, -0.000362168, -0.999995, -0.00318858, 1.02088, 0, 0, 0, 1
-0.999972, 0.000358456, 0.00745184, 0.290752, -0.00745064, 0.00323908, -0.999967, 0.848587, -0.000382581, -0.999995, -0.00323632, 1.02086, 0, 0, 0, 1
-0.999971, 0.00037823, 0.00759345, 0.290749, -0.00759216, 0.00328742, -0.999966, 0.848595, -0.00040318, -0.999995, -0.00328445, 1.02085, 0, 0, 0, 1
-0.99997, 0.00039817, 0.00773626, 0.290747, -0.00773489, 0.00333618, -0.999965, 0.848603, -0.000423965, -0.999994, -0.003333, 1.02083, 0, 0, 0, 1
-0.999969, 0.000418276, 0.00788028, 0.290744, -0.00787882, 0.00338534, -0.999963, 0.848611, -0.000444938, -0.999994, -0.00338194, 1.02081, 0, 0, 0, 1
-0.999968, 0.000438548, 0.0080255, 0.290741, -0.00802395, 0.00343492, -0.999962, 0.848619, -0.000466098, -0.999994, -0.00343129, 1.02079, 0, 0, 0, 1
-0.999967, 0.000458985, 0.00817193, 0.290739, -0.00817028, 0.00348492, -0.999961, 0.848627, -0.000487446, -0.999994, -0.00348105, 1.02078, 0, 0, 0, 1
-0.999965, 0.000479588, 0.00831957, 0.290736, -0.00831782, 0.00353532, -0.999959, 0.848636, -0.000508981, -0.999994, -0.00353121, 1.02076, 0, 0, 0, 1
-0.999964, 0.000500357, 0.0084684, 0.290733, -0.00846656, 0.00358614, -0.999958, 0.848644, -0.000530705, -0.999993, -0.00358178, 1.02074, 0, 0, 0, 1
-0.999963, 0.000521292, 0.00861845, 0.290731, -0.0086165, 0.00363737, -0.999956, 0.848652, -0.000552617, -0.999993, -0.00363274, 1.02072, 0, 0, 0, 1
-0.999961, 0.000542392, 0.0087697, 0.290728, -0.00876764, 0.00368901, -0.999955, 0.848661, -0.000574719, -0.999993, -0.00368412, 1.02071, 0, 0, 0, 1
-0.99996, 0.000563657, 0.00892215, 0.290725, -0.00891998, 0.00374107, -0.999953, 0.848669, -0.000597009, -0.999993, -0.00373589, 1.02069, 0, 0, 0, 1
-0.999959, 0.000585088, 0.00907581, 0.290722, -0.00907353, 0.00379354, -0.999952, 0.848678, -0.000619489, -0.999993, -0.00378807, 1.02067, 0, 0, 0, 1
-0.999957, 0.000606684, 0.00923067, 0.29072, -0.00922827, 0.00384642, -0.99995, 0.848687, -0.000642159, -0.999992, -0.00384066, 1.02065, 0, 0, 0, 1
-0.999956, 0.000628445, 0.00938674, 0.290717, -0.00938422, 0.00389971, -0.999948, 0.848696, -0.000665018, -0.999992, -0.00389364, 1.02063, 0, 0, 0, 1
-0.999954, 0.000650372, 0.00954401, 0.290714, -0.00954137, 0.00395342, -0.999947, 0.848704, -0.000688068, -0.999992, -0.00394703, 1.02062, 0, 0, 0, 1
-0.999953, 0.000672463, 0.00970249, 0.290711, -0.00969972, 0.00400754, -0.999945, 0.848713, -0.000711309, -0.999992, -0.00400083, 1.0206, 0, 0, 0, 1
-0.999951, 0.00069472, 0.00986218, 0.290708, -0.00985927, 0.00406207, -0.999943, 0.848722, -0.000734741, -0.999992, -0.00405502, 1.02058, 0, 0, 0, 1
-0.99995, 0.000717141, 0.0100231, 0.290705, -0.01002, 0.00411701, -0.999941, 0.848731, -0.000758364, -0.999991, -0.00410962, 1.02056, 0, 0, 0, 1
-0.999948, 0.000739728, 0.0101852, 0.290702, -0.010182, 0.00417237, -0.999939, 0.84874, -0.000782179, -0.999991, -0.00416462, 1.02054, 0, 0, 0, 1
-0.999946, 0.000762479, 0.0103485, 0.290699, -0.0103451, 0.00422814, -0.999938, 0.848749, -0.000806186, -0.999991, -0.00422003, 1.02052, 0, 0, 0, 1
-0.999944, 0.000785395, 0.010513, 0.290696, -0.0105095, 0.00428433, -0.999936, 0.848759, -0.000830386, -0.999991, -0.00427583, 1.0205, 0, 0, 0, 1
-0.999943, 0.000808476, 0.0106787, 0.290693, -0.0106751, 0.00434092, -0.999934, 0.848768, -0.000854778, -0.99999, -0.00433204, 1.02048, 0, 0, 0, 1
-0.999941, 0.000831721, 0.0108456, 0.29069, -0.0108418, 0.00439793, -0.999932, 0.848777, -0.000879363, -0.99999, -0.00438865, 1.02046, 0, 0, 0, 1
-0.999939, 0.000855131, 0.0110137, 0.290687, -0.0110098, 0.00445535, -0.999929, 0.848787, -0.000904141, -0.99999, -0.00444567, 1.02044, 0, 0, 0, 1
-0.999937, 0.000878706, 0.011183, 0.290684, -0.0111789, 0.00451319, -0.999927, 0.848796, -0.000929113, -0.999989, -0.00450308, 1.02042, 0, 0, 0, 1
-0.999935, 0.000902445, 0.0113535, 0.290681, -0.0113493, 0.00457143, -0.999925, 0.848806, -0.000954279, -0.999989, -0.0045609, 1.0204, 0, 0, 0, 1
-0.999933, 0.000926348, 0.0115253, 0.290678, -0.0115209, 0.00463009, -0.999923, 0.848815, -0.00097964, -0.999989, -0.00461911, 1.02038, 0, 0, 0, 1
-0.999931, 0.000950416, 0.0116982, 0.290674, -0.0116936, 0.00468917, -0.999921, 0.848825, -0.00100519, -0.999989, -0.00467773, 1.02036, 0, 0, 0, 1
-0.999929, 0.000974647, 0.0118723, 0.290671, -0.0118676, 0.00474866, -0.999918, 0.848835, -0.00103095, -0.999988, -0.00473675, 1.02034, 0, 0, 0, 1
-0.999927, 0.000999043, 0.0120477, 0.290668, -0.0120428, 0.00480856, -0.999916, 0.848845, -0.00105689, -0.999988, -0.00479617, 1.02032, 0, 0, 0, 1
-0.999925, 0.0010236, 0.0122242, 0.290665, -0.0122191, 0.00486887, -0.999913, 0.848855, -0.00108303, -0.999988, -0.00485599, 1.0203, 0, 0, 0, 1
-0.999923, 0.00104833, 0.012402, 0.290662, -0.0123967, 0.00492959, -0.999911, 0.848865, -0.00110937, -0.999987, -0.00491622, 1.02028, 0, 0, 0, 1
-0.99992, 0.00107321, 0.012581, 0.290658, -0.0125755, 0.00499073, -0.999908, 0.848875, -0.0011359, -0.999987, -0.00497684, 1.02026, 0, 0, 0, 1
-0.999918, 0.00109827, 0.0127611, 0.290655, -0.0127554, 0.00505229, -0.999906, 0.848885, -0.00116264, -0.999987, -0.00503786, 1.02024, 0, 0, 0, 1
-0.999916, 0.00112348, 0.0129425, 0.290652, -0.0129366, 0.00511425, -0.999903, 0.848895, -0.00118956, -0.999986, -0.00509929, 1.02022, 0, 0, 0, 1
-0.999913, 0.00114886, 0.0131251, 0.290648, -0.013119, 0.00517663, -0.999901, 0.848905, -0.00121669, -0.999986, -0.00516111, 1.02019, 0, 0, 0, 1
-0.999911, 0.0011744, 0.0133088, 0.290645, -0.0133025, 0.00523942, -0.999898, 0.848915, -0.00124401, -0.999986, -0.00522333, 1.02017, 0, 0, 0, 1
-0.999908, 0.00120011, 0.0134938, 0.290642, -0.0134873, 0.00530263, -0.999895, 0.848926, -0.00127154, -0.999985, -0.00528596, 1.02015, 0, 0, 0, 1
-0.999906, 0.00122598, 0.01368, 0.290638, -0.0136732, 0.00536625, -0.999892, 0.848936, -0.00129926, -0.999985, -0.00534898, 1.02013, 0, 0, 0, 1
-0.999903, 0.00125201, 0.0138674, 0.290635, -0.0138604, 0.00543028, -0.999889, 0.848947, -0.00132718, -0.999984, -0.0054124, 1.02011, 0, 0, 0, 1
-0.9999, 0.00127821, 0.014056, 0.290631, -0.0140488, 0.00549473, -0.999886, 0.848957, -0.0013553, -0.999984, -0.00547622, 1.02008, 0, 0, 0, 1
-0.999898, 0.00130457, 0.0142458, 0.290628, -0.0142383, 0.00555959, -0.999883, 0.848968, -0.00138362, -0.999984, -0.00554044, 1.02006, 0, 0, 0, 1
-0.999895, 0.00133109, 0.0144368, 0.290624, -0.0144291, 0.00562486, -0.99988, 0.848979, -0.00141214, -0.999983, -0.00560506, 1.02004, 0, 0, 0, 1
-0.999892, 0.00135778, 0.014629, 0.290621, -0.0146211, 0.00569055, -0.999877, 0.848989, -0.00144086, -0.999983, -0.00567008, 1.02002, 0, 0, 0, 1
-0.999889, 0.00138463, 0.0148224, 0.290617, -0.0148142, 0.00575665, -0.999874, 0.849, -0.00146978, -0.999982, -0.0057355, 1.01999, 0, 0, 0, 1
-0.999886, 0.00141164, 0.0150171, 0.290614, -0.0150086, 0.00582316, -0.99987, 0.849011, -0.0014989, -0.999982, -0.00580131, 1.01997, 0, 0, 0, 1
-0.999883, 0.00143881, 0.0152129, 0.29061, -0.0152042, 0.00589009, -0.999867, 0.849022, -0.00152822, -0.999982, -0.00586753, 1.01995, 0, 0, 0, 1
-0.99988, 0.00146615, 0.0154099, 0.290607, -0.0154009, 0.00595743, -0.999864, 0.849033, -0.00155775, -0.999981, -0.00593414, 1.01993, 0, 0, 0, 1
-0.999877, 0.00149365, 0.0156081, 0.290603, -0.0155989, 0.00602518, -0.99986, 0.849044, -0.00158748, -0.999981, -0.00600115, 1.0199, 0, 0, 0, 1
-0.999874, 0.00152131, 0.0158076, 0.290599, -0.015798, 0.00609335, -0.999857, 0.849055, -0.00161741, -0.99998, -0.00606855, 1.01988, 0, 0, 0, 1
-0.999871, 0.00154913, 0.0160082, 0.290596, -0.0159984, 0.00616194, -0.999853, 0.849067, -0.00164755, -0.99998, -0.00613635, 1.01986, 0, 0, 0, 1
-0.999867, 0.00157712, 0.0162101, 0.290592, -0.0161999, 0.00623093, -0.999849, 0.849078, -0.00167789, -0.999979, -0.00620456, 1.01983, 0, 0, 0, 1
-0.999864, 0.00160527, 0.0164131, 0.290588, -0.0164027, 0.00630034, -0.999846, 0.849089, -0.00170843, -0.999979, -0.00627315, 1.01981, 0, 0, 0, 1
-0.999861, 0.00163358, 0.0166174, 0.290584, -0.0166066, 0.00637017, -0.999842, 0.849101, -0.00173918, -0.999978, -0.00634215, 1.01978, 0, 0, 0, 1
-0.999857, 0.00166206, 0.0168228, 0.290581, -0.0168118, 0.0064404, -0.999838, 0.849112, -0.00177013, -0.999978, -0.00641154, 1.01976, 0, 0, 0, 1
-0.999854, 0.00169069, 0.0170295, 0.290577, -0.0170181, 0.00651105, -0.999834, 0.849124, -0.00180129, -0.999977, -0.00648133, 1.01974, 0, 0, 0, 1
-0.99985, 0.00171949, 0.0172373, 0.290573, -0.0172257, 0.00658212, -0.99983, 0.849136, -0.00183266, -0.999977, -0.00655151, 1.01971, 0, 0, 0, 1
-0.999846, 0.00174845, 0.0174464, 0.290569, -0.0174344, 0.0066536, -0.999826, 0.849147, -0.00186423, -0.999976, -0.00662209, 1.01969, 0, 0, 0, 1
-0.999843, 0.00177757, 0.0176567, 0.290565, -0.0176444, 0.00672549, -0.999822, 0.849159, -0.001896, -0.999976, -0.00669307, 1.01966, 0, 0, 0, 1
-0.999839, 0.00180685, 0.0178682, 0.290561, -0.0178555, 0.0067978, -0.999817, 0.849171, -0.00192799, -0.999975, -0.00676444, 1.01964, 0, 0, 0, 1
-0.999835, 0.0018363, 0.0180809, 0.290557, -0.0180678, 0.00687052, -0.999813, 0.849183, -0.00196018, -0.999975, -0.00683621, 1.01961, 0, 0, 0, 1
-0.999831, 0.00186591, 0.0182947, 0.290553, -0.0182814, 0.00694366, -0.999809, 0.849195, -0.00199258, -0.999974, -0.00690837, 1.01959, 0, 0, 0, 1
-0.999827, 0.00189567, 0.0185098, 0.29055, -0.0184961, 0.00701721, -0.999804, 0.849207, -0.00202519, -0.999974, -0.00698093, 1.01956, 0, 0, 0, 1
-0.999823, 0.0019256, 0.0187261, 0.290546, -0.018712, 0.00709117, -0.9998, 0.849219, -0.00205801, -0.999973, -0.00705388, 1.01954, 0, 0, 0, 1
-0.999819, 0.00195569, 0.0189436, 0.290542, -0.0189292, 0.00716555, -0.999795, 0.849231, -0.00209103, -0.999972, -0.00712723, 1.01951, 0, 0, 0, 1
-0.999814, 0.00198594, 0.0191623, 0.290538, -0.0191475, 0.00724034, -0.99979, 0.849243, -0.00212427, -0.999972, -0.00720097, 1.01948, 0, 0, 0, 1
-0.99981, 0.00201636, 0.0193822, 0.290533, -0.019367, 0.00731555, -0.999786, 0.849256, -0.00215772, -0.999971, -0.00727511, 1.01946, 0, 0, 0, 1
-0.999806, 0.00204693, 0.0196034, 0.290529, -0.0195877, 0.00739117, -0.999781, 0.849268, -0.00219137, -0.999971, -0.00734964, 1.01943, 0, 0, 0, 1
-0.999801, 0.00207766, 0.0198257, 0.290525, -0.0198096, 0.00746721, -0.999776, 0.849281, -0.00222524, -0.99997, -0.00742457, 1.01941, 0, 0, 0, 1
-0.999797, 0.00210856, 0.0200492, 0.290521, -0.0200328, 0.00754366, -0.999771, 0.849293, -0.00225932, -0.999969, -0.00749988, 1.01938, 0, 0, 0, 1
-0.999792, 0.00213961, 0.0202739, 0.290517, -0.0202571, 0.00762052, -0.999766, 0.849306, -0.00229361, -0.999969, -0.0075756, 1.01935, 0, 0, 0, 1
-0.999787, 0.00217083, 0.0204998, 0.290513, -0.0204826, 0.0076978, -0.999761, 0.849318, -0.00232811, -0.999968, -0.0076517, 1.01933, 0, 0, 0, 1
-0.999783, 0.00220221, 0.020727, 0.290509, -0.0207093, 0.00777549, -0.999755, 0.849331, -0.00236283, -0.999967, -0.0077282, 1.0193, 0, 0, 0, 1
-0.999778, 0.00223374, 0.0209553, 0.290504, -0.0209372, 0.0078536, -0.99975, 0.849344, -0.00239776, -0.999967, -0.00780509, 1.01927, 0, 0, 0, 1
-0.999773, 0.00226544, 0.0211848, 0.2905, -0.0211663, 0.00793212, -0.999745, 0.849357, -0.0024329, -0.999966, -0.00788237, 1.01925, 0, 0, 0, 1
-0.999768, 0.0022973, 0.0214156, 0.290496, -0.0213966, 0.00801106, -0.999739, 0.84937, -0.00246826, -0.999965, -0.00796005, 1.01922, 0, 0, 0, 1
-0.999763, 0.00232932, 0.0216475, 0.290492, -0.021628, 0.00809041, -0.999733, 0.849383, -0.00250383, -0.999965, -0.00803812, 1.01919, 0, 0, 0, 1
-0.999758, 0.0023615, 0.0218807, 0.290487, -0.0218607, 0.00817018, -0.999728, 0.849396, -0.00253962, -0.999964, -0.00811658, 1.01917, 0, 0, 0, 1
-0.999753, 0.00239383, 0.022115, 0.290483, -0.0220946, 0.00825036, -0.999722, 0.849409, -0.00257562, -0.999963, -0.00819543, 1.01914, 0, 0, 0, 1
-0.999747, 0.00242633, 0.0223506, 0.290479, -0.0223297, 0.00833096, -0.999716, 0.849422, -0.00261184, -0.999962, -0.00827467, 1.01911, 0, 0, 0, 1
-0.999742, 0.00245899, 0.0225873, 0.290474, -0.0225659, 0.00841197, -0.99971, 0.849435, -0.00264828, -0.999962, -0.00835431, 1.01908, 0, 0, 0, 1
-0.999736, 0.0024918, 0.0228253, 0.29047, -0.0228034, 0.0084934, -0.999704, 0.849449, -0.00268493, -0.999961, -0.00843433, 1.01906, 0, 0, 0, 1
-0.999731, 0.00252478, 0.0230645, 0.290465, -0.0230421, 0.00857524, -0.999698, 0.849462, -0.0027218, -0.99996, -0.00851475, 1.01903, 0, 0, 0, 1
-0.999725, 0.00255792, 0.0233048, 0.290461, -0.0232819, 0.00865749, -0.999691, 0.849475, -0.00275889, -0.999959, -0.00859556, 1.019, 0, 0, 0, 1
-0.999719, 0.00259121, 0.0235464, 0.290456, -0.023523, 0.00874016, -0.999685, 0.849489, -0.0027962, -0.999958, -0.00867676, 1.01897, 0, 0, 0, 1
-0.999714, 0.00262467, 0.0237892, 0.290452, -0.0237652, 0.00882325, -0.999679, 0.849503, -0.00283372, -0.999958, -0.00875835, 1.01894, 0, 0, 0, 1
-0.999708, 0.00265828, 0.0240332, 0.290447, -0.0240086, 0.00890675, -0.999672, 0.849516, -0.00287147, -0.999957, -0.00884032, 1.01891, 0, 0, 0, 1
-0.999702, 0.00269205, 0.0242784, 0.290443, -0.0242533, 0.00899067, -0.999665, 0.84953, -0.00290943, -0.999956, -0.00892269, 1.01888, 0, 0, 0, 1
-0.999696, 0.00272598, 0.0245247, 0.290438, -0.0244991, 0.009075, -0.999659, 0.849544, -0.00294762, -0.999955, -0.00900545, 1.01886, 0, 0, 0, 1
-0.999689, 0.00276007, 0.0247723, 0.290434, -0.0247461, 0.00915974, -0.999652, 0.849558, -0.00298602, -0.999954, -0.0090886, 1.01883, 0, 0, 0, 1
-0.999683, 0.00279432, 0.0250211, 0.290429, -0.0249943, 0.0092449, -0.999645, 0.849572, -0.00302465, -0.999953, -0.00917213, 1.0188, 0, 0, 0, 1
-0.999677, 0.00282873, 0.0252711, 0.290424, -0.0252437, 0.00933048, -0.999638, 0.849586, -0.0030635, -0.999952, -0.00925606, 1.01877, 0, 0, 0, 1
-0.99967, 0.0028633, 0.0255223, 0.29042, -0.0254943, 0.00941647, -0.999631, 0.8496, -0.00310257, -0.999952, -0.00934037, 1.01874, 0, 0, 0, 1
-0.999664, 0.00289802, 0.0257747, 0.290415, -0.0257461, 0.00950288, -0.999623, 0.849614, -0.00314186, -0.999951, -0.00942507, 1.01871, 0, 0, 0, 1
-0.999657, 0.0029329, 0.0260283, 0.29041, -0.0259991, 0.0095897, -0.999616, 0.849628, -0.00318138, -0.99995, -0.00951016, 1.01868, 0, 0, 0, 1
-0.99965, 0.00296794, 0.0262831, 0.290406, -0.0262533, 0.00967694, -0.999608, 0.849642, -0.00322112, -0.999949, -0.00959564, 1.01865, 0, 0, 0, 1
-0.999643, 0.00300314, 0.0265391, 0.290401, -0.0265087, 0.00976459, -0.999601, 0.849657, -0.00326109, -0.999948, -0.0096815, 1.01862, 0, 0, 0, 1
-0.999636, 0.0030385, 0.0267964, 0.290396, -0.0267653, 0.00985266, -0.999593, 0.849671, -0.00330128, -0.999947, -0.00976775, 1.01859, 0, 0, 0, 1
-0.999629, 0.00307401, 0.0270548, 0.290391, -0.027023, 0.00994115, -0.999585, 0.849685, -0.00334169, -0.999946, -0.00985439, 1.01856, 0, 0, 0, 1
-0.999622, 0.00310969, 0.0273144, 0.290386, -0.027282, 0.01003, -0.999577, 0.8497, -0.00338234, -0.999945, -0.00994142, 1.01853, 0, 0, 0, 1
-0.999615, 0.00314552, 0.0275752, 0.290382, -0.0275421, 0.0101194, -0.999569, 0.849715, -0.0034232, -0.999944, -0.0100288, 1.0185, 0, 0, 0, 1
-0.999607, 0.0031815, 0.0278372, 0.290377, -0.0278035, 0.0102091, -0.999561, 0.849729, -0.0034643, -0.999943, -0.0101166, 1.01847, 0, 0, 0, 1
-0.9996, 0.00321765, 0.0281005, 0.290372, -0.028066, 0.0102992, -0.999553, 0.849744, -0.00350562, -0.999942, -0.0102048, 1.01844, 0, 0, 0, 1
-0.999592, 0.00325395, 0.0283649, 0.290367, -0.0283297, 0.0103898, -0.999545, 0.849759, -0.00354717, -0.999941, -0.0102934, 1.01841, 0, 0, 0, 1
-0.999585, 0.00329041, 0.0286305, 0.290362, -0.0285946, 0.0104808, -0.999536, 0.849774, -0.00358895, -0.99994, -0.0103823, 1.01837, 0, 0, 0, 1
-0.999577, 0.00332702, 0.0288974, 0.290357, -0.0288607, 0.0105722, -0.999528, 0.849789, -0.00363096, -0.999939, -0.0104717, 1.01834, 0, 0, 0, 1
-0.999569, 0.0033638, 0.0291654, 0.290352, -0.0291281, 0.010664, -0.999519, 0.849804, -0.0036732, -0.999937, -0.0105614, 1.01831, 0, 0, 0, 1
-0.999561, 0.00340073, 0.0294346, 0.290347, -0.0293965, 0.0107562, -0.99951, 0.849819, -0.00371567, -0.999936, -0.0106515, 1.01828, 0, 0, 0, 1
-0.999553, 0.00343781, 0.0297051, 0.290342, -0.0296662, 0.0108489, -0.999501, 0.849834, -0.00375837, -0.999935, -0.010742, 1.01825, 0, 0, 0, 1
-0.999545, 0.00347506, 0.0299767, 0.290337, -0.0299371, 0.0109419, -0.999492, 0.849849, -0.0038013, -0.999934, -0.0108329, 1.01822, 0, 0, 0, 1
-0.999536, 0.00351246, 0.0302496, 0.290332, -0.0302092, 0.0110354, -0.999483, 0.849864, -0.00384446, -0.999933, -0.0109242, 1.01818, 0, 0, 0, 1
-0.999528, 0.00355001, 0.0305236, 0.290327, -0.0304824, 0.0111293, -0.999473, 0.84988, -0.00388785, -0.999932, -0.0110158, 1.01815, 0, 0, 0, 1
-0.999519, 0.00358773, 0.0307989, 0.290321, -0.0307569, 0.0112236, -0.999464, 0.849895, -0.00393148, -0.999931, -0.0111078, 1.01812, 0, 0, 0, 1
-0.99951, 0.0036256, 0.0310753, 0.290316, -0.0310325, 0.0113183, -0.999454, 0.849911, -0.00397534, -0.999929, -0.0112003, 1.01809, 0, 0, 0, 1
-0.999502, 0.00366362, 0.031353, 0.290311, -0.0313093, 0.0114134, -0.999445, 0.849926, -0.00401943, -0.999928, -0.0112931, 1.01806, 0, 0, 0, 1
-0.999493, 0.0037018, 0.0316318, 0.290306, -0.0315874, 0.011509, -0.999435, 0.849942, -0.00406376, -0.999927, -0.0113862, 1.01802, 0, 0, 0, 1
-0.999484, 0.00374014, 0.0319119, 0.290301, -0.0318666, 0.011605, -0.999425, 0.849957, -0.00410832, -0.999926, -0.0114798, 1.01799, 0, 0, 0, 1
-0.999475, 0.00377863, 0.0321931, 0.290295, -0.032147, 0.0117014, -0.999415, 0.849973, -0.00415312, -0.999924, -0.0115737, 1.01796, 0, 0, 0, 1
-0.999465, 0.00381728, 0.0324756, 0.29029, -0.0324286, 0.0117982, -0.999404, 0.849989, -0.00419816, -0.999923, -0.0116681, 1.01792, 0, 0, 0, 1
-0.999456, 0.00385608, 0.0327593, 0.290285, -0.0327114, 0.0118954, -0.999394, 0.850005, -0.00424343, -0.999922, -0.0117628, 1.01789, 0, 0, 0, 1
-0.999446, 0.00389504, 0.0330441, 0.290279, -0.0329953, 0.011993, -0.999384, 0.850021, -0.00428894, -0.99992, -0.0118579, 1.01786, 0, 0, 0, 1
-0.999437, 0.00393415, 0.0333302, 0.290274, -0.0332805, 0.0120911, -0.999373, 0.850037, -0.00433468, -0.999919, -0.0119533, 1.01782, 0, 0, 0, 1
-0.999427, 0.00397342, 0.0336175, 0.290269, -0.0335668, 0.0121895, -0.999362, 0.850053, -0.00438067, -0.999918, -0.0120492, 1.01779, 0, 0, 0, 1
-0.999417, 0.00401284, 0.0339059, 0.290263, -0.0338544, 0.0122884, -0.999351, 0.850069, -0.00442689, -0.999916, -0.0121454, 1.01776, 0, 0, 0, 1
-0.999407, 0.00405242, 0.0341956, 0.290258, -0.0341431, 0.0123877, -0.99934, 0.850085, -0.00447335, -0.999915, -0.012242, 1.01772, 0, 0, 0, 1
-0.999397, 0.00409216, 0.0344865, 0.290252, -0.034433, 0.0124875, -0.999329, 0.850102, -0.00452006, -0.999914, -0.012339, 1.01769, 0, 0, 0, 1
-0.999387, 0.00413204, 0.0347786, 0.290247, -0.0347241, 0.0125876, -0.999318, 0.850118, -0.004567, -0.999912, -0.0124364, 1.01765, 0, 0, 0, 1
-0.999376, 0.00417209, 0.0350718, 0.290241, -0.0350164, 0.0126881, -0.999306, 0.850134, -0.00461419, -0.999911, -0.0125341, 1.01762, 0, 0, 0, 1
-0.999366, 0.00421228, 0.0353663, 0.290236, -0.0353099, 0.0127891, -0.999295, 0.850151, -0.00466161, -0.999909, -0.0126323, 1.01759, 0, 0, 0, 1
-0.999355, 0.00425263, 0.035662, 0.29023, -0.0356046, 0.0128905, -0.999283, 0.850167, -0.00470928, -0.999908, -0.0127308, 1.01755, 0, 0, 0, 1
-0.999344, 0.00429314, 0.0359589, 0.290225, -0.0359004, 0.0129923, -0.999271, 0.850184, -0.0047572, -0.999906, -0.0128297, 1.01752, 0, 0, 0, 1
-0.999333, 0.0043338, 0.0362569, 0.290219, -0.0361974, 0.0130945, -0.999259, 0.850201, -0.00480535, -0.999905, -0.0129289, 1.01748, 0, 0, 0, 1
-0.999322, 0.00437461, 0.0365562, 0.290213, -0.0364957, 0.0131972, -0.999247, 0.850217, -0.00485375, -0.999903, -0.0130286, 1.01745, 0, 0, 0, 1
-0.999311, 0.00441558, 0.0368567, 0.290208, -0.0367951, 0.0133002, -0.999234, 0.850234, -0.0049024, -0.999902, -0.0131286, 1.01741, 0, 0, 0, 1
-0.999299, 0.00445669, 0.0371584, 0.290202, -0.0370957, 0.0134037, -0.999222, 0.850251, -0.00495129, -0.9999, -0.013229, 1.01738, 0, 0, 0, 1
-0.999288, 0.00449797, 0.0374612, 0.290196, -0.0373975, 0.0135076, -0.999209, 0.850268, -0.00500042, -0.999899, -0.0133297, 1.01734, 0, 0, 0, 1
-0.999276, 0.00453939, 0.0377653, 0.290191, -0.0377005, 0.0136119, -0.999196, 0.850285, -0.0050498, -0.999897, -0.0134309, 1.01731, 0, 0, 0, 1
-0.999265, 0.00458097, 0.0380706, 0.290185, -0.0380046, 0.0137166, -0.999183, 0.850302, -0.00509943, -0.999895, -0.0135324, 1.01727, 0, 0, 0, 1
-0.999253, 0.00462271, 0.0383771, 0.290179, -0.03831, 0.0138217, -0.99917, 0.850319, -0.00514931, -0.999894, -0.0136343, 1.01723, 0, 0, 0, 1
-0.999241, 0.00466459, 0.0386848, 0.290173, -0.0386165, 0.0139273, -0.999157, 0.850336, -0.00519944, -0.999892, -0.0137366, 1.0172, 0, 0, 0, 1
-0.999228, 0.00470663, 0.0389937, 0.290167, -0.0389242, 0.0140333, -0.999144, 0.850354, -0.00524981, -0.99989, -0.0138393, 1.01716, 0, 0, 0, 1
-0.999216, 0.00474882, 0.0393037, 0.290162, -0.0392332, 0.0141397, -0.99913, 0.850371, -0.00530043, -0.999889, -0.0139423, 1.01713, 0, 0, 0, 1
-0.999204, 0.00479117, 0.039615, 0.290156, -0.0395432, 0.0142465, -0.999116, 0.850388, -0.00535131, -0.999887, -0.0140457, 1.01709, 0, 0, 0, 1
-0.999191, 0.00483366, 0.0399275, 0.29015, -0.0398545, 0.0143537, -0.999102, 0.850406, -0.00540243, -0.999885, -0.0141495, 1.01705, 0, 0, 0, 1
-0.999178, 0.00487631, 0.0402412, 0.290144, -0.040167, 0.0144614, -0.999088, 0.850424, -0.00545381, -0.999884, -0.0142536, 1.01702, 0, 0, 0, 1
-0.999165, 0.00491911, 0.0405561, 0.290138, -0.0404806, 0.0145694, -0.999074, 0.850441, -0.00550544, -0.999882, -0.0143581, 1.01698, 0, 0, 0, 1
-0.999152, 0.00496207, 0.0408721, 0.290132, -0.0407955, 0.0146779, -0.99906, 0.850459, -0.00555732, -0.99988, -0.014463, 1.01694, 0, 0, 0, 1
-0.999139, 0.00500517, 0.0411894, 0.290126, -0.0411115, 0.0147868, -0.999045, 0.850477, -0.00560945, -0.999878, -0.0145683, 1.01691, 0, 0, 0, 1
-0.999125, 0.00504843, 0.0415079, 0.29012, -0.0414287, 0.0148961, -0.99903, 0.850494, -0.00566184, -0.999876, -0.0146739, 1.01687, 0, 0, 0, 1
-0.999112, 0.00509183, 0.0418276, 0.290114, -0.0417471, 0.0150059, -0.999016, 0.850512, -0.00571448, -0.999874, -0.01478, 1.01683, 0, 0, 0, 1
-0.999098, 0.00513539, 0.0421485, 0.290108, -0.0420666, 0.015116, -0.999, 0.85053, -0.00576738, -0.999873, -0.0148863, 1.01679, 0, 0, 0, 1
-0.999084, 0.00517911, 0.0424705, 0.290102, -0.0423874, 0.0152266, -0.998985, 0.850548, -0.00582053, -0.999871, -0.0149931, 1.01676, 0, 0, 0, 1
-0.99907, 0.00522297, 0.0427938, 0.290095, -0.0427093, 0.0153376, -0.99897, 0.850566, -0.00587394, -0.999869, -0.0151002, 1.01672, 0, 0, 0, 1
-0.999056, 0.00526698, 0.0431183, 0.290089, -0.0430324, 0.015449, -0.998954, 0.850584, -0.00592761, -0.999867, -0.0152077, 1.01668, 0, 0, 0, 1
-0.999042, 0.00531114, 0.043444, 0.290083, -0.0433568, 0.0155608, -0.998938, 0.850603, -0.00598153, -0.999865, -0.0153156, 1.01664, 0, 0, 0, 1
-0.999027, 0.00535546, 0.0437708, 0.290077, -0.0436822, 0.015673, -0.998923, 0.850621, -0.00603571, -0.999863, -0.0154239, 1.0166, 0, 0, 0, 1
-0.999013, 0.00539992, 0.0440989, 0.290071, -0.0440089, 0.0157857, -0.998906, 0.850639, -0.00609015, -0.999861, -0.0155325, 1.01657, 0, 0, 0, 1
-0.998998, 0.00544454, 0.0444282, 0.290064, -0.0443368, 0.0158988, -0.99889, 0.850658, -0.00614485, -0.999859, -0.0156414, 1.01653, 0, 0, 0, 1
-0.998983, 0.00548931, 0.0447587, 0.290058, -0.0446658, 0.0160123, -0.998874, 0.850676, -0.00619981, -0.999857, -0.0157508, 1.01649, 0, 0, 0, 1
-0.998968, 0.00553422, 0.0450903, 0.290052, -0.044996, 0.0161262, -0.998857, 0.850695, -0.00625503, -0.999855, -0.0158605, 1.01645, 0, 0, 0, 1
