-0.999998, -0.00173479, -0.000801983, -0.10905, 0.000801918, 3.80355e-05, -1, 0.298071, 0.00173482, -0.999998, -3.66443e-05, 0.43255, 0, 0, 0, 1
-0.999998, -0.00175545, -0.000822644, -0.109047, 0.000822579, 3.80623e-05, -1, 0.298068, 0.00175548, -0.999998, -3.66183e-05, 0.43255, 0, 0, 0, 1
-0.999998, -0.00181743, -0.000884628, -0.109037, 0.00088456, 3.81452e-05, -1, 0.298057, 0.00181746, -0.999998, -3.65375e-05, 0.432551, 0, 0, 0, 1
-0.999998, -0.00192073, -0.000987933, -0.10902, 0.000987862, 3.82919e-05, -1, 0.298038, 0.00192077, -0.999998, -3.63944e-05, 0.432552, 0, 0, 0, 1
-0.999997, -0.00206535, -0.00113256, -0.108997, 0.00113248, 3.85152e-05, -0.999999, 0.298012, 0.00206539, -0.999998, -3.61761e-05, 0.432554, 0, 0, 0, 1
-0.999997, -0.00225129, -0.00131851, -0.108967, 0.00131843, 3.8833e-05, -0.999999, 0.297979, 0.00225134, -0.999997, -3.58647e-05, 0.432556, 0, 0, 0, 1
-0.999996, -0.00247856, -0.00154578, -0.10893, 0.00154569, 3.92685e-05, -0.999999, 0.297938, 0.00247862, -0.999997, -3.54372e-05, 0.432559, 0, 0, 0, 1
-0.999995, -0.00274714, -0.00181438, -0.108887, 0.00181427, 3.98496e-05, -0.999998, 0.29789, 0.00274721, -0.999996, -3.48653e-05, 0.432563, 0, 0, 0, 1
-0.999993, -0.00305704, -0.00212429, -0.108837, 0.00212418, 4.06099e-05, -0.999998, 0.297834, 0.00305712, -0.999995, -3.41159e-05, 0.432566, 0, 0, 0, 1
-0.999991, -0.00340827, -0.00247553, -0.10878, 0.0024754, 4.15875e-05, -0.999997, 0.297771, 0.00340836, -0.999994, -3.31503e-05, 0.432571, 0, 0, 0, 1
-0.999989, -0.00380081, -0.00286809, -0.108716, 0.00286795, 4.28262e-05, -0.999996, 0.2977, 0.00380092, -0.999993, -3.19252e-05, 0.432576, 0, 0, 0, 1
-0.999986, -0.00423467, -0.00330197, -0.108646, 0.00330181, 4.43746e-05, -0.999995, 0.297622, 0.0042348, -0.999991, -3.03919e-05, 0.432581, 0, 0, 0, 1
-0.999982, -0.00470985, -0.00377717, -0.108569, 0.00377699, 4.62864e-05, -0.999993, 0.297537, 0.00470999, -0.999989, -2.84965e-05, 0.432587, 0, 0, 0, 1
-0.999977, -0.00522635, -0.00429369, -0.108486, 0.00429349, 4.86205e-05, -0.999991, 0.297444, 0.00522651, -0.999986, -2.61801e-05, 0.432593, 0, 0, 0, 1
-0.999972, -0.00578417, -0.00485153, -0.108395, 0.00485131, 5.14411e-05, -0.999988, 0.297344, 0.00578435, -0.999983, -2.33788e-05, 0.4326, 0, 0, 0, 1
-0.999965, -0.0063833, -0.00545068, -0.108299, 0.00545044, 5.48171e-05, -0.999985, 0.297236, 0.0063835, -0.99998, -2.00234e-05, 0.432608, 0, 0, 0, 1
-0.999957, -0.00702374, -0.00609115, -0.108195, 0.00609089, 5.88229e-05, -0.999981, 0.297121, 0.00702397, -0.999975, -1.60396e-05, 0.432615, 0, 0, 0, 1
-0.999947, -0.0077055, -0.00677294, -0.108085, 0.00677265, 6.35379e-05, -0.999977, 0.296999, 0.00770575, -0.99997, -1.13479e-05, 0.432624, 0, 0, 0, 1
-0.999936, -0.00842857, -0.00749604, -0.107968, 0.00749573, 6.90466e-05, -0.999972, 0.296869, 0.00842885, -0.999964, -5.86401e-06, 0.432633, 0, 0, 0, 1
-0.999924, -0.00919294, -0.00826045, -0.107844, 0.00826011, 7.54386e-05, -0.999966, 0.296732, 0.00919325, -0.999958, 5.0185e-07, 0.432642, 0, 0, 0, 1
-0.999909, -0.00999863, -0.00906618, -0.107714, 0.0090658, 8.28087e-05, -0.999959, 0.296587, 0.00999897, -0.99995, 7.84441e-06, 0.432652, 0, 0, 0, 1
-0.999892, -0.0108456, -0.0099132, -0.107577, 0.0099128, 9.12567e-05, -0.999951, 0.296435, 0.010846, -0.999941, 1.62635e-05, 0.432663, 0, 0, 0, 1
-0.999873, -0.0117339, -0.0108015, -0.107433, 0.0108011, 0.000100888, -0.999942, 0.296275, 0.0117343, -0.999931, 2.58642e-05, 0.432674, 0, 0, 0, 1
-0.999851, -0.0126635, -0.0117312, -0.107283, 0.0117307, 0.000111812, -0.999931, 0.296108, 0.0126639, -0.99992, 3.67566e-05, 0.432685, 0, 0, 0, 1
-0.999826, -0.0136344, -0.0127021, -0.107126, 0.0127016, 0.000124144, -0.999919, 0.295934, 0.0136348, -0.999907, 4.90558e-05, 0.432697, 0, 0, 0, 1
-0.999799, -0.0146465, -0.0137143, -0.106962, 0.0137137, 0.000138004, -0.999906, 0.295752, 0.014647, -0.999893, 6.28822e-05, 0.43271, 0, 0, 0, 1
-0.999768, -0.0157, -0.0147678, -0.106792, 0.0147672, 0.000153519, -0.999891, 0.295563, 0.0157005, -0.999877, 7.83614e-05, 0.432723, 0, 0, 0, 1
-0.999733, -0.0167947, -0.0158626, -0.106615, 0.0158619, 0.000170818, -0.999874, 0.295366, 0.0167953, -0.999859, 9.56238e-05, 0.432736, 0, 0, 0, 1
-0.999695, -0.0179307, -0.0169986, -0.106431, 0.0169979, 0.000190038, -0.999856, 0.295162, 0.0179313, -0.999839, 0.000114805, 0.43275, 0, 0, 0, 1
-0.999652, -0.0191079, -0.0181759, -0.10624, 0.0181752, 0.000211318, -0.999835, 0.29495, 0.0191086, -0.999817, 0.000136046, 0.432765, 0, 0, 0, 1
-0.999605, -0.0203264, -0.0193945, -0.106043, 0.0193937, 0.000234805, -0.999812, 0.294732, 0.0203272, -0.999793, 0.000159493, 0.43278, 0, 0, 0, 1
-0.999554, -0.0215862, -0.0206543, -0.105839, 0.0206535, 0.00026065, -0.999787, 0.294505, 0.0215869, -0.999767, 0.000185296, 0.432796, 0, 0, 0, 1
-0.999497, -0.0228871, -0.0219554, -0.105629, 0.0219545, 0.000289009, -0.999759, 0.294271, 0.022888, -0.999738, 0.000213612, 0.432812, 0, 0, 0, 1
-0.999435, -0.0242293, -0.0232976, -0.105412, 0.0232967, 0.000320043, -0.999729, 0.29403, 0.0242302, -0.999706, 0.000244601, 0.432828, 0, 0, 0, 1
-0.999367, -0.0256127, -0.0246811, -0.105188, 0.0246802, 0.000353919, -0.999695, 0.293782, 0.0256137, -0.999672, 0.000278431, 0.432845, 0, 0, 0, 1
-0.999293, -0.0270373, -0.0261058, -0.104957, 0.0261048, 0.000390807, -0.999659, 0.293525, 0.0270383, -0.999634, 0.000315272, 0.432863, 0, 0, 0, 1
-0.999213, -0.0285031, -0.0275717, -0.10472, 0.0275706, 0.000430884, -0.99962, 0.293262, 0.0285041, -0.999594, 0.000355302, 0.432881, 0, 0, 0, 1
-0.999127, -0.03001, -0.0290787, -0.104476, 0.0290776, 0.000474333, -0.999577, 0.292991, 0.0300111, -0.999549, 0.000398701, 0.4329, 0, 0, 0, 1
-0.999033, -0.0315581, -0.0306269, -0.104226, 0.0306257, 0.000521338, -0.999531, 0.292713, 0.0315593, -0.999502, 0.000445655, 0.432919, 0, 0, 0, 1
-0.998931, -0.0331473, -0.0322162, -0.103968, 0.0322149, 0.000572092, -0.999481, 0.292427, 0.0331485, -0.99945, 0.000496358, 0.432939, 0, 0, 0, 1
-0.998822, -0.0347776, -0.0338466, -0.103704, 0.0338453, 0.000626792, -0.999427, 0.292134, 0.0347789, -0.999395, 0.000551006, 0.432959, 0, 0, 0, 1
-0.998704, -0.036449, -0.0355181, -0.103434, 0.0355168, 0.00068564, -0.999369, 0.291833, 0.0364504, -0.999335, 0.0006098, 0.43298, 0, 0, 0, 1
-0.998578, -0.0381615, -0.0372307, -0.103157, 0.0372293, 0.000748842, -0.999306, 0.291525, 0.0381629, -0.999271, 0.000672947, 0.433001, 0, 0, 0, 1
-0.998442, -0.039915, -0.0389843, -0.102873, 0.0389828, 0.00081661, -0.99924, 0.29121, 0.0399164, -0.999203, 0.000740659, 0.433023, 0, 0, 0, 1
-0.998297, -0.0417094, -0.040779, -0.102582, 0.0407774, 0.000889162, -0.999168, 0.290887, 0.041711, -0.999129, 0.000813154, 0.433045, 0, 0, 0, 1
-0.998142, -0.0435449, -0.0426146, -0.102284, 0.0426129, 0.000966719, -0.999091, 0.290557, 0.0435465, -0.999051, 0.000890652, 0.433068, 0, 0, 0, 1
-0.997977, -0.0454213, -0.0444911, -0.10198, 0.0444894, 0.00104951, -0.999009, 0.290219, 0.045423, -0.998967, 0.000973382, 0.433091, 0, 0, 0, 1
-0.9978, -0.0473386, -0.0464086, -0.10167, 0.0464068, 0.00113776, -0.998922, 0.289874, 0.0473404, -0.998878, 0.00106158, 0.433115, 0, 0, 0, 1
-0.997612, -0.0492968, -0.0483669, -0.101352, 0.0483651, 0.00123172, -0.998829, 0.289521, 0.0492987, -0.998783, 0.00115547, 0.433139, 0, 0, 0, 1
-0.997413, -0.0512959, -0.0503661, -0.101028, 0.0503642, 0.00133161, -0.99873, 0.289161, 0.0512978, -0.998683, 0.0012553, 0.433164, 0, 0, 0, 1
-0.997201, -0.0533357, -0.0524061, -0.100697, 0.0524041, 0.0014377, -0.998625, 0.288794, 0.0533377, -0.998576, 0.00136133, 0.433189, 0, 0, 0, 1
-0.996976, -0.0554162, -0.0544869, -0.10036, 0.0544848, 0.00155023, -0.998513, 0.288419, 0.0554183, -0.998462, 0.0014738, 0.433215, 0, 0, 0, 1
-0.996737, -0.0575375, -0.0566084, -0.100016, 0.0566062, 0.00166946, -0.998395, 0.288037, 0.0575397, -0.998342, 0.00159296, 0.433241, 0, 0, 0, 1
-0.996485, -0.0596994, -0.0587705, -0.099665, 0.0587682, 0.00179565, -0.99827, 0.287647, 0.0597017, -0.998215, 0.00171909, 0.433268, 0, 0, 0, 1
-0.996218, -0.061902, -0.0609732, -0.0993075, 0.0609709, 0.00192907, -0.998138, 0.28725, 0.0619043, -0.99808, 0.00185244, 0.433295, 0, 0, 0, 1
-0.995936, -0.0641451, -0.0632165, -0.0989433, 0.0632141, 0.00206999, -0.997998, 0.286846, 0.0641475, -0.997938, 0.00199329, 0.433323, 0, 0, 0, 1
-0.995639, -0.0664286, -0.0655003, -0.0985724, 0.0654978, 0.00221869, -0.99785, 0.286434, 0.0664312, -0.997789, 0.00214192, 0.433351, 0, 0, 0, 1
-0.995326, -0.0687526, -0.0678246, -0.0981949, 0.0678219, 0.00237544, -0.997695, 0.286014, 0.0687552, -0.997631, 0.0022986, 0.43338, 0, 0, 0, 1
-0.994995, -0.071117, -0.0701892, -0.0978106, 0.0701865, 0.00254054, -0.997531, 0.285588, 0.0711197, -0.997465, 0.00246363, 0.43341, 0, 0, 0, 1
-0.994648, -0.0735217, -0.0725941, -0.0974197, 0.0725913, 0.00271427, -0.997358, 0.285154, 0.0735245, -0.99729, 0.00263729, 0.43344, 0, 0, 0, 1
-0.994283, -0.0759666, -0.0750393, -0.0970221, 0.0750363, 0.00289693, -0.997177, 0.284712, 0.0759695, -0.997106, 0.00281988, 0.43347, 0, 0, 0, 1
-0.993899, -0.0784516, -0.0775246, -0.0966178, 0.0775216, 0.00308883, -0.996986, 0.284263, 0.0784546, -0.996913, 0.00301171, 0.433501, 0, 0, 0, 1
-0.993496, -0.0809767, -0.08005, -0.0962069, 0.0800469, 0.00329026, -0.996786, 0.283806, 0.0809798, -0.996711, 0.00321307, 0.433532, 0, 0, 0, 1
-0.993074, -0.0835418, -0.0826154, -0.0957892, 0.0826122, 0.00350155, -0.996576, 0.283343, 0.083545, -0.996498, 0.00342428, 0.433564, 0, 0, 0, 1
-0.992631, -0.0861468, -0.0852207, -0.0953649, 0.0852174, 0.00372299, -0.996355, 0.282871, 0.0861501, -0.996275, 0.00364565, 0.433597, 0, 0, 0, 1
-0.992167, -0.0887917, -0.0878659, -0.0949339, 0.0878624, 0.00395492, -0.996125, 0.282393, 0.0887951, -0.996042, 0.0038775, 0.43363, 0, 0, 0, 1
-0.991682, -0.0914762, -0.0905508, -0.0944962, 0.0905472, 0.00419766, -0.995883, 0.281906, 0.0914797, -0.995798, 0.00412017, 0.433663, 0, 0, 0, 1
-0.991174, -0.0942004, -0.0932753, -0.0940518, 0.0932716, 0.00445154, -0.995631, 0.281413, 0.094204, -0.995543, 0.00437397, 0.433697, 0, 0, 0, 1
-0.990643, -0.096964, -0.0960393, -0.0936008, 0.0960355, 0.00471689, -0.995367, 0.280912, 0.0969678, -0.995277, 0.00463924, 0.433732, 0, 0, 0, 1
-0.990089, -0.0997671, -0.0988427, -0.093143, 0.0988388, 0.00499404, -0.995091, 0.280403, 0.099771, -0.994998, 0.00491632, 0.433767, 0, 0, 0, 1
-0.989511, -0.102609, -0.101685, -0.0926786, 0.101681, 0.00528335, -0.994803, 0.279888, 0.102613, -0.994708, 0.00520555, 0.433802, 0, 0, 0, 1
-0.988907, -0.105491, -0.104567, -0.0922075, 0.104563, 0.00558516, -0.994503, 0.279364, 0.105495, -0.994405, 0.00550728, 0.433838, 0, 0, 0, 1
-0.988278, -0.108412, -0.107488, -0.0917297, 0.107484, 0.00589982, -0.994189, 0.278834, 0.108416, -0.994089, 0.00582186, 0.433875, 0, 0, 0, 1
-0.987622, -0.111371, -0.110448, -0.0912452, 0.110444, 0.00622769, -0.993863, 0.278296, 0.111375, -0.993759, 0.00614966, 0.433912, 0, 0, 0, 1
-0.986939, -0.114369, -0.113447, -0.0907541, 0.113443, 0.00656913, -0.993523, 0.27775, 0.114374, -0.993417, 0.00649102, 0.433949, 0, 0, 0, 1
-0.986229, -0.117406, -0.116484, -0.0902562, 0.11648, 0.00692451, -0.993169, 0.277197, 0.117411, -0.99306, 0.00684632, 0.433987, 0, 0, 0, 1
-0.985489, -0.120482, -0.11956, -0.0897517, 0.119556, 0.00729419, -0.992801, 0.276637, 0.120486, -0.992689, 0.00721592, 0.434026, 0, 0, 0, 1
-0.984721, -0.123596, -0.122675, -0.0892405, 0.12267, 0.00767855, -0.992418, 0.276069, 0.1236, -0.992303, 0.0076002, 0.434065, 0, 0, 0, 1
-0.983922, -0.126747, -0.125827, -0.0887226, 0.125822, 0.00807797, -0.99202, 0.275494, 0.126752, -0.991902, 0.00799954, 0.434105, 0, 0, 0, 1
-0.983092, -0.129937, -0.129018, -0.0881981, 0.129012, 0.00849283, -0.991607, 0.274911, 0.129943, -0.991486, 0.00841432, 0.434145, 0, 0, 0, 1
-0.982231, -0.133165, -0.132246, -0.0876668, 0.132241, 0.00892351, -0.991177, 0.274321, 0.133171, -0.991054, 0.00884492, 0.434185, 0, 0, 0, 1
-0.981337, -0.136431, -0.135512, -0.0871289, 0.135507, 0.00937042, -0.990732, 0.273724, 0.136436, -0.990605, 0.00929174, 0.434227, 0, 0, 0, 1
-0.98041, -0.139734, -0.138816, -0.0865843, 0.13881, 0.00983393, -0.99027, 0.273119, 0.139739, -0.99014, 0.00975518, 0.434268, 0, 0, 0, 1
-0.979449, -0.143074, -0.142157, -0.086033, 0.142151, 0.0103145, -0.989791, 0.272507, 0.14308, -0.989658, 0.0102356, 0.43431, 0, 0, 0, 1
-0.978454, -0.146452, -0.145535, -0.085475, 0.145529, 0.0108124, -0.989295, 0.271887, 0.146457, -0.989159, 0.0107335, 0.434353, 0, 0, 0, 1
-0.977422, -0.149866, -0.14895, -0.0849104, 0.148944, 0.0113282, -0.988781, 0.27126, 0.149872, -0.988641, 0.0112492, 0.434396, 0, 0, 0, 1
-0.976354, -0.153317, -0.152401, -0.084339, 0.152395, 0.0118622, -0.988248, 0.270625, 0.153323, -0.988106, 0.0117831, 0.43444, 0, 0, 0, 1
-0.975249, -0.156804, -0.155889, -0.083761, 0.155883, 0.0124148, -0.987697, 0.269983, 0.156811, -0.987552, 0.0123356, 0.434484, 0, 0, 0, 1
-0.974106, -0.160328, -0.159414, -0.0831763, 0.159407, 0.0129865, -0.987127, 0.269334, 0.160335, -0.986978, 0.0129073, 0.434529, 0, 0, 0, 1
-0.972924, -0.163888, -0.162974, -0.0825849, 0.162968, 0.0135777, -0.986538, 0.268677, 0.163894, -0.986386, 0.0134984, 0.434574, 0, 0, 0, 1
-0.971701, -0.167483, -0.166571, -0.0819868, 0.166564, 0.0141888, -0.985929, 0.268013, 0.16749, -0.985773, 0.0141094, 0.43462, 0, 0, 0, 1
-0.970439, -0.171115, -0.170202, -0.0813821, 0.170195, 0.0148202, -0.985299, 0.267341, 0.171121, -0.98514, 0.0147408, 0.434666, 0, 0, 0, 1
-0.969134, -0.174781, -0.173869, -0.0807707, 0.173862, 0.0154725, -0.984648, 0.266662, 0.174788, -0.984486, 0.0153929, 0.434713, 0, 0, 0, 1
-0.967787, -0.178482, -0.177571, -0.0801525, 0.177564, 0.0161459, -0.983977, 0.265975, 0.178489, -0.983811, 0.0160663, 0.43476, 0, 0, 0, 1
-0.966397, -0.182218, -0.181308, -0.0795277, 0.181301, 0.016841, -0.983283, 0.265281, 0.182225, -0.983114, 0.0167613, 0.434808, 0, 0, 0, 1
-0.964963, -0.185989, -0.18508, -0.0788963, 0.185072, 0.0175581, -0.982568, 0.26458, 0.185996, -0.982395, 0.0174783, 0.434856, 0, 0, 0, 1
-0.963484, -0.189793, -0.188885, -0.0782581, 0.188877, 0.0182978, -0.98183, 0.263871, 0.189801, -0.981654, 0.018218, 0.434905, 0, 0, 0, 1
-0.961958, -0.193632, -0.192724, -0.0776132, 0.192717, 0.0190605, -0.981069, 0.263155, 0.19364, -0.980889, 0.0189806, 0.434954, 0, 0, 0, 1
-0.960386, -0.197504, -0.196597, -0.0769617, 0.196589, 0.0198467, -0.980285, 0.262431, 0.197512, -0.980101, 0.0197666, 0.435004, 0, 0, 0, 1
-0.958766, -0.201409, -0.200503, -0.0763035, 0.200495, 0.0206567, -0.979477, 0.2617, 0.201417, -0.979289, 0.0205766, 0.435055, 0, 0, 0, 1
-0.957098, -0.205347, -0.204442, -0.0756386, 0.204434, 0.021491, -0.978644, 0.260962, 0.205355, -0.978453, 0.0214109, 0.435105, 0, 0, 0, 1
-0.955388, -0.209298, -0.208394, -0.0749704, 0.208386, 0.0223459, -0.977791, 0.26022, 0.209306, -0.977597, 0.0222657, 0.435156, 0, 0, 0, 1
-0.953646, -0.213241, -0.212339, -0.0743021, 0.21233, 0.0232171, -0.976922, 0.259477, 0.21325, -0.976724, 0.0231368, 0.435208, 0, 0, 0, 1
-0.951871, -0.217178, -0.216276, -0.0736339, 0.216267, 0.0241045, -0.976037, 0.258735, 0.217187, -0.975834, 0.0240241, 0.435259, 0, 0, 0, 1
-0.950064, -0.221107, -0.220206, -0.0729657, 0.220197, 0.0250082, -0.975135, 0.257993, 0.221116, -0.974929, 0.0249278, 0.43531, 0, 0, 0, 1
-0.948224, -0.225028, -0.224129, -0.0722974, 0.22412, 0.0259282, -0.974217, 0.257251, 0.225038, -0.974007, 0.0258476, 0.435361, 0, 0, 0, 1
-0.946352, -0.228942, -0.228044, -0.0716292, 0.228034, 0.0268643, -0.973282, 0.256509, 0.228952, -0.973069, 0.0267837, 0.435412, 0, 0, 0, 1
-0.944447, -0.232848, -0.231951, -0.070961, 0.231941, 0.0278165, -0.972332, 0.255766, 0.232858, -0.972115, 0.0277359, 0.435463, 0, 0, 0, 1
-0.94251, -0.236746, -0.23585, -0.0702927, 0.23584, 0.0287849, -0.971365, 0.255024, 0.236756, -0.971145, 0.0287042, 0.435514, 0, 0, 0, 1
-0.940541, -0.240636, -0.239741, -0.0696245, 0.239731, 0.0297694, -0.970383, 0.254282, 0.240646, -0.970159, 0.0296887, 0.435565, 0, 0, 0, 1
-0.93854, -0.244518, -0.243624, -0.0689563, 0.243614, 0.03077, -0.969384, 0.25354, 0.244528, -0.969156, 0.0306891, 0.435616, 0, 0, 0, 1
-0.936507, -0.248392, -0.247499, -0.068288, 0.247488, 0.0317866, -0.968369, 0.252798, 0.248402, -0.968138, 0.0317057, 0.435668, 0, 0, 0, 1
-0.934442, -0.252257, -0.251365, -0.0676198, 0.251354, 0.0328191, -0.967339, 0.252055, 0.252267, -0.967104, 0.0327382, 0.435719, 0, 0, 0, 1
-0.932345, -0.256113, -0.255222, -0.0669516, 0.255212, 0.0338677, -0.966292, 0.251313, 0.256124, -0.966053, 0.0337866, 0.43577, 0, 0, 0, 1
-0.930216, -0.259961, -0.259071, -0.0662833, 0.25906, 0.0349321, -0.965229, 0.250571, 0.259971, -0.964987, 0.034851, 0.435821, 0, 0, 0, 1
-0.928056, -0.263799, -0.262911, -0.0656151, 0.2629, 0.0360124, -0.964151, 0.249829, 0.26381, -0.963905, 0.0359313, 0.435872, 0, 0, 0, 1
-0.925864, -0.267629, -0.266742, -0.0649469, 0.266731, 0.0371086, -0.963056, 0.249087, 0.26764, -0.962807, 0.0370274, 0.435923, 0, 0, 0, 1
-0.92364, -0.27145, -0.270564, -0.0642786, 0.270552, 0.0382206, -0.961946, 0.248344, 0.271461, -0.961693, 0.0381393, 0.435974, 0, 0, 0, 1
-0.921384, -0.275261, -0.274376, -0.0636104, 0.274365, 0.0393483, -0.96082, 0.247602, 0.275273, -0.960564, 0.039267, 0.436025, 0, 0, 0, 1
-0.919097, -0.279063, -0.27818, -0.0629422, 0.278168, 0.0404918, -0.959679, 0.24686, 0.279075, -0.959419, 0.0404105, 0.436076, 0, 0, 0, 1
-0.916779, -0.282855, -0.281973, -0.0622739, 0.281961, 0.0416509, -0.958521, 0.246118, 0.282867, -0.958258, 0.0415696, 0.436127, 0, 0, 0, 1
-0.914429, -0.286638, -0.285757, -0.0616057, 0.285745, 0.0428258, -0.957348, 0.245376, 0.28665, -0.957081, 0.0427444, 0.436179, 0, 0, 0, 1
-0.912049, -0.290411, -0.289532, -0.0609375, 0.289519, 0.0440162, -0.95616, 0.244633, 0.290424, -0.955889, 0.0439347, 0.43623, 0, 0, 0, 1
-0.909637, -0.294174, -0.293296, -0.0602692, 0.293284, 0.0452222, -0.954955, 0.243891, 0.294187, -0.954681, 0.0451407, 0.436281, 0, 0, 0, 1
-0.907194, -0.297927, -0.29705, -0.059601, 0.297038, 0.0464437, -0.953736, 0.243149, 0.29794, -0.953458, 0.0463622, 0.436332, 0, 0, 0, 1
-0.90472, -0.30167, -0.300795, -0.0589328, 0.300782, 0.0476808, -0.9525, 0.242407, 0.301683, -0.952219, 0.0475992, 0.436383, 0, 0, 0, 1
-0.902215, -0.305403, -0.304529, -0.0582645, 0.304516, 0.0489332, -0.95125, 0.241665, 0.305416, -0.950965, 0.0488516, 0.436434, 0, 0, 0, 1
-0.899679, -0.309125, -0.308252, -0.0575963, 0.308239, 0.0502011, -0.949983, 0.240922, 0.309138, -0.949696, 0.0501195, 0.436485, 0, 0, 0, 1
-0.897113, -0.312837, -0.311965, -0.056928, 0.311952, 0.0514844, -0.948702, 0.24018, 0.31285, -0.948411, 0.0514027, 0.436536, 0, 0, 0, 1
-0.894515, -0.316538, -0.315668, -0.0562598, 0.315654, 0.0527829, -0.947405, 0.239438, 0.316551, -0.94711, 0.0527012, 0.436587, 0, 0, 0, 1
-0.891888, -0.320228, -0.319359, -0.0555916, 0.319345, 0.0540967, -0.946093, 0.238696, 0.320242, -0.945795, 0.054015, 0.436639, 0, 0, 0, 1
-0.88923, -0.323907, -0.32304, -0.0549233, 0.323026, 0.0554258, -0.944766, 0.237954, 0.323921, -0.944464, 0.055344, 0.43669, 0, 0, 0, 1
-0.886541, -0.327575, -0.326709, -0.0542551, 0.326695, 0.05677, -0.943423, 0.237212, 0.327589, -0.943118, 0.0566883, 0.436741, 0, 0, 0, 1
-0.883823, -0.331232, -0.330368, -0.0535869, 0.330353, 0.0581294, -0.942066, 0.236469, 0.331247, -0.941757, 0.0580476, 0.436792, 0, 0, 0, 1
-0.881074, -0.334878, -0.334015, -0.0529186, 0.334, 0.0595039, -0.940693, 0.235727, 0.334892, -0.940381, 0.059422, 0.436843, 0, 0, 0, 1
-0.878295, -0.338512, -0.337651, -0.0522504, 0.337636, 0.0608934, -0.939305, 0.234985, 0.338527, -0.93899, 0.0608115, 0.436894, 0, 0, 0, 1
-0.875486, -0.342135, -0.341275, -0.0515822, 0.34126, 0.0622979, -0.937902, 0.234243, 0.34215, -0.937583, 0.062216, 0.436945, 0, 0, 0, 1
-0.872647, -0.345746, -0.344887, -0.0509139, 0.344872, 0.0637174, -0.936484, 0.233501, 0.345761, -0.936162, 0.0636354, 0.436996, 0, 0, 0, 1
-0.869778, -0.349345, -0.348488, -0.0502457, 0.348473, 0.0651517, -0.935052, 0.232758, 0.34936, -0.934726, 0.0650698, 0.437047, 0, 0, 0, 1
-0.86688, -0.352932, -0.352077, -0.0495775, 0.352062, 0.0666009, -0.933604, 0.232016, 0.352948, -0.933275, 0.066519, 0.437098, 0, 0, 0, 1
-0.863952, -0.356508, -0.355654, -0.0489092, 0.355638, 0.0680649, -0.932142, 0.231274, 0.356523, -0.93181, 0.067983, 0.43715, 0, 0, 0, 1
-0.860994, -0.360071, -0.359219, -0.048241, 0.359203, 0.0695437, -0.930665, 0.230532, 0.360087, -0.930329, 0.0694617, 0.437201, 0, 0, 0, 1
-0.858007, -0.363622, -0.362771, -0.0475728, 0.362755, 0.0710371, -0.929173, 0.22979, 0.363638, -0.928834, 0.0709551, 0.437252, 0, 0, 0, 1
-0.854991, -0.36716, -0.366311, -0.0469045, 0.366295, 0.0725452, -0.927667, 0.229047, 0.367176, -0.927324, 0.0724632, 0.437303, 0, 0, 0, 1
-0.851946, -0.370686, -0.369838, -0.0462363, 0.369822, 0.0740679, -0.926146, 0.228305, 0.370702, -0.9258, 0.0739859, 0.437354, 0, 0, 0, 1
-0.848871, -0.374199, -0.373353, -0.0455681, 0.373337, 0.0756052, -0.92461, 0.227563, 0.374216, -0.924261, 0.0755232, 0.437405, 0, 0, 0, 1
-0.845768, -0.3777, -0.376855, -0.0448998, 0.376839, 0.0771569, -0.92306, 0.226821, 0.377716, -0.922708, 0.0770749, 0.437456, 0, 0, 0, 1
-0.842635, -0.381187, -0.380345, -0.0442316, 0.380328, 0.0787231, -0.921495, 0.226079, 0.381204, -0.92114, 0.0786411, 0.437507, 0, 0, 0, 1
-0.839474, -0.384662, -0.383821, -0.0435634, 0.383804, 0.0803037, -0.919916, 0.225336, 0.384679, -0.919558, 0.0802216, 0.437558, 0, 0, 0, 1
-0.836284, -0.388123, -0.387284, -0.0428951, 0.387266, 0.0818986, -0.918323, 0.224594, 0.38814, -0.917961, 0.0818165, 0.43761, 0, 0, 0, 1
-0.833066, -0.391571, -0.390734, -0.0422269, 0.390716, 0.0835078, -0.916716, 0.223852, 0.391589, -0.916351, 0.0834257, 0.437661, 0, 0, 0, 1
-0.829819, -0.395006, -0.39417, -0.0415587, 0.394152, 0.0851312, -0.915094, 0.22311, 0.395024, -0.914726, 0.0850491, 0.437712, 0, 0, 0, 1
-0.826544, -0.398427, -0.397593, -0.0408904, 0.397575, 0.0867687, -0.913458, 0.222368, 0.398445, -0.913086, 0.0866867, 0.437763, 0, 0, 0, 1
-0.823241, -0.401835, -0.401003, -0.0402222, 0.400985, 0.0884204, -0.911808, 0.221625, 0.401853, -0.911433, 0.0883384, 0.437814, 0, 0, 0, 1
-0.819909, -0.405229, -0.404398, -0.039554, 0.40438, 0.0900862, -0.910143, 0.220883, 0.405247, -0.909766, 0.0900041, 0.437865, 0, 0, 0, 1
-0.81655, -0.408609, -0.40778, -0.0388857, 0.407762, 0.0917659, -0.908465, 0.220141, 0.408628, -0.908085, 0.0916839, 0.437916, 0, 0, 0, 1
-0.813162, -0.411976, -0.411148, -0.0382175, 0.41113, 0.0934596, -0.906773, 0.219399, 0.411994, -0.906389, 0.0933776, 0.437967, 0, 0, 0, 1
-0.809747, -0.415328, -0.414502, -0.0375492, 0.414484, 0.0951671, -0.905067, 0.218657, 0.415346, -0.90468, 0.0950852, 0.438018, 0, 0, 0, 1
-0.806305, -0.418666, -0.417842, -0.036881, 0.417823, 0.0968885, -0.903347, 0.217915, 0.418685, -0.902957, 0.0968066, 0.43807, 0, 0, 0, 1
-0.802834, -0.421989, -0.421168, -0.0362128, 0.421148, 0.0986237, -0.901614, 0.217172, 0.422009, -0.90122, 0.0985417, 0.438121, 0, 0, 0, 1
-0.799336, -0.425299, -0.424479, -0.0355445, 0.424459, 0.100373, -0.899866, 0.21643, 0.425318, -0.89947, 0.100291, 0.438172, 0, 0, 0, 1
-0.795811, -0.428594, -0.427775, -0.0348763, 0.427756, 0.102135, -0.898105, 0.215688, 0.428613, -0.897706, 0.102053, 0.438223, 0, 0, 0, 1
-0.792259, -0.431874, -0.431057, -0.0342081, 0.431038, 0.103911, -0.896331, 0.214946, 0.431893, -0.895928, 0.103829, 0.438274, 0, 0, 0, 1
-0.78868, -0.435139, -0.434325, -0.0335398, 0.434305, 0.105701, -0.894543, 0.214204, 0.435159, -0.894137, 0.105619, 0.438325, 0, 0, 0, 1
-0.785074, -0.43839, -0.437577, -0.0328716, 0.437557, 0.107504, -0.892741, 0.213461, 0.43841, -0.892333, 0.107422, 0.438376, 0, 0, 0, 1
-0.781441, -0.441625, -0.440815, -0.0322034, 0.440794, 0.10932, -0.890926, 0.212719, 0.441646, -0.890515, 0.109239, 0.438427, 0, 0, 0, 1
-0.777781, -0.444846, -0.444037, -0.0315351, 0.444017, 0.11115, -0.889098, 0.211977, 0.444866, -0.888683, 0.111068, 0.438478, 0, 0, 0, 1
-0.774095, -0.448051, -0.447244, -0.0308669, 0.447224, 0.112993, -0.887256, 0.211235, 0.448072, -0.886839, 0.112912, 0.438529, 0, 0, 0, 1
-0.770382, -0.451241, -0.450436, -0.0301987, 0.450415, 0.11485, -0.885401, 0.210493, 0.451262, -0.884981, 0.114768, 0.438581, 0, 0, 0, 1
-0.766643, -0.454416, -0.453613, -0.0295304, 0.453592, 0.116719, -0.883533, 0.20975, 0.454437, -0.88311, 0.116637, 0.438632, 0, 0, 0, 1
-0.762878, -0.457575, -0.456774, -0.0288622, 0.456753, 0.118602, -0.881652, 0.209008, 0.457596, -0.881226, 0.11852, 0.438683, 0, 0, 0, 1
-0.759087, -0.460719, -0.459919, -0.028194, 0.459898, 0.120497, -0.879758, 0.208266, 0.46074, -0.879329, 0.120416, 0.438734, 0, 0, 0, 1
-0.755269, -0.463846, -0.463049, -0.0275257, 0.463028, 0.122406, -0.877851, 0.207524, 0.463868, -0.877419, 0.122324, 0.438785, 0, 0, 0, 1
-0.751427, -0.466958, -0.466163, -0.0268575, 0.466141, 0.124327, -0.875931, 0.206782, 0.46698, -0.875496, 0.124246, 0.438836, 0, 0, 0, 1
-0.747558, -0.470054, -0.469261, -0.0261893, 0.469239, 0.126262, -0.873998, 0.206039, 0.470076, -0.87356, 0.12618, 0.438887, 0, 0, 0, 1
-0.743664, -0.473134, -0.472343, -0.025521, 0.472321, 0.128209, -0.872052, 0.205297, 0.473156, -0.871611, 0.128127, 0.438938, 0, 0, 0, 1
-0.739744, -0.476198, -0.475409, -0.0248528, 0.475387, 0.130168, -0.870094, 0.204555, 0.47622, -0.86965, 0.130087, 0.438989, 0, 0, 0, 1
-0.735799, -0.479246, -0.478459, -0.0241846, 0.478436, 0.132141, -0.868123, 0.203813, 0.479268, -0.867676, 0.132059, 0.439041, 0, 0, 0, 1
-0.73183, -0.482277, -0.481492, -0.0235163, 0.481469, 0.134126, -0.86614, 0.203071, 0.4823, -0.86569, 0.134044, 0.439092, 0, 0, 0, 1
-0.727835, -0.485292, -0.484509, -0.0228481, 0.484486, 0.136123, -0.864144, 0.202328, 0.485315, -0.863691, 0.136042, 0.439143, 0, 0, 0, 1
-0.723815, -0.48829, -0.487509, -0.0221799, 0.487486, 0.138133, -0.862135, 0.201586, 0.488313, -0.86168, 0.138052, 0.439194, 0, 0, 0, 1
-0.71977, -0.491272, -0.490493, -0.0215116, 0.490469, 0.140155, -0.860114, 0.200844, 0.491295, -0.859656, 0.140074, 0.439245, 0, 0, 0, 1
-0.715701, -0.494236, -0.493459, -0.0208434, 0.493436, 0.14219, -0.858081, 0.200102, 0.49426, -0.85762, 0.142109, 0.439296, 0, 0, 0, 1
-0.711608, -0.497184, -0.496409, -0.0201752, 0.496386, 0.144236, -0.856036, 0.19936, 0.497208, -0.855572, 0.144155, 0.439347, 0, 0, 0, 1
-0.70749, -0.500115, -0.499342, -0.0195069, 0.499319, 0.146295, -0.853978, 0.198617, 0.500139, -0.853512, 0.146214, 0.439398, 0, 0, 0, 1
-0.703348, -0.503029, -0.502258, -0.0188387, 0.502234, 0.148366, -0.851908, 0.197875, 0.503053, -0.85144, 0.148285, 0.439449, 0, 0, 0, 1
-0.699182, -0.505926, -0.505157, -0.0181704, 0.505133, 0.150449, -0.849827, 0.197133, 0.50595, -0.849355, 0.150368, 0.4395, 0, 0, 0, 1
-0.694992, -0.508805, -0.508039, -0.0175022, 0.508014, 0.152544, -0.847733, 0.196391, 0.508829, -0.847259, 0.152463, 0.439552, 0, 0, 0, 1
-0.690779, -0.511667, -0.510903, -0.016834, 0.510878, 0.154651, -0.845628, 0.195649, 0.511692, -0.845151, 0.15457, 0.439603, 0, 0, 0, 1
-0.686541, -0.514512, -0.51375, -0.0161657, 0.513725, 0.15677, -0.843511, 0.194907, 0.514536, -0.843031, 0.156689, 0.439654, 0, 0, 0, 1
-0.682281, -0.517339, -0.516579, -0.0154975, 0.516554, 0.1589, -0.841382, 0.194164, 0.517363, -0.840899, 0.158819, 0.439705, 0, 0, 0, 1
-0.677997, -0.520148, -0.51939, -0.0148293, 0.519365, 0.161042, -0.839241, 0.193422, 0.520173, -0.838756, 0.160961, 0.439756, 0, 0, 0, 1
-0.67369, -0.52294, -0.522184, -0.014161, 0.522159, 0.163195, -0.837089, 0.19268, 0.522965, -0.836601, 0.163115, 0.439807, 0, 0, 0, 1
-0.66936, -0.525713, -0.52496, -0.0134928, 0.524935, 0.16536, -0.834925, 0.191938, 0.525739, -0.834435, 0.16528, 0.439858, 0, 0, 0, 1
-0.665007, -0.528469, -0.527718, -0.0128246, 0.527693, 0.167537, -0.83275, 0.191196, 0.528495, -0.832257, 0.167456, 0.439909, 0, 0, 0, 1
-0.660631, -0.531207, -0.530458, -0.0121563, 0.530432, 0.169725, -0.830563, 0.190453, 0.531233, -0.830068, 0.169644, 0.43996, 0, 0, 0, 1
-0.656233, -0.533927, -0.53318, -0.0114881, 0.533154, 0.171924, -0.828365, 0.189711, 0.533952, -0.827868, 0.171843, 0.440012, 0, 0, 0, 1
-0.651812, -0.536628, -0.535884, -0.0108199, 0.535857, 0.174134, -0.826156, 0.188969, 0.536654, -0.825656, 0.174054, 0.440063, 0, 0, 0, 1
-0.647369, -0.539311, -0.538569, -0.0101516, 0.538543, 0.176355, -0.823936, 0.188227, 0.539337, -0.823433, 0.176275, 0.440114, 0, 0, 0, 1
-0.642904, -0.541976, -0.541236, -0.0094834, 0.541209, 0.178588, -0.821705, 0.187485, 0.542002, -0.8212, 0.178508, 0.440165, 0, 0, 0, 1
-0.638417, -0.544622, -0.543884, -0.00881516, 0.543858, 0.180831, -0.819463, 0.186742, 0.544649, -0.818955, 0.180751, 0.440216, 0, 0, 0, 1
-0.633909, -0.54725, -0.546514, -0.00814693, 0.546487, 0.183086, -0.817209, 0.186, 0.547276, -0.816699, 0.183005, 0.440267, 0, 0, 0, 1
-0.629378, -0.549858, -0.549125, -0.0074787, 0.549098, 0.185351, -0.814945, 0.185258, 0.549885, -0.814433, 0.185271, 0.440318, 0, 0, 0, 1
-0.624826, -0.552449, -0.551718, -0.00681046, 0.551691, 0.187627, -0.812671, 0.184516, 0.552476, -0.812156, 0.187547, 0.440369, 0, 0, 0, 1
-0.620253, -0.55502, -0.554291, -0.00614223, 0.554264, 0.189913, -0.810385, 0.183774, 0.555047, -0.809868, 0.189833, 0.44042, 0, 0, 0, 1
-0.615659, -0.557572, -0.556846, -0.00547399, 0.556819, 0.19221, -0.808089, 0.183031, 0.5576, -0.807569, 0.192131, 0.440471, 0, 0, 0, 1
-0.611043, -0.560106, -0.559382, -0.00480576, 0.559354, 0.194518, -0.805783, 0.182289, 0.560133, -0.805261, 0.194438, 0.440523, 0, 0, 0, 1
-0.606407, -0.56262, -0.561898, -0.00413752, 0.56187, 0.196836, -0.803466, 0.181547, 0.562648, -0.802941, 0.196757, 0.440574, 0, 0, 0, 1
-0.60175, -0.565115, -0.564396, -0.00346929, 0.564368, 0.199165, -0.801138, 0.180805, 0.565143, -0.800612, 0.199085, 0.440625, 0, 0, 0, 1
-0.597072, -0.56759, -0.566874, -0.00280105, 0.566845, 0.201503, -0.798801, 0.180063, 0.567619, -0.798272, 0.201424, 0.440676, 0, 0, 0, 1
-0.592374, -0.570047, -0.569332, -0.00213282, 0.569304, 0.203852, -0.796453, 0.17932, 0.570075, -0.795921, 0.203773, 0.440727, 0, 0, 0, 1
-0.587656, -0.572484, -0.571771, -0.00146458, 0.571743, 0.206211, -0.794095, 0.178578, 0.572512, -0.793561, 0.206132, 0.440778, 0, 0, 0, 1
-0.582918, -0.574901, -0.574191, -0.00079635, 0.574162, 0.20858, -0.791727, 0.177836, 0.57493, -0.791191, 0.208501, 0.440829, 0, 0, 0, 1
-0.57816, -0.577299, -0.576591, -0.000128116, 0.576562, 0.210959, -0.789349, 0.177094, 0.577327, -0.788811, 0.21088, 0.44088, 0, 0, 0, 1
-0.573382, -0.579677, -0.578972, 0.000540119, 0.578943, 0.213348, -0.786961, 0.176352, 0.579706, -0.786421, 0.213269, 0.440931, 0, 0, 0, 1
-0.568585, -0.582035, -0.581332, 0.00120835, 0.581303, 0.215747, -0.784564, 0.175609, 0.582064, -0.784021, 0.215668, 0.440983, 0, 0, 0, 1
-0.563768, -0.584373, -0.583673, 0.00187659, 0.583644, 0.218155, -0.782156, 0.174867, 0.584402, -0.781611, 0.218077, 0.441034, 0, 0, 0, 1
-0.558932, -0.586691, -0.585994, 0.00254482, 0.585964, 0.220573, -0.779739, 0.174125, 0.586721, -0.779192, 0.220495, 0.441085, 0, 0, 0, 1
-0.554076, -0.58899, -0.588295, 0.00321306, 0.588265, 0.223001, -0.777313, 0.173383, 0.58902, -0.776764, 0.222922, 0.441136, 0, 0, 0, 1
-0.549202, -0.591268, -0.590575, 0.00388129, 0.590545, 0.225438, -0.774877, 0.172641, 0.591298, -0.774325, 0.22536, 0.441187, 0, 0, 0, 1
-0.544309, -0.593526, -0.592836, 0.00454953, 0.592806, 0.227884, -0.772431, 0.171899, 0.593556, -0.771878, 0.227806, 0.441238, 0, 0, 0, 1
-0.539398, -0.595764, -0.595076, 0.00521776, 0.595046, 0.23034, -0.769977, 0.171156, 0.595794, -0.769421, 0.230262, 0.441289, 0, 0, 0, 1
-0.534468, -0.597981, -0.597296, 0.00588599, 0.597266, 0.232805, -0.767513, 0.170414, 0.598012, -0.766955, 0.232727, 0.44134, 0, 0, 0, 1
-0.52952, -0.600178, -0.599495, 0.00655423, 0.599465, 0.235279, -0.76504, 0.169672, 0.600209, -0.76448, 0.235201, 0.441391, 0, 0, 0, 1
-0.524553, -0.602355, -0.601675, 0.00722246, 0.601644, 0.237762, -0.762558, 0.16893, 0.602386, -0.761996, 0.237684, 0.441443, 0, 0, 0, 1
-0.519569, -0.604511, -0.603833, 0.0078907, 0.603802, 0.240254, -0.760066, 0.168188, 0.604542, -0.759503, 0.240176, 0.441494, 0, 0, 0, 1
-0.514567, -0.606646, -0.605971, 0.00855893, 0.60594, 0.242755, -0.757566, 0.167445, 0.606677, -0.757001, 0.242677, 0.441545, 0, 0, 0, 1
-0.509548, -0.608761, -0.608088, 0.00922717, 0.608057, 0.245265, -0.755058, 0.166703, 0.608792, -0.75449, 0.245187, 0.441596, 0, 0, 0, 1
-0.504511, -0.610855, -0.610184, 0.0098954, 0.610153, 0.247783, -0.75254, 0.165961, 0.610886, -0.751971, 0.247706, 0.441647, 0, 0, 0, 1
-0.499457, -0.612928, -0.61226, 0.0105636, 0.612228, 0.25031, -0.750014, 0.165219, 0.612959, -0.749443, 0.250233, 0.441698, 0, 0, 0, 1
-0.494386, -0.61498, -0.614315, 0.0112319, 0.614283, 0.252846, -0.74748, 0.164477, 0.615012, -0.746906, 0.252768, 0.441749, 0, 0, 0, 1
-0.489298, -0.617011, -0.616348, 0.0119001, 0.616316, 0.25539, -0.744937, 0.163734, 0.617043, -0.744361, 0.255312, 0.4418, 0, 0, 0, 1
-0.484193, -0.619021, -0.618361, 0.0125683, 0.618329, 0.257942, -0.742385, 0.162992, 0.619053, -0.741808, 0.257865, 0.441851, 0, 0, 0, 1
-0.479072, -0.62101, -0.620352, 0.0132366, 0.62032, 0.260502, -0.739825, 0.16225, 0.621042, -0.739246, 0.260426, 0.441902, 0, 0, 0, 1
-0.473934, -0.622978, -0.622323, 0.0139048, 0.62229, 0.263071, -0.737257, 0.161508, 0.62301, -0.736677, 0.262995, 0.441954, 0, 0, 0, 1
-0.46878, -0.624924, -0.624272, 0.014573, 0.624239, 0.265648, -0.734681, 0.160766, 0.624957, -0.734099, 0.265571, 0.442005, 0, 0, 0, 1
-0.46361, -0.626849, -0.626199, 0.0152413, 0.626166, 0.268233, -0.732097, 0.160023, 0.626882, -0.731513, 0.268156, 0.442056, 0, 0, 0, 1
-0.458425, -0.628753, -0.628106, 0.0159095, 0.628073, 0.270826, -0.729505, 0.159281, 0.628786, -0.728919, 0.270749, 0.442107, 0, 0, 0, 1
-0.453223, -0.630635, -0.62999, 0.0165777, 0.629957, 0.273426, -0.726906, 0.158539, 0.630668, -0.726318, 0.27335, 0.442158, 0, 0, 0, 1
-0.448006, -0.632496, -0.631854, 0.017246, 0.63182, 0.276035, -0.724298, 0.157797, 0.632529, -0.723708, 0.275959, 0.442209, 0, 0, 0, 1
-0.442774, -0.634335, -0.633695, 0.0179142, 0.633662, 0.278651, -0.721683, 0.157055, 0.634368, -0.721091, 0.278575, 0.44226, 0, 0, 0, 1
-0.437527, -0.636153, -0.635515, 0.0185824, 0.635482, 0.281274, -0.71906, 0.156312, 0.636186, -0.718467, 0.281198, 0.442311, 0, 0, 0, 1
-0.432265, -0.637948, -0.637314, 0.0192507, 0.63728, 0.283905, -0.71643, 0.15557, 0.637982, -0.715835, 0.28383, 0.442362, 0, 0, 0, 1
-0.426988, -0.639722, -0.63909, 0.0199189, 0.639057, 0.286544, -0.713792, 0.154828, 0.639756, -0.713196, 0.286468, 0.442414, 0, 0, 0, 1
-0.421697, -0.641474, -0.640845, 0.0205872, 0.640811, 0.289189, -0.711147, 0.154086, 0.641508, -0.710549, 0.289114, 0.442465, 0, 0, 0, 1
-0.416391, -0.643205, -0.642578, 0.0212554, 0.642544, 0.291842, -0.708495, 0.153344, 0.643239, -0.707895, 0.291767, 0.442516, 0, 0, 0, 1
-0.411071, -0.644913, -0.644289, 0.0219236, 0.644255, 0.294502, -0.705836, 0.152601, 0.644947, -0.705235, 0.294427, 0.442567, 0, 0, 0, 1
-0.405736, -0.646599, -0.645978, 0.0225919, 0.645943, 0.297169, -0.70317, 0.151859, 0.646634, -0.702567, 0.297094, 0.442618, 0, 0, 0, 1
-0.400388, -0.648263, -0.647645, 0.0232601, 0.64761, 0.299843, -0.700496, 0.151117, 0.648298, -0.699892, 0.299768, 0.442669, 0, 0, 0, 1
-0.395027, -0.649905, -0.649289, 0.0239283, 0.649255, 0.302524, -0.697816, 0.150375, 0.64994, -0.69721, 0.302449, 0.44272, 0, 0, 0, 1
-0.389651, -0.651525, -0.650912, 0.0245966, 0.650877, 0.305211, -0.69513, 0.149633, 0.65156, -0.694522, 0.305137, 0.442771, 0, 0, 0, 1
-0.384263, -0.653123, -0.652512, 0.0252648, 0.652477, 0.307906, -0.692436, 0.148891, 0.653158, -0.691827, 0.307831, 0.442822, 0, 0, 0, 1
-0.378861, -0.654698, -0.65409, 0.025933, 0.654055, 0.310606, -0.689736, 0.148148, 0.654734, -0.689125, 0.310532, 0.442873, 0, 0, 0, 1
-0.373447, -0.656251, -0.655646, 0.0266013, 0.655611, 0.313314, -0.687029, 0.147406, 0.656287, -0.686417, 0.313239, 0.442925, 0, 0, 0, 1
-0.368019, -0.657782, -0.657179, 0.0272695, 0.657144, 0.316027, -0.684316, 0.146664, 0.657817, -0.683703, 0.315953, 0.442976, 0, 0, 0, 1
-0.36258, -0.65929, -0.65869, 0.0279377, 0.658654, 0.318747, -0.681597, 0.145922, 0.659326, -0.680982, 0.318673, 0.443027, 0, 0, 0, 1
-0.357127, -0.660776, -0.660178, 0.028606, 0.660143, 0.321473, -0.678872, 0.14518, 0.660812, -0.678256, 0.321399, 0.443078, 0, 0, 0, 1
-0.351663, -0.662239, -0.661644, 0.0292742, 0.661608, 0.324205, -0.67614, 0.144437, 0.662275, -0.675523, 0.324132, 0.443129, 0, 0, 0, 1
-0.346186, -0.663679, -0.663087, 0.0299424, 0.663051, 0.326943, -0.673403, 0.143695, 0.663715, -0.672784, 0.32687, 0.44318, 0, 0, 0, 1
-0.340698, -0.665097, -0.664508, 0.0306107, 0.664472, 0.329687, -0.670659, 0.142953, 0.665133, -0.670039, 0.329614, 0.443231, 0, 0, 0, 1
-0.335198, -0.666492, -0.665906, 0.0312789, 0.665869, 0.332437, -0.66791, 0.142211, 0.666529, -0.667288, 0.332364, 0.443282, 0, 0, 0, 1
-0.329687, -0.667864, -0.667281, 0.0319471, 0.667244, 0.335193, -0.665155, 0.141469, 0.667901, -0.664532, 0.33512, 0.443333, 0, 0, 0, 1
-0.324164, -0.669214, -0.668633, 0.0326154, 0.668596, 0.337954, -0.662394, 0.140726, 0.669251, -0.66177, 0.337881, 0.443385, 0, 0, 0, 1
-0.318631, -0.670541, -0.669962, 0.0332836, 0.669926, 0.340721, -0.659628, 0.139984, 0.670578, -0.659003, 0.340648, 0.443436, 0, 0, 0, 1
-0.313086, -0.671845, -0.671269, 0.0339518, 0.671232, 0.343493, -0.656856, 0.139242, 0.671882, -0.65623, 0.343421, 0.443487, 0, 0, 0, 1
-0.307531, -0.673125, -0.672553, 0.0346201, 0.672515, 0.346271, -0.654079, 0.1385, 0.673163, -0.653451, 0.346198, 0.443538, 0, 0, 0, 1
-0.301965, -0.674383, -0.673813, 0.0352883, 0.673776, 0.349053, -0.651297, 0.137758, 0.674421, -0.650668, 0.348981, 0.443589, 0, 0, 0, 1
-0.296389, -0.675618, -0.675051, 0.0359565, 0.675013, 0.351841, -0.648509, 0.137015, 0.675656, -0.647879, 0.351769, 0.44364, 0, 0, 0, 1
-0.290803, -0.67683, -0.676265, 0.0366248, 0.676228, 0.354634, -0.645717, 0.136273, 0.676868, -0.645086, 0.354563, 0.443691, 0, 0, 0, 1
-0.285207, -0.678019, -0.677457, 0.037293, 0.677419, 0.357432, -0.642919, 0.135531, 0.678056, -0.642287, 0.357361, 0.443742, 0, 0, 0, 1
-0.279601, -0.679184, -0.678625, 0.0379612, 0.678587, 0.360235, -0.640117, 0.134789, 0.679222, -0.639484, 0.360164, 0.443793, 0, 0, 0, 1
-0.273985, -0.680327, -0.67977, 0.0386295, 0.679732, 0.363043, -0.63731, 0.134047, 0.680365, -0.636675, 0.362972, 0.443844, 0, 0, 0, 1
-0.26836, -0.681446, -0.680892, 0.0392977, 0.680854, 0.365855, -0.634498, 0.133304, 0.681484, -0.633862, 0.365784, 0.443896, 0, 0, 0, 1
-0.262727, -0.682542, -0.681991, 0.039966, 0.681953, 0.368672, -0.631682, 0.132562, 0.68258, -0.631045, 0.368601, 0.443947, 0, 0, 0, 1
-0.257084, -0.683614, -0.683066, 0.0406342, 0.683028, 0.371493, -0.628861, 0.13182, 0.683653, -0.628223, 0.371423, 0.443998, 0, 0, 0, 1
-0.251432, -0.684664, -0.684118, 0.0413024, 0.68408, 0.374319, -0.626035, 0.131078, 0.684702, -0.625397, 0.374249, 0.444049, 0, 0, 0, 1
-0.245772, -0.685689, -0.685147, 0.0419707, 0.685108, 0.377149, -0.623206, 0.130336, 0.685728, -0.622566, 0.377079, 0.4441, 0, 0, 0, 1
-0.240103, -0.686692, -0.686152, 0.0426389, 0.686113, 0.379983, -0.620372, 0.129594, 0.686731, -0.619731, 0.379913, 0.444151, 0, 0, 0, 1
-0.234426, -0.687671, -0.687134, 0.0433071, 0.687095, 0.382822, -0.617534, 0.128851, 0.68771, -0.616892, 0.382752, 0.444202, 0, 0, 0, 1
-0.228741, -0.688626, -0.688092, 0.0439754, 0.688053, 0.385664, -0.614692, 0.128109, 0.688666, -0.614049, 0.385594, 0.444253, 0, 0, 0, 1
-0.223049, -0.689558, -0.689027, 0.0446436, 0.688988, 0.38851, -0.611846, 0.127367, 0.689598, -0.611203, 0.388441, 0.444304, 0, 0, 0, 1
-0.217348, -0.690467, -0.689938, 0.0453118, 0.689899, 0.39136, -0.608996, 0.126625, 0.690506, -0.608352, 0.391291, 0.444356, 0, 0, 0, 1
-0.211641, -0.691352, -0.690826, 0.0459801, 0.690787, 0.394214, -0.606143, 0.125883, 0.691391, -0.605498, 0.394145, 0.444407, 0, 0, 0, 1
-0.205926, -0.692213, -0.69169, 0.0466483, 0.691651, 0.397072, -0.603286, 0.12514, 0.692253, -0.60264, 0.397003, 0.444458, 0, 0, 0, 1
-0.200204, -0.693051, -0.692531, 0.0473165, 0.692491, 0.399933, -0.600425, 0.124398, 0.693091, -0.599779, 0.399864, 0.444509, 0, 0, 0, 1
-0.194475, -0.693865, -0.693348, 0.0479848, 0.693308, 0.402797, -0.597561, 0.123656, 0.693905, -0.596914, 0.402728, 0.44456, 0, 0, 0, 1
