-0.999999, -0.000795146, -0.000797158, 0.290902, 0.000796821, 0.000424595, -1, 0.848124, 0.000795484, -1, -0.000423961, 1.02183, 0, 0, 0, 1
-0.998494, -0.00265526, 0.0547877, 0.290104, -0.054673, 0.128804, -0.990162, 0.867936, -0.00442774, -0.991667, -0.128755, 1.02498, 0, 0, 0, 1
-0.993903, -0.00482976, 0.110154, 0.289255, -0.107737, 0.255045, -0.960908, 0.888346, -0.0234534, -0.966917, -0.25401, 1.03188, 0, 0, 0, 1
-0.986254, -0.0073046, 0.165072, 0.288356, -0.155608, 0.377057, -0.913025, 0.908835, -0.0555724, -0.926161, -0.37301, 1.04261, 0, 0, 0, 1
-0.975601, -0.0100557, 0.219319, 0.287408, -0.195678, 0.492817, -0.847845, 0.928876, -0.0995584, -0.870075, -0.482761, 1.0572, 0, 0, 0, 1
-0.962016, -0.0130494, 0.272681, 0.286415, -0.225608, 0.600409, -0.767209, 0.947944, -0.153709, -0.799586, -0.580547, 1.0756, 0, 0, 0, 1
-0.945588, -0.0162436, 0.324961, 0.285385, -0.243414, 0.698051, -0.673405, 0.965521, -0.215901, -0.715864, -0.664022, 1.09768, 0, 0, 0, 1
-0.926422, -0.0195886, 0.375976, 0.284326, -0.247541, 0.784124, -0.569098, 0.981108, -0.283664, -0.620294, -0.731279, 1.12327, 0, 0, 0, 1
-0.904635, -0.0230284, 0.425564, 0.283252, -0.236919, 0.857204, -0.457242, 0.994234, -0.354265, -0.514461, -0.780913, 1.15211, 0, 0, 0, 1
-0.880352, -0.0265023, 0.473581, 0.282174, -0.21101, 0.916081, -0.340986, 1.00446, -0.424801, -0.400118, -0.812065, 1.18389, 0, 0, 0, 1
-0.853699, -0.0299461, 0.519904, 0.281109, -0.169824, 0.959778, -0.223574, 1.0114, -0.492298, -0.279157, -0.824448, 1.21826, 0, 0, 0, 1
-0.824808, -0.0332943, 0.564432, 0.280074, -0.113934, 0.987575, -0.108238, 1.01469, -0.553815, -0.153584, -0.818353, 1.25479, 0, 0, 0, 1
-0.793803, -0.0364811, 0.607079, 0.279085, -0.0444564, 0.99901, 0.00190321, 1.01405, -0.606548, -0.0254778, -0.794639, 1.29304, 0, 0, 0, 1
-0.760806, -0.0394431, 0.64778, 0.278162, 0.0369794, 0.993895, 0.10395, 1.00924, -0.647925, 0.10304, -0.754702, 1.33253, 0, 0, 0, 1
-0.725926, -0.04212, 0.686482, 0.277322, 0.128279, 0.972316, 0.195308, 1.00011, -0.675704, 0.229841, -0.700426, 1.37272, 0, 0, 0, 1
-0.673394, -0.040423, 0.738178, 0.274178, 0.138044, 0.974067, 0.179269, 1.01319, -0.726281, 0.22262, -0.650351, 1.35817, 0, 0, 0, 1
-0.617026, -0.0387709, 0.785987, 0.270677, 0.146124, 0.975771, 0.162845, 1.02558, -0.773257, 0.215332, -0.596411, 1.34316, 0, 0, 0, 1
-0.557101, -0.0371616, 0.829613, 0.266846, 0.15252, 0.977426, 0.146203, 1.03725, -0.816318, 0.207982, -0.538858, 1.32772, 0, 0, 0, 1
-0.493922, -0.0355929, 0.868778, 0.262715, 0.157244, 0.979031, 0.129507, 1.04819, -0.85517, 0.200577, -0.477968, 1.31188, 0, 0, 0, 1
-0.427813, -0.0340628, 0.903225, 0.258314, 0.160328, 0.980584, 0.11292, 1.05837, -0.889534, 0.193121, -0.414045, 1.29567, 0, 0, 0, 1
-0.359121, -0.0325689, 0.932722, 0.253675, 0.161817, 0.982082, 0.096596, 1.06777, -0.919156, 0.18562, -0.347416, 1.27912, 0, 0, 0, 1
-0.288213, -0.0311089, 0.957061, 0.248829, 0.161772, 0.983524, 0.0806857, 1.07639, -0.943802, 0.178081, -0.278432, 1.26226, 0, 0, 0, 1
-0.215472, -0.0296804, 0.976059, 0.243807, 0.160268, 0.984909, 0.0653297, 1.08421, -0.963269, 0.170507, -0.207463, 1.24512, 0, 0, 0, 1
-0.141297, -0.028281, 0.989563, 0.238641, 0.157391, 0.986236, 0.0506594, 1.09122, -0.977376, 0.162907, -0.134901, 1.22775, 0, 0, 0, 1
-0.066104, -0.0269083, 0.99745, 0.233365, 0.153242, 0.987503, 0.0367958, 1.09742, -0.985975, 0.155284, -0.0611544, 1.21017, 0, 0, 0, 1
0.00968272, -0.0255598, 0.999626, 0.22801, 0.14793, 0.98871, 0.0238477, 1.1028, -0.98895, 0.147644, 0.0133545, 1.19241, 0, 0, 0, 1
0.0856276, -0.0242329, 0.996032, 0.22261, 0.141576, 0.989856, 0.0119116, 1.10735, -0.986217, 0.139994, 0.0881898, 1.1745, 0, 0, 0, 1
0.161289, -0.0229252, 0.986641, 0.217195, 0.134306, 0.990939, 0.00106983, 1.11109, -0.977726, 0.132339, 0.162906, 1.15649, 0, 0, 0, 1
0.236219, -0.0216342, 0.971459, 0.211799, 0.126254, 0.991961, -0.00860908, 1.114, -0.963463, 0.124684, 0.237051, 1.1384, 0, 0, 0, 1
0.30997, -0.0203572, 0.950528, 0.206453, 0.11756, 0.992919, -0.0170717, 1.1161, -0.94345, 0.117036, 0.310168, 1.12027, 0, 0, 0, 1
0.382095, -0.0190919, 0.923926, 0.201188, 0.108367, 0.993814, -0.0242796, 1.11738, -0.917747, 0.1094, 0.3818, 1.10213, 0, 0, 0, 1
0.452148, -0.0178357, 0.891764, 0.196035, 0.0988177, 0.994647, -0.0302098, 1.11787, -0.886452, 0.101781, 0.45149, 1.08401, 0, 0, 0, 1
0.519694, -0.0165862, 0.854192, 0.191023, 0.0890578, 0.995416, -0.0348548, 1.11756, -0.849698, 0.0941862, 0.518789, 1.06595, 0, 0, 0, 1
0.584303, -0.0153408, 0.81139, 0.18618, 0.0792302, 0.996123, -0.0382222, 1.11648, -0.807659, 0.08662, 0.583253, 1.04797, 0, 0, 0, 1
0.645561, -0.0140972, 0.763579, 0.181537, 0.0694752, 0.996768, -0.0403348, 1.11464, -0.760542, 0.0790883, 0.644454, 1.03012, 0, 0, 0, 1
0.703066, -0.0128531, 0.711008, 0.177118, 0.0599285, 0.997351, -0.0412297, 1.11205, -0.708595, 0.0715968, 0.701974, 1.01241, 0, 0, 0, 1
0.756436, -0.0116061, 0.653964, 0.17295, 0.0507199, 0.997873, -0.0409579, 1.10873, -0.652098, 0.0641511, 0.755416, 0.994892, 0, 0, 0, 1
0.80531, -0.0103539, 0.592763, 0.169058, 0.0419719, 0.998334, -0.0395837, 1.10471, -0.591366, 0.0567566, 0.804404, 0.977582, 0, 0, 0, 1
0.84935, -0.00909441, 0.527752, 0.165464, 0.0337983, 0.998737, -0.0371834, 1.10001, -0.526747, 0.0494188, 0.848584, 0.960515, 0, 0, 0, 1
0.888244, -0.00782548, 0.459306, 0.162192, 0.0263028, 0.999081, -0.0338446, 1.09465, -0.458619, 0.0421433, 0.887633, 0.943719, 0, 0, 0, 1
0.921708, -0.00654506, 0.387829, 0.15926, 0.0195787, 0.999368, -0.0296649, 1.08865, -0.387389, 0.0349355, 0.921254, 0.927224, 0, 0, 0, 1
0.949492, -0.00525118, 0.313747, 0.156688, 0.0137067, 0.9996, -0.0247504, 1.08205, -0.313491, 0.0278008, 0.949184, 0.911056, 0, 0, 0, 1
0.971377, -0.00394197, 0.237509, 0.154494, 0.00875542, 0.999777, -0.019215, 1.07487, -0.23738, 0.0207445, 0.971195, 0.895243, 0, 0, 0, 1
0.987181, -0.00261566, 0.159585, 0.152692, 0.00477969, 0.999902, -0.013178, 1.06714, -0.159535, 0.0137719, 0.987096, 0.879811, 0, 0, 0, 1
0.996757, -0.00127055, 0.0804605, 0.151296, 0.00182063, 0.999975, -0.00676366, 1.05889, -0.0804499, 0.00688822, 0.996735, 0.864786, 0, 0, 0, 1
1, 9.4924e-05, 0.000634357, 0.150319, -9.48614e-05, 1, -9.88165e-05, 1.05016, -0.000634366, 9.87563e-05, 1, 0.85019, 0, 0, 0, 1
