-0.999999, -0.000795146, -0.000797158, 0.290902, 0.000796821, 0.000424595, -1, 0.848124, 0.000795484, -1, -0.000423961, 1.02183, 0, 0, 0, 1
-0.995849, 0.0253409, 0.0874225, 0.292473, -0.085864, 0.0571633, -0.994666, 0.86039, -0.0302031, -0.998043, -0.0547501, 1.01537, 0, 0, 0, 1
-0.983367, 0.0497395, 0.174686, 0.293634, -0.168143, 0.11438, -0.979104, 0.872993, -0.0686807, -0.992191, -0.104114, 1.00983, 0, 0, 0, 1
-0.96287, 0.0723906, 0.260077, 0.294371, -0.244834, 0.171735, -0.954235, 0.885851, -0.113742, -0.98248, -0.147635, 1.00522, 0, 0, 0, 1
-0.93478, 0.0933033, 0.342754, 0.294675, -0.314896, 0.22889, -0.921113, 0.898883, -0.164396, -0.96897, -0.184581, 1.00155, 0, 0, 0, 1
-0.89961, 0.112505, 0.421954, 0.294538, -0.377474, 0.285517, -0.880905, 0.912007, -0.219581, -0.951747, -0.214386, 0.998809, 0, 0, 0, 1
-0.857948, 0.130041, 0.497006, 0.29396, -0.431898, 0.341293, -0.834855, 0.925143, -0.27819, -0.930918, -0.236648, 0.996992, 0, 0, 0, 1
-0.810443, 0.145973, 0.567339, 0.292946, -0.477699, 0.395911, -0.784257, 0.93821, -0.339096, -0.906613, -0.251132, 0.996084, 0, 0, 0, 1
-0.757789, 0.160379, 0.632483, 0.291501, -0.514601, 0.449073, -0.730424, 0.951133, -0.401176, -0.878983, -0.257772, 0.996066, 0, 0, 0, 1
-0.700706, 0.173352, 0.69207, 0.289638, -0.542523, 0.500502, -0.67466, 0.963835, -0.463336, -0.848202, -0.256657, 0.996914, 0, 0, 0, 1
-0.639927, 0.184998, 0.745834, 0.287372, -0.561567, 0.549936, -0.618233, 0.976246, -0.524533, -0.81446, -0.24803, 0.998597, 0, 0, 0, 1
-0.576186, 0.195436, 0.793609, 0.284722, -0.572008, 0.597135, -0.562349, 0.988297, -0.583795, -0.777968, -0.23227, 1.00108, 0, 0, 0, 1
-0.510198, 0.204794, 0.835319, 0.281709, -0.574278, 0.641881, -0.508128, 0.999925, -0.640237, -0.738951, -0.209878, 1.00433, 0, 0, 0, 1
-0.442655, 0.213209, 0.870976, 0.278359, -0.568947, 0.683978, -0.456589, 1.01107, -0.693077, -0.69765, -0.181462, 1.0083, 0, 0, 0, 1
-0.374212, 0.220825, 0.900667, 0.274699, -0.556706, 0.723257, -0.40863, 1.02168, -0.741649, -0.654321, -0.147717, 1.01294, 0, 0, 0, 1
-0.30548, 0.227792, 0.92455, 0.270758, -0.538341, 0.759573, -0.365017, 1.0317, -0.785411, -0.609229, -0.109404, 1.01821, 0, 0, 0, 1
-0.237018, 0.23426, 0.942839, 0.266566, -0.514715, 0.792809, -0.326377, 1.04109, -0.823948, -0.562651, -0.0673328, 1.02404, 0, 0, 0, 1
-0.169335, 0.240384, 0.955793, 0.262157, -0.48674, 0.822876, -0.293189, 1.04981, -0.856977, -0.51487, -0.0223366, 1.0304, 0, 0, 0, 1
-0.102879, 0.246316, 0.963714, 0.257563, -0.455356, 0.84971, -0.265788, 1.05784, -0.884345, -0.466177, 0.0247444, 1.03721, 0, 0, 0, 1
-0.038044, 0.252205, 0.966926, 0.252818, -0.42151, 0.873279, -0.244363, 1.06513, -0.906025, -0.416865, 0.0730839, 1.04443, 0, 0, 0, 1
0.0248327, 0.258196, 0.965773, 0.247956, -0.386133, 0.893575, -0.228965, 1.07168, -0.922109, -0.367232, 0.121888, 1.05198, 0, 0, 0, 1
0.0854676, 0.264426, 0.960611, 0.243008, -0.350124, 0.910619, -0.219514, 1.07747, -0.932796, -0.317572, 0.17041, 1.05981, 0, 0, 0, 1
0.155477, 0.251556, 0.955273, 0.236721, -0.348638, 0.918777, -0.185202, 1.08189, -0.924272, -0.30425, 0.230551, 1.04759, 0, 0, 0, 1
0.224924, 0.23866, 0.944696, 0.23056, -0.343968, 0.926567, -0.152184, 1.0857, -0.911644, -0.290716, 0.290498, 1.03548, 0, 0, 0, 1
0.293406, 0.225745, 0.928952, 0.224535, -0.336297, 0.933983, -0.120749, 1.08889, -0.894884, -0.276975, 0.349954, 1.0235, 0, 0, 0, 1
0.360532, 0.212819, 0.908144, 0.218658, -0.325831, 0.941022, -0.0911696, 1.09147, -0.873986, -0.263032, 0.408611, 1.01166, 0, 0, 0, 1
0.42592, 0.199891, 0.882404, 0.212938, -0.312806, 0.947679, -0.0636921, 1.09345, -0.848967, -0.248893, 0.466162, 0.999986, 0, 0, 0, 1
0.489203, 0.186966, 0.851894, 0.207386, -0.297474, 0.953952, -0.0385395, 1.09482, -0.819872, -0.234563, 0.522294, 0.988494, 0, 0, 0, 1
0.55003, 0.174055, 0.816806, 0.20201, -0.280113, 0.959835, -0.0159074, 1.09561, -0.786768, -0.220048, 0.576693, 0.977203, 0, 0, 0, 1
0.608069, 0.161163, 0.777354, 0.19682, -0.261012, 0.965327, 0.00403749, 1.09582, -0.74975, -0.205354, 0.629051, 0.966132, 0, 0, 0, 1
0.663006, 0.148299, 0.733778, 0.191824, -0.240478, 0.970424, 0.0211585, 1.09545, -0.708938, -0.190486, 0.679059, 0.955297, 0, 0, 0, 1
0.71455, 0.135471, 0.686342, 0.187031, -0.218827, 0.975123, 0.0353506, 1.09451, -0.664479, -0.17545, 0.726419, 0.944716, 0, 0, 0, 1
0.762435, 0.122686, 0.635328, 0.182448, -0.196385, 0.979422, 0.0465412, 1.09303, -0.616544, -0.160253, 0.770839, 0.934407, 0, 0, 0, 1
0.806417, 0.109954, 0.581036, 0.178082, -0.173479, 0.983318, 0.0546905, 1.09099, -0.565329, -0.144901, 0.812038, 0.924387, 0, 0, 0, 1
0.846279, 0.0972809, 0.523783, 0.17394, -0.150442, 0.986809, 0.0597923, 1.08843, -0.511057, -0.1294, 0.849751, 0.914671, 0, 0, 0, 1
0.881832, 0.0846757, 0.463899, 0.170028, -0.127601, 0.989894, 0.0618734, 1.08534, -0.453971, -0.113756, 0.883725, 0.905275, 0, 0, 0, 1
0.912914, 0.0721463, 0.401725, 0.166353, -0.105281, 0.99257, 0.0609937, 1.08175, -0.39434, -0.0979762, 0.913727, 0.896216, 0, 0, 0, 1
0.939391, 0.0597005, 0.337611, 0.162918, -0.0837979, 0.994837, 0.0572453, 1.07766, -0.33245, -0.0820667, 0.939543, 0.887508, 0, 0, 0, 1
0.961157, 0.0473465, 0.271912, 0.15973, -0.0634547, 0.996693, 0.0507516, 1.07309, -0.26861, -0.0660344, 0.960983, 0.879166, 0, 0, 0, 1
0.978135, 0.0350921, 0.204989, 0.156791, -0.0445418, 0.998138, 0.0416662, 1.06805, -0.203146, -0.0498858, 0.977877, 0.871205, 0, 0, 0, 1
0.990277, 0.0229454, 0.137203, 0.154105, -0.0273317, 0.999171, 0.0301712, 1.06257, -0.136397, -0.0336279, 0.990083, 0.863636, 0, 0, 0, 1
0.997563, 0.0109143, 0.0689135, 0.151676, -0.0120768, 0.999791, 0.0164754, 1.05665, -0.0687193, -0.0172675, 0.997487, 0.856475, 0, 0, 0, 1
0.999999, -0.000993302, 0.000478478, 0.149505, 0.000992913, 0.999999, 0.000812026, 1.05031, -0.000479284, -0.000811551, 1, 0.849733, 0, 0, 0, 1
