-0.999999, -0.000795146, -0.000797158, 0.290902, 0.000796821, 0.000424595, -1, 0.848124, 0.000795484, -1, -0.000423961, 1.02183, 0, 0, 0, 1
-0.995852, 0.00974275, -0.0904627, 0.29003, 0.0908848, 0.059667, -0.994072, 0.85618, -0.00428736, -0.998171, -0.060305, 1.02046, 0, 0, 0, 1
-0.983578, 0.0189387, -0.179488, 0.288956, 0.180462, 0.118911, -0.976368, 0.864494, 0.00285198, -0.992724, -0.120376, 1.01989, 0, 0, 0, 1
-0.963255, 0.026803, -0.267249, 0.287672, 0.267674, 0.177907, -0.946942, 0.873007, 0.0221646, -0.983682, -0.178544, 1.02015, 0, 0, 0, 1
-0.93498, 0.0333564, -0.353129, 0.286174, 0.35068, 0.236405, -0.906166, 0.881662, 0.0532551, -0.971082, -0.232732, 1.02124, 0, 0, 0, 1
-0.898872, 0.03863, -0.436506, 0.284459, 0.427705, 0.294162, -0.854715, 0.890399, 0.0953858, -0.954975, -0.280936, 1.02318, 0, 0, 0, 1
-0.855071, 0.0426653, -0.516753, 0.282528, 0.497092, 0.350937, -0.793563, 0.899159, 0.14749, -0.935427, -0.321284, 1.02597, 0, 0, 0, 1
-0.803748, 0.0455135, -0.593226, 0.280383, 0.557354, 0.406496, -0.723959, 0.907881, 0.208194, -0.912518, -0.352088, 1.0296, 0, 0, 0, 1
-0.745111, 0.0472354, -0.665265, 0.278032, 0.607219, 0.460615, -0.647394, 0.916508, 0.275851, -0.886343, -0.371891, 1.03407, 0, 0, 0, 1
-0.679414, 0.0479005, -0.73219, 0.275481, 0.645671, 0.513073, -0.565566, 0.92498, 0.348576, -0.857007, -0.379517, 1.03937, 0, 0, 0, 1
-0.606968, 0.0475872, -0.7933, 0.272742, 0.671983, 0.563665, -0.480334, 0.933242, 0.424298, -0.824632, -0.374105, 1.0455, 0, 0, 0, 1
-0.528154, 0.0463814, -0.847881, 0.269827, 0.685745, 0.612191, -0.393669, 0.941236, 0.500806, -0.789348, -0.355137, 1.05244, 0, 0, 0, 1
-0.44343, 0.0443767, -0.89521, 0.266752, 0.686882, 0.658466, -0.307597, 0.948909, 0.575815, -0.751301, -0.322465, 1.06017, 0, 0, 0, 1
-0.353349, 0.0416729, -0.934563, 0.263535, 0.675657, 0.702316, -0.224142, 0.956209, 0.647018, -0.710644, -0.276319, 1.06867, 0, 0, 0, 1
-0.25856, 0.0383759, -0.965233, 0.260194, 0.652674, 0.743581, -0.145271, 0.963085, 0.712154, -0.667544, -0.217307, 1.07791, 0, 0, 0, 1
-0.159823, 0.0345967, -0.986539, 0.256751, 0.618865, 0.782114, -0.0728304, 0.96949, 0.769067, -0.622174, -0.14641, 1.08787, 0, 0, 0, 1
-0.0580075, 0.0304507, -0.997852, 0.253229, 0.575462, 0.817784, -0.00849735, 0.975378, 0.815768, -0.574719, -0.0649608, 1.09852, 0, 0, 0, 1
0.0459012, 0.0260564, -0.998606, 0.249654, 0.523976, 0.850475, 0.0462759, 0.980707, 0.850495, -0.52537, 0.0253848, 1.10982, 0, 0, 0, 1
0.150808, 0.0215353, -0.988329, 0.24605, 0.466148, 0.880086, 0.0903057, 0.985438, 0.871758, -0.474327, 0.122685, 1.12174, 0, 0, 0, 1
0.255512, 0.0170105, -0.966656, 0.242447, 0.403906, 0.906533, 0.122715, 0.989534, 0.878393, -0.421793, 0.224759, 1.13425, 0, 0, 0, 1
0.358719, 0.0126058, -0.93336, 0.238871, 0.339308, 0.929748, 0.142964, 0.992963, 0.869592, -0.367981, 0.329241, 1.14729, 0, 0, 0, 1
0.459057, 0.0084452, -0.888367, 0.235354, 0.274489, 0.949681, 0.150869, 0.995695, 0.844939, -0.313104, 0.43364, 1.16083, 0, 0, 0, 1
0.502439, 0.00787258, -0.864577, 0.229673, 0.253413, 0.954703, 0.155961, 1.00835, 0.826642, -0.297456, 0.477685, 1.14687, 0, 0, 0, 1
0.544863, 0.00726759, -0.838494, 0.223969, 0.232479, 0.959453, 0.159384, 1.01998, 0.805654, -0.281775, 0.521081, 1.13261, 0, 0, 0, 1
0.586199, 0.00663829, -0.81014, 0.218273, 0.211812, 0.963931, 0.161161, 1.03058, 0.781989, -0.26607, 0.563649, 1.1181, 0, 0, 0, 1
0.626315, 0.00599268, -0.779547, 0.212616, 0.191533, 0.968137, 0.161327, 1.04015, 0.755675, -0.25035, 0.605211, 1.10338, 0, 0, 0, 1
0.66508, 0.0053387, -0.746753, 0.20703, 0.17176, 0.972071, 0.159924, 1.04869, 0.726751, -0.234625, 0.645589, 1.0885, 0, 0, 0, 1
0.702361, 0.00468418, -0.711805, 0.201544, 0.15261, 0.975735, 0.157006, 1.0562, 0.695269, -0.218903, 0.684604, 1.0735, 0, 0, 0, 1
0.738026, 0.0040369, -0.67476, 0.196189, 0.134192, 0.97913, 0.152632, 1.06269, 0.661294, -0.203194, 0.722082, 1.05841, 0, 0, 0, 1
0.771945, 0.0034045, -0.63568, 0.190992, 0.116615, 0.982257, 0.146873, 1.06815, 0.624902, -0.187508, 0.757851, 1.0433, 0, 0, 0, 1
0.803987, 0.0027945, -0.59464, 0.185982, 0.0999775, 0.985119, 0.139805, 1.07261, 0.586181, -0.171852, 0.791744, 1.0282, 0, 0, 0, 1
0.834027, 0.00221432, -0.55172, 0.181186, 0.084375, 0.987717, 0.131513, 1.07607, 0.545234, -0.156236, 0.823596, 1.01316, 0, 0, 0, 1
0.861938, 0.00167119, -0.507011, 0.17663, 0.0698952, 0.990055, 0.122088, 1.07856, 0.502173, -0.14067, 0.85325, 0.998221, 0, 0, 0, 1
0.887601, 0.00117221, -0.460612, 0.172337, 0.0566187, 0.992136, 0.111629, 1.08008, 0.45712, -0.125162, 0.880554, 0.983421, 0, 0, 0, 1
0.910898, 0.000724311, -0.412631, 0.16833, 0.0446183, 0.993962, 0.100241, 1.08067, 0.410212, -0.10972, 0.905366, 0.968807, 0, 0, 0, 1
0.931717, 0.000334223, -0.363185, 0.164632, 0.0339584, 0.995539, 0.0880333, 1.08034, 0.361594, -0.0943553, 0.927549, 0.954419, 0, 0, 0, 1
0.949951, 8.49609e-06, -0.312399, 0.161262, 0.024695, 0.996869, 0.0751201, 1.07912, 0.311422, -0.0790751, 0.946976, 0.940297, 0, 0, 0, 1
0.965499, -0.000246529, -0.260407, 0.158237, 0.0168746, 0.997957, 0.0616202, 1.07704, 0.25986, -0.0638885, 0.96353, 0.926481, 0, 0, 0, 1
0.978267, -0.000424726, -0.20735, 0.155576, 0.0105346, 0.998808, 0.0476558, 1.07412, 0.207083, -0.0488044, 0.977105, 0.913009, 0, 0, 0, 1
0.988168, -0.000520199, -0.153377, 0.153292, 0.0057027, 0.999427, 0.0333513, 1.0704, 0.153272, -0.0338313, 0.987605, 0.899918, 0, 0, 0, 1
0.993296, -0.000461741, -0.115596, 0.152028, 0.0034098, 0.999674, 0.0253068, 1.06629, 0.115546, -0.0255313, 0.992974, 0.886824, 0, 0, 0, 1
0.996991, -0.000375708, -0.0775147, 0.151091, 0.00171455, 0.99985, 0.0172062, 1.06158, 0.0774967, -0.0172874, 0.996843, 0.874104, 0, 0, 0, 1
0.999232, -0.000260783, -0.0391902, 0.150484, 0.000617272, 0.999959, 0.00908457, 1.05629, 0.0391862, -0.00910178, 0.99919, 0.861788, 0, 0, 0, 1
1, -0.000115698, -0.000678504, 0.150211, 0.000116361, 1, 0.000976719, 1.05046, 0.000678391, -0.000976798, 0.999999, 0.849901, 0, 0, 0, 1
