-0.999999, -0.000795146, -0.000797158, 0.290902, 0.000796821, 0.000424595, -1, 0.848124, 0.000795484, -1, -0.000423961, 1.02183, 0, 0, 0, 1
-0.999648, 0.0120913, -0.0235957, 0.289287, 0.0244811, 0.0792317, -0.996556, 0.863272, -0.0101801, -0.996783, -0.0794998, 1.00978, 0, 0, 0, 1
-0.998657, 0.0225276, -0.0466535, 0.28716, 0.0496336, 0.157888, -0.986209, 0.878825, -0.0148509, -0.9872, -0.158794, 0.999257, 0, 0, 0, 1
-0.997062, 0.030552, -0.07024, 0.284507, 0.0754791, 0.235807, -0.968864, 0.894641, -0.0130376, -0.971319, -0.237421, 0.990284, 0, 0, 0, 1
-0.994853, 0.0362362, -0.094625, 0.281322, 0.101219, 0.312415, -0.944538, 0.910576, -0.00466421, -0.949254, -0.314475, 0.982884, 0, 0, 0, 1
-0.991972, 0.0396846, -0.12007, 0.277608, 0.126043, 0.387149, -0.913361, 0.926489, 0.0102387, -0.921163, -0.389043, 0.977068, 0, 0, 0, 1
-0.988312, 0.041033, -0.14682, 0.273378, 0.14915, 0.459471, -0.87558, 0.942234, 0.031532, -0.887244, -0.460221, 0.972832, 0, 0, 0, 1
-0.98372, 0.0404466, -0.175096, 0.268651, 0.169756, 0.528865, -0.831556, 0.957671, 0.0589684, -0.847742, -0.527121, 0.970162, 0, 0, 0, 1
-0.978002, 0.038118, -0.205082, 0.263454, 0.187115, 0.594846, -0.781758, 0.972663, 0.0921934, -0.802935, -0.588893, 0.969035, 0, 0, 0, 1
-0.970923, 0.0342647, -0.236927, 0.257825, 0.200532, 0.656962, -0.726765, 0.987074, 0.13075, -0.753144, -0.644731, 0.969415, 0, 0, 0, 1
-0.962216, 0.0291265, -0.270727, 0.251805, 0.209373, 0.7148, -0.667251, 1.00078, 0.174081, -0.698722, -0.69389, 0.971258, 0, 0, 0, 1
-0.951585, 0.022962, -0.306526, 0.245444, 0.213086, 0.767987, -0.603979, 1.01365, 0.221539, -0.640054, -0.735698, 0.974508, 0, 0, 0, 1
-0.938719, 0.016046, -0.344309, 0.238798, 0.211206, 0.816194, -0.537791, 1.02558, 0.272393, -0.577555, -0.769566, 0.9791, 0, 0, 0, 1
-0.923294, 0.00866534, -0.383997, 0.231929, 0.203367, 0.859142, -0.469593, 1.03647, 0.325839, -0.511665, -0.795002, 0.984962, 0, 0, 0, 1
-0.904983, 0.00111582, -0.425447, 0.224902, 0.189314, 0.896596, -0.400344, 1.0462, 0.381007, -0.442847, -0.811615, 0.992013, 0, 0, 0, 1
-0.88347, -0.00630178, -0.468446, 0.217789, 0.168906, 0.928378, -0.331038, 1.05471, 0.436981, -0.371585, -0.819129, 1.00016, 0, 0, 0, 1
-0.858455, -0.0132855, -0.512716, 0.210663, 0.142122, 0.954356, -0.262689, 1.06192, 0.492804, -0.298375, -0.817384, 1.00932, 0, 0, 0, 1
-0.829668, -0.0195358, -0.557915, 0.2036, 0.109068, 0.974456, -0.196315, 1.06776, 0.547498, -0.223727, -0.806345, 1.01937, 0, 0, 0, 1
-0.796876, -0.0247598, -0.603635, 0.196676, 0.0699688, 0.988654, -0.13292, 1.07218, 0.600077, -0.148157, -0.786102, 1.03022, 0, 0, 0, 1
-0.759893, -0.0286746, -0.649415, 0.189971, 0.0251752, 0.996979, -0.073479, 1.07514, 0.64956, -0.0721853, -0.756876, 1.04175, 0, 0, 0, 1
-0.71859, -0.0310109, -0.694742, 0.183562, -0.0248447, 0.999512, -0.0189173, 1.07661, 0.69499, 0.00366685, -0.71901, 1.05385, 0, 0, 0, 1
-0.672901, -0.031517, -0.73906, 0.177526, -0.07951, 0.996385, 0.029902, 1.07659, 0.735447, 0.0788838, -0.672975, 1.0664, 0, 0, 0, 1
-0.622834, -0.0299613, -0.78178, 0.171938, -0.138136, 0.987779, 0.072195, 1.07506, 0.770062, 0.152957, -0.619361, 1.07929, 0, 0, 0, 1
-0.568472, -0.0261359, -0.822287, 0.166868, -0.199943, 0.973918, 0.107271, 1.07204, 0.798036, 0.225391, -0.558871, 1.09238, 0, 0, 0, 1
-0.509981, -0.0198595, -0.859957, 0.162385, -0.264069, 0.955073, 0.134545, 1.06755, 0.81865, 0.295704, -0.492313, 1.10556, 0, 0, 0, 1
-0.447609, -0.0109791, -0.894162, 0.158553, -0.329586, 0.931555, 0.15355, 1.06163, 0.831275, 0.363434, -0.420591, 1.11872, 0, 0, 0, 1
-0.381694, 0.000626969, -0.924289, 0.15543, -0.39551, 0.903712, 0.163943, 1.05431, 0.835393, 0.428141, -0.344693, 1.13172, 0, 0, 0, 1
-0.312654, 0.0150478, -0.949748, 0.153068, -0.460821, 0.871923, 0.165516, 1.04565, 0.830597, 0.489413, -0.265676, 1.14447, 0, 0, 0, 1
-0.188891, 0.0107621, -0.981939, 0.150845, -0.448952, 0.888373, 0.0960994, 1.05045, 0.873363, 0.458996, -0.162974, 1.12444, 0, 0, 0, 1
-0.0623854, 0.00689295, -0.998028, 0.148897, -0.426842, 0.903727, 0.032923, 1.05458, 0.902172, 0.428054, -0.0534372, 1.10436, 0, 0, 0, 1
0.064794, 0.00345372, -0.997893, 0.147229, -0.396009, 0.91797, -0.0225361, 1.05805, 0.915958, 0.396634, 0.0608467, 1.08425, 0, 0, 0, 1
0.190599, 0.000457139, -0.981668, 0.145841, -0.358177, 0.931092, -0.0691097, 1.06086, 0.913992, 0.364784, 0.177629, 1.06414, 0, 0, 0, 1
0.313034, -0.00208476, -0.94974, 0.144739, -0.315221, 0.943083, -0.105967, 1.06302, 0.895905, 0.33255, 0.29456, 1.04406, 0, 0, 0, 1
0.430181, -0.00416065, -0.902733, 0.143922, -0.2691, 0.953936, -0.132631, 1.06453, 0.861702, 0.299981, 0.409246, 1.02402, 0, 0, 0, 1
0.54023, -0.00575993, -0.841498, 0.143394, -0.221794, 0.963645, -0.148985, 1.0654, 0.811763, 0.267125, 0.519312, 1.00406, 0, 0, 0, 1
0.641502, -0.00687275, -0.767091, 0.143154, -0.175245, 0.972205, -0.155265, 1.06563, 0.746836, 0.234032, 0.622467, 0.984194, 0, 0, 0, 1
0.73247, -0.00749003, -0.680758, 0.143205, -0.131295, 0.979614, -0.152046, 1.06524, 0.668019, 0.200749, 0.716555, 0.964456, 0, 0, 0, 1
0.811782, -0.00760348, -0.583912, 0.143546, -0.0916244, 0.985872, -0.140218, 1.06423, 0.576728, 0.167327, 0.799616, 0.944866, 0, 0, 0, 1
0.878271, -0.00720562, -0.47811, 0.144178, -0.0577094, 0.99098, -0.120945, 1.06261, 0.474669, 0.133814, 0.869933, 0.925449, 0, 0, 0, 1
0.930975, -0.00628977, -0.36503, 0.145099, -0.0307727, 0.994941, -0.0956267, 1.06039, 0.363784, 0.100259, 0.926072, 0.90623, 0, 0, 0, 1
0.969145, -0.00485012, -0.246444, 0.146309, -0.0117509, 0.997761, -0.0658467, 1.05759, 0.246212, 0.0667109, 0.966917, 0.887229, 0, 0, 0, 1
0.992253, -0.00288167, -0.124197, 0.147807, -0.00126788, 0.999444, -0.0333191, 1.0542, 0.124224, 0.0332184, 0.991698, 0.868472, 0, 0, 0, 1
1, -0.000380303, -0.000172718, 0.149591, 0.000380332, 1, 0.000169957, 1.05026, 0.000172653, -0.000170023, 1, 0.84998, 0, 0, 0, 1
