-0.999999, -0.000795146, -0.000797158, 0.290902, 0.000796821, 0.000424595, -1, 0.848124, 0.000795484, -1, -0.000423961, 1.02183, 0, 0, 0, 1
-0.992456, 0.00269159, 0.122575, 0.286964, -0.122413, 0.0341017, -0.991893, 0.850581, -0.0068498, -0.999415, -0.033515, 1.01774, 0, 0, 0, 1
-0.969757, 0.00508918, 0.24402, 0.282915, -0.243127, 0.067843, -0.967619, 0.853082, -0.0214795, -0.997683, -0.0645539, 1.01388, 0, 0, 0, 1
-0.932297, 0.00639906, 0.361637, 0.278751, -0.359168, 0.101582, -0.927728, 0.855615, -0.0426726, -0.994807, -0.0924067, 1.01027, 0, 0, 0, 1
-0.880715, 0.00662582, 0.4736, 0.27447, -0.468469, 0.135254, -0.873065, 0.858169, -0.0698412, -0.990789, -0.116017, 1.0069, 0, 0, 0, 1
-0.815882, 0.00577713, 0.57819, 0.270068, -0.569108, 0.168793, -0.804752, 0.86073, -0.102244, -0.985635, -0.134428, 1.00378, 0, 0, 0, 1
-0.73888, 0.00386374, 0.673826, 0.265545, -0.659344, 0.202135, -0.724159, 0.863286, -0.139001, -0.97935, -0.146806, 1.00091, 0, 0, 0, 1
-0.650986, 0.000899433, 0.759089, 0.2609, -0.737654, 0.235214, -0.632883, 0.865825, -0.179118, -0.971943, -0.152458, 0.998297, 0, 0, 0, 1
-0.553641, -0.003099, 0.83275, 0.256132, -0.802757, 0.26797, -0.532703, 0.868332, -0.221501, -0.963422, -0.150847, 0.995933, 0, 0, 0, 1
-0.448423, -0.00811182, 0.893785, 0.251243, -0.853639, 0.300338, -0.425555, 0.870796, -0.264985, -0.953798, -0.141603, 0.993823, 0, 0, 0, 1
-0.337019, -0.0141164, 0.941392, 0.246232, -0.889569, 0.332259, -0.313483, 0.873203, -0.30836, -0.943083, -0.124535, 0.991969, 0, 0, 0, 1
-0.22119, -0.0210874, 0.975003, 0.241103, -0.910109, 0.363672, -0.198603, 0.875541, -0.350393, -0.931288, -0.0996326, 0.99037, 0, 0, 0, 1
-0.102742, -0.0289965, 0.994285, 0.235858, -0.915126, 0.394521, -0.0830568, 0.877797, -0.389858, -0.918429, -0.0670694, 0.989027, 0, 0, 0, 1
0.0165121, -0.037813, 0.999148, 0.2305, -0.90478, 0.424748, 0.0310273, 0.879959, -0.42556, -0.904521, -0.0271989, 0.987939, 0, 0, 0, 1
0.134782, -0.0475033, 0.989736, 0.225033, -0.879527, 0.4543, 0.141578, 0.882014, -0.456362, -0.889581, 0.0194508, 0.987106, 0, 0, 0, 1
0.25033, -0.0580318, 0.96642, 0.219462, -0.840102, 0.483123, 0.24662, 0.88395, -0.481211, -0.873627, 0.0721874, 0.986528, 0, 0, 0, 1
0.361504, -0.06936, 0.929787, 0.213791, -0.7875, 0.511167, 0.344314, 0.885755, -0.499158, -0.856678, 0.130168, 0.986201, 0, 0, 0, 1
0.466762, -0.0814475, 0.880624, 0.208028, -0.722957, 0.538383, 0.432987, 0.887418, -0.509379, -0.838755, 0.192414, 0.986126, 0, 0, 0, 1
0.517472, -0.0805234, 0.851903, 0.204557, -0.674767, 0.573836, 0.464114, 0.901203, -0.526224, -0.815002, 0.24261, 0.976758, 0, 0, 0, 1
0.565773, -0.0798513, 0.820686, 0.201003, -0.624646, 0.608203, 0.489802, 0.914443, -0.538255, -0.789755, 0.294226, 0.96778, 0, 0, 0, 1
0.611559, -0.0793867, 0.787206, 0.197382, -0.57317, 0.641414, 0.509965, 0.927117, -0.545409, -0.763076, 0.346761, 0.959196, 0, 0, 0, 1
0.654751, -0.0790836, 0.751696, 0.193713, -0.520911, 0.673404, 0.524576, 0.939209, -0.54768, -0.735033, 0.399716, 0.951007, 0, 0, 0, 1
0.695288, -0.0788953, 0.714388, 0.190016, -0.468432, 0.704109, 0.533668, 0.950701, -0.545111, -0.705695, 0.452601, 0.943215, 0, 0, 0, 1
0.733133, -0.0787744, 0.675508, 0.186307, -0.416283, 0.733475, 0.537329, 0.961577, -0.537796, -0.675136, 0.504942, 0.93582, 0, 0, 0, 1
0.768268, -0.0786728, 0.635275, 0.182607, -0.364993, 0.761449, 0.535701, 0.971825, -0.525875, -0.643433, 0.556282, 0.92882, 0, 0, 0, 1
0.800695, -0.0785421, 0.593902, 0.178934, -0.315063, 0.787984, 0.528976, 0.981431, -0.509532, -0.610665, 0.606189, 0.922213, 0, 0, 0, 1
0.830429, -0.0783341, 0.55159, 0.175306, -0.26697, 0.813039, 0.517392, 0.990386, -0.488994, -0.576915, 0.654259, 0.915998, 0, 0, 0, 1
0.857503, -0.0780005, 0.508531, 0.171743, -0.22115, 0.836578, 0.501229, 0.998679, -0.464522, -0.542267, 0.700118, 0.910169, 0, 0, 0, 1
0.881963, -0.0774935, 0.464905, 0.168264, -0.178007, 0.858568, 0.480806, 1.0063, -0.436412, -0.50681, 0.74343, 0.904723, 0, 0, 0, 1
0.903863, -0.0767659, 0.420879, 0.164886, -0.137902, 0.878985, 0.456475, 1.01325, -0.404987, -0.47063, 0.783895, 0.899654, 0, 0, 0, 1
0.92327, -0.0757713, 0.376606, 0.161628, -0.101152, 0.897807, 0.428614, 1.01952, -0.370596, -0.433821, 0.821254, 0.894955, 0, 0, 0, 1
0.940255, -0.0744644, 0.332227, 0.158508, -0.0680304, 0.915022, 0.397627, 1.02511, -0.333604, -0.396472, 0.855288, 0.890621, 0, 0, 0, 1
0.954898, -0.0728013, 0.287871, 0.155544, -0.038764, 0.930618, 0.363934, 1.03001, -0.294392, -0.358679, 0.885823, 0.886643, 0, 0, 0, 1
0.96728, -0.0707394, 0.243651, 0.152752, -0.0135326, 0.944592, 0.327968, 1.03423, -0.253351, -0.320534, 0.912727, 0.883013, 0, 0, 0, 1
0.977484, -0.068238, 0.19967, 0.150148, 0.0075313, 0.956945, 0.29017, 1.03777, -0.210874, -0.282133, 0.935913, 0.879723, 0, 0, 0, 1
0.985596, -0.0652583, 0.156019, 0.14775, 0.0243419, 0.967685, 0.250983, 1.04063, -0.167356, -0.24357, 0.955335, 0.876763, 0, 0, 0, 1
0.991699, -0.0617634, 0.112778, 0.145572, 0.036859, 0.976824, 0.210848, 1.04282, -0.123187, -0.204941, 0.970991, 0.874123, 0, 0, 0, 1
0.994238, -0.0526414, 0.0933815, 0.145562, 0.0357014, 0.983994, 0.174586, 1.04574, -0.101077, -0.170246, 0.980204, 0.869516, 0, 0, 0, 1
0.99631, -0.0430162, 0.0742668, 0.145816, 0.032403, 0.989816, 0.138618, 1.04798, -0.0794733, -0.1357, 0.987557, 0.865174, 0, 0, 0, 1
0.997921, -0.0328797, 0.0554306, 0.146339, 0.0270343, 0.994305, 0.10309, 1.04955, -0.0585045, -0.101377, 0.993126, 0.861095, 0, 0, 0, 1
0.999073, -0.0222253, 0.0368706, 0.147135, 0.0196752, 0.997482, 0.068141, 1.05047, -0.0382922, -0.0673524, 0.996994, 0.857275, 0, 0, 0, 1
0.999766, -0.0110487, 0.0185853, 0.148206, 0.0104141, 0.999371, 0.0339011, 1.05074, -0.0189481, -0.0336997, 0.999252, 0.853711, 0, 0, 0, 1
1, 0.000652701, 0.000574603, 0.149556, -0.000652983, 1, 0.000490579, 1.05038, -0.000574282, -0.000490954, 1, 0.8504, 0, 0, 0, 1
