-0.999999, -0.000795146, -0.000797158, 0.290902, 0.000796821, 0.000424595, -1, 0.848124, 0.000795484, -1, -0.000423961, 1.02183, 0, 0, 0, 1
-0.996359, 0.00779714, 0.0849008, 0.29022, -0.0842779, 0.0604948, -0.994604, 0.859515, -0.0128911, -0.998138, -0.0596174, 1.01282, 0, 0, 0, 1
-0.985348, 0.015303, 0.169867, 0.289318, -0.166832, 0.120484, -0.978596, 0.871168, -0.0354417, -0.992597, -0.116166, 1.00468, 0, 0, 0, 1
-0.967123, 0.021732, 0.253378, 0.28819, -0.245502, 0.180148, -0.95251, 0.883024, -0.0663454, -0.9834, -0.16889, 0.99743, 0, 0, 0, 1
-0.941919, 0.0271023, 0.334744, 0.286833, -0.319024, 0.239243, -0.917053, 0.895023, -0.104939, -0.970581, -0.216701, 0.991075, 0, 0, 0, 1
-0.910046, 0.0314403, 0.413313, 0.285244, -0.38625, 0.29753, -0.87309, 0.907106, -0.150423, -0.954195, -0.258623, 0.985626, 0, 0, 0, 1
-0.871881, 0.0347805, 0.488482, 0.283425, -0.446172, 0.354776, -0.821623, 0.919212, -0.201878, -0.934304, -0.293804, 0.981089, 0, 0, 0, 1
-0.827859, 0.0371654, 0.559704, 0.281378, -0.497935, 0.41075, -0.76377, 0.931281, -0.258284, -0.91099, -0.321537, 0.977465, 0, 0, 0, 1
-0.778466, 0.0386449, 0.626496, 0.279107, -0.540851, 0.46523, -0.700743, 0.943253, -0.318545, -0.884346, -0.341265, 0.974752, 0, 0, 0, 1
-0.724231, 0.0392762, 0.688438, 0.27662, -0.574406, 0.518002, -0.633823, 0.955069, -0.381507, -0.854477, -0.352593, 0.972942, 0, 0, 0, 1
-0.66571, 0.0391235, 0.745184, 0.273926, -0.598272, 0.568859, -0.564332, 0.966671, -0.445983, -0.821504, -0.355289, 0.972027, 0, 0, 0, 1
-0.603483, 0.0382573, 0.796457, 0.271034, -0.6123, 0.617605, -0.493612, 0.977999, -0.51078, -0.785558, -0.349289, 0.971994, 0, 0, 0, 1
-0.538141, 0.0367539, 0.842053, 0.267958, -0.616529, 0.664053, -0.422997, 0.989, -0.574714, -0.746782, -0.334694, 0.972826, 0, 0, 0, 1
-0.470276, 0.0346953, 0.881837, 0.264712, -0.61117, 0.708029, -0.353789, 0.999617, -0.636641, -0.705331, -0.311764, 0.974504, 0, 0, 0, 1
-0.400473, 0.0321682, 0.915744, 0.261313, -0.596609, 0.74937, -0.287232, 1.0098, -0.695471, -0.661369, -0.28091, 0.977003, 0, 0, 0, 1
-0.3293, 0.0292634, 0.943772, 0.257779, -0.573386, 0.787928, -0.224496, 1.0195, -0.750193, -0.615072, -0.242685, 0.980298, 0, 0, 0, 1
-0.257304, 0.0260758, 0.965979, 0.254128, -0.542189, 0.823564, -0.166652, 1.02866, -0.799891, -0.566623, -0.197768, 0.98436, 0, 0, 0, 1
-0.185001, 0.0227028, 0.982476, 0.250382, -0.503832, 0.856158, -0.114656, 1.03724, -0.843758, -0.516214, -0.146952, 0.989157, 0, 0, 0, 1
-0.112872, 0.0192445, 0.993423, 0.246562, -0.459239, 0.885603, -0.0693341, 1.0452, -0.881112, -0.464045, -0.0911216, 0.994652, 0, 0, 0, 1
-0.0413578, 0.0158027, 0.999019, 0.242693, -0.409425, 0.911804, -0.0313726, 1.05249, -0.911406, -0.410321, -0.0312402, 1.00081, 0, 0, 0, 1
0.0291419, 0.0124799, 0.999497, 0.238797, -0.355471, 0.934687, -0.0013063, 1.05909, -0.934233, -0.355254, 0.0316748, 1.00759, 0, 0, 0, 1
0.098273, 0.00937905, 0.995115, 0.2349, -0.298505, 0.954188, 0.0204857, 1.06495, -0.949335, -0.299061, 0.0965706, 1.01495, 0, 0, 0, 1
0.165726, 0.00660278, 0.98615, 0.231028, -0.239682, 0.970263, 0.033783, 1.07004, -0.956602, -0.241961, 0.16238, 1.02285, 0, 0, 0, 1
0.231236, 0.00425244, 0.972888, 0.227207, -0.180155, 0.982884, 0.0385231, 1.07435, -0.956072, -0.184179, 0.228044, 1.03123, 0, 0, 0, 1
0.29458, 0.0024276, 0.955624, 0.223463, -0.121061, 0.992035, 0.034798, 1.07784, -0.947928, -0.125939, 0.292528, 1.04006, 0, 0, 0, 1
0.355577, 0.00122534, 0.934646, 0.219823, -0.0634944, 0.997721, 0.0228478, 1.0805, -0.932488, -0.067469, 0.354844, 1.04928, 0, 0, 0, 1
0.414082, 0.000739519, 0.910239, 0.216314, -0.00849321, 0.999959, 0.00305128, 1.0823, -0.9102, -0.00899434, 0.414071, 1.05885, 0, 0, 0, 1
0.482341, 0.000749938, 0.875983, 0.210807, -0.00773718, 0.999964, 0.00340422, 1.08465, -0.87595, -0.00841964, 0.482329, 1.04433, 0, 0, 0, 1
0.547772, 0.000760303, 0.836627, 0.205357, -0.00698162, 0.999969, 0.0036624, 1.0863, -0.836598, -0.00784718, 0.547761, 1.0298, 0, 0, 0, 1
0.609998, 0.000770628, 0.792403, 0.199991, -0.00623661, 0.999973, 0.0038285, 1.08726, -0.792378, -0.00727729, 0.609987, 1.01528, 0, 0, 0, 1
0.668657, 0.000780928, 0.743571, 0.194733, -0.00551175, 0.999977, 0.00390623, 1.08755, -0.743551, -0.0067103, 0.668646, 1.00078, 0, 0, 0, 1
0.72341, 0.000791215, 0.690418, 0.189608, -0.00481606, 0.999981, 0.00390023, 1.08718, -0.690402, -0.00614656, 0.7234, 0.986348, 0, 0, 0, 1
0.773941, 0.000801503, 0.633258, 0.18464, -0.00415793, 0.999984, 0.00381599, 1.08615, -0.633245, -0.00558639, 0.773932, 0.971992, 0, 0, 0, 1
0.819957, 0.000811806, 0.572424, 0.179853, -0.003545, 0.999987, 0.0036598, 1.08449, -0.572414, -0.00503012, 0.81995, 0.957741, 0, 0, 0, 1
0.861196, 0.000822135, 0.508273, 0.175267, -0.0029841, 0.99999, 0.00343865, 1.08221, -0.508265, -0.00447809, 0.861189, 0.94362, 0, 0, 0, 1
0.897418, 0.000832505, 0.44118, 0.170905, -0.0024812, 0.999992, 0.00316012, 1.07932, -0.441173, -0.00393061, 0.897413, 0.929651, 0, 0, 0, 1
0.928418, 0.000842926, 0.371535, 0.166785, -0.00204135, 0.999994, 0.00283232, 1.07585, -0.371531, -0.00338801, 0.928414, 0.915857, 0, 0, 0, 1
0.954018, 0.00085341, 0.299747, 0.162927, -0.00166863, 0.999996, 0.00246373, 1.07181, -0.299743, -0.00285061, 0.954016, 0.902261, 0, 0, 0, 1
0.974073, 0.000863969, 0.226231, 0.159347, -0.00136614, 0.999997, 0.00206316, 1.06724, -0.226229, -0.00231874, 0.974071, 0.888884, 0, 0, 0, 1
0.98847, 0.000874613, 0.151417, 0.156062, -0.00113597, 0.999998, 0.0016396, 1.06214, -0.151415, -0.0017927, 0.988469, 0.875747, 0, 0, 0, 1
0.997127, 0.000885353, 0.0757381, 0.153088, -0.00097921, 0.999999, 0.00120211, 1.05655, -0.0757369, -0.00127282, 0.997127, 0.862871, 0, 0, 0, 1
1, 0.000896197, -0.000365419, 0.150436, -0.000895919, 0.999999, 0.000759739, 1.05048, 0.0003661, -0.000759411, 1, 0.850276, 0, 0, 0, 1
