-0.999998, -0.00176101, -0.000802742, -0.109056, 0.000802679, 3.66772e-05, -1, 0.298071, 0.00176104, -0.999998, -3.52636e-05, 0.43255, 0, 0, 0, 1
-0.999998, -0.00178167, -0.000823403, -0.109053, 0.000823339, 3.67043e-05, -1, 0.298068, 0.0017817, -0.999998, -3.52373e-05, 0.43255, 0, 0, 0, 1
-0.999998, -0.00184365, -0.000885385, -0.109043, 0.000885319, 3.6788e-05, -1, 0.298057, 0.00184368, -0.999998, -3.51557e-05, 0.432551, 0, 0, 0, 1
-0.999998, -0.00194695, -0.00098869, -0.109026, 0.00098862, 3.69361e-05, -1, 0.298038, 0.00194699, -0.999998, -3.50112e-05, 0.432552, 0, 0, 0, 1
-0.999997, -0.00209157, -0.00113332, -0.109003, 0.00113324, 3.71613e-05, -0.999999, 0.298012, 0.00209161, -0.999998, -3.4791e-05, 0.432554, 0, 0, 0, 1
-0.999997, -0.00227751, -0.00131926, -0.108973, 0.00131918, 3.74817e-05, -0.999999, 0.297979, 0.00227756, -0.999997, -3.44771e-05, 0.432556, 0, 0, 0, 1
-0.999996, -0.00250477, -0.00154653, -0.108936, 0.00154644, 3.79202e-05, -0.999999, 0.297938, 0.00250483, -0.999997, -3.40465e-05, 0.432559, 0, 0, 0, 1
-0.999995, -0.00277335, -0.00181512, -0.108893, 0.00181502, 3.8505e-05, -0.999998, 0.29789, 0.00277342, -0.999996, -3.34711e-05, 0.432563, 0, 0, 0, 1
-0.999993, -0.00308325, -0.00212503, -0.108842, 0.00212492, 3.92694e-05, -0.999998, 0.297834, 0.00308333, -0.999995, -3.27174e-05, 0.432566, 0, 0, 0, 1
-0.999991, -0.00343447, -0.00247627, -0.108786, 0.00247614, 4.02518e-05, -0.999997, 0.297771, 0.00343456, -0.999994, -3.17472e-05, 0.432571, 0, 0, 0, 1
-0.999989, -0.00382701, -0.00286882, -0.108722, 0.00286868, 4.14957e-05, -0.999996, 0.2977, 0.00382711, -0.999993, -3.05168e-05, 0.432576, 0, 0, 0, 1
-0.999985, -0.00426086, -0.00330269, -0.108652, 0.00330254, 4.30499e-05, -0.999995, 0.297622, 0.00426098, -0.999991, -2.89776e-05, 0.432581, 0, 0, 0, 1
-0.999982, -0.00473604, -0.00377788, -0.108575, 0.00377771, 4.49681e-05, -0.999993, 0.297537, 0.00473617, -0.999989, -2.70759e-05, 0.432587, 0, 0, 0, 1
-0.999977, -0.00525253, -0.0042944, -0.108492, 0.00429421, 4.73092e-05, -0.999991, 0.297444, 0.00525268, -0.999986, -2.47527e-05, 0.432593, 0, 0, 0, 1
-0.999971, -0.00581034, -0.00485223, -0.108401, 0.00485202, 5.01372e-05, -0.999988, 0.297344, 0.00581051, -0.999983, -2.19439e-05, 0.4326, 0, 0, 0, 1
-0.999965, -0.00640946, -0.00545137, -0.108304, 0.00545114, 5.35213e-05, -0.999985, 0.297236, 0.00640965, -0.999979, -1.85805e-05, 0.432608, 0, 0, 0, 1
-0.999957, -0.00704989, -0.00609184, -0.108201, 0.00609158, 5.75357e-05, -0.999981, 0.297121, 0.00705011, -0.999975, -1.45882e-05, 0.432615, 0, 0, 0, 1
-0.999947, -0.00773164, -0.00677362, -0.108091, 0.00677334, 6.22598e-05, -0.999977, 0.296999, 0.00773189, -0.99997, -9.88748e-06, 0.432624, 0, 0, 0, 1
-0.999936, -0.0084547, -0.00749671, -0.107974, 0.0074964, 6.77781e-05, -0.999972, 0.296869, 0.00845497, -0.999964, -4.39396e-06, 0.432633, 0, 0, 0, 1
-0.999923, -0.00921907, -0.00826111, -0.10785, 0.00826077, 7.41803e-05, -0.999966, 0.296732, 0.00921937, -0.999958, 1.98203e-06, 0.432642, 0, 0, 0, 1
-0.999909, -0.0100247, -0.00906682, -0.10772, 0.00906646, 8.15611e-05, -0.999959, 0.296587, 0.0100251, -0.99995, 9.33524e-06, 0.432652, 0, 0, 0, 1
-0.999892, -0.0108717, -0.00991383, -0.107583, 0.00991344, 9.00203e-05, -0.999951, 0.296435, 0.0108721, -0.999941, 1.77655e-05, 0.432663, 0, 0, 0, 1
-0.999872, -0.01176, -0.0108021, -0.107439, 0.0108017, 9.9663e-05, -0.999942, 0.296275, 0.0117604, -0.999931, 2.73779e-05, 0.432674, 0, 0, 0, 1
-0.999851, -0.0126896, -0.0117318, -0.107289, 0.0117313, 0.000110599, -0.999931, 0.296108, 0.01269, -0.999919, 3.82825e-05, 0.432685, 0, 0, 0, 1
-0.999826, -0.0136604, -0.0127027, -0.107132, 0.0127022, 0.000122944, -0.999919, 0.295934, 0.0136609, -0.999907, 5.05945e-05, 0.432697, 0, 0, 0, 1
-0.999798, -0.0146726, -0.0137149, -0.106968, 0.0137143, 0.000136818, -0.999906, 0.295752, 0.0146731, -0.999892, 6.44342e-05, 0.43271, 0, 0, 0, 1
-0.999767, -0.015726, -0.0147684, -0.106798, 0.0147678, 0.000152347, -0.999891, 0.295563, 0.0157265, -0.999876, 7.99271e-05, 0.432723, 0, 0, 0, 1
-0.999733, -0.0168207, -0.0158631, -0.10662, 0.0158625, 0.00016966, -0.999874, 0.295366, 0.0168213, -0.999859, 9.72037e-05, 0.432736, 0, 0, 0, 1
-0.999694, -0.0179567, -0.0169991, -0.106437, 0.0169985, 0.000188895, -0.999855, 0.295162, 0.0179573, -0.999839, 0.0001164, 0.43275, 0, 0, 0, 1
-0.999652, -0.0191339, -0.0181764, -0.106246, 0.0181757, 0.00021019, -0.999835, 0.294951, 0.0191346, -0.999817, 0.000137656, 0.432765, 0, 0, 0, 1
-0.999605, -0.0203524, -0.019395, -0.106049, 0.0193943, 0.000233694, -0.999812, 0.294732, 0.0203531, -0.999793, 0.000161118, 0.43278, 0, 0, 0, 1
-0.999553, -0.0216121, -0.0206548, -0.105845, 0.020654, 0.000259555, -0.999787, 0.294505, 0.0216129, -0.999766, 0.000186938, 0.432796, 0, 0, 0, 1
-0.999496, -0.0229131, -0.0219558, -0.105635, 0.021955, 0.000287931, -0.999759, 0.294271, 0.0229139, -0.999737, 0.00021527, 0.432812, 0, 0, 0, 1
-0.999434, -0.0242553, -0.0232981, -0.105418, 0.0232972, 0.000318982, -0.999729, 0.29403, 0.0242561, -0.999706, 0.000246277, 0.432828, 0, 0, 0, 1
-0.999367, -0.0256386, -0.0246815, -0.105194, 0.0246806, 0.000352876, -0.999695, 0.293782, 0.0256395, -0.999671, 0.000280125, 0.432845, 0, 0, 0, 1
-0.999293, -0.0270632, -0.0261062, -0.104963, 0.0261052, 0.000389782, -0.999659, 0.293526, 0.0270642, -0.999634, 0.000316984, 0.432863, 0, 0, 0, 1
-0.999213, -0.028529, -0.027572, -0.104726, 0.027571, 0.000429878, -0.99962, 0.293262, 0.02853, -0.999593, 0.000357032, 0.432881, 0, 0, 0, 1
-0.999126, -0.0300359, -0.0290791, -0.104482, 0.029078, 0.000473346, -0.999577, 0.292991, 0.0300369, -0.999549, 0.00040045, 0.4329, 0, 0, 0, 1
-0.999032, -0.0315839, -0.0306272, -0.104232, 0.0306261, 0.000520371, -0.999531, 0.292713, 0.0315851, -0.999501, 0.000447425, 0.432919, 0, 0, 0, 1
-0.99893, -0.0331731, -0.0322165, -0.103974, 0.0322153, 0.000571146, -0.999481, 0.292427, 0.0331743, -0.999449, 0.000498147, 0.432939, 0, 0, 0, 1
-0.998821, -0.0348034, -0.0338469, -0.10371, 0.0338456, 0.000625866, -0.999427, 0.292134, 0.0348046, -0.999394, 0.000552815, 0.432959, 0, 0, 0, 1
-0.998703, -0.0364748, -0.0355184, -0.10344, 0.0355171, 0.000684735, -0.999369, 0.291833, 0.0364761, -0.999334, 0.00061163, 0.43298, 0, 0, 0, 1
-0.998577, -0.0381872, -0.0372309, -0.103162, 0.0372295, 0.000747959, -0.999306, 0.291525, 0.0381886, -0.99927, 0.000674798, 0.433001, 0, 0, 0, 1
-0.998441, -0.0399407, -0.0389845, -0.102878, 0.0389831, 0.000815749, -0.99924, 0.29121, 0.0399421, -0.999202, 0.000742532, 0.433023, 0, 0, 0, 1
-0.998296, -0.0417351, -0.0407791, -0.102588, 0.0407776, 0.000888323, -0.999168, 0.290887, 0.0417366, -0.999128, 0.000815049, 0.433045, 0, 0, 0, 1
-0.998141, -0.0435706, -0.0426147, -0.10229, 0.0426131, 0.000965903, -0.999091, 0.290557, 0.0435721, -0.99905, 0.00089257, 0.433068, 0, 0, 0, 1
-0.997976, -0.0454469, -0.0444912, -0.101986, 0.0444896, 0.00104872, -0.999009, 0.290219, 0.0454486, -0.998966, 0.000975323, 0.433091, 0, 0, 0, 1
-0.997799, -0.0473642, -0.0464087, -0.101676, 0.046407, 0.00113699, -0.998922, 0.289874, 0.0473659, -0.998877, 0.00106354, 0.433115, 0, 0, 0, 1
-0.997611, -0.0493224, -0.048367, -0.101358, 0.0483652, 0.00123097, -0.998829, 0.289521, 0.0493242, -0.998782, 0.00115746, 0.433139, 0, 0, 0, 1
-0.997411, -0.0513214, -0.0503662, -0.101034, 0.0503643, 0.00133089, -0.99873, 0.289161, 0.0513232, -0.998681, 0.00125732, 0.433164, 0, 0, 0, 1
-0.997199, -0.0533612, -0.0524062, -0.100703, 0.0524042, 0.00143701, -0.998625, 0.288794, 0.0533631, -0.998574, 0.00136337, 0.433189, 0, 0, 0, 1
-0.996974, -0.0554417, -0.0544869, -0.100366, 0.0544848, 0.00154956, -0.998513, 0.288419, 0.0554437, -0.998461, 0.00147586, 0.433215, 0, 0, 0, 1
-0.996736, -0.057563, -0.0566083, -0.100022, 0.0566062, 0.00166882, -0.998395, 0.288037, 0.0575651, -0.99834, 0.00159505, 0.433241, 0, 0, 0, 1
-0.996483, -0.0597249, -0.0587704, -0.0996708, 0.0587682, 0.00179504, -0.99827, 0.287647, 0.059727, -0.998213, 0.0017212, 0.433268, 0, 0, 0, 1
-0.996216, -0.0619274, -0.0609731, -0.0993133, 0.0609708, 0.00192848, -0.998138, 0.28725, 0.0619296, -0.998079, 0.00185458, 0.433295, 0, 0, 0, 1
-0.995935, -0.0641704, -0.0632164, -0.0989491, 0.063214, 0.00206943, -0.997998, 0.286846, 0.0641727, -0.997937, 0.00199546, 0.433323, 0, 0, 0, 1
-0.995637, -0.0664539, -0.0655002, -0.0985782, 0.0654977, 0.00221815, -0.99785, 0.286434, 0.0664564, -0.997787, 0.00214411, 0.433351, 0, 0, 0, 1
-0.995324, -0.0687779, -0.0678244, -0.0982007, 0.0678218, 0.00237493, -0.997695, 0.286015, 0.0687804, -0.997629, 0.00230082, 0.43338, 0, 0, 0, 1
-0.994994, -0.0711422, -0.0701889, -0.0978164, 0.0701863, 0.00254005, -0.997531, 0.285588, 0.0711449, -0.997463, 0.00246587, 0.43341, 0, 0, 0, 1
-0.994646, -0.0735469, -0.0725938, -0.0974255, 0.0725911, 0.00271381, -0.997358, 0.285154, 0.0735496, -0.997288, 0.00263956, 0.43344, 0, 0, 0, 1
-0.994281, -0.0759917, -0.075039, -0.0970279, 0.0750361, 0.00289651, -0.997177, 0.284712, 0.0759945, -0.997104, 0.00282218, 0.43347, 0, 0, 0, 1
-0.993897, -0.0784767, -0.0775242, -0.0966236, 0.0775213, 0.00308843, -0.996986, 0.284263, 0.0784796, -0.996911, 0.00301403, 0.433501, 0, 0, 0, 1
-0.993494, -0.0810018, -0.0800496, -0.0962126, 0.0800466, 0.0032899, -0.996786, 0.283807, 0.0810048, -0.996709, 0.00321542, 0.433532, 0, 0, 0, 1
-0.993072, -0.0835669, -0.082615, -0.095795, 0.0826118, 0.00350121, -0.996576, 0.283343, 0.08357, -0.996496, 0.00342666, 0.433564, 0, 0, 0, 1
-0.992629, -0.0861718, -0.0852203, -0.0953707, 0.085217, 0.00372268, -0.996355, 0.282871, 0.086175, -0.996273, 0.00364806, 0.433597, 0, 0, 0, 1
-0.992165, -0.0888166, -0.0878654, -0.0949396, 0.087862, 0.00395464, -0.996125, 0.282393, 0.0888199, -0.99604, 0.00387995, 0.43363, 0, 0, 0, 1
-0.991679, -0.0915011, -0.0905502, -0.0945019, 0.0905468, 0.00419741, -0.995883, 0.281907, 0.0915045, -0.995796, 0.00412264, 0.433663, 0, 0, 0, 1
-0.991172, -0.0942252, -0.0932747, -0.0940576, 0.0932711, 0.00445132, -0.995631, 0.281413, 0.0942287, -0.995541, 0.00437647, 0.433697, 0, 0, 0, 1
-0.990641, -0.0969889, -0.0960386, -0.0936065, 0.096035, 0.0047167, -0.995367, 0.280912, 0.0969925, -0.995274, 0.00464177, 0.433732, 0, 0, 0, 1
-0.990087, -0.0997919, -0.098842, -0.0931488, 0.0988383, 0.00499388, -0.995091, 0.280404, 0.0997956, -0.994996, 0.00491888, 0.433767, 0, 0, 0, 1
-0.989508, -0.102634, -0.101685, -0.0926843, 0.101681, 0.00528322, -0.994803, 0.279888, 0.102638, -0.994705, 0.00520814, 0.433802, 0, 0, 0, 1
-0.988905, -0.105516, -0.104567, -0.0922132, 0.104563, 0.00558507, -0.994503, 0.279365, 0.10552, -0.994402, 0.0055099, 0.433838, 0, 0, 0, 1
-0.988275, -0.108436, -0.107488, -0.0917354, 0.107483, 0.00589976, -0.994189, 0.278834, 0.10844, -0.994086, 0.00582452, 0.433875, 0, 0, 0, 1
-0.98762, -0.111396, -0.110447, -0.091251, 0.110443, 0.00622766, -0.993863, 0.278296, 0.1114, -0.993757, 0.00615234, 0.433912, 0, 0, 0, 1
-0.986937, -0.114394, -0.113446, -0.0907598, 0.113442, 0.00656913, -0.993523, 0.27775, 0.114398, -0.993414, 0.00649373, 0.433949, 0, 0, 0, 1
-0.986226, -0.117431, -0.116484, -0.090262, 0.116479, 0.00692454, -0.993169, 0.277197, 0.117435, -0.993057, 0.00684906, 0.433987, 0, 0, 0, 1
-0.985487, -0.120506, -0.119559, -0.0897574, 0.119555, 0.00729426, -0.992801, 0.276637, 0.120511, -0.992686, 0.0072187, 0.434026, 0, 0, 0, 1
-0.984718, -0.12362, -0.122674, -0.0892462, 0.122669, 0.00767865, -0.992418, 0.276069, 0.123625, -0.9923, 0.00760301, 0.434065, 0, 0, 0, 1
-0.983919, -0.126772, -0.125826, -0.0887283, 0.125821, 0.0080781, -0.99202, 0.275494, 0.126777, -0.991899, 0.00800238, 0.434105, 0, 0, 0, 1
-0.983089, -0.129962, -0.129016, -0.0882038, 0.129011, 0.00849299, -0.991607, 0.274911, 0.129967, -0.991483, 0.00841719, 0.434145, 0, 0, 0, 1
-0.982228, -0.13319, -0.132245, -0.0876725, 0.13224, 0.00892371, -0.991178, 0.274321, 0.133195, -0.99105, 0.00884782, 0.434185, 0, 0, 0, 1
-0.981334, -0.136455, -0.135511, -0.0871346, 0.135506, 0.00937064, -0.990732, 0.273724, 0.13646, -0.990602, 0.00929468, 0.434227, 0, 0, 0, 1
-0.980407, -0.139758, -0.138814, -0.08659, 0.138809, 0.00983419, -0.99027, 0.273119, 0.139763, -0.990137, 0.00975814, 0.434268, 0, 0, 0, 1
-0.979446, -0.143098, -0.142155, -0.0860387, 0.14215, 0.0103148, -0.989791, 0.272507, 0.143104, -0.989655, 0.0102386, 0.43431, 0, 0, 0, 1
-0.97845, -0.146476, -0.145533, -0.0854807, 0.145528, 0.0108127, -0.989295, 0.271887, 0.146481, -0.989155, 0.0107365, 0.434353, 0, 0, 0, 1
-0.977419, -0.14989, -0.148948, -0.084916, 0.148942, 0.0113285, -0.988781, 0.27126, 0.149896, -0.988638, 0.0112522, 0.434396, 0, 0, 0, 1
-0.976351, -0.153341, -0.1524, -0.0843447, 0.152394, 0.0118625, -0.988249, 0.270625, 0.153347, -0.988102, 0.0117862, 0.43444, 0, 0, 0, 1
-0.975246, -0.156828, -0.155888, -0.0837667, 0.155882, 0.0124152, -0.987698, 0.269983, 0.156834, -0.987548, 0.0123388, 0.434484, 0, 0, 0, 1
-0.974102, -0.160352, -0.159412, -0.083182, 0.159406, 0.012987, -0.987128, 0.269334, 0.160358, -0.986974, 0.0129104, 0.434529, 0, 0, 0, 1
-0.97292, -0.163912, -0.162973, -0.0825906, 0.162966, 0.0135782, -0.986538, 0.268677, 0.163918, -0.986382, 0.0135016, 0.434574, 0, 0, 0, 1
-0.971698, -0.167507, -0.166569, -0.0819925, 0.166562, 0.0141893, -0.985929, 0.268013, 0.167514, -0.985769, 0.0141126, 0.43462, 0, 0, 0, 1
-0.970435, -0.171138, -0.170201, -0.0813877, 0.170194, 0.0148208, -0.985299, 0.267341, 0.171145, -0.985136, 0.014744, 0.434666, 0, 0, 0, 1
-0.96913, -0.174804, -0.173868, -0.0807763, 0.173861, 0.0154731, -0.984649, 0.266662, 0.174811, -0.984482, 0.0153962, 0.434713, 0, 0, 0, 1
-0.967783, -0.178505, -0.17757, -0.0801582, 0.177563, 0.0161465, -0.983977, 0.265976, 0.178512, -0.983806, 0.0160696, 0.43476, 0, 0, 0, 1
-0.966393, -0.182241, -0.181306, -0.0795334, 0.181299, 0.0168416, -0.983284, 0.265282, 0.182249, -0.98311, 0.0167646, 0.434808, 0, 0, 0, 1
-0.964959, -0.186012, -0.185078, -0.0789019, 0.18507, 0.0175588, -0.982568, 0.26458, 0.186019, -0.982391, 0.0174817, 0.434856, 0, 0, 0, 1
-0.96348, -0.189816, -0.188883, -0.0782637, 0.188876, 0.0182986, -0.981831, 0.263871, 0.189824, -0.981649, 0.0182214, 0.434905, 0, 0, 0, 1
-0.961954, -0.193655, -0.192722, -0.0776189, 0.192715, 0.0190613, -0.98107, 0.263155, 0.193662, -0.980885, 0.018984, 0.434954, 0, 0, 0, 1
-0.960382, -0.197527, -0.196595, -0.0769673, 0.196587, 0.0198474, -0.980285, 0.262432, 0.197534, -0.980097, 0.0197701, 0.435004, 0, 0, 0, 1
-0.958762, -0.201432, -0.200501, -0.0763091, 0.200493, 0.0206575, -0.979477, 0.261701, 0.20144, -0.979285, 0.0205801, 0.435055, 0, 0, 0, 1
-0.957093, -0.20537, -0.20444, -0.0756442, 0.204432, 0.0214919, -0.978645, 0.260962, 0.205378, -0.978448, 0.0214144, 0.435105, 0, 0, 0, 1
-0.955384, -0.209321, -0.208392, -0.074976, 0.208384, 0.0223468, -0.977792, 0.26022, 0.209329, -0.977592, 0.0222692, 0.435156, 0, 0, 0, 1
-0.953641, -0.213264, -0.212337, -0.0743077, 0.212328, 0.023218, -0.976923, 0.259478, 0.213273, -0.976719, 0.0231403, 0.435208, 0, 0, 0, 1
-0.951866, -0.217201, -0.216274, -0.0736395, 0.216265, 0.0241055, -0.976037, 0.258735, 0.217209, -0.975829, 0.0240277, 0.435259, 0, 0, 0, 1
-0.950059, -0.22113, -0.220204, -0.0729712, 0.220195, 0.0250092, -0.975135, 0.257993, 0.221138, -0.974924, 0.0249314, 0.43531, 0, 0, 0, 1
-0.948219, -0.225051, -0.224126, -0.072303, 0.224117, 0.0259292, -0.974217, 0.257251, 0.22506, -0.974002, 0.0258513, 0.435361, 0, 0, 0, 1
-0.946347, -0.228965, -0.228041, -0.0716348, 0.228032, 0.0268653, -0.973283, 0.256509, 0.228974, -0.973064, 0.0267874, 0.435412, 0, 0, 0, 1
-0.944442, -0.232871, -0.231948, -0.0709665, 0.231939, 0.0278176, -0.972333, 0.255767, 0.23288, -0.97211, 0.0277396, 0.435463, 0, 0, 0, 1
-0.942506, -0.236769, -0.235847, -0.0702983, 0.235838, 0.028786, -0.971366, 0.255025, 0.236778, -0.97114, 0.028708, 0.435514, 0, 0, 0, 1
-0.940537, -0.240659, -0.239738, -0.06963, 0.239729, 0.0297706, -0.970383, 0.254282, 0.240668, -0.970153, 0.0296924, 0.435565, 0, 0, 0, 1
-0.938535, -0.24454, -0.243621, -0.0689618, 0.243611, 0.0307711, -0.969385, 0.25354, 0.24455, -0.969151, 0.0306929, 0.435616, 0, 0, 0, 1
-0.936502, -0.248414, -0.247496, -0.0682936, 0.247486, 0.0317877, -0.96837, 0.252798, 0.248424, -0.968132, 0.0317095, 0.435668, 0, 0, 0, 1
-0.934437, -0.252278, -0.251362, -0.0676253, 0.251351, 0.0328203, -0.967339, 0.252056, 0.252289, -0.967098, 0.032742, 0.435719, 0, 0, 0, 1
-0.93234, -0.256135, -0.255219, -0.0669571, 0.255209, 0.0338689, -0.966293, 0.251314, 0.256145, -0.966048, 0.0337905, 0.43577, 0, 0, 0, 1
-0.930211, -0.259982, -0.259068, -0.0662888, 0.259057, 0.0349333, -0.96523, 0.250571, 0.259993, -0.964981, 0.0348549, 0.435821, 0, 0, 0, 1
-0.928051, -0.263821, -0.262908, -0.0656206, 0.262897, 0.0360137, -0.964152, 0.249829, 0.263832, -0.963899, 0.0359352, 0.435872, 0, 0, 0, 1
-0.925858, -0.267651, -0.266739, -0.0649524, 0.266728, 0.0371099, -0.963057, 0.249087, 0.267661, -0.962801, 0.0370313, 0.435923, 0, 0, 0, 1
-0.923634, -0.271471, -0.27056, -0.0642841, 0.270549, 0.0382219, -0.961947, 0.248345, 0.271482, -0.961687, 0.0381433, 0.435974, 0, 0, 0, 1
-0.921379, -0.275282, -0.274373, -0.0636159, 0.274362, 0.0393497, -0.960821, 0.247603, 0.275294, -0.960558, 0.039271, 0.436025, 0, 0, 0, 1
-0.919092, -0.279084, -0.278176, -0.0629476, 0.278165, 0.0404932, -0.959679, 0.24686, 0.279096, -0.959412, 0.0404144, 0.436076, 0, 0, 0, 1
-0.916774, -0.282877, -0.28197, -0.0622794, 0.281958, 0.0416523, -0.958522, 0.246118, 0.282888, -0.958251, 0.0415736, 0.436127, 0, 0, 0, 1
-0.914424, -0.286659, -0.285754, -0.0616112, 0.285742, 0.0428272, -0.957349, 0.245376, 0.286671, -0.957075, 0.0427484, 0.436179, 0, 0, 0, 1
-0.912043, -0.290432, -0.289528, -0.0609429, 0.289516, 0.0440176, -0.956161, 0.244634, 0.290444, -0.955883, 0.0439388, 0.43623, 0, 0, 0, 1
-0.909631, -0.294195, -0.293292, -0.0602747, 0.29328, 0.0452237, -0.954956, 0.243892, 0.294207, -0.954675, 0.0451448, 0.436281, 0, 0, 0, 1
-0.907188, -0.297948, -0.297047, -0.0596064, 0.297034, 0.0464452, -0.953737, 0.24315, 0.297961, -0.953451, 0.0463663, 0.436332, 0, 0, 0, 1
-0.904714, -0.301691, -0.300791, -0.0589382, 0.300778, 0.0476823, -0.952501, 0.242407, 0.301704, -0.952213, 0.0476033, 0.436383, 0, 0, 0, 1
-0.902209, -0.305424, -0.304525, -0.0582699, 0.304512, 0.0489348, -0.951251, 0.241665, 0.305436, -0.950958, 0.0488558, 0.436434, 0, 0, 0, 1
-0.899673, -0.309146, -0.308248, -0.0576017, 0.308235, 0.0502027, -0.949985, 0.240923, 0.309158, -0.949689, 0.0501236, 0.436485, 0, 0, 0, 1
-0.897107, -0.312857, -0.311961, -0.0569335, 0.311948, 0.0514859, -0.948703, 0.240181, 0.31287, -0.948404, 0.0514068, 0.436536, 0, 0, 0, 1
-0.89451, -0.316558, -0.315663, -0.0562652, 0.31565, 0.0527845, -0.947406, 0.239439, 0.316571, -0.947103, 0.0527054, 0.436587, 0, 0, 0, 1
-0.891882, -0.320248, -0.319355, -0.055597, 0.319342, 0.0540983, -0.946094, 0.238696, 0.320261, -0.945788, 0.0540192, 0.436639, 0, 0, 0, 1
-0.889224, -0.323927, -0.323036, -0.0549287, 0.323022, 0.0554274, -0.944767, 0.237954, 0.323941, -0.944457, 0.0553482, 0.43669, 0, 0, 0, 1
-0.886535, -0.327595, -0.326705, -0.0542605, 0.326691, 0.0567717, -0.943424, 0.237212, 0.327609, -0.943111, 0.0566925, 0.436741, 0, 0, 0, 1
-0.883817, -0.331252, -0.330363, -0.0535923, 0.33035, 0.0581311, -0.942067, 0.23647, 0.331266, -0.94175, 0.0580518, 0.436792, 0, 0, 0, 1
-0.881068, -0.334898, -0.334011, -0.052924, 0.333996, 0.0595056, -0.940694, 0.235728, 0.334912, -0.940374, 0.0594263, 0.436843, 0, 0, 0, 1
-0.878289, -0.338532, -0.337646, -0.0522558, 0.337632, 0.0608951, -0.939306, 0.234985, 0.338546, -0.938982, 0.0608158, 0.436894, 0, 0, 0, 1
-0.87548, -0.342155, -0.34127, -0.0515875, 0.341256, 0.0622996, -0.937904, 0.234243, 0.342169, -0.937576, 0.0622203, 0.436945, 0, 0, 0, 1
-0.872641, -0.345766, -0.344883, -0.0509193, 0.344868, 0.0637191, -0.936486, 0.233501, 0.34578, -0.936155, 0.0636397, 0.436996, 0, 0, 0, 1
-0.869772, -0.349365, -0.348484, -0.0502511, 0.348469, 0.0651534, -0.935053, 0.232759, 0.34938, -0.934719, 0.065074, 0.437047, 0, 0, 0, 1
-0.866874, -0.352952, -0.352072, -0.0495828, 0.352057, 0.0666026, -0.933606, 0.232017, 0.352967, -0.933268, 0.0665232, 0.437098, 0, 0, 0, 1
-0.863946, -0.356527, -0.355649, -0.0489146, 0.355634, 0.0680667, -0.932143, 0.231275, 0.356542, -0.931802, 0.0679872, 0.43715, 0, 0, 0, 1
-0.860988, -0.36009, -0.359214, -0.0482463, 0.359198, 0.0695454, -0.930666, 0.230532, 0.360105, -0.930322, 0.069466, 0.437201, 0, 0, 0, 1
-0.858001, -0.363641, -0.362766, -0.0475781, 0.362751, 0.0710389, -0.929175, 0.22979, 0.363656, -0.928827, 0.0709594, 0.437252, 0, 0, 0, 1
-0.854985, -0.367179, -0.366306, -0.0469099, 0.36629, 0.072547, -0.927668, 0.229048, 0.367195, -0.927317, 0.0724675, 0.437303, 0, 0, 0, 1
-0.85194, -0.370705, -0.369833, -0.0462416, 0.369818, 0.0740697, -0.926147, 0.228306, 0.370721, -0.925792, 0.0739902, 0.437354, 0, 0, 0, 1
-0.848865, -0.374218, -0.373348, -0.0455734, 0.373332, 0.075607, -0.924612, 0.227564, 0.374234, -0.924253, 0.0755275, 0.437405, 0, 0, 0, 1
-0.845762, -0.377718, -0.37685, -0.0449051, 0.376834, 0.0771587, -0.923062, 0.226821, 0.377735, -0.9227, 0.0770792, 0.437456, 0, 0, 0, 1
-0.842629, -0.381206, -0.380339, -0.0442369, 0.380323, 0.0787249, -0.921497, 0.226079, 0.381222, -0.921132, 0.0786454, 0.437507, 0, 0, 0, 1
-0.839468, -0.38468, -0.383816, -0.0435687, 0.383799, 0.0803055, -0.919918, 0.225337, 0.384697, -0.91955, 0.080226, 0.437558, 0, 0, 0, 1
-0.836278, -0.388142, -0.387279, -0.0429004, 0.387262, 0.0819004, -0.918325, 0.224595, 0.388158, -0.917953, 0.0818209, 0.43761, 0, 0, 0, 1
-0.83306, -0.39159, -0.390728, -0.0422322, 0.390711, 0.0835096, -0.916717, 0.223853, 0.391607, -0.916343, 0.0834301, 0.437661, 0, 0, 0, 1
-0.829813, -0.395024, -0.394165, -0.0415639, 0.394148, 0.085133, -0.915096, 0.22311, 0.395042, -0.914717, 0.0850535, 0.437712, 0, 0, 0, 1
-0.826538, -0.398446, -0.397588, -0.0408957, 0.39757, 0.0867706, -0.91346, 0.222368, 0.398463, -0.913078, 0.0866911, 0.437763, 0, 0, 0, 1
-0.823235, -0.401853, -0.400997, -0.0402275, 0.40098, 0.0884223, -0.91181, 0.221626, 0.401871, -0.911425, 0.0883427, 0.437814, 0, 0, 0, 1
-0.819903, -0.405247, -0.404393, -0.0395592, 0.404375, 0.090088, -0.910146, 0.220884, 0.405265, -0.909758, 0.0900085, 0.437865, 0, 0, 0, 1
-0.816544, -0.408627, -0.407775, -0.038891, 0.407757, 0.0917678, -0.908467, 0.220142, 0.408645, -0.908076, 0.0916882, 0.437916, 0, 0, 0, 1
-0.813156, -0.411994, -0.411143, -0.0382227, 0.411125, 0.0934615, -0.906775, 0.2194, 0.412012, -0.906381, 0.0933819, 0.437967, 0, 0, 0, 1
-0.809741, -0.415346, -0.414497, -0.0375545, 0.414478, 0.095169, -0.905069, 0.218657, 0.415364, -0.904672, 0.0950895, 0.438018, 0, 0, 0, 1
-0.806298, -0.418684, -0.417836, -0.0368863, 0.417818, 0.0968904, -0.90335, 0.217915, 0.418702, -0.902949, 0.0968109, 0.438069, 0, 0, 0, 1
-0.802828, -0.422007, -0.421162, -0.036218, 0.421143, 0.0986256, -0.901616, 0.217173, 0.422026, -0.901212, 0.0985461, 0.438121, 0, 0, 0, 1
-0.79933, -0.425316, -0.424473, -0.0355498, 0.424454, 0.100374, -0.899869, 0.216431, 0.425335, -0.899461, 0.100295, 0.438172, 0, 0, 0, 1
-0.795805, -0.428611, -0.42777, -0.0348815, 0.427751, 0.102137, -0.898108, 0.215689, 0.42863, -0.897697, 0.102057, 0.438223, 0, 0, 0, 1
-0.792253, -0.431891, -0.431051, -0.0342133, 0.431032, 0.103913, -0.896333, 0.214946, 0.43191, -0.89592, 0.103834, 0.438274, 0, 0, 0, 1
-0.788674, -0.435156, -0.434319, -0.0335451, 0.434299, 0.105703, -0.894545, 0.214204, 0.435176, -0.894128, 0.105623, 0.438325, 0, 0, 0, 1
-0.785067, -0.438407, -0.437571, -0.0328768, 0.437552, 0.107506, -0.892744, 0.213462, 0.438426, -0.892324, 0.107426, 0.438376, 0, 0, 0, 1
-0.781434, -0.441642, -0.440809, -0.0322086, 0.440789, 0.109322, -0.890929, 0.21272, 0.441662, -0.890506, 0.109243, 0.438427, 0, 0, 0, 1
-0.777775, -0.444863, -0.444031, -0.0315403, 0.444011, 0.111152, -0.8891, 0.211978, 0.444883, -0.888674, 0.111073, 0.438478, 0, 0, 0, 1
-0.774088, -0.448068, -0.447238, -0.0308721, 0.447218, 0.112995, -0.887259, 0.211235, 0.448088, -0.88683, 0.112916, 0.438529, 0, 0, 0, 1
-0.770376, -0.451258, -0.45043, -0.0302038, 0.45041, 0.114852, -0.885404, 0.210493, 0.451278, -0.884972, 0.114772, 0.438581, 0, 0, 0, 1
-0.766637, -0.454433, -0.453607, -0.0295356, 0.453586, 0.116721, -0.883536, 0.209751, 0.454453, -0.883101, 0.116642, 0.438632, 0, 0, 0, 1
-0.762872, -0.457592, -0.456768, -0.0288674, 0.456747, 0.118604, -0.881655, 0.209009, 0.457612, -0.881217, 0.118524, 0.438683, 0, 0, 0, 1
-0.75908, -0.460735, -0.459913, -0.0281991, 0.459892, 0.120499, -0.879761, 0.208267, 0.460756, -0.87932, 0.12042, 0.438734, 0, 0, 0, 1
-0.755263, -0.463863, -0.463043, -0.0275309, 0.463022, 0.122408, -0.877854, 0.207525, 0.463884, -0.87741, 0.122329, 0.438785, 0, 0, 0, 1
-0.75142, -0.466975, -0.466157, -0.0268626, 0.466136, 0.124329, -0.875934, 0.206782, 0.466996, -0.875487, 0.12425, 0.438836, 0, 0, 0, 1
-0.747552, -0.470071, -0.469255, -0.0261944, 0.469233, 0.126264, -0.874001, 0.20604, 0.470092, -0.873551, 0.126184, 0.438887, 0, 0, 0, 1
-0.743658, -0.473151, -0.472337, -0.0255262, 0.472315, 0.128211, -0.872055, 0.205298, 0.473172, -0.871602, 0.128131, 0.438938, 0, 0, 0, 1
-0.739738, -0.476214, -0.475402, -0.0248579, 0.475381, 0.13017, -0.870097, 0.204556, 0.476236, -0.869641, 0.130091, 0.438989, 0, 0, 0, 1
-0.735793, -0.479262, -0.478452, -0.0241897, 0.47843, 0.132143, -0.868126, 0.203814, 0.479284, -0.867667, 0.132064, 0.43904, 0, 0, 0, 1
-0.731823, -0.482293, -0.481485, -0.0235214, 0.481463, 0.134128, -0.866143, 0.203071, 0.482315, -0.865681, 0.134049, 0.439092, 0, 0, 0, 1
-0.727828, -0.485308, -0.484502, -0.0228532, 0.48448, 0.136125, -0.864147, 0.202329, 0.48533, -0.863682, 0.136046, 0.439143, 0, 0, 0, 1
-0.723809, -0.488306, -0.487502, -0.022185, 0.48748, 0.138135, -0.862138, 0.201587, 0.488328, -0.861671, 0.138056, 0.439194, 0, 0, 0, 1
-0.719764, -0.491287, -0.490486, -0.0215167, 0.490463, 0.140157, -0.860117, 0.200845, 0.49131, -0.859647, 0.140078, 0.439245, 0, 0, 0, 1
-0.715695, -0.494252, -0.493453, -0.0208485, 0.49343, 0.142192, -0.858084, 0.200103, 0.494275, -0.857611, 0.142113, 0.439296, 0, 0, 0, 1
-0.711602, -0.4972, -0.496402, -0.0201802, 0.49638, 0.144238, -0.856039, 0.19936, 0.497223, -0.855563, 0.14416, 0.439347, 0, 0, 0, 1
-0.707484, -0.500131, -0.499335, -0.019512, 0.499312, 0.146297, -0.853981, 0.198618, 0.500154, -0.853503, 0.146218, 0.439398, 0, 0, 0, 1
-0.703342, -0.503044, -0.502251, -0.0188438, 0.502228, 0.148368, -0.851912, 0.197876, 0.503068, -0.85143, 0.148289, 0.439449, 0, 0, 0, 1
-0.699176, -0.505941, -0.50515, -0.0181755, 0.505127, 0.150451, -0.84983, 0.197134, 0.505964, -0.849346, 0.150372, 0.4395, 0, 0, 0, 1
-0.694986, -0.50882, -0.508032, -0.0175073, 0.508008, 0.152546, -0.847737, 0.196392, 0.508844, -0.847249, 0.152467, 0.439552, 0, 0, 0, 1
-0.690773, -0.511682, -0.510896, -0.016839, 0.510872, 0.154653, -0.845631, 0.19565, 0.511706, -0.845141, 0.154574, 0.439603, 0, 0, 0, 1
-0.686535, -0.514527, -0.513742, -0.0161708, 0.513719, 0.156771, -0.843514, 0.194907, 0.514551, -0.843021, 0.156693, 0.439654, 0, 0, 0, 1
-0.682275, -0.517354, -0.516572, -0.0155026, 0.516547, 0.158902, -0.841385, 0.194165, 0.517378, -0.84089, 0.158823, 0.439705, 0, 0, 0, 1
-0.677991, -0.520163, -0.519383, -0.0148343, 0.519359, 0.161044, -0.839245, 0.193423, 0.520187, -0.838746, 0.160965, 0.439756, 0, 0, 0, 1
-0.673684, -0.522954, -0.522177, -0.0141661, 0.522152, 0.163197, -0.837092, 0.192681, 0.522979, -0.836592, 0.163119, 0.439807, 0, 0, 0, 1
-0.669354, -0.525728, -0.524953, -0.0134978, 0.524928, 0.165362, -0.834929, 0.191939, 0.525753, -0.834425, 0.165284, 0.439858, 0, 0, 0, 1
-0.665001, -0.528484, -0.527711, -0.0128296, 0.527686, 0.167538, -0.832754, 0.191196, 0.528509, -0.832247, 0.16746, 0.439909, 0, 0, 0, 1
-0.660625, -0.531221, -0.530451, -0.0121614, 0.530426, 0.169726, -0.830567, 0.190454, 0.531246, -0.830058, 0.169648, 0.43996, 0, 0, 0, 1
-0.656227, -0.533941, -0.533173, -0.0114931, 0.533147, 0.171925, -0.828369, 0.189712, 0.533966, -0.827858, 0.171847, 0.440011, 0, 0, 0, 1
-0.651806, -0.536642, -0.535876, -0.0108249, 0.535851, 0.174136, -0.82616, 0.18897, 0.536668, -0.825646, 0.174058, 0.440063, 0, 0, 0, 1
-0.647364, -0.539325, -0.538561, -0.0101566, 0.538536, 0.176357, -0.82394, 0.188228, 0.539351, -0.823424, 0.176279, 0.440114, 0, 0, 0, 1
-0.642899, -0.54199, -0.541228, -0.00948839, 0.541203, 0.178589, -0.821709, 0.187485, 0.542016, -0.82119, 0.178511, 0.440165, 0, 0, 0, 1
-0.638412, -0.544636, -0.543877, -0.00882015, 0.543851, 0.180833, -0.819467, 0.186743, 0.544662, -0.818945, 0.180755, 0.440216, 0, 0, 0, 1
-0.633903, -0.547264, -0.546507, -0.00815191, 0.546481, 0.183087, -0.817214, 0.186001, 0.54729, -0.816689, 0.183009, 0.440267, 0, 0, 0, 1
-0.629373, -0.549872, -0.549118, -0.00748367, 0.549092, 0.185352, -0.81495, 0.185259, 0.549899, -0.814423, 0.185275, 0.440318, 0, 0, 0, 1
-0.624821, -0.552462, -0.55171, -0.00681543, 0.551684, 0.187628, -0.812675, 0.184517, 0.552489, -0.812146, 0.187551, 0.440369, 0, 0, 0, 1
-0.620248, -0.555034, -0.554284, -0.00614719, 0.554257, 0.189915, -0.81039, 0.183774, 0.55506, -0.809858, 0.189837, 0.44042, 0, 0, 0, 1
-0.615653, -0.557586, -0.556838, -0.00547895, 0.556812, 0.192212, -0.808094, 0.183032, 0.557613, -0.80756, 0.192134, 0.440471, 0, 0, 0, 1
-0.611038, -0.560119, -0.559374, -0.00481071, 0.559347, 0.19452, -0.805787, 0.18229, 0.560146, -0.805251, 0.194442, 0.440523, 0, 0, 0, 1
-0.606402, -0.562633, -0.561891, -0.00414247, 0.561863, 0.196838, -0.80347, 0.181548, 0.56266, -0.802931, 0.19676, 0.440574, 0, 0, 0, 1
-0.601745, -0.565128, -0.564388, -0.00347423, 0.564361, 0.199166, -0.801143, 0.180806, 0.565155, -0.800602, 0.199089, 0.440625, 0, 0, 0, 1
-0.597067, -0.567604, -0.566866, -0.00280599, 0.566838, 0.201505, -0.798805, 0.180064, 0.567631, -0.798262, 0.201428, 0.440676, 0, 0, 0, 1
-0.592369, -0.57006, -0.569324, -0.00213775, 0.569297, 0.203854, -0.796458, 0.179321, 0.570088, -0.795912, 0.203777, 0.440727, 0, 0, 0, 1
-0.587651, -0.572497, -0.571764, -0.00146951, 0.571736, 0.206213, -0.7941, 0.178579, 0.572524, -0.793551, 0.206136, 0.440778, 0, 0, 0, 1
-0.582913, -0.574914, -0.574183, -0.000801267, 0.574155, 0.208582, -0.791732, 0.177837, 0.574942, -0.791181, 0.208505, 0.440829, 0, 0, 0, 1
-0.578155, -0.577312, -0.576583, -0.000133026, 0.576555, 0.210961, -0.789354, 0.177095, 0.57734, -0.788801, 0.210884, 0.44088, 0, 0, 0, 1
-0.573377, -0.579689, -0.578964, 0.000535214, 0.578935, 0.21335, -0.786966, 0.176353, 0.579718, -0.786411, 0.213273, 0.440931, 0, 0, 0, 1
-0.568579, -0.582048, -0.581324, 0.00120345, 0.581296, 0.215748, -0.784568, 0.17561, 0.582076, -0.784011, 0.215672, 0.440983, 0, 0, 0, 1
-0.563763, -0.584386, -0.583665, 0.0018717, 0.583636, 0.218157, -0.782161, 0.174868, 0.584414, -0.781601, 0.21808, 0.441034, 0, 0, 0, 1
-0.558927, -0.586704, -0.585986, 0.00253994, 0.585957, 0.220575, -0.779744, 0.174126, 0.586733, -0.779182, 0.220498, 0.441085, 0, 0, 0, 1
-0.554071, -0.589002, -0.588287, 0.00320818, 0.588258, 0.223002, -0.777318, 0.173384, 0.589031, -0.776754, 0.222926, 0.441136, 0, 0, 0, 1
-0.549197, -0.591281, -0.590567, 0.00387642, 0.590538, 0.225439, -0.774882, 0.172642, 0.59131, -0.774315, 0.225363, 0.441187, 0, 0, 0, 1
-0.544304, -0.593539, -0.592828, 0.00454466, 0.592798, 0.227886, -0.772436, 0.171899, 0.593568, -0.771868, 0.22781, 0.441238, 0, 0, 0, 1
-0.539393, -0.595776, -0.595068, 0.0052129, 0.595039, 0.230341, -0.769982, 0.171157, 0.595806, -0.769411, 0.230265, 0.441289, 0, 0, 0, 1
-0.534463, -0.597994, -0.597288, 0.00588114, 0.597258, 0.232806, -0.767518, 0.170415, 0.598023, -0.766945, 0.23273, 0.44134, 0, 0, 0, 1
-0.529515, -0.600191, -0.599487, 0.00654938, 0.599458, 0.23528, -0.765045, 0.169673, 0.60022, -0.76447, 0.235204, 0.441391, 0, 0, 0, 1
-0.524549, -0.602367, -0.601666, 0.00721762, 0.601636, 0.237763, -0.762563, 0.168931, 0.602397, -0.761986, 0.237688, 0.441442, 0, 0, 0, 1
-0.519565, -0.604523, -0.603825, 0.00788586, 0.603795, 0.240255, -0.760072, 0.168189, 0.604553, -0.759493, 0.24018, 0.441494, 0, 0, 0, 1
-0.514563, -0.606658, -0.605963, 0.0085541, 0.605932, 0.242756, -0.757572, 0.167446, 0.606689, -0.756991, 0.242681, 0.441545, 0, 0, 0, 1
-0.509543, -0.608773, -0.60808, 0.00922234, 0.608049, 0.245266, -0.755063, 0.166704, 0.608803, -0.75448, 0.24519, 0.441596, 0, 0, 0, 1
-0.504507, -0.610867, -0.610176, 0.00989058, 0.610146, 0.247784, -0.752546, 0.165962, 0.610897, -0.751961, 0.247709, 0.441647, 0, 0, 0, 1
-0.499453, -0.61294, -0.612252, 0.0105588, 0.612221, 0.250311, -0.75002, 0.16522, 0.61297, -0.749433, 0.250236, 0.441698, 0, 0, 0, 1
-0.494381, -0.614992, -0.614306, 0.0112271, 0.614275, 0.252847, -0.747485, 0.164478, 0.615023, -0.746896, 0.252772, 0.441749, 0, 0, 0, 1
-0.489293, -0.617023, -0.61634, 0.0118953, 0.616309, 0.255391, -0.744942, 0.163735, 0.617054, -0.744351, 0.255316, 0.4418, 0, 0, 0, 1
-0.484189, -0.619033, -0.618353, 0.0125635, 0.618321, 0.257943, -0.742391, 0.162993, 0.619064, -0.741798, 0.257868, 0.441851, 0, 0, 0, 1
-0.479067, -0.621021, -0.620344, 0.0132318, 0.620313, 0.260504, -0.739831, 0.162251, 0.621053, -0.739236, 0.260429, 0.441902, 0, 0, 0, 1
-0.47393, -0.622989, -0.622314, 0.0139, 0.622283, 0.263072, -0.737263, 0.161509, 0.623021, -0.736667, 0.262998, 0.441954, 0, 0, 0, 1
-0.468776, -0.624935, -0.624263, 0.0145683, 0.624232, 0.265649, -0.734687, 0.160767, 0.624967, -0.734089, 0.265574, 0.442005, 0, 0, 0, 1
-0.463606, -0.62686, -0.626191, 0.0152365, 0.626159, 0.268234, -0.732103, 0.160024, 0.626892, -0.731503, 0.268159, 0.442056, 0, 0, 0, 1
-0.458421, -0.628764, -0.628097, 0.0159047, 0.628065, 0.270827, -0.729512, 0.159282, 0.628796, -0.728909, 0.270752, 0.442107, 0, 0, 0, 1
-0.453219, -0.630646, -0.629982, 0.016573, 0.62995, 0.273427, -0.726912, 0.15854, 0.630678, -0.726308, 0.273353, 0.442158, 0, 0, 0, 1
-0.448003, -0.632507, -0.631845, 0.0172412, 0.631813, 0.276036, -0.724304, 0.157798, 0.632539, -0.723698, 0.275961, 0.442209, 0, 0, 0, 1
-0.442771, -0.634346, -0.633687, 0.0179095, 0.633655, 0.278652, -0.721689, 0.157056, 0.634378, -0.721081, 0.278578, 0.44226, 0, 0, 0, 1
-0.437523, -0.636163, -0.635507, 0.0185777, 0.635474, 0.281275, -0.719066, 0.156314, 0.636196, -0.718457, 0.281201, 0.442311, 0, 0, 0, 1
-0.432261, -0.637959, -0.637306, 0.0192459, 0.637273, 0.283906, -0.716436, 0.155571, 0.637992, -0.715825, 0.283832, 0.442362, 0, 0, 0, 1
-0.426985, -0.639733, -0.639082, 0.0199142, 0.639049, 0.286544, -0.713799, 0.154829, 0.639766, -0.713186, 0.286471, 0.442413, 0, 0, 0, 1
-0.421693, -0.641485, -0.640837, 0.0205824, 0.640804, 0.28919, -0.711154, 0.154087, 0.641518, -0.710539, 0.289117, 0.442465, 0, 0, 0, 1
-0.416387, -0.643215, -0.64257, 0.0212507, 0.642536, 0.291843, -0.708502, 0.153345, 0.643248, -0.707886, 0.29177, 0.442516, 0, 0, 0, 1
-0.411067, -0.644923, -0.644281, 0.0219189, 0.644247, 0.294503, -0.705842, 0.152603, 0.644957, -0.705225, 0.29443, 0.442567, 0, 0, 0, 1
-0.405733, -0.64661, -0.64597, 0.0225871, 0.645936, 0.29717, -0.703176, 0.15186, 0.646643, -0.702557, 0.297097, 0.442618, 0, 0, 0, 1
-0.400385, -0.648274, -0.647636, 0.0232554, 0.647603, 0.299844, -0.700503, 0.151118, 0.648307, -0.699882, 0.299771, 0.442669, 0, 0, 0, 1
-0.395023, -0.649916, -0.649281, 0.0239236, 0.649247, 0.302525, -0.697823, 0.150376, 0.64995, -0.6972, 0.302452, 0.44272, 0, 0, 0, 1
-0.389648, -0.651536, -0.650904, 0.0245919, 0.65087, 0.305212, -0.695136, 0.149634, 0.65157, -0.694512, 0.305139, 0.442771, 0, 0, 0, 1
-0.38426, -0.653133, -0.652504, 0.0252601, 0.65247, 0.307906, -0.692443, 0.148892, 0.653167, -0.691817, 0.307834, 0.442822, 0, 0, 0, 1
-0.378858, -0.654708, -0.654082, 0.0259284, 0.654048, 0.310607, -0.689743, 0.148149, 0.654743, -0.689116, 0.310534, 0.442873, 0, 0, 0, 1
-0.373444, -0.656261, -0.655638, 0.0265966, 0.655603, 0.313314, -0.687036, 0.147407, 0.656296, -0.686408, 0.313242, 0.442925, 0, 0, 0, 1
-0.368017, -0.657792, -0.657171, 0.0272648, 0.657136, 0.316028, -0.684323, 0.146665, 0.657826, -0.683693, 0.315955, 0.442976, 0, 0, 0, 1
-0.362577, -0.6593, -0.658682, 0.0279331, 0.658647, 0.318747, -0.681604, 0.145923, 0.659335, -0.680973, 0.318675, 0.443027, 0, 0, 0, 1
-0.357125, -0.660785, -0.66017, 0.0286013, 0.660135, 0.321473, -0.678879, 0.145181, 0.66082, -0.678246, 0.321402, 0.443078, 0, 0, 0, 1
-0.35166, -0.662248, -0.661636, 0.0292696, 0.661601, 0.324206, -0.676147, 0.144439, 0.662284, -0.675513, 0.324134, 0.443129, 0, 0, 0, 1
-0.346184, -0.663689, -0.663079, 0.0299378, 0.663044, 0.326944, -0.67341, 0.143696, 0.663724, -0.672774, 0.326872, 0.44318, 0, 0, 0, 1
-0.340696, -0.665107, -0.6645, 0.030606, 0.664464, 0.329688, -0.670666, 0.142954, 0.665142, -0.670029, 0.329616, 0.443231, 0, 0, 0, 1
-0.335196, -0.666502, -0.665897, 0.0312743, 0.665862, 0.332438, -0.667917, 0.142212, 0.666537, -0.667279, 0.332366, 0.443282, 0, 0, 0, 1
-0.329684, -0.667874, -0.667272, 0.0319425, 0.667237, 0.335193, -0.665162, 0.14147, 0.66791, -0.664522, 0.335122, 0.443333, 0, 0, 0, 1
-0.324162, -0.669223, -0.668625, 0.0326108, 0.668589, 0.337954, -0.662402, 0.140728, 0.669259, -0.66176, 0.337883, 0.443384, 0, 0, 0, 1
-0.318628, -0.67055, -0.669954, 0.033279, 0.669918, 0.340721, -0.659635, 0.139985, 0.670586, -0.658993, 0.34065, 0.443436, 0, 0, 0, 1
-0.313084, -0.671854, -0.671261, 0.0339472, 0.671225, 0.343493, -0.656864, 0.139243, 0.67189, -0.65622, 0.343423, 0.443487, 0, 0, 0, 1
-0.307529, -0.673135, -0.672544, 0.0346155, 0.672508, 0.346271, -0.654087, 0.138501, 0.673171, -0.653442, 0.3462, 0.443538, 0, 0, 0, 1
-0.301963, -0.674393, -0.673805, 0.0352837, 0.673769, 0.349054, -0.651305, 0.137759, 0.674429, -0.650658, 0.348983, 0.443589, 0, 0, 0, 1
-0.296387, -0.675627, -0.675043, 0.035952, 0.675006, 0.351841, -0.648517, 0.137017, 0.675664, -0.64787, 0.351771, 0.44364, 0, 0, 0, 1
-0.290801, -0.676839, -0.676257, 0.0366202, 0.67622, 0.354634, -0.645725, 0.136274, 0.676876, -0.645076, 0.354564, 0.443691, 0, 0, 0, 1
-0.285205, -0.678028, -0.677449, 0.0372884, 0.677412, 0.357432, -0.642927, 0.135532, 0.678065, -0.642278, 0.357363, 0.443742, 0, 0, 0, 1
-0.279599, -0.679193, -0.678617, 0.0379567, 0.67858, 0.360235, -0.640125, 0.13479, 0.67923, -0.639474, 0.360166, 0.443793, 0, 0, 0, 1
-0.273984, -0.680336, -0.679762, 0.0386249, 0.679725, 0.363043, -0.637318, 0.134048, 0.680373, -0.636666, 0.362973, 0.443844, 0, 0, 0, 1
-0.268359, -0.681455, -0.680884, 0.0392932, 0.680847, 0.365855, -0.634506, 0.133306, 0.681492, -0.633853, 0.365786, 0.443896, 0, 0, 0, 1
-0.262725, -0.68255, -0.681983, 0.0399614, 0.681945, 0.368672, -0.631689, 0.132564, 0.682588, -0.631036, 0.368603, 0.443947, 0, 0, 0, 1
-0.257082, -0.683623, -0.683058, 0.0406296, 0.683021, 0.371493, -0.628869, 0.131821, 0.683661, -0.628214, 0.371424, 0.443998, 0, 0, 0, 1
-0.251431, -0.684672, -0.68411, 0.0412979, 0.684072, 0.374319, -0.626043, 0.131079, 0.68471, -0.625387, 0.37425, 0.444049, 0, 0, 0, 1
-0.24577, -0.685698, -0.685139, 0.0419661, 0.685101, 0.377149, -0.623214, 0.130337, 0.685736, -0.622557, 0.37708, 0.4441, 0, 0, 0, 1
-0.240102, -0.6867, -0.686144, 0.0426344, 0.686106, 0.379983, -0.62038, 0.129595, 0.686738, -0.619722, 0.379915, 0.444151, 0, 0, 0, 1
-0.234425, -0.687679, -0.687126, 0.0433026, 0.687088, 0.382822, -0.617542, 0.128853, 0.687717, -0.616883, 0.382753, 0.444202, 0, 0, 0, 1
-0.22874, -0.688635, -0.688084, 0.0439708, 0.688046, 0.385664, -0.6147, 0.12811, 0.688673, -0.61404, 0.385596, 0.444253, 0, 0, 0, 1
-0.223048, -0.689567, -0.689019, 0.0446391, 0.688981, 0.38851, -0.611854, 0.127368, 0.689605, -0.611193, 0.388442, 0.444304, 0, 0, 0, 1
-0.217347, -0.690475, -0.68993, 0.0453073, 0.689892, 0.39136, -0.609004, 0.126626, 0.690514, -0.608343, 0.391292, 0.444355, 0, 0, 0, 1
-0.21164, -0.69136, -0.690818, 0.0459756, 0.69078, 0.394214, -0.606151, 0.125884, 0.691399, -0.605489, 0.394146, 0.444407, 0, 0, 0, 1
-0.205925, -0.692221, -0.691682, 0.0466438, 0.691644, 0.397071, -0.603294, 0.125142, 0.69226, -0.602631, 0.397004, 0.444458, 0, 0, 0, 1
-0.200203, -0.693059, -0.692523, 0.047312, 0.692484, 0.399932, -0.600433, 0.124399, 0.693098, -0.599769, 0.399865, 0.444509, 0, 0, 0, 1
-0.194474, -0.693873, -0.69334, 0.0479803, 0.693301, 0.402796, -0.597569, 0.123657, 0.693912, -0.596905, 0.402729, 0.44456, 0, 0, 0, 1
