-0.999999, -0.000924266, -0.000797378, -0.109023, 0.000797344, 3.72125e-05, -1, 0.298071, 0.000924295, -1, -3.64756e-05, 0.43255, 0, 0, 0, 1
-0.999999, -0.00094493, -0.000818043, -0.10902, 0.000818009, 3.72309e-05, -1, 0.298068, 0.000944961, -1, -3.64579e-05, 0.43255, 0, 0, 0, 1
-0.999999, -0.00100693, -0.00088004, -0.10901, 0.000880003, 3.72885e-05, -1, 0.298057, 0.00100696, -0.999999, -3.64024e-05, 0.432551, 0, 0, 0, 1
-0.999999, -0.00111025, -0.000983368, -0.108993, 0.000983327, 3.73931e-05, -1, 0.298038, 0.00111029, -0.999999, -3.63013e-05, 0.432552, 0, 0, 0, 1
-0.999999, -0.0012549, -0.00112803, -0.10897, 0.00112798, 3.75574e-05, -0.999999, 0.298012, 0.00125494, -0.999999, -3.61418e-05, 0.432554, 0, 0, 0, 1
-0.999998, -0.00144089, -0.00131402, -0.10894, 0.00131396, 3.77994e-05, -0.999999, 0.297979, 0.00144094, -0.999999, -3.59061e-05, 0.432556, 0, 0, 0, 1
-0.999997, -0.0016682, -0.00154134, -0.108903, 0.00154128, 3.81422e-05, -0.999999, 0.297938, 0.00166826, -0.999999, -3.55709e-05, 0.432559, 0, 0, 0, 1
-0.999996, -0.00193684, -0.00180999, -0.108859, 0.00180992, 3.86139e-05, -0.999998, 0.29789, 0.00193691, -0.999998, -3.51082e-05, 0.432562, 0, 0, 0, 1
-0.999995, -0.00224681, -0.00211997, -0.108809, 0.00211989, 3.92479e-05, -0.999998, 0.297834, 0.00224689, -0.999997, -3.44847e-05, 0.432566, 0, 0, 0, 1
-0.999994, -0.00259811, -0.00247129, -0.108752, 0.00247119, 4.00825e-05, -0.999997, 0.297771, 0.00259821, -0.999997, -3.36618e-05, 0.432571, 0, 0, 0, 1
-0.999991, -0.00299074, -0.00286393, -0.108689, 0.00286382, 4.11614e-05, -0.999996, 0.2977, 0.00299085, -0.999996, -3.25961e-05, 0.432575, 0, 0, 0, 1
-0.999989, -0.0034247, -0.00329791, -0.108619, 0.00329778, 4.25332e-05, -0.999995, 0.297622, 0.00342482, -0.999994, -3.12388e-05, 0.432581, 0, 0, 0, 1
-0.999985, -0.00389999, -0.00377321, -0.108542, 0.00377307, 4.42517e-05, -0.999993, 0.297537, 0.00390013, -0.999992, -2.95362e-05, 0.432587, 0, 0, 0, 1
-0.999981, -0.0044166, -0.00428984, -0.108458, 0.00428968, 4.63759e-05, -0.999991, 0.297444, 0.00441676, -0.99999, -2.74292e-05, 0.432593, 0, 0, 0, 1
-0.999976, -0.00497454, -0.0048478, -0.108368, 0.00484762, 4.89698e-05, -0.999988, 0.297344, 0.00497472, -0.999988, -2.4854e-05, 0.4326, 0, 0, 0, 1
-0.99997, -0.0055738, -0.00544709, -0.108271, 0.00544688, 5.21026e-05, -0.999985, 0.297236, 0.00557401, -0.999984, -2.17411e-05, 0.432607, 0, 0, 0, 1
-0.999962, -0.00621439, -0.0060877, -0.108168, 0.00608747, 5.58486e-05, -0.999981, 0.297121, 0.00621462, -0.999981, -1.80165e-05, 0.432615, 0, 0, 0, 1
-0.999953, -0.0068963, -0.00676964, -0.108058, 0.00676938, 6.02871e-05, -0.999977, 0.296999, 0.00689656, -0.999976, -1.36006e-05, 0.432624, 0, 0, 0, 1
-0.999943, -0.00761954, -0.0074929, -0.107941, 0.00749262, 6.55029e-05, -0.999972, 0.296869, 0.00761981, -0.999971, -8.40884e-06, 0.432633, 0, 0, 0, 1
-0.999931, -0.00838409, -0.00825748, -0.107817, 0.00825717, 7.15854e-05, -0.999966, 0.296732, 0.00838439, -0.999965, -2.35161e-06, 0.432642, 0, 0, 0, 1
-0.999917, -0.00918996, -0.00906338, -0.107687, 0.00906304, 7.86296e-05, -0.999959, 0.296587, 0.00919029, -0.999958, 4.66591e-06, 0.432652, 0, 0, 0, 1
-0.999901, -0.0100371, -0.00991059, -0.10755, 0.00991022, 8.67353e-05, -0.999951, 0.296435, 0.0100375, -0.99995, 1.27436e-05, 0.432663, 0, 0, 0, 1
-0.999882, -0.0109256, -0.0107991, -0.107406, 0.0107987, 9.60075e-05, -0.999942, 0.296275, 0.010926, -0.99994, 2.19866e-05, 0.432674, 0, 0, 0, 1
-0.999861, -0.0118554, -0.011729, -0.107256, 0.0117285, 0.000106556, -0.999931, 0.296108, 0.0118559, -0.99993, 3.2505e-05, 0.432685, 0, 0, 0, 1
-0.999837, -0.0128265, -0.0127001, -0.107099, 0.0126996, 0.000118497, -0.999919, 0.295934, 0.012827, -0.999918, 4.4414e-05, 0.432697, 0, 0, 0, 1
-0.99981, -0.0138389, -0.0137125, -0.106935, 0.013712, 0.000131951, -0.999906, 0.295752, 0.0138394, -0.999904, 5.78341e-05, 0.43271, 0, 0, 0, 1
-0.99978, -0.0148926, -0.0147663, -0.106765, 0.0147657, 0.000147042, -0.999891, 0.295563, 0.0148932, -0.999889, 7.28908e-05, 0.432723, 0, 0, 0, 1
-0.999746, -0.0159876, -0.0158613, -0.106587, 0.0158607, 0.000163901, -0.999874, 0.295366, 0.0159882, -0.999872, 8.97147e-05, 0.432736, 0, 0, 0, 1
-0.999709, -0.0171239, -0.0169976, -0.106404, 0.0169969, 0.000182665, -0.999856, 0.295162, 0.0171245, -0.999853, 0.000108442, 0.43275, 0, 0, 0, 1
-0.999667, -0.0183014, -0.0181752, -0.106213, 0.0181745, 0.000203474, -0.999835, 0.29495, 0.0183021, -0.999832, 0.000129212, 0.432765, 0, 0, 0, 1
-0.999621, -0.0195202, -0.019394, -0.106016, 0.0193933, 0.000226473, -0.999812, 0.294731, 0.0195209, -0.999809, 0.000152172, 0.43278, 0, 0, 0, 1
-0.999571, -0.0207802, -0.0206541, -0.105812, 0.0206533, 0.000251815, -0.999787, 0.294505, 0.020781, -0.999784, 0.000177474, 0.432795, 0, 0, 0, 1
-0.999515, -0.0220815, -0.0219554, -0.105602, 0.0219546, 0.000279655, -0.999759, 0.294271, 0.0220823, -0.999756, 0.000205272, 0.432812, 0, 0, 0, 1
-0.999454, -0.023424, -0.023298, -0.105385, 0.0232971, 0.000310154, -0.999729, 0.29403, 0.0234249, -0.999726, 0.000235728, 0.432828, 0, 0, 0, 1
-0.999388, -0.0248078, -0.0246818, -0.105161, 0.0246809, 0.000343479, -0.999695, 0.293781, 0.0248087, -0.999692, 0.000269009, 0.432845, 0, 0, 0, 1
-0.999315, -0.0262327, -0.0261068, -0.10493, 0.0261058, 0.000379802, -0.999659, 0.293525, 0.0262337, -0.999656, 0.000305286, 0.432863, 0, 0, 0, 1
-0.999236, -0.0276989, -0.027573, -0.104693, 0.027572, 0.000419298, -0.99962, 0.293262, 0.0276999, -0.999616, 0.000344735, 0.432881, 0, 0, 0, 1
-0.99915, -0.0292062, -0.0290804, -0.104449, 0.0290793, 0.000462149, -0.999577, 0.292991, 0.0292073, -0.999573, 0.000387539, 0.4329, 0, 0, 0, 1
-0.999058, -0.0307547, -0.0306289, -0.104199, 0.0306278, 0.000508543, -0.999531, 0.292713, 0.0307558, -0.999527, 0.000433884, 0.432919, 0, 0, 0, 1
-0.998957, -0.0323443, -0.0322186, -0.103941, 0.0322174, 0.00055867, -0.999481, 0.292427, 0.0323455, -0.999477, 0.000483961, 0.432939, 0, 0, 0, 1
-0.998849, -0.033975, -0.0338494, -0.103677, 0.0338481, 0.000612728, -0.999427, 0.292134, 0.0339763, -0.999422, 0.000537968, 0.432959, 0, 0, 0, 1
-0.998733, -0.0356468, -0.0355213, -0.103407, 0.03552, 0.000670918, -0.999369, 0.291833, 0.0356482, -0.999364, 0.000596106, 0.432979, 0, 0, 0, 1
-0.998608, -0.0373597, -0.0372343, -0.103129, 0.0372329, 0.000733448, -0.999306, 0.291525, 0.0373611, -0.999302, 0.000658583, 0.433001, 0, 0, 0, 1
-0.998474, -0.0391137, -0.0389883, -0.102846, 0.0389868, 0.00080053, -0.999239, 0.29121, 0.0391151, -0.999234, 0.00072561, 0.433022, 0, 0, 0, 1
-0.99833, -0.0409086, -0.0407833, -0.102555, 0.0407818, 0.00087238, -0.999168, 0.290887, 0.0409102, -0.999163, 0.000797405, 0.433045, 0, 0, 0, 1
-0.998177, -0.0427446, -0.0426194, -0.102257, 0.0426178, 0.00094922, -0.999091, 0.290556, 0.0427462, -0.999086, 0.00087419, 0.433067, 0, 0, 0, 1
-0.998013, -0.0446215, -0.0444964, -0.101953, 0.0444947, 0.00103128, -0.999009, 0.290219, 0.0446232, -0.999003, 0.000956191, 0.433091, 0, 0, 0, 1
-0.997838, -0.0465393, -0.0464143, -0.101643, 0.0464126, 0.00111879, -0.998922, 0.289874, 0.0465411, -0.998916, 0.00104364, 0.433114, 0, 0, 0, 1
-0.997651, -0.0484981, -0.0483731, -0.101325, 0.0483713, 0.00121198, -0.998829, 0.289521, 0.0484999, -0.998823, 0.00113678, 0.433139, 0, 0, 0, 1
-0.997453, -0.0504977, -0.0503728, -0.101001, 0.0503709, 0.00131111, -0.99873, 0.289161, 0.0504996, -0.998723, 0.00123584, 0.433163, 0, 0, 0, 1
-0.997242, -0.052538, -0.0524133, -0.10067, 0.0524113, 0.00141641, -0.998625, 0.288794, 0.05254, -0.998618, 0.00134108, 0.433189, 0, 0, 0, 1
-0.997019, -0.0546192, -0.0544945, -0.100333, 0.0544925, 0.00152814, -0.998513, 0.288419, 0.0546213, -0.998506, 0.00145275, 0.433215, 0, 0, 0, 1
-0.996782, -0.0567411, -0.0566165, -0.0999889, 0.0566143, 0.00164655, -0.998395, 0.288037, 0.0567432, -0.998388, 0.0015711, 0.433241, 0, 0, 0, 1
-0.996532, -0.0589036, -0.0587791, -0.0996381, 0.0587769, 0.00177192, -0.99827, 0.287647, 0.0589058, -0.998262, 0.0016964, 0.433268, 0, 0, 0, 1
-0.996267, -0.0611068, -0.0609824, -0.0992806, 0.0609801, 0.00190449, -0.998137, 0.28725, 0.0611091, -0.998129, 0.00182891, 0.433295, 0, 0, 0, 1
-0.995987, -0.0633505, -0.0632263, -0.0989165, 0.0632239, 0.00204456, -0.997997, 0.286845, 0.0633529, -0.997989, 0.00196891, 0.433323, 0, 0, 0, 1
-0.995691, -0.0656348, -0.0655106, -0.0985456, 0.0655081, 0.00219238, -0.99785, 0.286433, 0.0656373, -0.997841, 0.00211667, 0.433351, 0, 0, 0, 1
-0.995379, -0.0679595, -0.0678354, -0.0981681, 0.0678328, 0.00234826, -0.997694, 0.286014, 0.067962, -0.997685, 0.00227248, 0.43338, 0, 0, 0, 1
-0.995051, -0.0703245, -0.0702006, -0.0977838, 0.0701979, 0.00251246, -0.99753, 0.285587, 0.0703272, -0.997521, 0.00243661, 0.43341, 0, 0, 0, 1
-0.994705, -0.0727299, -0.0726061, -0.0973929, 0.0726033, 0.00268528, -0.997357, 0.285153, 0.0727327, -0.997348, 0.00260937, 0.433439, 0, 0, 0, 1
-0.994342, -0.0751756, -0.0750519, -0.0969954, 0.075049, 0.00286703, -0.997176, 0.284712, 0.0751784, -0.997166, 0.00279105, 0.43347, 0, 0, 0, 1
-0.99396, -0.0776614, -0.0775378, -0.0965911, 0.0775348, 0.00305799, -0.996985, 0.284262, 0.0776644, -0.996975, 0.00298194, 0.433501, 0, 0, 0, 1
-0.993559, -0.0801873, -0.0800638, -0.0961801, 0.0800608, 0.00325848, -0.996785, 0.283806, 0.0801904, -0.996774, 0.00318236, 0.433532, 0, 0, 0, 1
-0.993139, -0.0827532, -0.0826299, -0.0957625, 0.0826267, 0.00346881, -0.996575, 0.283342, 0.0827564, -0.996564, 0.00339262, 0.433564, 0, 0, 0, 1
-0.992698, -0.0853591, -0.0852358, -0.0953382, 0.0852326, 0.00368929, -0.996354, 0.282871, 0.0853623, -0.996343, 0.00361302, 0.433597, 0, 0, 0, 1
-0.992236, -0.0880047, -0.0878816, -0.0949072, 0.0878783, 0.00392024, -0.996124, 0.282392, 0.0880081, -0.996112, 0.0038439, 0.43363, 0, 0, 0, 1
-0.991752, -0.0906901, -0.0905672, -0.0944695, 0.0905637, 0.00416199, -0.995882, 0.281906, 0.0906936, -0.99587, 0.00408558, 0.433663, 0, 0, 0, 1
-0.991247, -0.0934152, -0.0932924, -0.0940252, 0.0932888, 0.00441486, -0.995629, 0.281412, 0.0934188, -0.995617, 0.00433838, 0.433697, 0, 0, 0, 1
-0.990718, -0.0961798, -0.0960571, -0.0935741, 0.0960534, 0.00467919, -0.995365, 0.280911, 0.0961835, -0.995353, 0.00460263, 0.433732, 0, 0, 0, 1
-0.990166, -0.0989838, -0.0988613, -0.0931164, 0.0988575, 0.00495532, -0.995089, 0.280403, 0.0989876, -0.995077, 0.00487869, 0.433767, 0, 0, 0, 1
-0.98959, -0.101827, -0.101705, -0.092652, 0.101701, 0.0052436, -0.994801, 0.279887, 0.101831, -0.994788, 0.00516689, 0.433802, 0, 0, 0, 1
-0.988988, -0.10471, -0.104587, -0.0921809, 0.104583, 0.00554436, -0.994501, 0.279364, 0.104714, -0.994487, 0.00546758, 0.433838, 0, 0, 0, 1
-0.988361, -0.107631, -0.107509, -0.0917032, 0.107505, 0.00585796, -0.994187, 0.278833, 0.107635, -0.994174, 0.00578111, 0.433875, 0, 0, 0, 1
-0.987707, -0.110592, -0.11047, -0.0912187, 0.110466, 0.00618477, -0.993861, 0.278295, 0.110596, -0.993847, 0.00610784, 0.433912, 0, 0, 0, 1
-0.987027, -0.113591, -0.113469, -0.0907276, 0.113465, 0.00652513, -0.993521, 0.277749, 0.113595, -0.993506, 0.00644812, 0.433949, 0, 0, 0, 1
-0.986318, -0.116629, -0.116508, -0.0902298, 0.116503, 0.00687942, -0.993167, 0.277197, 0.116634, -0.993152, 0.00680234, 0.433987, 0, 0, 0, 1
-0.985581, -0.119706, -0.119584, -0.0897253, 0.11958, 0.00724801, -0.992798, 0.276636, 0.11971, -0.992783, 0.00717085, 0.434026, 0, 0, 0, 1
-0.984815, -0.12282, -0.122699, -0.0892141, 0.122695, 0.00763126, -0.992415, 0.276068, 0.122825, -0.9924, 0.00755402, 0.434065, 0, 0, 0, 1
-0.984018, -0.125974, -0.125853, -0.0886962, 0.125848, 0.00802956, -0.992017, 0.275493, 0.125979, -0.992001, 0.00795225, 0.434105, 0, 0, 0, 1
-0.983191, -0.129165, -0.129044, -0.0881717, 0.129039, 0.0084433, -0.991604, 0.274911, 0.12917, -0.991587, 0.00836591, 0.434145, 0, 0, 0, 1
-0.982332, -0.132394, -0.132273, -0.0876405, 0.132268, 0.00887285, -0.991174, 0.27432, 0.132399, -0.991157, 0.00879538, 0.434185, 0, 0, 0, 1
-0.98144, -0.135661, -0.13554, -0.0871026, 0.135535, 0.00931861, -0.990729, 0.273723, 0.135666, -0.990712, 0.00924107, 0.434226, 0, 0, 0, 1
-0.980516, -0.138965, -0.138845, -0.086558, 0.138839, 0.00978098, -0.990267, 0.273118, 0.13897, -0.990249, 0.00970335, 0.434268, 0, 0, 0, 1
-0.979557, -0.142306, -0.142186, -0.0860067, 0.142181, 0.0102603, -0.989788, 0.272506, 0.142312, -0.989769, 0.0101826, 0.43431, 0, 0, 0, 1
-0.978564, -0.145685, -0.145565, -0.0854487, 0.14556, 0.0107571, -0.989291, 0.271886, 0.145691, -0.989273, 0.0106793, 0.434353, 0, 0, 0, 1
-0.977534, -0.149101, -0.148981, -0.0848841, 0.148975, 0.0112717, -0.988777, 0.271259, 0.149107, -0.988758, 0.0111939, 0.434396, 0, 0, 0, 1
-0.976469, -0.152553, -0.152434, -0.0843128, 0.152428, 0.0118045, -0.988244, 0.270624, 0.152559, -0.988225, 0.0117266, 0.43444, 0, 0, 0, 1
-0.975366, -0.156042, -0.155923, -0.0837348, 0.155917, 0.012356, -0.987693, 0.269982, 0.156048, -0.987673, 0.012278, 0.434484, 0, 0, 0, 1
-0.974225, -0.159567, -0.159448, -0.0831501, 0.159442, 0.0129265, -0.987123, 0.269333, 0.159574, -0.987102, 0.0128484, 0.434529, 0, 0, 0, 1
-0.973045, -0.163128, -0.16301, -0.0825588, 0.163003, 0.0135165, -0.986533, 0.268676, 0.163135, -0.986512, 0.0134383, 0.434574, 0, 0, 0, 1
-0.971825, -0.166726, -0.166607, -0.0819607, 0.1666, 0.0141264, -0.985923, 0.268012, 0.166732, -0.985902, 0.0140481, 0.43462, 0, 0, 0, 1
-0.970565, -0.170358, -0.17024, -0.081356, 0.170233, 0.0147566, -0.985293, 0.26734, 0.170365, -0.985272, 0.0146783, 0.434666, 0, 0, 0, 1
-0.969263, -0.174026, -0.173908, -0.0807446, 0.173901, 0.0154076, -0.984643, 0.266661, 0.174033, -0.984621, 0.0153292, 0.434713, 0, 0, 0, 1
-0.967919, -0.177729, -0.177611, -0.0801265, 0.177604, 0.0160798, -0.983971, 0.265974, 0.177736, -0.983948, 0.0160014, 0.43476, 0, 0, 0, 1
-0.966531, -0.181466, -0.181349, -0.0795017, 0.181342, 0.0167737, -0.983277, 0.26528, 0.181474, -0.983254, 0.0166951, 0.434808, 0, 0, 0, 1
-0.965099, -0.185239, -0.185121, -0.0788702, 0.185114, 0.0174896, -0.982561, 0.264579, 0.185246, -0.982538, 0.017411, 0.434856, 0, 0, 0, 1
-0.963623, -0.189045, -0.188928, -0.0782321, 0.18892, 0.0182281, -0.981823, 0.26387, 0.189052, -0.981799, 0.0181494, 0.434905, 0, 0, 0, 1
-0.9621, -0.192885, -0.192768, -0.0775873, 0.19276, 0.0189895, -0.981062, 0.263154, 0.192893, -0.981038, 0.0189108, 0.434954, 0, 0, 0, 1
-0.96053, -0.196759, -0.196642, -0.0769358, 0.196634, 0.0197744, -0.980277, 0.26243, 0.196767, -0.980253, 0.0196956, 0.435004, 0, 0, 0, 1
-0.958913, -0.200666, -0.200549, -0.0762776, 0.200541, 0.0205832, -0.979469, 0.261699, 0.200674, -0.979444, 0.0205043, 0.435054, 0, 0, 0, 1
-0.957246, -0.204605, -0.204489, -0.0756127, 0.204481, 0.0214163, -0.978636, 0.260961, 0.204614, -0.97861, 0.0213373, 0.435105, 0, 0, 0, 1
-0.955539, -0.208558, -0.208442, -0.0749445, 0.208434, 0.0222699, -0.977783, 0.260218, 0.208567, -0.977756, 0.0221909, 0.435156, 0, 0, 0, 1
-0.953799, -0.212504, -0.212388, -0.0742763, 0.21238, 0.0231398, -0.976913, 0.259476, 0.212512, -0.976886, 0.0230607, 0.435208, 0, 0, 0, 1
-0.952027, -0.216442, -0.216327, -0.0736081, 0.216318, 0.0240261, -0.976027, 0.258734, 0.216451, -0.976, 0.0239469, 0.435259, 0, 0, 0, 1
-0.950222, -0.220373, -0.220258, -0.0729399, 0.220249, 0.0249285, -0.975125, 0.257992, 0.220382, -0.975097, 0.0248493, 0.43531, 0, 0, 0, 1
-0.948385, -0.224296, -0.224182, -0.0722717, 0.224173, 0.0258473, -0.974207, 0.257249, 0.224305, -0.974178, 0.0257679, 0.435361, 0, 0, 0, 1
-0.946515, -0.228212, -0.228098, -0.0716035, 0.228088, 0.0267822, -0.973272, 0.256507, 0.228221, -0.973243, 0.0267028, 0.435412, 0, 0, 0, 1
-0.944613, -0.23212, -0.232006, -0.0709353, 0.231997, 0.0277333, -0.972321, 0.255765, 0.232129, -0.972292, 0.0276538, 0.435463, 0, 0, 0, 1
-0.942679, -0.23602, -0.235906, -0.0702671, 0.235897, 0.0287005, -0.971354, 0.255023, 0.23603, -0.971324, 0.028621, 0.435514, 0, 0, 0, 1
-0.940712, -0.239912, -0.239799, -0.0695989, 0.239789, 0.0296838, -0.970371, 0.254281, 0.239922, -0.970341, 0.0296042, 0.435565, 0, 0, 0, 1
-0.938713, -0.243796, -0.243683, -0.0689307, 0.243673, 0.0306832, -0.969372, 0.253538, 0.243806, -0.969341, 0.0306036, 0.435616, 0, 0, 0, 1
-0.936682, -0.247671, -0.247558, -0.0682625, 0.247548, 0.0316986, -0.968357, 0.252796, 0.247681, -0.968325, 0.031619, 0.435667, 0, 0, 0, 1
-0.93462, -0.251538, -0.251426, -0.0675943, 0.251415, 0.03273, -0.967326, 0.252054, 0.251548, -0.967294, 0.0326503, 0.435719, 0, 0, 0, 1
-0.932525, -0.255396, -0.255284, -0.0669261, 0.255274, 0.0337774, -0.966279, 0.251312, 0.255407, -0.966246, 0.0336977, 0.43577, 0, 0, 0, 1
-0.930398, -0.259246, -0.259134, -0.0662578, 0.259123, 0.0348408, -0.965216, 0.250569, 0.259257, -0.965183, 0.0347609, 0.435821, 0, 0, 0, 1
-0.92824, -0.263087, -0.262975, -0.0655896, 0.262964, 0.03592, -0.964137, 0.249827, 0.263098, -0.964103, 0.0358401, 0.435872, 0, 0, 0, 1
-0.92605, -0.266919, -0.266807, -0.0649214, 0.266796, 0.037015, -0.963042, 0.249085, 0.26693, -0.963008, 0.0369351, 0.435923, 0, 0, 0, 1
-0.923828, -0.270741, -0.27063, -0.0642532, 0.270619, 0.0381259, -0.961931, 0.248343, 0.270752, -0.961897, 0.0380459, 0.435974, 0, 0, 0, 1
-0.921575, -0.274555, -0.274444, -0.063585, 0.274433, 0.0392526, -0.960805, 0.247601, 0.274566, -0.96077, 0.0391726, 0.436025, 0, 0, 0, 1
-0.91929, -0.278359, -0.278248, -0.0629168, 0.278237, 0.040395, -0.959663, 0.246858, 0.27837, -0.959627, 0.0403149, 0.436076, 0, 0, 0, 1
-0.916974, -0.282153, -0.282043, -0.0622486, 0.282032, 0.0415531, -0.958505, 0.246116, 0.282165, -0.958469, 0.041473, 0.436127, 0, 0, 0, 1
-0.914626, -0.285938, -0.285829, -0.0615804, 0.285817, 0.0427269, -0.957331, 0.245374, 0.28595, -0.957295, 0.0426467, 0.436179, 0, 0, 0, 1
-0.912248, -0.289713, -0.289604, -0.0609122, 0.289592, 0.0439163, -0.956142, 0.244632, 0.289725, -0.956105, 0.0438361, 0.43623, 0, 0, 0, 1
-0.909838, -0.293478, -0.29337, -0.060244, 0.293357, 0.0451212, -0.954937, 0.24389, 0.293491, -0.9549, 0.045041, 0.436281, 0, 0, 0, 1
-0.907397, -0.297234, -0.297125, -0.0595758, 0.297113, 0.0463418, -0.953717, 0.243147, 0.297246, -0.953679, 0.0462615, 0.436332, 0, 0, 0, 1
-0.904925, -0.300979, -0.30087, -0.0589076, 0.300858, 0.0475778, -0.952481, 0.242405, 0.300991, -0.952443, 0.0474975, 0.436383, 0, 0, 0, 1
-0.902422, -0.304713, -0.304606, -0.0582394, 0.304593, 0.0488293, -0.95123, 0.241663, 0.304726, -0.951192, 0.0487489, 0.436434, 0, 0, 0, 1
-0.899888, -0.308438, -0.30833, -0.0575712, 0.308317, 0.0500961, -0.949964, 0.240921, 0.308451, -0.949924, 0.0500158, 0.436485, 0, 0, 0, 1
-0.897324, -0.312152, -0.312044, -0.0569029, 0.312031, 0.0513784, -0.948682, 0.240178, 0.312165, -0.948642, 0.051298, 0.436536, 0, 0, 0, 1
-0.894728, -0.315855, -0.315748, -0.0562347, 0.315735, 0.052676, -0.947384, 0.239436, 0.315868, -0.947344, 0.0525956, 0.436587, 0, 0, 0, 1
-0.892103, -0.319547, -0.319441, -0.0555665, 0.319427, 0.0539889, -0.946072, 0.238694, 0.319561, -0.946031, 0.0539084, 0.436639, 0, 0, 0, 1
-0.889447, -0.323229, -0.323122, -0.0548983, 0.323109, 0.055317, -0.944744, 0.237952, 0.323242, -0.944703, 0.0552365, 0.43669, 0, 0, 0, 1
-0.88676, -0.326899, -0.326793, -0.0542301, 0.326779, 0.0566603, -0.943401, 0.23721, 0.326913, -0.943359, 0.0565798, 0.436741, 0, 0, 0, 1
-0.884043, -0.330558, -0.330453, -0.0535619, 0.330439, 0.0580187, -0.942043, 0.236467, 0.330572, -0.942001, 0.0579382, 0.436792, 0, 0, 0, 1
-0.881296, -0.334206, -0.334101, -0.0528937, 0.334087, 0.0593923, -0.940669, 0.235725, 0.334221, -0.940627, 0.0593117, 0.436843, 0, 0, 0, 1
-0.878519, -0.337843, -0.337738, -0.0522255, 0.337724, 0.0607809, -0.939281, 0.234983, 0.337857, -0.939238, 0.0607003, 0.436894, 0, 0, 0, 1
-0.875712, -0.341468, -0.341363, -0.0515573, 0.341349, 0.0621845, -0.937877, 0.234241, 0.341482, -0.937834, 0.0621039, 0.436945, 0, 0, 0, 1
-0.872874, -0.345081, -0.344977, -0.0508891, 0.344962, 0.0636031, -0.936459, 0.233498, 0.345096, -0.936415, 0.0635224, 0.436996, 0, 0, 0, 1
-0.870008, -0.348683, -0.348579, -0.0502209, 0.348564, 0.0650365, -0.935026, 0.232756, 0.348698, -0.934982, 0.0649559, 0.437047, 0, 0, 0, 1
-0.867111, -0.352272, -0.352169, -0.0495527, 0.352154, 0.0664849, -0.933578, 0.232014, 0.352287, -0.933533, 0.0664042, 0.437098, 0, 0, 0, 1
-0.864185, -0.35585, -0.355747, -0.0488845, 0.355731, 0.067948, -0.932115, 0.231272, 0.355865, -0.93207, 0.0678674, 0.43715, 0, 0, 0, 1
-0.861229, -0.359415, -0.359313, -0.0482163, 0.359297, 0.0694259, -0.930637, 0.23053, 0.359431, -0.930592, 0.0693453, 0.437201, 0, 0, 0, 1
-0.858244, -0.362968, -0.362866, -0.0475481, 0.36285, 0.0709186, -0.929145, 0.229787, 0.362984, -0.929099, 0.0708379, 0.437252, 0, 0, 0, 1
-0.855229, -0.366509, -0.366407, -0.0468798, 0.366391, 0.0724258, -0.927638, 0.229045, 0.366525, -0.927591, 0.0723452, 0.437303, 0, 0, 0, 1
-0.852185, -0.370037, -0.369936, -0.0462116, 0.36992, 0.0739477, -0.926116, 0.228303, 0.370054, -0.926069, 0.073867, 0.437354, 0, 0, 0, 1
-0.849112, -0.373553, -0.373452, -0.0455434, 0.373436, 0.0754842, -0.92458, 0.227561, 0.373569, -0.924532, 0.0754035, 0.437405, 0, 0, 0, 1
-0.84601, -0.377056, -0.376955, -0.0448752, 0.376939, 0.0770351, -0.923029, 0.226818, 0.377072, -0.922981, 0.0769544, 0.437456, 0, 0, 0, 1
-0.84288, -0.380546, -0.380445, -0.044207, 0.380429, 0.0786005, -0.921464, 0.226076, 0.380562, -0.921416, 0.0785198, 0.437507, 0, 0, 0, 1
-0.83972, -0.384023, -0.383923, -0.0435388, 0.383906, 0.0801803, -0.919884, 0.225334, 0.38404, -0.919836, 0.0800996, 0.437558, 0, 0, 0, 1
-0.836532, -0.387487, -0.387387, -0.0428706, 0.38737, 0.0817745, -0.91829, 0.224592, 0.387504, -0.918241, 0.0816938, 0.43761, 0, 0, 0, 1
-0.833315, -0.390937, -0.390838, -0.0422024, 0.390821, 0.0833829, -0.916682, 0.22385, 0.390954, -0.916633, 0.0833022, 0.437661, 0, 0, 0, 1
-0.83007, -0.394374, -0.394276, -0.0415342, 0.394258, 0.0850056, -0.91506, 0.223107, 0.394392, -0.91501, 0.0849249, 0.437712, 0, 0, 0, 1
-0.826796, -0.397798, -0.3977, -0.040866, 0.397682, 0.0866424, -0.913423, 0.222365, 0.397816, -0.913373, 0.0865617, 0.437763, 0, 0, 0, 1
-0.823494, -0.401208, -0.40111, -0.0401978, 0.401093, 0.0882934, -0.911772, 0.221623, 0.401226, -0.911721, 0.0882127, 0.437814, 0, 0, 0, 1
-0.820164, -0.404605, -0.404507, -0.0395296, 0.404489, 0.0899584, -0.910108, 0.220881, 0.404623, -0.910056, 0.0898777, 0.437865, 0, 0, 0, 1
-0.816806, -0.407988, -0.40789, -0.0388614, 0.407872, 0.0916374, -0.908429, 0.220139, 0.408006, -0.908377, 0.0915568, 0.437916, 0, 0, 0, 1
-0.81342, -0.411356, -0.411259, -0.0381932, 0.411241, 0.0933304, -0.906736, 0.219396, 0.411375, -0.906684, 0.0932498, 0.437967, 0, 0, 0, 1
-0.810006, -0.414711, -0.414614, -0.0375249, 0.414596, 0.0950373, -0.905029, 0.218654, 0.414729, -0.904977, 0.0949567, 0.438018, 0, 0, 0, 1
-0.806565, -0.418051, -0.417955, -0.0368567, 0.417937, 0.096758, -0.903309, 0.217912, 0.41807, -0.903256, 0.0966774, 0.43807, 0, 0, 0, 1
-0.803096, -0.421378, -0.421282, -0.0361885, 0.421263, 0.0984925, -0.901575, 0.21717, 0.421396, -0.901521, 0.0984119, 0.438121, 0, 0, 0, 1
-0.799599, -0.424689, -0.424594, -0.0355203, 0.424575, 0.100241, -0.899827, 0.216427, 0.424708, -0.899773, 0.10016, 0.438172, 0, 0, 0, 1
-0.796075, -0.427987, -0.427892, -0.0348521, 0.427873, 0.102003, -0.898065, 0.215685, 0.428006, -0.89801, 0.101922, 0.438223, 0, 0, 0, 1
-0.792524, -0.431269, -0.431175, -0.0341839, 0.431156, 0.103778, -0.89629, 0.214943, 0.431289, -0.896235, 0.103698, 0.438274, 0, 0, 0, 1
-0.788946, -0.434537, -0.434443, -0.0335157, 0.434424, 0.105567, -0.894501, 0.214201, 0.434557, -0.894446, 0.105487, 0.438325, 0, 0, 0, 1
-0.785341, -0.43779, -0.437697, -0.0328475, 0.437677, 0.10737, -0.892698, 0.213459, 0.43781, -0.892643, 0.107289, 0.438376, 0, 0, 0, 1
-0.781709, -0.441029, -0.440935, -0.0321793, 0.440915, 0.109185, -0.890883, 0.212716, 0.441049, -0.890827, 0.109105, 0.438427, 0, 0, 0, 1
-0.778051, -0.444252, -0.444159, -0.0315111, 0.444139, 0.111015, -0.889054, 0.211974, 0.444272, -0.888997, 0.110934, 0.438478, 0, 0, 0, 1
-0.774366, -0.44746, -0.447367, -0.0308429, 0.447347, 0.112857, -0.887211, 0.211232, 0.44748, -0.887154, 0.112777, 0.438529, 0, 0, 0, 1
-0.770654, -0.450652, -0.45056, -0.0301747, 0.45054, 0.114713, -0.885356, 0.21049, 0.450673, -0.885299, 0.114633, 0.438581, 0, 0, 0, 1
-0.766916, -0.453829, -0.453738, -0.0295065, 0.453717, 0.116582, -0.883487, 0.209747, 0.45385, -0.883429, 0.116502, 0.438632, 0, 0, 0, 1
-0.763152, -0.456991, -0.4569, -0.0288383, 0.456879, 0.118464, -0.881605, 0.209005, 0.457012, -0.881547, 0.118384, 0.438683, 0, 0, 0, 1
-0.759362, -0.460137, -0.460047, -0.0281701, 0.460026, 0.120359, -0.87971, 0.208263, 0.460158, -0.879652, 0.120279, 0.438734, 0, 0, 0, 1
-0.755546, -0.463268, -0.463177, -0.0275018, 0.463156, 0.122267, -0.877802, 0.207521, 0.463289, -0.877744, 0.122187, 0.438785, 0, 0, 0, 1
-0.751704, -0.466382, -0.466292, -0.0268336, 0.466271, 0.124188, -0.875882, 0.206779, 0.466404, -0.875822, 0.124108, 0.438836, 0, 0, 0, 1
-0.747836, -0.469481, -0.469391, -0.0261654, 0.46937, 0.126122, -0.873948, 0.206036, 0.469502, -0.873888, 0.126042, 0.438887, 0, 0, 0, 1
-0.743943, -0.472564, -0.472474, -0.0254972, 0.472453, 0.128068, -0.872002, 0.205294, 0.472585, -0.871942, 0.127988, 0.438938, 0, 0, 0, 1
-0.740025, -0.47563, -0.475541, -0.024829, 0.475519, 0.130028, -0.870043, 0.204552, 0.475652, -0.869982, 0.129948, 0.438989, 0, 0, 0, 1
-0.736081, -0.47868, -0.478592, -0.0241608, 0.47857, 0.132, -0.868071, 0.20381, 0.478702, -0.86801, 0.13192, 0.439041, 0, 0, 0, 1
-0.732112, -0.481714, -0.481626, -0.0234926, 0.481604, 0.133984, -0.866087, 0.203068, 0.481736, -0.866025, 0.133904, 0.439092, 0, 0, 0, 1
-0.728118, -0.484731, -0.484644, -0.0228244, 0.484622, 0.135981, -0.86409, 0.202325, 0.484754, -0.864028, 0.135901, 0.439143, 0, 0, 0, 1
-0.724099, -0.487732, -0.487645, -0.0221562, 0.487623, 0.13799, -0.86208, 0.201583, 0.487755, -0.862018, 0.137911, 0.439194, 0, 0, 0, 1
-0.720055, -0.490716, -0.49063, -0.021488, 0.490607, 0.140012, -0.860059, 0.200841, 0.490739, -0.859996, 0.139932, 0.439245, 0, 0, 0, 1
-0.715987, -0.493684, -0.493598, -0.0208198, 0.493575, 0.142046, -0.858025, 0.200099, 0.493707, -0.857962, 0.141967, 0.439296, 0, 0, 0, 1
-0.711894, -0.496634, -0.496549, -0.0201516, 0.496526, 0.144093, -0.855979, 0.199356, 0.496658, -0.855916, 0.144013, 0.439347, 0, 0, 0, 1
-0.707777, -0.499568, -0.499483, -0.0194834, 0.499459, 0.146151, -0.85392, 0.198614, 0.499591, -0.853857, 0.146071, 0.439398, 0, 0, 0, 1
-0.703636, -0.502484, -0.5024, -0.0188152, 0.502376, 0.148222, -0.85185, 0.197872, 0.502508, -0.851786, 0.148142, 0.439449, 0, 0, 0, 1
-0.699471, -0.505384, -0.5053, -0.0181469, 0.505276, 0.150304, -0.849768, 0.19713, 0.505407, -0.849703, 0.150225, 0.439501, 0, 0, 0, 1
-0.695282, -0.508266, -0.508182, -0.0174787, 0.508158, 0.152399, -0.847673, 0.196388, 0.50829, -0.847609, 0.152319, 0.439552, 0, 0, 0, 1
-0.691069, -0.511131, -0.511047, -0.0168105, 0.511023, 0.154505, -0.845567, 0.195645, 0.511155, -0.845502, 0.154426, 0.439603, 0, 0, 0, 1
-0.686832, -0.513978, -0.513895, -0.0161423, 0.513871, 0.156624, -0.843449, 0.194903, 0.514002, -0.843384, 0.156544, 0.439654, 0, 0, 0, 1
-0.682572, -0.516808, -0.516725, -0.0154741, 0.516701, 0.158753, -0.841319, 0.194161, 0.516832, -0.841253, 0.158674, 0.439705, 0, 0, 0, 1
-0.678289, -0.51962, -0.519538, -0.0148059, 0.519513, 0.160895, -0.839178, 0.193419, 0.519644, -0.839112, 0.160816, 0.439756, 0, 0, 0, 1
-0.673983, -0.522414, -0.522332, -0.0141377, 0.522308, 0.163048, -0.837025, 0.192676, 0.522439, -0.836958, 0.162969, 0.439807, 0, 0, 0, 1
-0.669653, -0.52519, -0.525109, -0.0134695, 0.525084, 0.165213, -0.83486, 0.191934, 0.525215, -0.834793, 0.165134, 0.439858, 0, 0, 0, 1
-0.665301, -0.527949, -0.527868, -0.0128013, 0.527843, 0.167389, -0.832684, 0.191192, 0.527974, -0.832617, 0.16731, 0.439909, 0, 0, 0, 1
-0.660926, -0.530689, -0.530609, -0.0121331, 0.530584, 0.169577, -0.830497, 0.19045, 0.530715, -0.830429, 0.169498, 0.43996, 0, 0, 0, 1
-0.656528, -0.533412, -0.533332, -0.0114649, 0.533306, 0.171775, -0.828298, 0.189708, 0.533437, -0.82823, 0.171696, 0.440012, 0, 0, 0, 1
-0.652108, -0.536116, -0.536036, -0.0107967, 0.536011, 0.173985, -0.826088, 0.188965, 0.536141, -0.82602, 0.173906, 0.440063, 0, 0, 0, 1
-0.647666, -0.538802, -0.538723, -0.0101285, 0.538697, 0.176207, -0.823867, 0.188223, 0.538827, -0.823799, 0.176128, 0.440114, 0, 0, 0, 1
-0.643201, -0.541469, -0.54139, -0.00946026, 0.541365, 0.178439, -0.821635, 0.187481, 0.541495, -0.821566, 0.17836, 0.440165, 0, 0, 0, 1
-0.638715, -0.544118, -0.54404, -0.00879205, 0.544014, 0.180682, -0.819392, 0.186739, 0.544144, -0.819323, 0.180603, 0.440216, 0, 0, 0, 1
-0.634206, -0.546748, -0.546671, -0.00812384, 0.546644, 0.182936, -0.817138, 0.185997, 0.546774, -0.817068, 0.182857, 0.440267, 0, 0, 0, 1
-0.629676, -0.54936, -0.549283, -0.00745564, 0.549256, 0.185201, -0.814873, 0.185254, 0.549386, -0.814803, 0.185122, 0.440318, 0, 0, 0, 1
-0.625125, -0.551953, -0.551876, -0.00678743, 0.551849, 0.187477, -0.812598, 0.184512, 0.551979, -0.812527, 0.187398, 0.440369, 0, 0, 0, 1
-0.620552, -0.554527, -0.55445, -0.00611922, 0.554424, 0.189763, -0.810311, 0.18377, 0.554553, -0.810241, 0.189685, 0.44042, 0, 0, 0, 1
-0.615958, -0.557082, -0.557006, -0.00545102, 0.556979, 0.19206, -0.808014, 0.183028, 0.557109, -0.807944, 0.191982, 0.440472, 0, 0, 0, 1
-0.611343, -0.559618, -0.559542, -0.00478281, 0.559515, 0.194368, -0.805707, 0.182285, 0.559645, -0.805636, 0.194289, 0.440523, 0, 0, 0, 1
-0.606707, -0.562135, -0.56206, -0.0041146, 0.562032, 0.196685, -0.803389, 0.181543, 0.562162, -0.803318, 0.196607, 0.440574, 0, 0, 0, 1
-0.60205, -0.564632, -0.564558, -0.0034464, 0.56453, 0.199014, -0.801061, 0.180801, 0.56466, -0.800989, 0.198936, 0.440625, 0, 0, 0, 1
-0.597373, -0.567111, -0.567037, -0.00277819, 0.567009, 0.201352, -0.798723, 0.180059, 0.567138, -0.798651, 0.201274, 0.440676, 0, 0, 0, 1
-0.592676, -0.56957, -0.569496, -0.00210998, 0.569469, 0.203701, -0.796374, 0.179317, 0.569598, -0.796302, 0.203623, 0.440727, 0, 0, 0, 1
-0.587958, -0.572009, -0.571936, -0.00144178, 0.571908, 0.20606, -0.794015, 0.178574, 0.572037, -0.793942, 0.205982, 0.440778, 0, 0, 0, 1
-0.58322, -0.574429, -0.574357, -0.000773569, 0.574329, 0.208429, -0.791646, 0.177832, 0.574458, -0.791573, 0.208351, 0.440829, 0, 0, 0, 1
-0.578462, -0.57683, -0.576758, -0.000105362, 0.576729, 0.210808, -0.789267, 0.17709, 0.576858, -0.789194, 0.21073, 0.44088, 0, 0, 0, 1
-0.573684, -0.57921, -0.579139, 0.000562845, 0.57911, 0.213197, -0.786879, 0.176348, 0.579239, -0.786805, 0.213119, 0.440932, 0, 0, 0, 1
-0.568887, -0.581571, -0.5815, 0.00123105, 0.581472, 0.215595, -0.78448, 0.175605, 0.5816, -0.784406, 0.215518, 0.440983, 0, 0, 0, 1
-0.56407, -0.583912, -0.583842, 0.00189926, 0.583813, 0.218004, -0.782072, 0.174863, 0.583941, -0.781998, 0.217926, 0.441034, 0, 0, 0, 1
-0.559234, -0.586234, -0.586163, 0.00256747, 0.586134, 0.220422, -0.779654, 0.174121, 0.586263, -0.77958, 0.220344, 0.441085, 0, 0, 0, 1
-0.554379, -0.588535, -0.588465, 0.00323567, 0.588436, 0.222849, -0.777227, 0.173379, 0.588564, -0.777152, 0.222772, 0.441136, 0, 0, 0, 1
-0.549505, -0.590816, -0.590746, 0.00390388, 0.590717, 0.225286, -0.77479, 0.172637, 0.590845, -0.774715, 0.225209, 0.441187, 0, 0, 0, 1
-0.544612, -0.593076, -0.593008, 0.00457209, 0.592978, 0.227732, -0.772344, 0.171894, 0.593106, -0.772268, 0.227656, 0.441238, 0, 0, 0, 1
-0.539701, -0.595317, -0.595249, 0.00524029, 0.595219, 0.230188, -0.769888, 0.171152, 0.595347, -0.769812, 0.230111, 0.441289, 0, 0, 0, 1
-0.534771, -0.597537, -0.597469, 0.0059085, 0.59744, 0.232653, -0.767423, 0.17041, 0.597567, -0.767347, 0.232576, 0.44134, 0, 0, 0, 1
-0.529823, -0.599737, -0.59967, 0.00657671, 0.59964, 0.235127, -0.764949, 0.169668, 0.599767, -0.764873, 0.23505, 0.441392, 0, 0, 0, 1
-0.524856, -0.601916, -0.601849, 0.00724491, 0.601819, 0.23761, -0.762466, 0.168925, 0.601946, -0.76239, 0.237534, 0.441443, 0, 0, 0, 1
-0.519872, -0.604075, -0.604009, 0.00791312, 0.603978, 0.240102, -0.759974, 0.168183, 0.604105, -0.759898, 0.240026, 0.441494, 0, 0, 0, 1
-0.51487, -0.606213, -0.606147, 0.00858133, 0.606117, 0.242603, -0.757474, 0.167441, 0.606243, -0.757397, 0.242527, 0.441545, 0, 0, 0, 1
-0.509851, -0.60833, -0.608265, 0.00924953, 0.608234, 0.245113, -0.754964, 0.166699, 0.608361, -0.754887, 0.245037, 0.441596, 0, 0, 0, 1
-0.504814, -0.610427, -0.610362, 0.00991774, 0.610331, 0.247631, -0.752446, 0.165957, 0.610458, -0.752368, 0.247555, 0.441647, 0, 0, 0, 1
-0.49976, -0.612503, -0.612438, 0.0105859, 0.612407, 0.250158, -0.749919, 0.165214, 0.612534, -0.749841, 0.250082, 0.441698, 0, 0, 0, 1
-0.494688, -0.614557, -0.614494, 0.0112542, 0.614463, 0.252694, -0.747383, 0.164472, 0.614589, -0.747305, 0.252618, 0.441749, 0, 0, 0, 1
-0.4896, -0.616591, -0.616528, 0.0119224, 0.616497, 0.255238, -0.744839, 0.16373, 0.616623, -0.744761, 0.255162, 0.4418, 0, 0, 0, 1
-0.484495, -0.618604, -0.618541, 0.0125906, 0.61851, 0.25779, -0.742287, 0.162988, 0.618636, -0.742208, 0.257715, 0.441851, 0, 0, 0, 1
-0.479374, -0.620596, -0.620533, 0.0132588, 0.620502, 0.260351, -0.739726, 0.162246, 0.620627, -0.739648, 0.260275, 0.441903, 0, 0, 0, 1
-0.474236, -0.622566, -0.622504, 0.013927, 0.622472, 0.26292, -0.737158, 0.161503, 0.622598, -0.737079, 0.262844, 0.441954, 0, 0, 0, 1
-0.469082, -0.624515, -0.624454, 0.0145952, 0.624422, 0.265496, -0.734581, 0.160761, 0.624547, -0.734501, 0.265421, 0.442005, 0, 0, 0, 1
-0.463912, -0.626443, -0.626382, 0.0152634, 0.62635, 0.268081, -0.731996, 0.160019, 0.626475, -0.731916, 0.268006, 0.442056, 0, 0, 0, 1
-0.458726, -0.62835, -0.628289, 0.0159316, 0.628257, 0.270674, -0.729403, 0.159277, 0.628382, -0.729323, 0.270599, 0.442107, 0, 0, 0, 1
-0.453525, -0.630234, -0.630174, 0.0165998, 0.630142, 0.273275, -0.726802, 0.158534, 0.630267, -0.726722, 0.2732, 0.442158, 0, 0, 0, 1
-0.448308, -0.632098, -0.632038, 0.017268, 0.632006, 0.275884, -0.724194, 0.157792, 0.63213, -0.724114, 0.275809, 0.442209, 0, 0, 0, 1
-0.443075, -0.63394, -0.633881, 0.0179362, 0.633848, 0.2785, -0.721578, 0.15705, 0.633972, -0.721497, 0.278425, 0.44226, 0, 0, 0, 1
-0.437828, -0.63576, -0.635701, 0.0186044, 0.635668, 0.281123, -0.718954, 0.156308, 0.635793, -0.718873, 0.281049, 0.442311, 0, 0, 0, 1
-0.432565, -0.637558, -0.6375, 0.0192726, 0.637467, 0.283754, -0.716323, 0.155566, 0.637591, -0.716242, 0.28368, 0.442363, 0, 0, 0, 1
-0.427288, -0.639335, -0.639277, 0.0199408, 0.639244, 0.286393, -0.713685, 0.154823, 0.639368, -0.713603, 0.286319, 0.442414, 0, 0, 0, 1
-0.421996, -0.64109, -0.641033, 0.0206091, 0.640999, 0.289039, -0.711039, 0.154081, 0.641123, -0.710957, 0.288965, 0.442465, 0, 0, 0, 1
-0.41669, -0.642823, -0.642766, 0.0212773, 0.642733, 0.291692, -0.708386, 0.153339, 0.642856, -0.708304, 0.291618, 0.442516, 0, 0, 0, 1
-0.411369, -0.644534, -0.644478, 0.0219455, 0.644444, 0.294352, -0.705726, 0.152597, 0.644567, -0.705644, 0.294278, 0.442567, 0, 0, 0, 1
-0.406035, -0.646223, -0.646167, 0.0226137, 0.646133, 0.297019, -0.703059, 0.151854, 0.646256, -0.702976, 0.296946, 0.442618, 0, 0, 0, 1
-0.400687, -0.64789, -0.647834, 0.0232819, 0.6478, 0.299693, -0.700384, 0.151112, 0.647923, -0.700302, 0.29962, 0.442669, 0, 0, 0, 1
-0.395324, -0.649534, -0.64948, 0.0239501, 0.649446, 0.302374, -0.697703, 0.15037, 0.649568, -0.697621, 0.302301, 0.44272, 0, 0, 0, 1
-0.389949, -0.651157, -0.651103, 0.0246183, 0.651068, 0.305062, -0.695016, 0.149628, 0.651191, -0.694933, 0.304989, 0.442771, 0, 0, 0, 1
-0.38456, -0.652757, -0.652704, 0.0252865, 0.652669, 0.307757, -0.692321, 0.148886, 0.652792, -0.692238, 0.307684, 0.442823, 0, 0, 0, 1
-0.379158, -0.654335, -0.654282, 0.0259547, 0.654247, 0.310458, -0.68962, 0.148143, 0.65437, -0.689537, 0.310385, 0.442874, 0, 0, 0, 1
-0.373743, -0.655891, -0.655838, 0.0266229, 0.655803, 0.313165, -0.686913, 0.147401, 0.655925, -0.68683, 0.313092, 0.442925, 0, 0, 0, 1
-0.368315, -0.657424, -0.657372, 0.0272911, 0.657337, 0.315879, -0.684199, 0.146659, 0.657459, -0.684116, 0.315806, 0.442976, 0, 0, 0, 1
-0.362875, -0.658935, -0.658883, 0.0279593, 0.658848, 0.318599, -0.681479, 0.145917, 0.65897, -0.681395, 0.318526, 0.443027, 0, 0, 0, 1
-0.357422, -0.660423, -0.660372, 0.0286275, 0.660337, 0.321325, -0.678753, 0.145175, 0.660458, -0.678669, 0.321253, 0.443078, 0, 0, 0, 1
-0.351957, -0.661889, -0.661838, 0.0292957, 0.661803, 0.324058, -0.67602, 0.144432, 0.661924, -0.675936, 0.323986, 0.443129, 0, 0, 0, 1
-0.34648, -0.663332, -0.663282, 0.0299639, 0.663246, 0.326796, -0.673282, 0.14369, 0.663367, -0.673198, 0.326724, 0.44318, 0, 0, 0, 1
-0.340991, -0.664752, -0.664703, 0.0306322, 0.664667, 0.32954, -0.670538, 0.142948, 0.664788, -0.670453, 0.329469, 0.443231, 0, 0, 0, 1
-0.33549, -0.66615, -0.666101, 0.0313004, 0.666065, 0.332291, -0.667788, 0.142206, 0.666186, -0.667703, 0.332219, 0.443282, 0, 0, 0, 1
-0.329979, -0.667525, -0.667476, 0.0319686, 0.66744, 0.335046, -0.665032, 0.141463, 0.667561, -0.664947, 0.334975, 0.443334, 0, 0, 0, 1
-0.324455, -0.668877, -0.668829, 0.0326368, 0.668793, 0.337808, -0.66227, 0.140721, 0.668913, -0.662185, 0.337737, 0.443385, 0, 0, 0, 1
-0.318921, -0.670206, -0.670159, 0.033305, 0.670123, 0.340575, -0.659503, 0.139979, 0.670243, -0.659418, 0.340504, 0.443436, 0, 0, 0, 1
-0.313376, -0.671513, -0.671466, 0.0339732, 0.671429, 0.343348, -0.656731, 0.139237, 0.671549, -0.656645, 0.343277, 0.443487, 0, 0, 0, 1
-0.30782, -0.672796, -0.67275, 0.0346414, 0.672713, 0.346125, -0.653953, 0.138495, 0.672833, -0.653867, 0.346055, 0.443538, 0, 0, 0, 1
-0.302253, -0.674057, -0.674011, 0.0353096, 0.673974, 0.348909, -0.65117, 0.137752, 0.674093, -0.651084, 0.348838, 0.443589, 0, 0, 0, 1
-0.296677, -0.675294, -0.675249, 0.0359778, 0.675212, 0.351697, -0.648381, 0.13701, 0.675331, -0.648295, 0.351626, 0.44364, 0, 0, 0, 1
-0.29109, -0.676509, -0.676463, 0.036646, 0.676427, 0.35449, -0.645588, 0.136268, 0.676546, -0.645502, 0.35442, 0.443691, 0, 0, 0, 1
-0.285493, -0.6777, -0.677655, 0.0373142, 0.677618, 0.357289, -0.64279, 0.135526, 0.677737, -0.642703, 0.357218, 0.443742, 0, 0, 0, 1
-0.279886, -0.678868, -0.678824, 0.0379824, 0.678787, 0.360092, -0.639986, 0.134783, 0.678905, -0.6399, 0.360022, 0.443794, 0, 0, 0, 1
-0.27427, -0.680013, -0.679969, 0.0386506, 0.679932, 0.3629, -0.637178, 0.134041, 0.68005, -0.637092, 0.36283, 0.443845, 0, 0, 0, 1
-0.268645, -0.681135, -0.681091, 0.0393188, 0.681054, 0.365713, -0.634366, 0.133299, 0.681172, -0.634279, 0.365643, 0.443896, 0, 0, 0, 1
-0.26301, -0.682233, -0.68219, 0.0399871, 0.682153, 0.36853, -0.631548, 0.132557, 0.682271, -0.631462, 0.36846, 0.443947, 0, 0, 0, 1
-0.257366, -0.683308, -0.683266, 0.0406553, 0.683228, 0.371352, -0.628727, 0.131815, 0.683346, -0.62864, 0.371282, 0.443998, 0, 0, 0, 1
-0.251714, -0.68436, -0.684318, 0.0413235, 0.68428, 0.374178, -0.6259, 0.131072, 0.684398, -0.625813, 0.374109, 0.444049, 0, 0, 0, 1
-0.246053, -0.685388, -0.685347, 0.0419917, 0.685309, 0.377008, -0.62307, 0.13033, 0.685426, -0.622983, 0.376939, 0.4441, 0, 0, 0, 1
-0.240383, -0.686393, -0.686353, 0.0426599, 0.686315, 0.379843, -0.620235, 0.129588, 0.686432, -0.620148, 0.379774, 0.444151, 0, 0, 0, 1
-0.234705, -0.687375, -0.687335, 0.0433281, 0.687296, 0.382682, -0.617396, 0.128846, 0.687413, -0.617309, 0.382613, 0.444202, 0, 0, 0, 1
-0.22902, -0.688333, -0.688293, 0.0439963, 0.688255, 0.385524, -0.614554, 0.128103, 0.688371, -0.614466, 0.385456, 0.444254, 0, 0, 0, 1
-0.223326, -0.689268, -0.689228, 0.0446645, 0.68919, 0.388371, -0.611707, 0.127361, 0.689306, -0.611619, 0.388303, 0.444305, 0, 0, 0, 1
-0.217625, -0.690179, -0.69014, 0.0453327, 0.690101, 0.391222, -0.608856, 0.126619, 0.690217, -0.608769, 0.391153, 0.444356, 0, 0, 0, 1
-0.211916, -0.691066, -0.691028, 0.0460009, 0.690989, 0.394076, -0.606002, 0.125877, 0.691105, -0.605914, 0.394008, 0.444407, 0, 0, 0, 1
-0.206201, -0.69193, -0.691892, 0.0466691, 0.691853, 0.396934, -0.603144, 0.125135, 0.691969, -0.603056, 0.396866, 0.444458, 0, 0, 0, 1
-0.200478, -0.69277, -0.692733, 0.0473373, 0.692694, 0.399795, -0.600283, 0.124392, 0.692809, -0.600195, 0.399727, 0.444509, 0, 0, 0, 1
-0.194748, -0.693586, -0.69355, 0.0480055, 0.69351, 0.40266, -0.597418, 0.12365, 0.693626, -0.59733, 0.402592, 0.44456, 0, 0, 0, 1
