-0.999999, -0.000797282, -0.000797199, 0.290901, 0.00079686, 0.000424669, -1, 0.848124, 0.00079762, -1, -0.000424034, 1.02183, 0, 0, 0, 1
-0.998346, 0.0070734, -0.057062, 0.290022, 0.0574833, 0.0998237, -0.993343, 0.860186, -0.00133018, -0.99498, -0.100065, 1.02467, 0, 0, 0, 1
-0.993462, 0.0130903, -0.113408, 0.288899, 0.113743, 0.198354, -0.973508, 0.87264, 0.00975136, -0.980043, -0.198546, 1.02965, 0, 0, 0, 1
-0.985306, 0.0173066, -0.169919, 0.287528, 0.167412, 0.294995, -0.940718, 0.885244, 0.0338448, -0.955342, -0.293558, 1.03681, 0, 0, 0, 1
-0.973772, 0.0198126, -0.226663, 0.285913, 0.216371, 0.38875, -0.895576, 0.897751, 0.0703715, -0.92113, -0.382841, 1.04619, 0, 0, 0, 1
-0.958698, 0.0207339, -0.283668, 0.284067, 0.258618, 0.478654, -0.839051, 0.909914, 0.118382, -0.877759, -0.464247, 1.05778, 0, 0, 0, 1
-0.939876, 0.0202297, -0.340915, 0.282014, 0.292323, 0.563787, -0.772458, 0.921486, 0.176577, -0.825673, -0.535803, 1.07155, 0, 0, 0, 1
-0.91706, 0.0184899, -0.398321, 0.279786, 0.315893, 0.643282, -0.697424, 0.932226, 0.243337, -0.765406, -0.595769, 1.08745, 0, 0, 0, 1
-0.889981, 0.0157322, -0.455727, 0.277423, 0.328015, 0.716338, -0.615846, 0.941901, 0.316766, -0.697576, -0.642687, 1.1054, 0, 0, 0, 1
-0.858364, 0.0121986, -0.512897, 0.274973, 0.327711, 0.782224, -0.529841, 0.950284, 0.394737, -0.622878, -0.67543, 1.1253, 0, 0, 0, 1
-0.821947, 0.00815103, -0.569506, 0.272493, 0.314366, 0.84029, -0.441686, 0.957165, 0.47495, -0.542076, -0.693236, 1.14703, 0, 0, 0, 1
-0.780499, 0.00386771, -0.625145, 0.270044, 0.287754, 0.889974, -0.353757, 0.962347, 0.554995, -0.455995, -0.695737, 1.17043, 0, 0, 0, 1
-0.733838, -0.000361971, -0.679325, 0.267696, 0.248056, 0.930805, -0.268458, 0.965649, 0.632416, -0.365516, -0.68297, 1.19535, 0, 0, 0, 1
-0.681851, -0.00424202, -0.731479, 0.26552, 0.19586, 0.962412, -0.188153, 0.96691, 0.704782, -0.27156, -0.655391, 1.2216, 0, 0, 0, 1
-0.624512, -0.00747479, -0.78098, 0.263592, 0.132149, 0.984525, -0.115096, 0.96599, 0.769754, -0.175084, -0.61386, 1.24899, 0, 0, 0, 1
-0.561894, -0.00976599, -0.827151, 0.261993, 0.0582836, 0.996978, -0.0513639, 0.96277, 0.825153, -0.0770704, -0.559627, 1.27729, 0, 0, 0, 1
-0.494185, -0.0108297, -0.869289, 0.260803, -0.0240318, 0.99971, 0.00120746, 0.957157, 0.869024, 0.0214873, -0.494302, 1.30628, 0, 0, 0, 1
-0.421694, -0.0103932, -0.906678, 0.2601, -0.112794, 0.992769, 0.0410801, 0.94908, 0.899695, 0.119591, -0.419817, 1.33573, 0, 0, 0, 1
-0.354609, -0.00999554, -0.934961, 0.255598, -0.111169, 0.993301, 0.0315445, 0.9645, 0.928382, 0.115124, -0.353345, 1.32147, 0, 0, 0, 1
-0.285731, -0.00960519, -0.958262, 0.250897, -0.108776, 0.993812, 0.0224729, 0.979102, 0.952116, 0.110657, -0.285008, 1.30661, 0, 0, 0, 1
-0.215429, -0.0092215, -0.976476, 0.246024, -0.105677, 0.994303, 0.0139246, 0.992864, 0.970784, 0.106191, -0.215177, 1.2912, 0, 0, 0, 1
-0.144081, -0.00884383, -0.989526, 0.241008, -0.101937, 0.994773, 0.00595191, 1.00576, 0.984302, 0.101727, -0.144229, 1.27527, 0, 0, 0, 1
-0.0720643, -0.00847157, -0.997364, 0.23588, -0.097625, 0.995222, -0.0013995, 1.01778, 0.992611, 0.0972668, -0.072547, 1.25888, 0, 0, 0, 1
0.000240681, -0.00810406, -0.999967, 0.230668, -0.0928133, 0.995651, -0.00809142, 1.02891, 0.995683, 0.0928122, -0.00051253, 1.24205, 0, 0, 0, 1
0.0724548, -0.00774068, -0.997342, 0.225401, -0.0875765, 0.996058, -0.014093, 1.03913, 0.993519, 0.0883648, 0.0714913, 1.22483, 0, 0, 0, 1
0.144202, -0.00738081, -0.989521, 0.220111, -0.0819906, 0.996445, -0.0193809, 1.04843, 0.986146, 0.0839261, 0.143084, 1.20727, 0, 0, 0, 1
0.21511, -0.00702382, -0.976565, 0.214826, -0.0761324, 0.99681, -0.0239393, 1.05681, 0.973618, 0.0794978, 0.213889, 1.18941, 0, 0, 0, 1
0.284815, -0.00666909, -0.958559, 0.209575, -0.0700789, 0.997155, -0.0277601, 1.06426, 0.956017, 0.0750813, 0.283538, 1.17129, 0, 0, 0, 1
0.352961, -0.006316, -0.935617, 0.204389, -0.0639067, 0.997479, -0.0308424, 1.07078, 0.933453, 0.0706783, 0.351667, 1.15295, 0, 0, 0, 1
0.419201, -0.00596396, -0.907874, 0.199295, -0.0576908, 0.997783, -0.0331927, 1.07637, 0.906059, 0.0662904, 0.417927, 1.13444, 0, 0, 0, 1
0.483201, -0.00561236, -0.875491, 0.194321, -0.0515046, 0.998065, -0.0348245, 1.08103, 0.873993, 0.0619191, 0.481977, 1.1158, 0, 0, 0, 1
0.544641, -0.00526062, -0.838653, 0.189495, -0.0454187, 0.998328, -0.0357582, 1.08478, 0.837438, 0.057566, 0.543492, 1.09708, 0, 0, 0, 1
0.603216, -0.00490814, -0.797563, 0.184843, -0.0395009, 0.99857, -0.0360206, 1.08761, 0.796599, 0.0532326, 0.60216, 1.07832, 0, 0, 0, 1
0.658637, -0.00455437, -0.752447, 0.180391, -0.0338148, 0.998792, -0.0356444, 1.08954, 0.751701, 0.0489206, 0.657687, 1.05956, 0, 0, 0, 1
0.710632, -0.00419873, -0.703551, 0.176163, -0.0284202, 0.998995, -0.0346682, 1.09059, 0.702989, 0.0446314, 0.709799, 1.04085, 0, 0, 0, 1
0.758951, -0.00384069, -0.651136, 0.172183, -0.023372, 0.999178, -0.0331355, 1.09077, 0.650728, 0.0403666, 0.758237, 1.02222, 0, 0, 0, 1
0.803361, -0.00347971, -0.595482, 0.168474, -0.01872, 0.999341, -0.0310947, 1.09009, 0.595198, 0.0361277, 0.802767, 1.00373, 0, 0, 0, 1
0.843652, -0.00311526, -0.536881, 0.165056, -0.0145086, 0.999486, -0.0285983, 1.08858, 0.536694, 0.0319164, 0.843173, 0.985404, 0, 0, 0, 1
0.879636, -0.00274684, -0.47564, 0.161948, -0.0107762, 0.999612, -0.025702, 1.08626, 0.475525, 0.0277339, 0.879265, 0.967291, 0, 0, 0, 1
0.911146, -0.00237395, -0.412076, 0.159169, -0.00755523, 0.999719, -0.0224648, 1.08316, 0.412014, 0.023582, 0.910872, 0.949428, 0, 0, 0, 1
0.938041, -0.00199611, -0.346518, 0.156736, -0.00487191, 0.999809, -0.0189479, 1.0793, 0.34649, 0.0194621, 0.937852, 0.931853, 0, 0, 0, 1
0.960202, -0.00161287, -0.279301, 0.154663, -0.00274594, 0.99988, -0.0152142, 1.07472, 0.279292, 0.0153757, 0.960083, 0.914606, 0, 0, 0, 1
0.977536, -0.00122378, -0.210766, 0.152964, -0.00119055, 0.999935, -0.0113278, 1.06943, 0.210766, 0.0113242, 0.977471, 0.89772, 0, 0, 0, 1
0.989972, -0.000828413, -0.14126, 0.151649, -0.000212413, 0.999973, -0.00735295, 1.06348, 0.141262, 0.00730922, 0.989945, 0.881233, 0, 0, 0, 1
0.997467, -0.000426356, -0.0711313, 0.15073, 0.000188255, 0.999994, -0.00335402, 1.05689, 0.0711323, 0.00333213, 0.997461, 0.865177, 0, 0, 0, 1
1, -1.72221e-05, -0.000731018, 0.150213, 1.76648e-05, 1, 0.000605578, 1.04971, 0.000731007, -0.00060559, 1, 0.849584, 0, 0, 0, 1
