-0.999999, -0.000797282, -0.000797199, 0.290901, 0.00079686, 0.000424669, -1, 0.848124, 0.00079762, -1, -0.000424034, 1.02183, 0, 0, 0, 1
-0.99915, 0.014304, -0.0386646, 0.28974, 0.0395614, 0.0688815, -0.99684, 0.86227, -0.0115955, -0.997522, -0.0693889, 1.01049, 0, 0, 0, 1
-0.996684, 0.0272524, -0.0766644, 0.288096, 0.0797002, 0.137426, -0.9873, 0.876727, -0.0163706, -0.990137, -0.139142, 1.00031, 0, 0, 0, 1
-0.992642, 0.0380678, -0.114944, 0.285958, 0.120347, 0.205638, -0.9712, 0.891393, -0.0133347, -0.977888, -0.208706, 0.991332, 0, 0, 0, 1
-0.987016, 0.0467945, -0.153656, 0.28332, 0.160605, 0.273104, -0.948483, 0.906167, -0.00241981, -0.960846, -0.277073, 0.983562, 0, 0, 0, 1
-0.979749, 0.0534997, -0.192949, 0.280183, 0.199563, 0.33942, -0.919222, 0.920947, 0.0163127, -0.939112, -0.343223, 0.977009, 0, 0, 0, 1
-0.970739, 0.0582737, -0.232961, 0.276555, 0.236317, 0.404194, -0.883618, 0.935629, 0.0426697, -0.912815, -0.406138, 0.971672, 0, 0, 0, 1
-0.959835, 0.0612277, -0.273803, 0.272446, 0.269984, 0.46705, -0.842005, 0.950114, 0.0763259, -0.882108, -0.464821, 0.967544, 0, 0, 0, 1
-0.946845, 0.0624937, -0.31556, 0.267876, 0.299726, 0.527629, -0.794841, 0.964302, 0.116826, -0.847173, -0.518314, 0.964613, 0, 0, 0, 1
-0.931541, 0.0622219, -0.358273, 0.262867, 0.324761, 0.585592, -0.742706, 0.978098, 0.163589, -0.808215, -0.56571, 0.962856, 0, 0, 0, 1
-0.913661, 0.0605799, -0.401936, 0.25745, 0.344388, 0.640625, -0.686291, 0.991409, 0.215915, -0.76546, -0.606178, 0.962248, 0, 0, 0, 1
-0.892923, 0.0577503, -0.44649, 0.251657, 0.357998, 0.69244, -0.626389, 1.00414, 0.272994, -0.71916, -0.638971, 0.962754, 0, 0, 0, 1
-0.869029, 0.0539288, -0.491814, 0.245527, 0.365089, 0.740776, -0.56388, 1.01622, 0.333914, -0.669584, -0.663444, 0.964337, 0, 0, 0, 1
-0.841677, 0.0493222, -0.537724, 0.239103, 0.36528, 0.7854, -0.499718, 1.02756, 0.397681, -0.617021, -0.679069, 0.966951, 0, 0, 0, 1
-0.810575, 0.0441461, -0.583969, 0.23243, 0.358319, 0.826112, -0.43491, 1.0381, 0.463224, -0.561774, -0.685444, 0.970546, 0, 0, 0, 1
-0.775445, 0.0386225, -0.630232, 0.22556, 0.344093, 0.862744, -0.370504, 1.04775, 0.529419, -0.504164, -0.6823, 0.975067, 0, 0, 0, 1
-0.736044, 0.0329772, -0.67613, 0.218543, 0.322633, 0.895161, -0.307563, 1.05647, 0.595103, -0.444522, -0.669517, 0.980454, 0, 0, 0, 1
-0.692167, 0.0274378, -0.721215, 0.211436, 0.294117, 0.923263, -0.247147, 1.0642, 0.65909, -0.383189, -0.647122, 0.986644, 0, 0, 0, 1
-0.643664, 0.0222307, -0.764985, 0.204293, 0.258867, 0.946983, -0.190293, 1.0709, 0.720197, -0.320515, -0.615294, 0.993569, 0, 0, 0, 1
-0.590449, 0.017579, -0.806884, 0.197173, 0.217349, 0.96629, -0.137997, 1.07653, 0.777258, -0.256855, -0.574366, 1.00116, 0, 0, 0, 1
-0.532507, 0.0137001, -0.846315, 0.190134, 0.170165, 0.981188, -0.0911856, 1.08105, 0.829144, -0.19257, -0.524821, 1.00934, 0, 0, 0, 1
-0.469908, 0.0108029, -0.882649, 0.183235, 0.118044, 0.991713, -0.0507067, 1.08445, 0.874787, -0.128019, -0.467289, 1.01803, 0, 0, 0, 1
-0.402809, 0.0090861, -0.915239, 0.176532, 0.0618302, 0.997937, -0.0173052, 1.08672, 0.913193, -0.0635601, -0.40254, 1.02716, 0, 0, 0, 1
-0.331463, 0.00873542, -0.943428, 0.170084, 0.00247132, 0.999962, 0.00839061, 1.08784, 0.943465, 0.000449664, -0.331472, 1.03665, 0, 0, 0, 1
-0.256218, 0.00992202, -0.966568, 0.163944, -0.0590012, 0.997922, 0.0258839, 1.08782, 0.964817, 0.0636606, -0.2551, 1.04642, 0, 0, 0, 1
-0.177524, 0.0128003, -0.984033, 0.158166, -0.121489, 0.991982, 0.0348209, 1.08668, 0.976589, 0.125731, -0.174545, 1.05639, 0, 0, 0, 1
-0.0959267, 0.0175064, -0.995234, 0.1528, -0.183846, 0.982332, 0.0349997, 1.08441, 0.978263, 0.186327, -0.0910134, 1.06648, 0, 0, 0, 1
-0.0120677, 0.0241564, -0.999635, 0.147894, -0.244902, 0.969189, 0.0263772, 1.08106, 0.969473, 0.245131, -0.00577989, 1.07661, 0, 0, 0, 1
0.0733229, 0.0328451, -0.996767, 0.143491, -0.303481, 0.952794, 0.00907178, 1.07665, 0.950012, 0.301835, 0.0798295, 1.0867, 0, 0, 0, 1
0.159433, 0.0436447, -0.986243, 0.139631, -0.358428, 0.933409, -0.0166359, 1.07122, 0.919842, 0.35615, 0.16446, 1.09668, 0, 0, 0, 1
0.27444, 0.0376144, -0.960868, 0.13864, -0.325487, 0.943886, -0.056015, 1.0732, 0.904843, 0.328123, 0.271283, 1.07519, 0, 0, 0, 1
0.385561, 0.0320149, -0.922127, 0.137997, -0.288403, 0.953504, -0.0874829, 1.07447, 0.876451, 0.299674, 0.376867, 1.05377, 0, 0, 0, 1
0.491263, 0.0268514, -0.870597, 0.1377, -0.248661, 0.962251, -0.110637, 1.07503, 0.834762, 0.270836, 0.479395, 1.03247, 0, 0, 0, 1
0.5901, 0.0221288, -0.807027, 0.137744, -0.207781, 0.970113, -0.125329, 1.0749, 0.780134, 0.241642, 0.577061, 1.01131, 0, 0, 0, 1
0.680723, 0.0178512, -0.732323, 0.138124, -0.167271, 0.977079, -0.131668, 1.07408, 0.713187, 0.212126, 0.668107, 0.990321, 0, 0, 0, 1
0.761905, 0.0140225, -0.647537, 0.138835, -0.12859, 0.983139, -0.130011, 1.07257, 0.634796, 0.182323, 0.750862, 0.969525, 0, 0, 0, 1
0.832548, 0.0106457, -0.553851, 0.139872, -0.093103, 0.988282, -0.120956, 1.0704, 0.546073, 0.152267, 0.823783, 0.948951, 0, 0, 0, 1
0.891699, 0.0077235, -0.452562, 0.141227, -0.062049, 0.992501, -0.105319, 1.06756, 0.448355, 0.121994, 0.885492, 0.928628, 0, 0, 0, 1
0.938564, 0.00525803, -0.345064, 0.142896, -0.0365021, 0.995788, -0.0841109, 1.06407, 0.343168, 0.091539, 0.934803, 0.908583, 0, 0, 0, 1
0.972512, 0.00325081, -0.23283, 0.14487, -0.0173439, 0.998136, -0.0585079, 1.05994, 0.232206, 0.0609378, 0.970756, 0.88884, 0, 0, 0, 1
0.993084, 0.00170286, -0.117394, 0.147143, -0.00523871, 0.999542, -0.0298175, 1.05519, 0.11729, 0.0302263, 0.992638, 0.869425, 0, 0, 0, 1
1, 0.000614627, -0.000330449, 0.149707, -0.000614441, 1, 0.000559749, 1.04983, 0.000330792, -0.000559546, 1, 0.850364, 0, 0, 0, 1
