-0.999999, -0.000797282, -0.000797199, 0.290901, 0.00079686, 0.000424669, -1, 0.848124, 0.00079762, -1, -0.000424034, 1.02183, 0, 0, 0, 1
-0.998167, 0.00954532, 0.0597576, 0.290435, -0.0589215, 0.0718289, -0.995675, 0.863031, -0.0137964, -0.997371, -0.0711348, 1.00837, 0, 0, 0, 1
-0.992609, 0.0185094, 0.119937, 0.289664, -0.116095, 0.143037, -0.982885, 0.878207, -0.035348, -0.989544, -0.139831, 0.996157, 0, 0, 0, 1
-0.983435, 0.0261132, 0.179373, 0.288584, -0.169798, 0.213642, -0.962042, 0.893557, -0.0634436, -0.976563, -0.205669, 0.985214, 0, 0, 0, 1
-0.970794, 0.03239, 0.237716, 0.287192, -0.219175, 0.283244, -0.933668, 0.908979, -0.0975732, -0.958501, -0.267872, 0.975564, 0, 0, 0, 1
-0.954875, 0.0373877, 0.294646, 0.285491, -0.263451, 0.351448, -0.898375, 0.924373, -0.137141, -0.935461, -0.325739, 0.967217, 0, 0, 0, 1
-0.935894, 0.0411687, 0.349869, 0.283487, -0.301943, 0.417871, -0.856863, 0.93964, -0.181476, -0.907573, -0.378653, 0.96018, 0, 0, 0, 1
-0.914096, 0.0438087, 0.403124, 0.28119, -0.334065, 0.482144, -0.8099, 0.954678, -0.229845, -0.874996, -0.426091, 0.954449, 0, 0, 0, 1
-0.889748, 0.0453966, 0.454189, 0.278612, -0.359342, 0.543911, -0.75831, 0.969391, -0.281463, -0.837914, -0.467631, 0.950014, 0, 0, 0, 1
-0.863132, 0.046033, 0.502876, 0.275771, -0.377407, 0.602834, -0.702961, 0.98368, -0.33551, -0.796537, -0.502952, 0.946859, 0, 0, 0, 1
-0.83454, 0.04583, 0.549038, 0.272687, -0.388008, 0.658596, -0.644749, 0.997452, -0.391143, -0.7511, -0.531842, 0.944961, 0, 0, 0, 1
-0.804269, 0.0449093, 0.592566, 0.269384, -0.391009, 0.7109, -0.58458, 1.01061, -0.447508, -0.701858, -0.554195, 0.944288, 0, 0, 0, 1
-0.772615, 0.0434016, 0.63339, 0.265888, -0.386387, 0.759473, -0.52336, 1.02308, -0.503757, -0.649089, -0.57001, 0.944804, 0, 0, 0, 1
-0.739868, 0.0414453, 0.671475, 0.262229, -0.374233, 0.804068, -0.46198, 1.03477, -0.559058, -0.593092, -0.579393, 0.946465, 0, 0, 0, 1
-0.706305, 0.039185, 0.706822, 0.258441, -0.354742, 0.844463, -0.401299, 1.0456, -0.61261, -0.534179, -0.582548, 0.949222, 0, 0, 0, 1
-0.672191, 0.0367701, 0.739464, 0.254556, -0.328213, 0.880465, -0.342135, 1.05549, -0.663653, -0.472682, -0.579772, 0.95302, 0, 0, 0, 1
-0.637767, 0.0343537, 0.769463, 0.250612, -0.295037, 0.911912, -0.285254, 1.06439, -0.711482, -0.408945, -0.571452, 0.957799, 0, 0, 0, 1
-0.603254, 0.0320907, 0.796904, 0.246648, -0.255688, 0.938668, -0.231355, 1.07223, -0.755453, -0.343325, -0.55805, 0.963494, 0, 0, 0, 1
-0.568845, 0.0301365, 0.821893, 0.242704, -0.210718, 0.960632, -0.181065, 1.07895, -0.794993, -0.276185, -0.5401, 0.970035, 0, 0, 0, 1
-0.534707, 0.0286458, 0.844552, 0.23882, -0.160738, 0.977731, -0.13493, 1.0845, -0.829609, -0.207899, -0.518195, 0.977349, 0, 0, 0, 1
-0.500978, 0.0277706, 0.865015, 0.235039, -0.106414, 0.989925, -0.0934107, 1.08884, -0.858893, -0.138846, -0.492975, 0.985359, 0, 0, 0, 1
-0.467764, 0.027659, 0.883421, 0.231403, -0.0484493, 0.997205, -0.056875, 1.09194, -0.882524, -0.0694051, -0.465117, 0.993984, 0, 0, 0, 1
-0.435145, 0.0284537, 0.899911, 0.227954, 0.012424, 0.999595, -0.025598, 1.09377, -0.900275, 4.16262e-05, -0.435322, 1.00314, 0, 0, 0, 1
-0.40317, 0.0302905, 0.914623, 0.224734, 0.0754605, 0.997149, 0.000239771, 1.09431, -0.912008, 0.0691146, -0.404307, 1.01275, 0, 0, 0, 1
-0.371864, 0.0332973, 0.92769, 0.221786, 0.139913, 0.989951, 0.0205519, 1.09354, -0.917683, 0.137438, -0.372785, 1.02271, 0, 0, 0, 1
-0.341223, 0.0375923, 0.93923, 0.219148, 0.205043, 0.978115, 0.0353436, 1.09147, -0.917346, 0.204642, -0.341464, 1.03295, 0, 0, 0, 1
-0.311226, 0.0432831, 0.94935, 0.216862, 0.270134, 0.961784, 0.0447082, 1.08809, -0.911134, 0.270366, -0.311025, 1.04338, 0, 0, 0, 1
-0.281831, 0.0504656, 0.958136, 0.214962, 0.334501, 0.94113, 0.0488221, 1.08341, -0.899266, 0.334257, -0.28212, 1.0539, 0, 0, 0, 1
-0.252981, 0.0592229, 0.965657, 0.213487, 0.397503, 0.916348, 0.0479382, 1.07746, -0.882039, 0.395979, -0.25536, 1.06444, 0, 0, 0, 1
-0.224608, 0.0696242, 0.971959, 0.212467, 0.458545, 0.88766, 0.0423786, 1.07025, -0.859818, 0.455205, -0.231301, 1.07489, 0, 0, 0, 1
-0.196638, 0.0817244, 0.977064, 0.211934, 0.517093, 0.855311, 0.0325266, 1.06181, -0.833035, 0.511629, -0.210446, 1.08519, 0, 0, 0, 1
-0.0785185, 0.0744093, 0.994132, 0.206477, 0.482249, 0.875604, -0.0274487, 1.06485, -0.872508, 0.477264, -0.104635, 1.06833, 0, 0, 0, 1
0.0418897, 0.0670921, 0.996867, 0.201103, 0.440349, 0.894371, -0.0786979, 1.06727, -0.896849, 0.442266, 0.00792104, 1.05138, 0, 0, 0, 1
0.162821, 0.0598299, 0.98484, 0.19583, 0.393067, 0.911598, -0.120365, 1.06907, -0.90498, 0.406706, 0.12491, 1.03437, 0, 0, 0, 1
0.282421, 0.0526795, 0.957843, 0.19068, 0.342183, 0.927275, -0.151891, 1.07026, -0.896186, 0.370655, 0.243856, 1.01733, 0, 0, 0, 1
0.398774, 0.0456971, 0.91591, 0.18567, 0.289534, 0.941399, -0.173027, 1.07084, -0.870144, 0.334186, 0.362174, 1.00027, 0, 0, 0, 1
0.509937, 0.038938, 0.85933, 0.18082, 0.236957, 0.953968, -0.183839, 1.07082, -0.826931, 0.297371, 0.477237, 0.983215, 0, 0, 0, 1
0.613978, 0.0324567, 0.788656, 0.176148, 0.186239, 0.964987, -0.184703, 1.07021, -0.767037, 0.260282, 0.586436, 0.966192, 0, 0, 0, 1
0.709006, 0.0263064, 0.704712, 0.17167, 0.139068, 0.974465, -0.176291, 1.06903, -0.691355, 0.222994, 0.687243, 0.949222, 0, 0, 0, 1
0.793219, 0.0205389, 0.60859, 0.167405, 0.0969768, 0.982415, -0.159552, 1.06727, -0.601165, 0.185578, 0.777278, 0.932326, 0, 0, 0, 1
0.86494, 0.0152044, 0.501644, 0.163367, 0.0613079, 0.988854, -0.135679, 1.06496, -0.498116, 0.148109, 0.854368, 0.915527, 0, 0, 0, 1
0.922661, 0.0103514, 0.385474, 0.159572, 0.033168, 0.993805, -0.106077, 1.0621, -0.384184, 0.110659, 0.916601, 0.898846, 0, 0, 0, 1
0.965074, 0.0060262, 0.261907, 0.156035, 0.0133981, 0.997292, -0.072316, 1.05871, -0.261634, 0.0732993, 0.96238, 0.882305, 0, 0, 0, 1
0.991117, 0.00227319, 0.132973, 0.152769, 0.00254918, 0.999346, -0.0360842, 1.05482, -0.132968, 0.0361027, 0.990463, 0.865924, 0, 0, 0, 1
0.999999, -0.000865719, 0.000868594, 0.149786, 0.000864971, 0.999999, 0.000861139, 1.05042, -0.000869339, -0.000860387, 0.999999, 0.849723, 0, 0, 0, 1
