-0.999999, -0.000797282, -0.000797199, 0.290901, 0.00079686, 0.000424669, -1, 0.848124, 0.00079762, -1, -0.000424034, 1.02183, 0, 0, 0, 1
-0.992225, 0.00962342, 0.124087, 0.288662, -0.123881, 0.0196534, -0.992102, 0.846855, -0.0119862, -0.999761, -0.0183084, 1.01759, 0, 0, 0, 1
-0.968826, 0.0194288, 0.246981, 0.286434, -0.246099, 0.0391955, -0.968452, 0.845606, -0.0284963, -0.999043, -0.0331922, 1.01343, 0, 0, 0, 1
-0.930206, 0.0286111, 0.36592, 0.284216, -0.363859, 0.0590227, -0.929582, 0.844374, -0.0481939, -0.997847, -0.0444929, 1.00933, 0, 0, 0, 1
-0.877018, 0.0371639, 0.479017, 0.282006, -0.475262, 0.0791064, -0.876281, 0.843157, -0.0704594, -0.996173, -0.0517152, 1.00532, 0, 0, 0, 1
-0.810148, 0.045082, 0.58449, 0.279803, -0.578542, 0.0994182, -0.809571, 0.841951, -0.0946061, -0.994024, -0.0544616, 1.00138, 0, 0, 0, 1
-0.730697, 0.0523612, 0.680691, 0.277607, -0.672092, 0.119929, -0.730691, 0.840753, -0.119895, -0.991401, -0.0524405, 0.997515, 0, 0, 0, 1
-0.639965, 0.0589987, 0.766136, 0.275415, -0.754493, 0.140612, -0.641068, 0.839561, -0.14555, -0.988305, -0.0454724, 0.993729, 0, 0, 0, 1
-0.539425, 0.0649925, 0.839522, 0.273228, -0.824535, 0.161436, -0.542293, 0.838372, -0.170774, -0.984741, -0.0334939, 0.990021, 0, 0, 0, 1
-0.430694, 0.0703422, 0.899753, 0.271045, -0.881231, 0.182374, -0.436086, 0.837182, -0.194767, -0.98071, -0.0165597, 0.986389, 0, 0, 0, 1
-0.315508, 0.0750482, 0.945951, 0.268866, -0.923839, 0.203398, -0.32427, 0.835989, -0.21674, -0.976216, 0.00515878, 0.982835, 0, 0, 0, 1
-0.195691, 0.0791123, 0.977469, 0.26669, -0.951861, 0.224479, -0.208732, 0.834789, -0.235935, -0.971262, 0.0313753, 0.979358, 0, 0, 0, 1
-0.0731224, 0.0825371, 0.993902, 0.264518, -0.965056, 0.245591, -0.0913949, 0.833579, -0.251636, -0.965853, 0.0616947, 0.975958, 0, 0, 0, 1
0.0502921, 0.0853267, 0.995083, 0.262349, -0.963432, 0.266704, 0.0258231, 0.832358, -0.263189, -0.959994, 0.0956196, 0.972635, 0, 0, 0, 1
0.172654, 0.087486, 0.98109, 0.260185, -0.947251, 0.287793, 0.141036, 0.83112, -0.270012, -0.953688, 0.13256, 0.969388, 0, 0, 0, 1
0.292102, 0.0890209, 0.952235, 0.258026, -0.917009, 0.30883, 0.252424, 0.829865, -0.271608, -0.946942, 0.171843, 0.966217, 0, 0, 0, 1
0.406839, 0.0899387, 0.909062, 0.255872, -0.873433, 0.329789, 0.358266, 0.828588, -0.267577, -0.939761, 0.212727, 0.963122, 0, 0, 0, 1
0.515166, 0.0902473, 0.852326, 0.253725, -0.817455, 0.350645, 0.456962, 0.827287, -0.257624, -0.93215, 0.254414, 0.960101, 0, 0, 0, 1
0.615502, 0.0899559, 0.782985, 0.251586, -0.750202, 0.371372, 0.547065, 0.82596, -0.241567, -0.924116, 0.296065, 0.957154, 0, 0, 0, 1
0.706407, 0.0890745, 0.702179, 0.249455, -0.672963, 0.391945, 0.627296, 0.824604, -0.21934, -0.915666, 0.336817, 0.954281, 0, 0, 0, 1
0.786608, 0.0876141, 0.611204, 0.247335, -0.587169, 0.412341, 0.696568, 0.823216, -0.190996, -0.906807, 0.375795, 0.95148, 0, 0, 0, 1
0.855012, 0.0855864, 0.511498, 0.245227, -0.494366, 0.432536, 0.754, 0.821794, -0.156709, -0.897545, 0.412134, 0.948751, 0, 0, 0, 1
0.910716, 0.0830043, 0.404606, 0.243132, -0.396181, 0.452507, 0.798923, 0.820336, -0.116773, -0.88789, 0.44499, 0.946093, 0, 0, 0, 1
0.953028, 0.0798813, 0.292159, 0.241053, -0.2943, 0.472232, 0.830894, 0.818839, -0.0715942, -0.877847, 0.473559, 0.943504, 0, 0, 0, 1
0.962013, 0.0697633, 0.263941, 0.234661, -0.260782, 0.520876, 0.812823, 0.837753, -0.0807752, -0.850777, 0.519282, 0.932968, 0, 0, 0, 1
0.969749, 0.0598097, 0.236665, 0.228301, -0.228053, 0.567752, 0.79098, 0.85604, -0.0870586, -0.821024, 0.564217, 0.923102, 0, 0, 0, 1
0.976334, 0.0501015, 0.210387, 0.221998, -0.196399, 0.612724, 0.765505, 0.873661, -0.0905561, -0.788707, 0.608063, 0.91391, 0, 0, 0, 1
0.981866, 0.0407194, 0.185153, 0.215777, -0.166087, 0.655661, 0.736562, 0.890576, -0.091405, -0.753957, 0.650534, 0.905392, 0, 0, 0, 1
0.986444, 0.0317437, 0.160996, 0.209664, -0.137366, 0.696443, 0.704342, 0.906751, -0.089766, -0.71691, 0.691363, 0.897549, 0, 0, 0, 1
0.990168, 0.0232532, 0.137938, 0.203684, -0.110464, 0.73496, 0.669052, 0.922151, -0.0858213, -0.677711, 0.730303, 0.890375, 0, 0, 0, 1
0.993132, 0.0153253, 0.11599, 0.197861, -0.0855858, 0.771112, 0.630921, 0.936743, -0.0797722, -0.636515, 0.767128, 0.883865, 0, 0, 0, 1
0.99543, 0.00803556, 0.0951521, 0.192222, -0.0629125, 0.804809, 0.590191, 0.9505, -0.0718367, -0.59348, 0.801636, 0.878009, 0, 0, 0, 1
0.997151, 0.00145716, 0.0754145, 0.18679, -0.0426002, 0.83597, 0.547119, 0.963394, -0.062247, -0.548773, 0.833651, 0.872797, 0, 0, 0, 1
0.998379, -0.00433941, 0.0567576, 0.18159, -0.0247793, 0.864529, 0.501971, 0.975401, -0.0512468, -0.502564, 0.86302, 0.868216, 0, 0, 0, 1
0.99919, -0.00928671, 0.0391532, 0.176645, -0.00955422, 0.890428, 0.455024, 0.986501, -0.0390887, -0.45503, 0.889618, 0.86425, 0, 0, 0, 1
0.999657, -0.0133207, 0.022565, 0.171978, 0.00299717, 0.913621, 0.406557, 0.996674, -0.0260315, -0.40635, 0.913347, 0.860881, 0, 0, 0, 1
0.999842, -0.0163812, 0.00694971, 0.167611, 0.0128232, 0.934073, 0.356852, 1.0059, -0.0123372, -0.356707, 0.934135, 0.858092, 0, 0, 0, 1
0.999801, -0.0184119, -0.00774212, 0.163566, 0.0198983, 0.951761, 0.306194, 1.01418, 0.00173102, -0.306287, 0.951938, 0.85586, 0, 0, 0, 1
0.99958, -0.0193612, -0.0215651, 0.159862, 0.0242223, 0.966674, 0.254862, 1.02149, 0.015912, -0.255278, 0.966737, 0.854163, 0, 0, 0, 1
0.999218, -0.0191819, -0.034578, 0.15652, 0.0258196, 0.978811, 0.203133, 1.02783, 0.0299488, -0.203867, 0.97854, 0.852978, 0, 0, 0, 1
0.999522, -0.0164399, -0.0261841, 0.154191, 0.0202504, 0.988073, 0.152647, 1.03485, 0.0233623, -0.153105, 0.987934, 0.851722, 0, 0, 0, 1
0.99977, -0.0124916, -0.0174235, 0.152284, 0.0142061, 0.99468, 0.102027, 1.0409, 0.0160563, -0.102251, 0.994629, 0.850886, 0, 0, 0, 1
0.999938, -0.00732757, -0.00835781, 0.150808, 0.00774788, 0.998647, 0.0514184, 1.04599, 0.00796973, -0.05148, 0.998642, 0.850446, 0, 0, 0, 1
0.999999, -0.00094294, 0.000951505, 0.149768, 0.000942023, 0.999999, 0.00096374, 1.05011, -0.000952413, -0.000962843, 0.999999, 0.850377, 0, 0, 0, 1
