-0.999999, -0.000797282, -0.000797199, 0.290901, 0.00079686, 0.000424669, -1, 0.848124, 0.00079762, -1, -0.000424034, 1.02183, 0, 0, 0, 1
-0.994573, 0.00311806, -0.103994, 0.287463, 0.104024, 0.011636, -0.994507, 0.851892, -0.00189086, -0.999927, -0.0118972, 1.01417, 0, 0, 0, 1
-0.978512, 0.00670706, -0.206082, 0.283894, 0.206183, 0.0229568, -0.978244, 0.855521, -0.00183017, -0.999714, -0.0238464, 1.00653, 0, 0, 0, 1
-0.951989, 0.00996745, -0.305971, 0.280201, 0.306132, 0.0343779, -0.951368, 0.859009, 0.00103595, -0.999359, -0.0357788, 0.998902, 0, 0, 0, 1
-0.915286, 0.0128972, -0.402599, 0.276388, 0.40275, 0.0458903, -0.914159, 0.862352, 0.00668528, -0.998863, -0.0471971, 0.991296, 0, 0, 0, 1
-0.868793, 0.0154945, -0.494934, 0.27246, 0.494948, 0.0574847, -0.867019, 0.865546, 0.0150171, -0.998226, -0.0576113, 0.983712, 0, 0, 0, 1
-0.813, 0.0177579, -0.581993, 0.268421, 0.581689, 0.0691521, -0.810466, 0.86859, 0.0258538, -0.997448, -0.0665503, 0.976152, 0, 0, 0, 1
-0.748497, 0.0196862, -0.662846, 0.264278, 0.661993, 0.0808832, -0.745133, 0.87148, 0.0389442, -0.996529, -0.0735729, 0.968618, 0, 0, 0, 1
-0.675964, 0.0212782, -0.736628, 0.260034, 0.734956, 0.0926688, -0.671753, 0.874213, 0.0539687, -0.99547, -0.0782793, 0.961112, 0, 0, 0, 1
-0.596164, 0.0225332, -0.802546, 0.255696, 0.799757, 0.1045, -0.591158, 0.876788, 0.0705451, -0.99427, -0.0803201, 0.953637, 0, 0, 0, 1
-0.509939, 0.0234508, -0.859891, 0.251268, 0.855673, 0.116367, -0.504265, 0.879201, 0.0882373, -0.992929, -0.0794062, 0.946193, 0, 0, 0, 1
-0.4182, 0.0240307, -0.908037, 0.246757, 0.902083, 0.128261, -0.412063, 0.881452, 0.106563, -0.991449, -0.0753162, 0.938783, 0, 0, 0, 1
-0.321915, 0.0242728, -0.946457, 0.242166, 0.93848, 0.140172, -0.315606, 0.883537, 0.125007, -0.98983, -0.0679031, 0.93141, 0, 0, 0, 1
-0.222104, 0.0241774, -0.974723, 0.237501, 0.964476, 0.152093, -0.215997, 0.885455, 0.143026, -0.98807, -0.057099, 0.924073, 0, 0, 0, 1
-0.119829, 0.023745, -0.992511, 0.232769, 0.979806, 0.164013, -0.114371, 0.887205, 0.160068, -0.986172, -0.0429189, 0.916777, 0, 0, 0, 1
-0.0161786, 0.0229763, -0.999605, 0.227974, 0.984332, 0.175923, -0.0118877, 0.888785, 0.17558, -0.984136, -0.0254625, 0.909522, 0, 0, 0, 1
0.0877377, 0.0218723, -0.995903, 0.223121, 0.978046, 0.187814, 0.0902893, 0.890193, 0.18902, -0.981961, -0.00491373, 0.902311, 0, 0, 0, 1
0.190803, 0.0204343, -0.981416, 0.218217, 0.961065, 0.199678, 0.191004, 0.89143, 0.19987, -0.979648, 0.0184605, 0.895145, 0, 0, 0, 1
0.291903, 0.0186636, -0.956266, 0.213267, 0.933635, 0.211505, 0.289122, 0.892494, 0.207651, -0.977199, 0.044314, 0.888025, 0, 0, 0, 1
0.389938, 0.016562, -0.920692, 0.208275, 0.896121, 0.223287, 0.383548, 0.893384, 0.211931, -0.974612, 0.0722266, 0.880955, 0, 0, 0, 1
0.483836, 0.0141315, -0.875045, 0.203248, 0.849009, 0.235015, 0.473236, 0.894099, 0.212336, -0.971889, 0.101711, 0.873936, 0, 0, 0, 1
0.572561, 0.0113742, -0.819783, 0.198191, 0.792891, 0.246679, 0.557201, 0.89464, 0.208561, -0.96903, 0.13222, 0.866969, 0, 0, 0, 1
0.600576, 0.00711074, -0.799536, 0.195003, 0.757259, 0.315909, 0.571629, 0.909084, 0.256645, -0.948763, 0.184343, 0.855153, 0, 0, 0, 1
0.629288, 0.002311, -0.777169, 0.191649, 0.717244, 0.383336, 0.581906, 0.923256, 0.299262, -0.923606, 0.239572, 0.844712, 0, 0, 0, 1
0.658579, -0.0028683, -0.752506, 0.188165, 0.673388, 0.4486, 0.587627, 0.937063, 0.335889, -0.893728, 0.29737, 0.835644, 0, 0, 0, 1
0.688299, -0.00826436, -0.72538, 0.184588, 0.626291, 0.511358, 0.588449, 0.950416, 0.366066, -0.859328, 0.357143, 0.82794, 0, 0, 0, 1
0.718263, -0.0137099, -0.695637, 0.180958, 0.576598, 0.571289, 0.584093, 0.963227, 0.389402, -0.820635, 0.418241, 0.821581, 0, 0, 0, 1
0.748255, -0.0190348, -0.663138, 0.177316, 0.524993, 0.628096, 0.57435, 0.975413, 0.405582, -0.777903, 0.479969, 0.816543, 0, 0, 0, 1
0.778028, -0.0240676, -0.627768, 0.173705, 0.472194, 0.681507, 0.559089, 0.986896, 0.414373, -0.731415, 0.541597, 0.812793, 0, 0, 0, 1
0.807307, -0.0286371, -0.589437, 0.170168, 0.418937, 0.73128, 0.538257, 0.997603, 0.415629, -0.681476, 0.602365, 0.810291, 0, 0, 0, 1
0.835789, -0.0325741, -0.548084, 0.16675, 0.36597, 0.7772, 0.511886, 1.00747, 0.409297, -0.62841, 0.661496, 0.808992, 0, 0, 0, 1
0.863149, -0.0357133, -0.503685, 0.163494, 0.314042, 0.819082, 0.480087, 1.01642, 0.395414, -0.572564, 0.718205, 0.808843, 0, 0, 0, 1
0.889044, -0.0378944, -0.456251, 0.160444, 0.263893, 0.856773, 0.443058, 1.02442, 0.374114, -0.514299, 0.771709, 0.809787, 0, 0, 0, 1
0.913115, -0.0389644, -0.405836, 0.157645, 0.216244, 0.890155, 0.401078, 1.0314, 0.345629, -0.45399, 0.821239, 0.811761, 0, 0, 0, 1
0.934995, -0.0387785, -0.352535, 0.155139, 0.171786, 0.919138, 0.354506, 1.03734, 0.310281, -0.392022, 0.866051, 0.814697, 0, 0, 0, 1
0.954311, -0.037202, -0.296491, 0.152967, 0.131167, 0.94367, 0.303779, 1.04219, 0.268489, -0.32879, 0.905434, 0.818525, 0, 0, 0, 1
0.970692, -0.0341117, -0.237892, 0.151168, 0.0949897, 0.963729, 0.249405, 1.04592, 0.220756, -0.264692, 0.938725, 0.823168, 0, 0, 0, 1
0.983776, -0.0293972, -0.176974, 0.149781, 0.0637956, 0.979328, 0.191956, 1.04852, 0.167672, -0.200132, 0.965315, 0.828549, 0, 0, 0, 1
0.993213, -0.0229618, -0.114019, 0.14884, 0.0380603, 0.99051, 0.132066, 1.04997, 0.109905, -0.135509, 0.984661, 0.834589, 0, 0, 0, 1
0.998673, -0.0147242, -0.049359, 0.148379, 0.0181851, 0.997352, 0.0704181, 1.05028, 0.0481914, -0.0712222, 0.996296, 0.841206, 0, 0, 0, 1
1, -0.000793235, -0.000602554, 0.149713, 0.000793831, 0.999999, 0.000989017, 1.05025, 0.000601769, -0.000989495, 0.999999, 0.84991, 0, 0, 0, 1
