-0.999999, -0.000797282, -0.000797199, 0.290901, 0.00079686, 0.000424669, -1, 0.848124, 0.00079762, -1, -0.000424034, 1.02183, 0, 0, 0, 1
-0.996851, 0.0178555, 0.0772601, 0.293144, -0.0754912, 0.0845114, -0.993559, 0.863286, -0.0242699, -0.996263, -0.0828974, 1.02049, 0, 0, 0, 1
-0.98734, 0.0353084, 0.154636, 0.295157, -0.146656, 0.168174, -0.974787, 0.878917, -0.0604239, -0.985125, -0.160867, 1.02089, 0, 0, 0, 1
-0.971665, 0.0515802, 0.230667, 0.296933, -0.210978, 0.25072, -0.94479, 0.894849, -0.106565, -0.966684, -0.232734, 1.02307, 0, 0, 0, 1
-0.950098, 0.066709, 0.304734, 0.298468, -0.266966, 0.331471, -0.904907, 0.910913, -0.161376, -0.941104, -0.297121, 1.02704, 0, 0, 0, 1
-0.922983, 0.0807514, 0.376272, 0.299764, -0.313387, 0.409767, -0.856668, 0.926939, -0.223361, -0.908609, -0.352902, 1.03279, 0, 0, 0, 1
-0.890719, 0.0937817, 0.444776, 0.300828, -0.349286, 0.484975, -0.801747, 0.94276, -0.290894, -0.869485, -0.39922, 1.04033, 0, 0, 0, 1
-0.853747, 0.10589, 0.509807, 0.30167, -0.374004, 0.556495, -0.741912, 0.95821, -0.362266, -0.824075, -0.435503, 1.0496, 0, 0, 0, 1
-0.812545, 0.117183, 0.570997, 0.302307, -0.387179, 0.623764, -0.678978, 0.97313, -0.435732, -0.772778, -0.461466, 1.06058, 0, 0, 0, 1
-0.767611, 0.127777, 0.62805, 0.302758, -0.388747, 0.686262, -0.614752, 0.987365, -0.509558, -0.716043, -0.477109, 1.07319, 0, 0, 0, 1
-0.719449, 0.137805, 0.680737, 0.303046, -0.37893, 0.743517, -0.550993, 1.00077, -0.582069, -0.654364, -0.482704, 1.08737, 0, 0, 0, 1
-0.668566, 0.147405, 0.728898, 0.303199, -0.358219, 0.795112, -0.489364, 1.0132, -0.65169, -0.588276, -0.478781, 1.10302, 0, 0, 0, 1
-0.615454, 0.156725, 0.772434, 0.303247, -0.327345, 0.840682, -0.431392, 1.02454, -0.716981, -0.518354, -0.466098, 1.12005, 0, 0, 0, 1
-0.560589, 0.165916, 0.811302, 0.303222, -0.287256, 0.879926, -0.378436, 1.03466, -0.776675, -0.445199, -0.445617, 1.13835, 0, 0, 0, 1
-0.504419, 0.175134, 0.845511, 0.30316, -0.239078, 0.912602, -0.331661, 1.04346, -0.8297, -0.369439, -0.418464, 1.1578, 0, 0, 0, 1
-0.447362, 0.184533, 0.875108, 0.303098, -0.184078, 0.938534, -0.292009, 1.05085, -0.875204, -0.291722, -0.385896, 1.17827, 0, 0, 0, 1
-0.389801, 0.194266, 0.900176, 0.303073, -0.123622, 0.95761, -0.260193, 1.05675, -0.912564, -0.212705, -0.349262, 1.19962, 0, 0, 0, 1
-0.332082, 0.204484, 0.920819, 0.303124, -0.0591376, 0.969785, -0.236685, 1.0611, -0.941395, -0.133054, -0.309956, 1.22172, 0, 0, 0, 1
-0.274519, 0.215327, 0.937162, 0.303289, 0.00792909, 0.975079, -0.221716, 1.06384, -0.961549, -0.0534345, -0.269385, 1.24442, 0, 0, 0, 1
-0.217389, 0.226928, 0.94934, 0.303608, 0.0761532, 0.973578, -0.215284, 1.06494, -0.97311, 0.0254949, -0.228926, 1.26757, 0, 0, 0, 1
-0.160938, 0.23941, 0.957487, 0.304116, 0.144167, 0.96543, -0.217164, 1.06438, -0.976378, 0.103088, -0.189889, 1.29101, 0, 0, 0, 1
-0.105386, 0.252882, 0.96174, 0.304851, 0.210694, 0.950847, -0.226931, 1.06216, -0.971855, 0.178718, -0.153487, 1.3146, 0, 0, 0, 1
-0.0509293, 0.267439, 0.962228, 0.305845, 0.274578, 0.930098, -0.243975, 1.05828, -0.960215, 0.251782, -0.120802, 1.33819, 0, 0, 0, 1
0.00225112, 0.283156, 0.959071, 0.307131, 0.334807, 0.903508, -0.267538, 1.05276, -0.942284, 0.321706, -0.092769, 1.36162, 0, 0, 0, 1
0.0696094, 0.270243, 0.960272, 0.29769, 0.299474, 0.912547, -0.278521, 1.06646, -0.951562, 0.306964, -0.0174089, 1.33797, 0, 0, 0, 1
0.13759, 0.257185, 0.956517, 0.2881, 0.26432, 0.921148, -0.285696, 1.07873, -0.95457, 0.292135, 0.0587615, 1.31378, 0, 0, 0, 1
0.205809, 0.243995, 0.947686, 0.278421, 0.229732, 0.929308, -0.289154, 1.08957, -0.951244, 0.277224, 0.135206, 1.28913, 0, 0, 0, 1
0.273865, 0.230687, 0.933692, 0.26871, 0.196084, 0.937025, -0.289024, 1.09896, -0.941567, 0.262236, 0.211384, 1.2641, 0, 0, 0, 1
0.341344, 0.217274, 0.914482, 0.259027, 0.163731, 0.944297, -0.285473, 1.1069, -0.925568, 0.247174, 0.286756, 1.23875, 0, 0, 0, 1
0.407819, 0.203769, 0.890035, 0.249428, 0.133011, 0.951123, -0.278701, 1.11336, -0.903323, 0.232044, 0.360782, 1.21316, 0, 0, 0, 1
0.472854, 0.190186, 0.860371, 0.23997, 0.104233, 0.9575, -0.268942, 1.11838, -0.874954, 0.216849, 0.432934, 1.1874, 0, 0, 0, 1
0.536011, 0.176539, 0.825546, 0.23071, 0.0776816, 0.963428, -0.256461, 1.12194, -0.84063, 0.201596, 0.502694, 1.16156, 0, 0, 0, 1
0.596847, 0.16284, 0.785657, 0.221703, 0.053611, 0.968907, -0.241548, 1.12407, -0.800562, 0.186287, 0.569559, 1.1357, 0, 0, 0, 1
0.654923, 0.149103, 0.74084, 0.212999, 0.0322415, 0.973936, -0.224519, 1.12479, -0.755007, 0.170929, 0.633046, 1.10991, 0, 0, 0, 1
0.709807, 0.135342, 0.691272, 0.204651, 0.0137587, 0.978517, -0.205709, 1.12411, -0.704262, 0.155525, 0.692696, 1.08424, 0, 0, 0, 1
0.761076, 0.12157, 0.637169, 0.196705, -0.00168934, 0.982649, -0.185469, 1.12208, -0.648661, 0.14008, 0.748075, 1.05878, 0, 0, 0, 1
0.80832, 0.1078, 0.578789, 0.189209, -0.0139928, 0.986334, -0.164164, 1.11873, -0.588577, 0.124598, 0.798782, 1.0336, 0, 0, 0, 1
0.85115, 0.0940458, 0.516429, 0.182203, -0.0230817, 0.989574, -0.142167, 1.11409, -0.524415, 0.109085, 0.844446, 1.00877, 0, 0, 0, 1
0.889195, 0.0803199, 0.450423, 0.175729, -0.0289267, 0.99237, -0.119856, 1.10822, -0.456613, 0.0935457, 0.884734, 0.984347, 0, 0, 0, 1
0.922113, 0.0666357, 0.38114, 0.169822, -0.0315388, 0.994725, -0.0976069, 1.10116, -0.385634, 0.0779838, 0.91935, 0.96041, 0, 0, 0, 1
0.949588, 0.0530062, 0.308987, 0.164515, -0.0309699, 0.996642, -0.0757946, 1.09297, -0.311967, 0.0624043, 0.948041, 0.937021, 0, 0, 0, 1
0.97134, 0.0394441, 0.234399, 0.159836, -0.0273116, 0.998125, -0.0547839, 1.0837, -0.23612, 0.046812, 0.970596, 0.91424, 0, 0, 0, 1
0.987123, 0.0259622, 0.157844, 0.155811, -0.0206942, 0.999176, -0.0349277, 1.07341, -0.15862, 0.0312115, 0.986846, 0.89213, 0, 0, 0, 1
0.996731, 0.0125731, 0.0798119, 0.15246, -0.0112856, 0.999799, -0.0165624, 1.06217, -0.0800041, 0.0156075, 0.996672, 0.870746, 0, 0, 0, 1
0.999999, -0.000710799, 0.000819061, 0.149801, 0.000710803, 1, -4.1974e-06, 1.05004, -0.000819058, 4.77959e-06, 1, 0.850143, 0, 0, 0, 1
