-0.999999, -0.000797282, -0.000797199, 0.290901, 0.00079686, 0.000424669, -1, 0.848124, 0.00079762, -1, -0.000424034, 1.02183, 0, 0, 0, 1
-0.998796, -0.0106193, -0.0478971, 0.282039, 0.0468048, 0.0863545, -0.995164, 0.857959, 0.0147041, -0.996208, -0.0857535, 1.02399, 0, 0, 0, 1
-0.995146, -0.02431, -0.0953566, 0.272661, 0.0898343, 0.171134, -0.981144, 0.867859, 0.0401704, -0.984948, -0.168119, 1.02779, 0, 0, 0, 1
-0.98877, -0.0417618, -0.143489, 0.262763, 0.128391, 0.253983, -0.958649, 0.877648, 0.0764787, -0.966307, -0.245769, 1.03328, 0, 0, 0, 1
-0.97928, -0.0628053, -0.192524, 0.252356, 0.16114, 0.334138, -0.928647, 0.887149, 0.122654, -0.940429, -0.317095, 1.04047, 0, 0, 0, 1
-0.966202, -0.0872113, -0.242587, 0.241467, 0.186952, 0.410865, -0.892322, 0.896183, 0.177491, -0.907515, -0.380674, 1.04937, 0, 0, 0, 1
-0.948999, -0.114693, -0.293676, 0.230135, 0.204932, 0.48346, -0.85104, 0.904577, 0.239589, -0.86782, -0.435298, 1.05998, 0, 0, 0, 1
-0.927105, -0.144913, -0.345653, 0.218419, 0.214448, 0.551262, -0.806302, 0.912156, 0.307389, -0.821651, -0.480001, 1.07226, 0, 0, 0, 1
-0.89995, -0.177481, -0.398234, 0.206387, 0.215149, 0.613659, -0.759693, 0.918757, 0.379211, -0.769365, -0.514077, 1.08618, 0, 0, 0, 1
-0.866993, -0.211967, -0.450992, 0.194124, 0.206974, 0.670095, -0.712835, 0.924222, 0.453305, -0.711367, -0.537096, 1.1017, 0, 0, 0, 1
-0.831324, -0.210096, -0.514548, 0.190887, 0.244555, 0.693083, -0.678107, 0.935755, 0.499092, -0.689562, -0.524796, 1.09502, 0, 0, 0, 1
-0.79062, -0.208483, -0.575722, 0.187507, 0.278132, 0.715372, -0.641003, 0.946876, 0.545494, -0.666916, -0.507602, 1.08852, 0, 0, 0, 1
-0.745002, -0.207102, -0.634098, 0.183997, 0.307505, 0.73693, -0.601976, 0.957573, 0.591956, -0.643462, -0.48533, 1.0822, 0, 0, 0, 1
-0.69463, -0.205926, -0.689263, 0.18037, 0.33253, 0.757723, -0.561498, 0.967835, 0.637897, -0.619234, -0.457861, 1.07607, 0, 0, 0, 1
-0.639697, -0.204926, -0.740806, 0.17664, 0.353115, 0.777721, -0.520058, 0.97765, 0.682713, -0.594269, -0.425143, 1.07012, 0, 0, 0, 1
-0.580433, -0.204076, -0.788321, 0.17282, 0.369227, 0.796894, -0.478154, 0.987008, 0.725788, -0.568606, -0.387194, 1.06435, 0, 0, 0, 1
-0.517107, -0.203345, -0.831415, 0.168926, 0.38089, 0.815218, -0.436282, 0.995901, 0.766501, -0.542282, -0.344103, 1.05877, 0, 0, 0, 1
-0.450024, -0.202705, -0.869706, 0.164971, 0.388185, 0.832668, -0.394937, 1.00432, 0.804233, -0.515339, -0.296034, 1.05337, 0, 0, 0, 1
-0.379528, -0.202126, -0.902831, 0.160969, 0.391254, 0.849223, -0.354598, 1.01226, 0.838378, -0.487816, -0.243222, 1.04815, 0, 0, 0, 1
-0.306, -0.201576, -0.930447, 0.156936, 0.390292, 0.864864, -0.315725, 1.01971, 0.868353, -0.459758, -0.185975, 1.04312, 0, 0, 0, 1
-0.229859, -0.201027, -0.952236, 0.152886, 0.385547, 0.879574, -0.278754, 1.02666, 0.893598, -0.431206, -0.124673, 1.03827, 0, 0, 0, 1
-0.15156, -0.200447, -0.96791, 0.148834, 0.377319, 0.893338, -0.244086, 1.03312, 0.913597, -0.402205, -0.0597614, 1.0336, 0, 0, 0, 1
-0.0715892, -0.199807, -0.977217, 0.144794, 0.365954, 0.906145, -0.212084, 1.03907, 0.927875, -0.372799, 0.00824978, 1.02911, 0, 0, 0, 1
0.00953133, -0.199075, -0.979938, 0.140781, 0.351838, 0.917985, -0.183067, 1.04451, 0.936013, -0.343034, 0.0787917, 1.02479, 0, 0, 0, 1
0.0912524, -0.198223, -0.9759, 0.13681, 0.335394, 0.928852, -0.157305, 1.04945, 0.937648, -0.312956, 0.151243, 1.02065, 0, 0, 0, 1
0.172998, -0.197219, -0.964975, 0.132896, 0.317075, 0.938741, -0.135013, 1.05388, 0.932489, -0.282612, 0.224934, 1.01668, 0, 0, 0, 1
0.246294, -0.187046, -0.950975, 0.132219, 0.307926, 0.945463, -0.106212, 1.05825, 0.918978, -0.266671, 0.290458, 1.00613, 0, 0, 0, 1
0.318578, -0.1768, -0.931263, 0.1317, 0.296306, 0.951792, -0.0793331, 1.06203, 0.900395, -0.250665, 0.355607, 0.99566, 0, 0, 0, 1
0.389392, -0.166477, -0.905902, 0.131347, 0.282449, 0.957728, -0.0545935, 1.06524, 0.876696, -0.234613, 0.419953, 0.985283, 0, 0, 0, 1
0.458283, -0.156075, -0.874996, 0.131167, 0.266608, 0.963268, -0.032183, 1.06787, 0.847878, -0.218532, 0.48306, 0.975015, 0, 0, 0, 1
0.524803, -0.14559, -0.838681, 0.131165, 0.249056, 0.968411, -0.0122648, 1.06994, 0.813974, -0.202442, 0.544485, 0.964869, 0, 0, 0, 1
0.588512, -0.13502, -0.797135, 0.131349, 0.230077, 0.973159, 0.00502627, 1.07145, 0.77506, -0.18636, 0.603781, 0.954858, 0, 0, 0, 1
0.648984, -0.124362, -0.750569, 0.131723, 0.209968, 0.977512, 0.0195854, 1.07241, 0.731254, -0.170306, 0.660502, 0.944997, 0, 0, 0, 1
0.705809, -0.113613, -0.699232, 0.132295, 0.189033, 0.981471, 0.0313386, 1.07283, 0.682715, -0.154297, 0.714207, 0.935298, 0, 0, 0, 1
0.758594, -0.102772, -0.643408, 0.133067, 0.167582, 0.985036, 0.0402432, 1.07271, 0.629644, -0.138352, 0.764465, 0.925774, 0, 0, 0, 1
0.806968, -0.0918348, -0.583412, 0.134045, 0.145926, 0.988212, 0.0462887, 1.07208, 0.572284, -0.122489, 0.810856, 0.916438, 0, 0, 0, 1
0.850584, -0.0808013, -0.519594, 0.135232, 0.124376, 0.991, 0.0494962, 1.07094, 0.510918, -0.106725, 0.852979, 0.907302, 0, 0, 0, 1
0.889125, -0.0696694, -0.45233, 0.136632, 0.103236, 0.993403, 0.0499186, 1.0693, 0.445869, -0.0910806, 0.890452, 0.898378, 0, 0, 0, 1
0.922301, -0.0584381, -0.382029, 0.138248, 0.0828044, 0.995426, 0.0476397, 1.06718, 0.377498, -0.0755718, 0.922922, 0.889678, 0, 0, 0, 1
0.949855, -0.0471062, -0.309121, 0.140083, 0.063368, 0.997073, 0.0427734, 1.06459, 0.306201, -0.0602169, 0.95006, 0.881213, 0, 0, 0, 1
0.971567, -0.0356731, -0.234061, 0.142137, 0.0451996, 0.998348, 0.0354623, 1.06154, 0.23241, -0.0450335, 0.971575, 0.872993, 0, 0, 0, 1
0.987252, -0.0241383, -0.157324, 0.144412, 0.0285554, 0.999257, 0.0258763, 1.05805, 0.156583, -0.0300389, 0.987208, 0.865029, 0, 0, 0, 1
0.996764, -0.012502, -0.0794029, 0.146909, 0.0136722, 0.999806, 0.0142107, 1.05413, 0.0792098, -0.0152503, 0.996741, 0.857331, 0, 0, 0, 1
0.999999, -0.000764188, -0.000802078, 0.149628, 0.000764737, 0.999999, 0.000684116, 1.0498, 0.000801555, -0.000684729, 0.999999, 0.849909, 0, 0, 0, 1
