-0.999999, -0.000797282, -0.000797199, 0.290901, 0.00079686, 0.000424669, -1, 0.848124, 0.00079762, -1, -0.000424034, 1.02183, 0, 0, 0, 1
-0.997041, 0.0112578, 0.0760452, 0.292143, -0.0750327, 0.0726952, -0.994528, 0.859419, -0.0167243, -0.997291, -0.0716354, 1.01624, 0, 0, 0, 1
-0.988072, 0.0225431, 0.152332, 0.293256, -0.147542, 0.144681, -0.978416, 0.871132, -0.0440961, -0.989221, -0.139629, 1.01186, 0, 0, 0, 1
-0.973214, 0.0330685, 0.227512, 0.294236, -0.215301, 0.215969, -0.952367, 0.883165, -0.0806289, -0.97584, -0.203064, 1.00874, 0, 0, 0, 1
-0.952642, 0.0428526, 0.30106, 0.295079, -0.27701, 0.286149, -0.91727, 0.895416, -0.125455, -0.957226, -0.260727, 1.00687, 0, 0, 0, 1
-0.926587, 0.0519223, 0.372478, 0.295784, -0.331528, 0.354821, -0.87418, 0.907784, -0.177553, -0.933491, -0.311559, 1.00627, 0, 0, 0, 1
-0.895328, 0.0603127, 0.441305, 0.296352, -0.377891, 0.421596, -0.824291, 0.920168, -0.235768, -0.904776, -0.354675, 1.00695, 0, 0, 0, 1
-0.859182, 0.0680669, 0.507122, 0.296785, -0.415328, 0.486094, -0.768905, 0.932466, -0.298846, -0.871252, -0.389373, 1.00889, 0, 0, 0, 1
-0.818504, 0.0752352, 0.569553, 0.297089, -0.443271, 0.547955, -0.709406, 0.944579, -0.365462, -0.833118, -0.415154, 1.01208, 0, 0, 0, 1
-0.773675, 0.0818747, 0.62827, 0.297272, -0.461364, 0.606834, -0.647222, 0.95641, -0.434246, -0.790601, -0.431718, 1.0165, 0, 0, 0, 1
-0.725099, 0.088049, 0.682993, 0.297341, -0.469463, 0.662406, -0.5838, 0.967861, -0.503821, -0.743953, -0.438974, 1.02211, 0, 0, 0, 1
-0.673191, 0.0938271, 0.733492, 0.297309, -0.467635, 0.714369, -0.520572, 0.978841, -0.572827, -0.693451, -0.43703, 1.02889, 0, 0, 0, 1
-0.618377, 0.0992832, 0.779585, 0.297189, -0.456148, 0.762443, -0.458922, 0.989261, -0.639953, -0.639393, -0.426189, 1.03679, 0, 0, 0, 1
-0.56108, 0.104496, 0.82114, 0.296993, -0.435461, 0.806376, -0.400165, 0.999035, -0.703963, -0.582098, -0.406937, 1.04575, 0, 0, 0, 1
-0.501721, 0.109546, 0.858065, 0.29674, -0.406209, 0.84594, -0.345513, 1.00808, -0.763722, -0.521905, -0.379927, 1.05573, 0, 0, 0, 1
-0.44071, 0.11452, 0.890314, 0.296445, -0.369183, 0.880938, -0.296061, 1.01633, -0.818216, -0.459166, -0.34596, 1.06666, 0, 0, 0, 1
-0.378444, 0.119502, 0.917878, 0.296126, -0.32531, 0.9112, -0.252759, 1.02371, -0.866576, -0.39425, -0.305964, 1.07847, 0, 0, 0, 1
-0.315301, 0.124581, 0.940779, 0.295805, -0.275627, 0.93659, -0.216402, 1.03015, -0.908083, -0.327535, -0.26097, 1.09109, 0, 0, 0, 1
-0.251637, 0.129843, 0.959072, 0.295499, -0.221256, 0.956999, -0.187614, 1.0356, -0.942192, -0.259411, -0.212088, 1.10443, 0, 0, 0, 1
-0.187787, 0.135375, 0.972836, 0.295231, -0.163378, 0.972353, -0.166845, 1.04001, -0.968526, -0.190271, -0.160478, 1.11844, 0, 0, 0, 1
-0.124064, 0.141263, 0.982168, 0.295022, -0.103206, 0.982609, -0.154363, 1.04333, -0.986892, -0.120517, -0.107327, 1.133, 0, 0, 0, 1
-0.0607535, 0.147588, 0.987181, 0.294892, -0.0419576, 0.987756, -0.150256, 1.04552, -0.997271, -0.0505483, -0.0538173, 1.14805, 0, 0, 0, 1
0.00187889, 0.154429, 0.988002, 0.294863, 0.0191738, 0.987817, -0.154436, 1.04657, -0.999814, 0.0192339, -0.00110499, 1.16348, 0, 0, 0, 1
0.063591, 0.161862, 0.984762, 0.294956, 0.0790396, 0.982843, -0.16665, 1.04643, -0.994841, 0.0884327, 0.0497065, 1.17921, 0, 0, 0, 1
0.12416, 0.169956, 0.977599, 0.295192, 0.136562, 0.97292, -0.186487, 1.0451, -0.98282, 0.156657, 0.0975885, 1.19514, 0, 0, 0, 1
0.183382, 0.178776, 0.966649, 0.295591, 0.190752, 0.958163, -0.213394, 1.04258, -0.964357, 0.223523, 0.141608, 1.21119, 0, 0, 0, 1
0.241066, 0.188379, 0.952051, 0.296172, 0.240732, 0.938717, -0.246695, 1.03885, -0.940178, 0.288659, 0.180944, 1.22725, 0, 0, 0, 1
0.297036, 0.198816, 0.933939, 0.296953, 0.285744, 0.914755, -0.285612, 1.03393, -0.911109, 0.351704, 0.214905, 1.24323, 0, 0, 0, 1
0.351123, 0.21013, 0.912446, 0.297952, 0.325168, 0.886477, -0.329279, 1.02783, -0.878054, 0.412315, 0.242935, 1.25905, 0, 0, 0, 1
0.403165, 0.222357, 0.887702, 0.299184, 0.358524, 0.854109, -0.376772, 1.02058, -0.841973, 0.470164, 0.264627, 1.2746, 0, 0, 0, 1
0.453005, 0.235523, 0.859834, 0.300664, 0.385483, 0.817902, -0.427129, 1.0122, -0.803859, 0.524943, 0.279724, 1.28981, 0, 0, 0, 1
0.510672, 0.220048, 0.831139, 0.288973, 0.328786, 0.843237, -0.425266, 1.02856, -0.794427, 0.490439, 0.358269, 1.26001, 0, 0, 0, 1
0.567852, 0.203927, 0.79747, 0.276937, 0.27401, 0.866738, -0.416753, 1.04278, -0.776185, 0.455169, 0.436301, 1.22948, 0, 0, 0, 1
0.624045, 0.187264, 0.758617, 0.264684, 0.221986, 0.888368, -0.401901, 1.05483, -0.749193, 0.419207, 0.512812, 1.19835, 0, 0, 0, 1
0.678702, 0.170171, 0.714427, 0.252342, 0.1735, 0.908098, -0.381125, 1.0647, -0.713625, 0.382624, 0.586803, 1.16673, 0, 0, 0, 1
0.731226, 0.152755, 0.664812, 0.240036, 0.129283, 0.925905, -0.354945, 1.07239, -0.669772, 0.345494, 0.657297, 1.13476, 0, 0, 0, 1
0.780984, 0.135127, 0.609758, 0.227892, 0.0899949, 0.941777, -0.323972, 1.07792, -0.618033, 0.307892, 0.723352, 1.10254, 0, 0, 0, 1
0.827317, 0.117398, 0.54933, 0.216029, 0.0562116, 0.955707, -0.288902, 1.08131, -0.558915, 0.269892, 0.784074, 1.07021, 0, 0, 0, 1
0.869549, 0.0996766, 0.483683, 0.204567, 0.0284156, 0.967698, -0.250506, 1.08261, -0.493028, 0.231572, 0.838628, 1.03787, 0, 0, 0, 1
0.906999, 0.0820717, 0.413058, 0.193616, 0.00698597, 0.977759, -0.209614, 1.08186, -0.421074, 0.193005, 0.886254, 1.00565, 0, 0, 0, 1
0.938995, 0.0646901, 0.337792, 0.183284, -0.00780955, 0.985909, -0.167101, 1.07912, -0.343842, 0.154269, 0.926269, 0.973663, 0, 0, 0, 1
0.964885, 0.0476368, 0.258316, 0.173672, -0.0158201, 0.992172, -0.123877, 1.07447, -0.262194, 0.11544, 0.958085, 0.942019, 0, 0, 0, 1
0.984053, 0.031014, 0.175153, 0.164873, -0.0170158, 0.99658, -0.0808633, 1.06799, -0.177062, 0.0765934, 0.981215, 0.910828, 0, 0, 0, 1
0.995927, 0.014921, 0.0889197, 0.156973, -0.0114889, 0.999174, -0.0389853, 1.05976, -0.0894279, 0.0378049, 0.995276, 0.880196, 0, 0, 0, 1
1, -0.00054622, 0.00031507, 0.150049, 0.000545952, 0.999999, 0.000850372, 1.0499, -0.000315534, -0.0008502, 1, 0.850225, 0, 0, 0, 1
