-0.999999, -0.000797282, -0.000797199, 0.290901, 0.00079686, 0.000424669, -1, 0.848124, 0.00079762, -1, -0.000424034, 1.02183, 0, 0, 0, 1
-0.998787, 0.0116552, 0.047847, 0.290629, -0.0467778, 0.0792047, -0.99576, 0.861013, -0.0153955, -0.99679, -0.0785634, 1.01079, 0, 0, 0, 1
-0.995113, 0.0224111, 0.0961685, 0.290055, -0.0914691, 0.157715, -0.983239, 0.874343, -0.0372027, -0.98723, -0.154894, 1.00122, 0, 0, 0, 1
-0.989098, 0.0314978, 0.143852, 0.289171, -0.132534, 0.235404, -0.962819, 0.887982, -0.0641899, -0.971387, -0.228663, 0.993163, 0, 0, 0, 1
-0.980894, 0.0389654, 0.190602, 0.287969, -0.169295, 0.311728, -0.934968, 0.901796, -0.0958474, -0.949372, -0.299175, 0.986633, 0, 0, 0, 1
-0.97068, 0.0448863, 0.236149, 0.286452, -0.201154, 0.386156, -0.900234, 0.915649, -0.131598, -0.921341, -0.365805, 0.981639, 0, 0, 0, 1
-0.958658, 0.0493539, 0.280248, 0.284626, -0.227594, 0.458177, -0.859229, 0.929408, -0.17081, -0.88749, -0.428003, 0.978181, 0, 0, 0, 1
-0.94505, 0.0524817, 0.322687, 0.282503, -0.248188, 0.527299, -0.812624, 0.942937, -0.212801, -0.848057, -0.485299, 0.976245, 0, 0, 0, 1
-0.930088, 0.054402, 0.363286, 0.2801, -0.262604, 0.593057, -0.761132, 0.956107, -0.256857, -0.80332, -0.537309, 0.975807, 0, 0, 0, 1
-0.914015, 0.0552641, 0.401898, 0.277441, -0.270608, 0.655014, -0.705498, 0.96879, -0.302238, -0.753593, -0.583738, 0.976833, 0, 0, 0, 1
-0.897075, 0.0552327, 0.438412, 0.274552, -0.272061, 0.712767, -0.646487, 0.980863, -0.348193, -0.699223, -0.624379, 0.979279, 0, 0, 0, 1
-0.879511, 0.0544856, 0.472749, 0.271468, -0.266926, 0.765947, -0.584872, 0.992209, -0.393968, -0.640591, -0.659115, 0.983091, 0, 0, 0, 1
-0.861556, 0.0532121, 0.504866, 0.268223, -0.25526, 0.814225, -0.521421, 1.00272, -0.43882, -0.578105, -0.687918, 0.988205, 0, 0, 0, 1
-0.843434, 0.0516104, 0.534748, 0.26486, -0.237212, 0.857313, -0.456886, 1.01228, -0.482027, -0.512202, -0.710844, 0.994549, 0, 0, 0, 1
-0.82535, 0.0498851, 0.562413, 0.261421, -0.213021, 0.894966, -0.391993, 1.0208, -0.522895, -0.443337, -0.728033, 1.00204, 0, 0, 0, 1
-0.807491, 0.0482452, 0.587904, 0.257955, -0.183007, 0.926982, -0.327433, 1.0282, -0.560774, -0.371989, -0.7397, 1.0106, 0, 0, 0, 1
-0.790018, 0.0469013, 0.611287, 0.254509, -0.147566, 0.95321, -0.263848, 1.03439, -0.59506, -0.29865, -0.746131, 1.02012, 0, 0, 0, 1
-0.773067, 0.046063, 0.632649, 0.251137, -0.107161, 0.973541, -0.201829, 1.03931, -0.625207, -0.223822, -0.747677, 1.0305, 0, 0, 0, 1
-0.756747, 0.0459365, 0.652091, 0.247889, -0.0623119, 0.987917, -0.141906, 1.0429, -0.650731, -0.14802, -0.744741, 1.04165, 0, 0, 0, 1
-0.741136, 0.0467224, 0.669727, 0.24482, -0.0135885, 0.996327, -0.0845444, 1.04511, -0.671218, -0.0717595, -0.737779, 1.05344, 0, 0, 0, 1
-0.726279, 0.0486124, 0.685678, 0.241982, 0.0384011, 0.998808, -0.0301374, 1.04591, -0.686326, 0.00444266, -0.72728, 1.06577, 0, 0, 0, 1
-0.712196, 0.0517881, 0.700068, 0.239428, 0.0930208, 0.995443, 0.0209936, 1.04527, -0.695791, 0.0800724, -0.713767, 1.07851, 0, 0, 0, 1
-0.698871, 0.0564175, 0.713019, 0.23721, 0.149616, 0.986361, 0.0686019, 1.04317, -0.699424, 0.154623, -0.69778, 1.09155, 0, 0, 0, 1
-0.686264, 0.062654, 0.724649, 0.235378, 0.207526, 0.971737, 0.112516, 1.03961, -0.697119, 0.227599, -0.679871, 1.10477, 0, 0, 0, 1
-0.674306, 0.0706338, 0.735066, 0.233979, 0.266091, 0.951786, 0.152638, 1.0346, -0.688845, 0.298519, -0.66059, 1.11804, 0, 0, 0, 1
-0.662904, 0.080474, 0.744367, 0.233059, 0.324665, 0.926765, 0.188941, 1.02816, -0.674649, 0.36692, -0.640483, 1.13125, 0, 0, 0, 1
-0.651943, 0.0922717, 0.752633, 0.232659, 0.382623, 0.896968, 0.221467, 1.02032, -0.654653, 0.432359, -0.620077, 1.14427, 0, 0, 0, 1
-0.549388, 0.0861223, 0.831117, 0.226995, 0.384806, 0.908993, 0.160174, 1.02678, -0.741686, 0.407816, -0.53253, 1.12786, 0, 0, 0, 1
-0.436936, 0.0799529, 0.895932, 0.221346, 0.377746, 0.920263, 0.102098, 1.03265, -0.81633, 0.383045, -0.432298, 1.11124, 0, 0, 0, 1
-0.316385, 0.0737863, 0.945757, 0.215731, 0.362346, 0.930776, 0.0485986, 1.03792, -0.876702, 0.358067, -0.32122, 1.09445, 0, 0, 0, 1
-0.189719, 0.0676454, 0.979505, 0.210166, 0.33971, 0.94053, 0.000844291, 1.0426, -0.921197, 0.332908, -0.201417, 1.07748, 0, 0, 0, 1
-0.0590798, 0.0615528, 0.996354, 0.204669, 0.3111, 0.949526, -0.0402129, 1.04668, -0.948539, 0.30759, -0.0752468, 1.06037, 0, 0, 0, 1
0.0732706, 0.0555307, 0.995765, 0.199259, 0.277903, 0.957765, -0.0738603, 1.05017, -0.957811, 0.282138, 0.0547438, 1.04313, 0, 0, 0, 1
0.204985, 0.0496013, 0.977508, 0.193951, 0.241585, 0.96525, -0.0996402, 1.05306, -0.948482, 0.256576, 0.185879, 1.02577, 0, 0, 0, 1
0.333675, 0.0437865, 0.941671, 0.188764, 0.203648, 0.971985, -0.117357, 1.05537, -0.920428, 0.230928, 0.31541, 1.00833, 0, 0, 0, 1
0.456957, 0.0381078, 0.888672, 0.183714, 0.165582, 0.977974, -0.12708, 1.05708, -0.873941, 0.205218, 0.440582, 0.990818, 0, 0, 0, 1
0.572494, 0.0325862, 0.819261, 0.178817, 0.128827, 0.983224, -0.129131, 1.05822, -0.809725, 0.17947, 0.558692, 0.97325, 0, 0, 0, 1
0.678049, 0.0272424, 0.734511, 0.17409, 0.0947252, 0.987741, -0.124078, 1.05878, -0.728887, 0.153708, 0.667156, 0.955648, 0, 0, 0, 1
0.771527, 0.0220966, 0.635812, 0.169548, 0.0644834, 0.991534, -0.112707, 1.05876, -0.63292, 0.127956, 0.763571, 0.93803, 0, 0, 0, 1
0.851022, 0.0171686, 0.524849, 0.165206, 0.0391383, 0.994612, -0.0959966, 1.05819, -0.523669, 0.102237, 0.845765, 0.920415, 0, 0, 0, 1
0.914861, 0.0124776, 0.403576, 0.161081, 0.0195262, 0.996986, -0.0750881, 1.05706, -0.403296, 0.0765755, 0.91186, 0.902822, 0, 0, 0, 1
0.961643, 0.00804198, 0.274187, 0.157186, 0.00625936, 0.998667, -0.0512443, 1.05538, -0.274234, 0.0509949, 0.96031, 0.885269, 0, 0, 0, 1
0.990274, 0.00387987, 0.139077, 0.153535, -0.000291825, 0.999667, -0.0258101, 1.05317, -0.139131, 0.0255185, 0.989945, 0.867774, 0, 0, 0, 1
1, 8.54876e-06, 0.000796455, 0.150142, -8.41396e-06, 1, -0.000169259, 1.05043, -0.000796456, 0.000169252, 1, 0.850355, 0, 0, 0, 1
