-0.999999, -0.000797282, -0.000797199, 0.290901, 0.00079686, 0.000424669, -1, 0.848124, 0.00079762, -1, -0.000424034, 1.02183, 0, 0, 0, 1
-0.995106, 0.0165275, 0.0974206, 0.290366, -0.0965431, 0.0474703, -0.994196, 0.856921, -0.0210562, -0.998736, -0.0456423, 1.01388, 0, 0, 0, 1
-0.980361, 0.0323973, 0.194534, 0.289527, -0.19074, 0.0948907, -0.977044, 0.865906, -0.050113, -0.99496, -0.0868477, 1.00653, 0, 0, 0, 1
-0.956043, 0.0468079, 0.289468, 0.288378, -0.28043, 0.142505, -0.949237, 0.875036, -0.0856823, -0.988687, -0.123114, 0.999771, 0, 0, 0, 1
-0.922556, 0.059765, 0.381208, 0.286912, -0.364378, 0.190132, -0.911635, 0.884267, -0.126964, -0.979938, -0.15363, 0.993622, 0, 0, 0, 1
-0.880416, 0.0712837, 0.468814, 0.285127, -0.441494, 0.237594, -0.865235, 0.893558, -0.173065, -0.968745, -0.177711, 0.988082, 0, 0, 0, 1
-0.830239, 0.0813887, 0.551434, 0.283021, -0.510847, 0.284718, -0.811154, 0.902864, -0.223022, -0.95515, -0.194806, 0.98315, 0, 0, 0, 1
-0.772725, 0.0901135, 0.628312, 0.280597, -0.571683, 0.331331, -0.750599, 0.912144, -0.275818, -0.939201, -0.204511, 0.978826, 0, 0, 0, 1
-0.708643, 0.0975007, 0.698798, 0.277859, -0.623423, 0.377268, -0.684845, 0.921355, -0.330407, -0.920957, -0.206564, 0.975106, 0, 0, 0, 1
-0.638817, 0.103601, 0.762351, 0.274811, -0.665677, 0.422368, -0.615207, 0.930456, -0.385729, -0.900484, -0.200851, 0.971983, 0, 0, 0, 1
-0.564107, 0.108474, 0.818545, 0.271464, -0.698236, 0.466479, -0.543013, 0.939406, -0.440737, -0.877856, -0.187404, 0.96945, 0, 0, 0, 1
-0.485393, 0.112185, 0.867069, 0.267826, -0.721077, 0.509453, -0.469581, 0.948166, -0.49441, -0.853154, -0.166391, 0.967496, 0, 0, 0, 1
-0.403562, 0.114808, 0.907721, 0.263911, -0.734347, 0.551151, -0.396191, 0.956698, -0.545777, -0.826469, -0.138115, 0.96611, 0, 0, 0, 1
-0.319492, 0.116422, 0.94041, 0.259732, -0.738358, 0.591445, -0.324068, 0.964964, -0.593929, -0.797897, -0.103, 0.965278, 0, 0, 0, 1
-0.234036, 0.117113, 0.965149, 0.255306, -0.733577, 0.630213, -0.254354, 0.972931, -0.638037, -0.767539, -0.0615808, 0.964984, 0, 0, 0, 1
-0.148016, 0.116972, 0.982043, 0.250649, -0.720605, 0.667344, -0.188099, 0.980565, -0.677363, -0.735507, -0.014487, 0.965212, 0, 0, 0, 1
-0.0622059, 0.116093, 0.991289, 0.245782, -0.70016, 0.702738, -0.126237, 0.987835, -0.711271, -0.701913, 0.0375691, 0.965942, 0, 0, 0, 1
0.0226729, 0.114575, 0.993156, 0.240725, -0.673063, 0.736305, -0.0695777, 0.994711, -0.739237, -0.666879, 0.0938101, 0.967154, 0, 0, 0, 1
0.105961, 0.112519, 0.987984, 0.235499, -0.640215, 0.767966, -0.0187987, 1.00117, -0.760853, -0.63053, 0.15341, 0.968826, 0, 0, 0, 1
0.187065, 0.110029, 0.976166, 0.230127, -0.602574, 0.797653, 0.0255649, 1.00718, -0.775829, -0.592995, 0.215514, 0.970935, 0, 0, 0, 1
0.265462, 0.10721, 0.958142, 0.224632, -0.561138, 0.825312, 0.0631212, 1.01273, -0.783999, -0.554406, 0.279249, 0.973457, 0, 0, 0, 1
0.340701, 0.104168, 0.934383, 0.21904, -0.516922, 0.850898, 0.0936227, 1.01778, -0.785312, -0.5149, 0.343749, 0.976366, 0, 0, 0, 1
0.412403, 0.101009, 0.905385, 0.213374, -0.470939, 0.874378, 0.116963, 1.02234, -0.779834, -0.474617, 0.408165, 0.979636, 0, 0, 0, 1
0.480258, 0.0978356, 0.871654, 0.207661, -0.42418, 0.895732, 0.133174, 1.02638, -0.767739, -0.433696, 0.471682, 0.983239, 0, 0, 0, 1
0.544024, 0.0947522, 0.833702, 0.201925, -0.377599, 0.914952, 0.142412, 1.02989, -0.749304, -0.392281, 0.533534, 0.987148, 0, 0, 0, 1
0.603525, 0.0918587, 0.792035, 0.196193, -0.332094, 0.932041, 0.144957, 1.03286, -0.724894, -0.350516, 0.593016, 0.991333, 0, 0, 0, 1
0.65864, 0.0892519, 0.747146, 0.190489, -0.288495, 0.947014, 0.141193, 1.03528, -0.694956, -0.308543, 0.64949, 0.995766, 0, 0, 0, 1
0.709305, 0.0870252, 0.699509, 0.184839, -0.247551, 0.959896, 0.131599, 1.03716, -0.660003, -0.266508, 0.702402, 1.00042, 0, 0, 0, 1
0.7555, 0.0852668, 0.649576, 0.179267, -0.209924, 0.970724, 0.116733, 1.03849, -0.620606, -0.224553, 0.751282, 1.00526, 0, 0, 0, 1
0.797248, 0.0840598, 0.597771, 0.173797, -0.176175, 0.979546, 0.0972188, 1.03926, -0.577372, -0.18282, 0.79575, 1.01025, 0, 0, 0, 1
0.834604, 0.0834815, 0.544488, 0.168452, -0.146767, 0.986419, 0.0737294, 1.03949, -0.530939, -0.141448, 0.835522, 1.01538, 0, 0, 0, 1
0.867652, 0.0836024, 0.490092, 0.163256, -0.122059, 0.991411, 0.0469716, 1.03919, -0.481955, -0.100575, 0.870404, 1.0206, 0, 0, 0, 1
0.8965, 0.0844862, 0.434914, 0.158228, -0.102304, 0.994596, 0.0176714, 1.03835, -0.431071, -0.0603357, 0.900298, 1.02589, 0, 0, 0, 1
0.921268, 0.0861888, 0.379258, 0.153389, -0.0876528, 0.99606, -0.0134408, 1.037, -0.378922, -0.0208604, 0.925193, 1.03122, 0, 0, 0, 1
0.942092, 0.0887582, 0.323396, 0.148757, -0.0781591, 0.995895, -0.0456434, 1.03513, -0.32612, 0.017724, 0.945162, 1.03657, 0, 0, 0, 1
0.959113, 0.0922342, 0.267574, 0.144351, -0.0737821, 0.994201, -0.0782363, 1.03278, -0.273239, 0.0552953, 0.960356, 1.04189, 0, 0, 0, 1
0.968753, 0.0806096, 0.234564, 0.142392, -0.0666612, 0.995536, -0.0668114, 1.03973, -0.238903, 0.0490874, 0.969802, 1.01678, 0, 0, 0, 1
0.977085, 0.069006, 0.201351, 0.141317, -0.0589, 0.996705, -0.055765, 1.04531, -0.204536, 0.0426276, 0.97793, 0.991804, 0, 0, 0, 1
0.984114, 0.0574255, 0.167992, 0.141067, -0.0505146, 0.997703, -0.0451299, 1.04951, -0.170198, 0.0359269, 0.984755, 0.967064, 0, 0, 0, 1
0.989846, 0.0458695, 0.134542, 0.141579, -0.041523, 0.998527, -0.0349378, 1.05234, -0.135947, 0.0289965, 0.990292, 0.942661, 0, 0, 0, 1
0.994288, 0.0343396, 0.101057, 0.14279, -0.0319449, 0.999171, -0.0252202, 1.05382, -0.101839, 0.0218479, 0.994561, 0.918692, 0, 0, 0, 1
0.997452, 0.0228368, 0.0675903, 0.144634, -0.021802, 0.999634, -0.0160074, 1.05397, -0.0679311, 0.014493, 0.997585, 0.895252, 0, 0, 0, 1
0.999351, 0.0113621, 0.0341947, 0.147044, -0.0111177, 0.999911, -0.00732868, 1.05282, -0.0342749, 0.00694376, 0.999388, 0.872431, 0, 0, 0, 1
1, -8.38165e-05, 0.000921906, 0.149953, 8.30904e-05, 1, 0.000787656, 1.05039, -0.000921972, -0.000787579, 0.999999, 0.850313, 0, 0, 0, 1
