-0.999999, -0.000797282, -0.000797199, 0.290901, 0.00079686, 0.000424669, -1, 0.848124, 0.00079762, -1, -0.000424034, 1.02183, 0, 0, 0, 1
-0.998203, 0.0105776, 0.0589889, 0.289384, -0.0577622, 0.0925132, -0.994035, 0.858174, -0.0159717, -0.995655, -0.0917359, 1.01956, 0, 0, 0, 1
-0.992803, 0.0193056, 0.118193, 0.287536, -0.112665, 0.184088, -0.976432, 0.868773, -0.0406085, -0.98272, -0.180588, 1.01912, 0, 0, 0, 1
-0.984016, 0.0254489, 0.176255, 0.285343, -0.162673, 0.274277, -0.947792, 0.87972, -0.0724629, -0.961314, -0.265753, 1.02056, 0, 0, 0, 1
-0.972123, 0.0291171, 0.232656, 0.282799, -0.206673, 0.362228, -0.908888, 0.89081, -0.110739, -0.931635, -0.346113, 1.0239, 0, 0, 0, 1
-0.957466, 0.0304651, 0.286934, 0.279912, -0.24369, 0.447118, -0.86064, 0.901836, -0.154513, -0.893956, -0.420676, 1.02914, 0, 0, 0, 1
-0.940431, 0.0296909, 0.338686, 0.276701, -0.272911, 0.528159, -0.804094, 0.912595, -0.202754, -0.848626, -0.488594, 1.03628, 0, 0, 0, 1
-0.921439, 0.0270327, 0.387583, 0.273194, -0.293695, 0.604608, -0.7404, 0.922886, -0.254351, -0.796064, -0.54917, 1.04527, 0, 0, 0, 1
-0.900931, 0.0227645, 0.433364, 0.269434, -0.305581, 0.675778, -0.670779, 0.932513, -0.308128, -0.736753, -0.601873, 1.05607, 0, 0, 0, 1
-0.879359, 0.0171924, 0.475848, 0.26547, -0.308296, 0.74104, -0.5965, 0.941292, -0.362878, -0.67124, -0.64634, 1.06861, 0, 0, 0, 1
-0.857167, 0.0106497, 0.514928, 0.261364, -0.301755, 0.799834, -0.518854, 0.949044, -0.417382, -0.600127, -0.682378, 1.0828, 0, 0, 0, 1
-0.809688, 0.0106581, 0.586764, 0.257917, -0.33224, 0.815854, -0.473284, 0.959578, -0.483758, -0.578159, -0.657046, 1.07639, 0, 0, 0, 1
-0.756539, 0.010439, 0.653865, 0.254307, -0.35688, 0.831263, -0.426191, 0.969654, -0.547983, -0.555781, -0.625158, 1.07004, 0, 0, 0, 1
-0.698219, 0.0100129, 0.715814, 0.25055, -0.375665, 0.846045, -0.378265, 0.979264, -0.609399, -0.533018, -0.586963, 1.06375, 0, 0, 0, 1
-0.635251, 0.00940099, 0.772248, 0.246658, -0.388662, 0.860186, -0.330185, 0.988401, -0.667381, -0.509894, -0.54278, 1.05752, 0, 0, 0, 1
-0.568182, 0.00862461, 0.822858, 0.242647, -0.396015, 0.873674, -0.282605, 0.997059, -0.721347, -0.486435, -0.49299, 1.05135, 0, 0, 0, 1
-0.49757, 0.00770539, 0.86739, 0.238531, -0.397936, 0.886499, -0.236148, 1.00523, -0.77076, -0.462666, -0.438029, 1.04526, 0, 0, 0, 1
-0.423986, 0.00666518, 0.905644, 0.234325, -0.394705, 0.898651, -0.191399, 1.01292, -0.815134, -0.438613, -0.378385, 1.03925, 0, 0, 0, 1
-0.348003, 0.00552595, 0.937477, 0.230044, -0.38666, 0.910123, -0.148898, 1.02011, -0.854042, -0.414302, -0.314589, 1.03331, 0, 0, 0, 1
-0.270194, 0.00430977, 0.962796, 0.225702, -0.374194, 0.920906, -0.109134, 1.02681, -0.887116, -0.38976, -0.24721, 1.02746, 0, 0, 0, 1
-0.191124, 0.00303875, 0.981561, 0.221314, -0.357745, 0.930997, -0.0725403, 1.03301, -0.914051, -0.365013, -0.176849, 1.0217, 0, 0, 0, 1
-0.11135, 0.00173497, 0.99378, 0.216895, -0.337792, 0.940392, -0.0394905, 1.03871, -0.934611, -0.340088, -0.104127, 1.01602, 0, 0, 0, 1
-0.031415, 0.000420408, 0.999506, 0.21246, -0.314845, 0.949087, -0.0102949, 1.04392, -0.948623, -0.315013, -0.0296832, 1.01044, 0, 0, 0, 1
0.0481585, -0.000883067, 0.998839, 0.208022, -0.289437, 0.957083, 0.0148012, 1.04862, -0.955985, -0.289814, 0.0458361, 1.00496, 0, 0, 0, 1
0.126867, -0.0021538, 0.991917, 0.203598, -0.262118, 0.964378, 0.0356192, 1.05282, -0.95666, -0.264518, 0.121784, 0.999583, 0, 0, 0, 1
0.204233, -0.0033704, 0.978917, 0.199199, -0.233446, 0.970976, 0.0520472, 1.05653, -0.95068, -0.239153, 0.197518, 0.994308, 0, 0, 0, 1
0.279803, -0.00451176, 0.960047, 0.194842, -0.203978, 0.976879, 0.0640397, 1.05974, -0.938138, -0.213747, 0.272413, 0.98914, 0, 0, 0, 1
0.353153, -0.00555715, 0.935549, 0.19054, -0.174267, 0.982091, 0.0716161, 1.06246, -0.919192, -0.188326, 0.345859, 0.984082, 0, 0, 0, 1
0.423889, -0.00648626, 0.905691, 0.186306, -0.144847, 0.986618, 0.0748585, 1.0647, -0.894057, -0.162919, 0.417277, 0.979138, 0, 0, 0, 1
0.491647, -0.00727923, 0.870764, 0.182154, -0.116236, 0.990468, 0.0739086, 1.06644, -0.863002, -0.137551, 0.486115, 0.974309, 0, 0, 0, 1
0.556098, -0.00791675, 0.831079, 0.178098, -0.0889199, 0.993648, 0.0689641, 1.06772, -0.826347, -0.11225, 0.551862, 0.969598, 0, 0, 0, 1
0.61694, -0.00838006, 0.786966, 0.174149, -0.0633547, 0.996169, 0.0602745, 1.06851, -0.784456, -0.0870437, 0.614045, 0.965008, 0, 0, 0, 1
0.673906, -0.00865103, 0.738766, 0.17032, -0.0399567, 0.998041, 0.0481359, 1.06885, -0.737735, -0.0619578, 0.672241, 0.960542, 0, 0, 0, 1
0.726763, -0.00871219, 0.686833, 0.166624, -0.0191003, 0.999277, 0.0328861, 1.06872, -0.686623, -0.0370191, 0.726071, 0.956201, 0, 0, 0, 1
0.775306, -0.0085468, 0.631528, 0.163073, -0.00111307, 0.999888, 0.0148985, 1.06814, -0.631585, -0.0122538, 0.77521, 0.951988, 0, 0, 0, 1
0.819362, -0.00813885, 0.573218, 0.159677, 0.0137264, 0.999891, -0.00542361, 1.06712, -0.573112, 0.0123121, 0.819385, 0.947904, 0, 0, 0, 1
0.85879, -0.00747316, 0.512273, 0.156447, 0.0251912, 0.9993, -0.0276532, 1.06567, -0.511708, 0.0366531, 0.858377, 0.943953, 0, 0, 0, 1
0.893477, -0.00653538, 0.449062, 0.153395, 0.0331075, 0.998132, -0.0513461, 1.06379, -0.447888, 0.0607439, 0.892024, 0.940135, 0, 0, 0, 1
0.923337, -0.00531202, 0.383955, 0.15053, 0.0373553, 0.996404, -0.0760469, 1.0615, -0.38217, 0.0845597, 0.920215, 0.936452, 0, 0, 0, 1
0.948312, -0.00379054, 0.317318, 0.147861, 0.0378685, 0.994135, -0.101295, 1.0588, -0.315073, 0.108076, 0.942894, 0.932907, 0, 0, 0, 1
0.976829, -0.00305946, 0.213998, 0.147965, 0.0183461, 0.997414, -0.069484, 1.05701, -0.213233, 0.0718, 0.97436, 0.90501, 0, 0, 0, 1
0.994155, -0.00172018, 0.107944, 0.148683, 0.00555112, 0.999365, -0.0351996, 1.05396, -0.107815, 0.0355931, 0.993534, 0.877503, 0, 0, 0, 1
1, 0.000236737, 0.000388026, 0.150012, -0.000236925, 1, 0.000483194, 1.04968, -0.000387911, -0.000483286, 1, 0.850458, 0, 0, 0, 1
