-0.999999, -0.000797282, -0.000797199, 0.290901, 0.00079686, 0.000424669, -1, 0.848124, 0.00079762, -1, -0.000424034, 1.02183, 0, 0, 0, 1
-0.995747, 0.0114112, 0.0914245, 0.290215, -0.0907938, 0.0470981, -0.994755, 0.859051, -0.0156572, -0.998825, -0.0458617, 1.01114, 0, 0, 0, 1
-0.982899, 0.022515, 0.182762, 0.289252, -0.17992, 0.0939302, -0.979186, 0.870069, -0.0392133, -0.995324, -0.088273, 1.001, 0, 0, 0, 1
-0.961649, 0.032516, 0.272348, 0.288011, -0.265369, 0.140778, -0.953814, 0.881142, -0.0693549, -0.989507, -0.126751, 0.991421, 0, 0, 0, 1
-0.932283, 0.041422, 0.35935, 0.286491, -0.346015, 0.1875, -0.919302, 0.892237, -0.105458, -0.981391, -0.160471, 0.982404, 0, 0, 0, 1
-0.895175, 0.0492466, 0.442985, 0.284692, -0.420845, 0.233957, -0.876444, 0.903318, -0.146801, -0.970999, -0.188707, 0.973959, 0, 0, 0, 1
-0.85078, 0.0560098, 0.522529, 0.282616, -0.488963, 0.280009, -0.826142, 0.914351, -0.192585, -0.958362, -0.210839, 0.966089, 0, 0, 0, 1
-0.79962, 0.0617369, 0.597324, 0.280266, -0.54961, 0.325521, -0.769392, 0.925302, -0.241941, -0.943517, -0.226362, 0.958797, 0, 0, 0, 1
-0.742283, 0.0664592, 0.666783, 0.277648, -0.602169, 0.37036, -0.707266, 0.936135, -0.293954, -0.926508, -0.234892, 0.952084, 0, 0, 0, 1
-0.679401, 0.0702131, 0.7304, 0.274767, -0.64617, 0.414399, -0.640888, 0.946817, -0.347676, -0.907383, -0.236173, 0.945949, 0, 0, 0, 1
-0.61165, 0.0730405, 0.787749, 0.271633, -0.681298, 0.457511, -0.571416, 0.957315, -0.402141, -0.886199, -0.230074, 0.940389, 0, 0, 0, 1
-0.539732, 0.0749879, 0.83849, 0.268253, -0.70739, 0.499577, -0.500022, 0.967595, -0.456386, -0.863018, -0.216592, 0.935401, 0, 0, 0, 1
-0.464365, 0.0761069, 0.882368, 0.264638, -0.724436, 0.540482, -0.427869, 0.977626, -0.509468, -0.837906, -0.195847, 0.93098, 0, 0, 0, 1
-0.386276, 0.0764532, 0.919209, 0.260801, -0.732571, 0.580116, -0.356096, 0.987377, -0.560473, -0.810938, -0.168078, 0.927117, 0, 0, 0, 1
-0.306186, 0.0760865, 0.948926, 0.256754, -0.732073, 0.618376, -0.285797, 0.996817, -0.608539, -0.78219, -0.133637, 0.923806, 0, 0, 0, 1
-0.224801, 0.0750705, 0.971509, 0.252512, -0.723349, 0.655164, -0.218004, 1.00592, -0.652863, -0.751748, -0.0929794, 0.921035, 0, 0, 0, 1
-0.142808, 0.073472, 0.98702, 0.248089, -0.706928, 0.690389, -0.153674, 1.01465, -0.692718, -0.719698, -0.0466537, 0.918794, 0, 0, 0, 1
-0.0608614, 0.071361, 0.995592, 0.243502, -0.683444, 0.723968, -0.0936713, 1.02299, -0.727461, -0.686133, 0.00470963, 0.917069, 0, 0, 0, 1
0.0204218, 0.0688099, 0.997421, 0.238769, -0.653627, 0.755823, -0.0387598, 1.03092, -0.756541, -0.65115, 0.0604113, 0.915848, 0, 0, 0, 1
0.100467, 0.0658934, 0.992756, 0.233908, -0.618282, 0.785887, 0.0104077, 1.0384, -0.779508, -0.614849, 0.119697, 0.915115, 0, 0, 0, 1
0.178748, 0.0626878, 0.981896, 0.228938, -0.578278, 0.814097, 0.0532968, 1.04541, -0.796018, -0.577335, 0.181769, 0.914853, 0, 0, 0, 1
0.254789, 0.0592711, 0.965179, 0.223878, -0.534525, 0.840401, 0.0894958, 1.05195, -0.805832, -0.538714, 0.245806, 0.915046, 0, 0, 0, 1
0.328167, 0.0557218, 0.942975, 0.218748, -0.487964, 0.864752, 0.118718, 1.05798, -0.808824, -0.499098, 0.310974, 0.915674, 0, 0, 0, 1
0.398516, 0.0521191, 0.915679, 0.213571, -0.439547, 0.887115, 0.140804, 1.06349, -0.804974, -0.458597, 0.376438, 0.916719, 0, 0, 0, 1
0.465522, 0.0485422, 0.883704, 0.208366, -0.39022, 0.907459, 0.155715, 1.06847, -0.794366, -0.417328, 0.441384, 0.91816, 0, 0, 0, 1
0.528926, 0.0450699, 0.84747, 0.203156, -0.340906, 0.925764, 0.163534, 1.0729, -0.777187, -0.375405, 0.505025, 0.919976, 0, 0, 0, 1
0.588518, 0.0417802, 0.807403, 0.197961, -0.292497, 0.942019, 0.164456, 1.07677, -0.753718, -0.332948, 0.566616, 0.922146, 0, 0, 0, 1
0.644141, 0.0387497, 0.763925, 0.192805, -0.245832, 0.956219, 0.158782, 1.08008, -0.724327, -0.290075, 0.625466, 0.924647, 0, 0, 0, 1
0.69568, 0.0360533, 0.717447, 0.187709, -0.201691, 0.968369, 0.146909, 1.08281, -0.689457, -0.246905, 0.680946, 0.927456, 0, 0, 0, 1
0.743062, 0.0337639, 0.668371, 0.182695, -0.160784, 0.978481, 0.129322, 1.08496, -0.649622, -0.203557, 0.7325, 0.930549, 0, 0, 0, 1
0.786252, 0.0319519, 0.61708, 0.177785, -0.123738, 0.986575, 0.106576, 1.08653, -0.60539, -0.160152, 0.77965, 0.933903, 0, 0, 0, 1
0.825247, 0.0306846, 0.563938, 0.172999, -0.0910948, 0.99268, 0.0792919, 1.08752, -0.557377, -0.116807, 0.822002, 0.937494, 0, 0, 0, 1
0.860073, 0.0300262, 0.509287, 0.168359, -0.0633047, 0.996833, 0.048137, 1.08792, -0.506229, -0.0736416, 0.859249, 0.941296, 0, 0, 0, 1
0.890777, 0.0300371, 0.453447, 0.163886, -0.0407215, 0.999075, 0.0138152, 1.08774, -0.452612, -0.0307713, 0.891176, 0.945286, 0, 0, 0, 1
0.919398, 0.0258328, 0.39248, 0.160892, -0.0341159, 0.999318, 0.0141431, 1.08419, -0.391847, -0.026393, 0.919652, 0.930571, 0, 0, 0, 1
0.943809, 0.0216343, 0.329784, 0.158212, -0.0276873, 0.999523, 0.0136683, 1.08, -0.329331, -0.0220311, 0.943958, 0.916168, 0, 0, 0, 1
0.963912, 0.0174419, 0.265649, 0.155855, -0.0215121, 0.999691, 0.0124197, 1.07518, -0.265351, -0.0176862, 0.96399, 0.902107, 0, 0, 0, 1
0.97963, 0.0132562, 0.200374, 0.153829, -0.0156633, 0.999823, 0.0104324, 1.06978, -0.200201, -0.0133584, 0.979664, 0.888416, 0, 0, 0, 1
0.990905, 0.0090778, 0.13426, 0.152139, -0.0102101, 0.999918, 0.00774789, 1.06381, -0.134178, -0.00904823, 0.990916, 0.875123, 0, 0, 0, 1
0.9977, 0.00490711, 0.0676083, 0.150791, -0.00521738, 0.999977, 0.00441341, 1.0573, -0.0675851, -0.004756, 0.997702, 0.862255, 0, 0, 0, 1
0.999999, 0.000744683, 0.000724014, 0.149788, -0.000745032, 1, 0.000481529, 1.05028, -0.000723655, -0.000482068, 1, 0.849837, 0, 0, 0, 1
