0.999999, -0.000849093, 0.000816763, 0.150201, 0.00084941, 1, -0.000388034, 1.04999, -0.000816433, 0.000388728, 1, 0.850939, 0, 0, 0, 1
0.996878, 0.00552994, 0.0787575, 0.134524, 0.00724286, 0.986932, -0.160974, 1.07958, -0.0786185, 0.161042, 0.983811, 0.926474, 0, 0, 0, 1
0.987571, 0.0244638, 0.155258, 0.123759, 0.026162, 0.948446, -0.315858, 1.09863, -0.154981, 0.315994, 0.936018, 1.00718, 0, 0, 0, 1
0.972121, 0.0555389, 0.227806, 0.118284, 0.0571947, 0.886032, -0.460083, 1.10662, -0.227396, 0.460286, 0.858154, 1.0912, 0, 0, 0, 1
0.95078, 0.0979397, 0.293982, 0.118348, 0.0995281, 0.801941, -0.589054, 1.10334, -0.293448, 0.58932, 0.752722, 1.17658, 0, 0, 0, 1
0.923999, 0.150472, 0.351545, 0.124064, 0.151971, 0.699108, -0.698679, 1.08886, -0.350899, 0.699003, 0.623108, 1.26139, 0, 0, 0, 1
0.892426, 0.211596, 0.398501, 0.135404, 0.212988, 0.581051, -0.785504, 1.0635, -0.397759, 0.78588, 0.473477, 1.34373, 0, 0, 0, 1
0.856883, 0.279478, 0.433178, 0.152207, 0.280748, 0.451752, -0.846818, 1.02786, -0.432356, 0.847238, 0.308636, 1.4218, 0, 0, 0, 1
0.818347, 0.352043, 0.454283, 0.174177, 0.353181, 0.315531, -0.88074, 0.982769, -0.453399, 0.881195, 0.133879, 1.49393, 0, 0, 0, 1
0.777921, 0.427043, 0.460948, 0.200899, 0.428043, 0.1769, -0.886276, 0.929271, -0.46002, 0.886758, -0.0451782, 1.55861, 0, 0, 0, 1
0.736798, 0.502127, 0.452766, 0.231845, 0.502987, 0.0404172, -0.863348, 0.868579, -0.45181, 0.863849, -0.222784, 1.61457, 0, 0, 0, 1
0.696227, 0.574921, 0.429807, 0.266397, 0.575642, -0.0894605, -0.812794, 0.802051, -0.428841, 0.813304, -0.393233, 1.66078, 0, 0, 0, 1
0.657469, 0.6431, 0.392627, 0.303856, 0.643686, -0.208519, -0.736334, 0.731144, -0.391667, 0.736846, -0.551049, 1.69644, 0, 0, 0, 1
0.621759, 0.70447, 0.342253, 0.343472, 0.704928, -0.312922, -0.636519, 0.657371, -0.34131, 0.637025, -0.691163, 1.72106, 0, 0, 0, 1
0.59026, 0.757038, 0.280155, 0.384455, 0.757376, -0.399333, -0.516638, 0.582265, -0.279239, 0.517133, -0.809073, 1.7344, 0, 0, 0, 1
0.564026, 0.799078, 0.208202, 0.426005, 0.799307, -0.465018, -0.380614, 0.507332, -0.207323, 0.381094, -0.900991, 1.73653, 0, 0, 0, 1
0.543962, 0.829195, 0.128611, 0.467331, 0.829324, -0.507927, -0.232876, 0.434013, -0.127774, 0.233336, -0.963965, 1.72774, 0, 0, 0, 1
0.530791, 0.846367, 0.0438745, 0.50767, 0.846407, -0.526762, -0.0782107, 0.363652, -0.0430835, 0.0786492, -0.995971, 1.70861, 0, 0, 0, 1
0.525022, 0.849985, -0.0433171, 0.54631, 0.849947, -0.521004, 0.0783881, 0.297456, 0.0440603, -0.0779728, -0.995981, 1.67993, 0, 0, 0, 1
0.526936, 0.839879, -0.13016, 0.582608, 0.839771, -0.490932, 0.231885, 0.236477, 0.130855, -0.231493, -0.963996, 1.64266, 0, 0, 0, 1
0.536561, 0.816321, -0.213827, 0.616004, 0.816151, -0.437603, 0.377361, 0.181584, 0.214476, -0.376993, -0.901042, 1.59795, 0, 0, 0, 1
0.553673, 0.780024, -0.291563, 0.646032, 0.779798, -0.362815, 0.510177, 0.133449, 0.292167, -0.509831, -0.809142, 1.54705, 0, 0, 0, 1
0.577792, 0.732122, -0.360769, 0.672336, 0.731844, -0.26904, 0.626117, 0.0925397, 0.361332, -0.625792, -0.691248, 1.49131, 0, 0, 0, 1
0.608196, 0.674133, -0.419097, 0.694667, 0.673807, -0.159344, 0.721522, 0.0591159, 0.419621, -0.721217, -0.551148, 1.43209, 0, 0, 0, 1
0.643935, 0.607918, -0.464524, 0.712894, 0.607545, -0.0372777, 0.79341, 0.0332332, 0.465012, -0.793124, -0.393342, 1.37077, 0, 0, 0, 1
0.683863, 0.535617, -0.495424, 0.726996, 0.535198, 0.0932362, 0.839566, 0.0147532, 0.495877, -0.839298, -0.2229, 1.30868, 0, 0, 0, 1
0.726666, 0.459585, -0.510625, 0.737062, 0.459119, 0.228036, 0.858609, 0.00335828, 0.511045, -0.85836, -0.0452981, 1.24707, 0, 0, 0, 1
0.770904, 0.382313, -0.509454, 0.74328, 0.381799, 0.362855, 0.850038, -0.00142736, 0.509839, -0.849807, 0.13376, 1.18709, 0, 0, 0, 1
0.815058, 0.306353, -0.49176, 0.745929, 0.305791, 0.493462, 0.81424, -0.000214193, 0.49211, -0.814029, 0.30852, 1.12974, 0, 0, 0, 1
0.857574, 0.23423, -0.457933, 0.745362, 0.233619, 0.615795, 0.752475, 0.00628028, 0.458245, -0.752285, 0.473369, 1.07587, 0, 0, 0, 1
0.896919, 0.168361, -0.408889, 0.741993, 0.167702, 0.726092, 0.666833, 0.0172609, 0.40916, -0.666667, 0.623012, 1.02615, 0, 0, 0, 1
0.931629, 0.110977, -0.346051, 0.73628, 0.110271, 0.82101, 0.560163, 0.0318853, 0.346276, -0.560024, 0.75264, 0.981062, 0, 0, 0, 1
0.96036, 0.0640452, -0.271305, 0.728707, 0.0632967, 0.897729, 0.435978, 0.0492946, 0.27148, -0.435869, 0.858089, 0.940908, 0, 0, 0, 1
0.981936, 0.0292076, -0.186947, 0.719763, 0.0284218, 0.954037, 0.298339, 0.0686429, 0.187068, -0.298263, 0.935973, 0.9058, 0, 0, 0, 1
0.995389, 0.00772179, -0.0956098, 0.709931, 0.00690575, 0.988399, 0.151722, 0.0891247, 0.0956722, -0.151683, 0.983788, 0.875679, 0, 0, 0, 1
1, 0.000418581, -0.00018212, 0.699664, -0.000418422, 1, 0.000873776, 0.11, 0.000182486, -0.000873699, 1, 0.850326, 0, 0, 0, 1
