0.999999, -0.000849093, 0.000816763, 0.150201, 0.00084941, 1, -0.000388034, 1.04999, -0.000816433, 0.000388728, 1, 0.850939, 0, 0, 0, 1
0.991121, 0.00084681, 0.132958, 0.141551, 0.0102645, 0.996508, -0.082862, 1.06648, -0.132564, 0.0834911, 0.987652, 0.889063, 0, 0, 0, 1
0.964839, 0.00589078, 0.262774, 0.134145, 0.0379488, 0.986152, -0.161445, 1.08027, -0.260086, 0.165741, 0.951254, 0.928791, 0, 0, 0, 1
0.921672, 0.0142672, 0.387707, 0.128045, 0.0828194, 0.969054, -0.232542, 1.09125, -0.379026, 0.246437, 0.891968, 0.969878, 0, 0, 0, 1
0.862548, 0.0259315, 0.50531, 0.123308, 0.143122, 0.945395, -0.292821, 1.09935, -0.485311, 0.324894, 0.811737, 1.01207, 0, 0, 0, 1
0.78878, 0.0408102, 0.613319, 0.119979, 0.216494, 0.915412, -0.33934, 1.10452, -0.575288, 0.400445, 0.713223, 1.0551, 0, 0, 0, 1
0.702029, 0.0588019, 0.709716, 0.118097, 0.300041, 0.879393, -0.369652, 1.1067, -0.645856, 0.472451, 0.599717, 1.09872, 0, 0, 0, 1
0.60426, 0.0797772, 0.792783, 0.117688, 0.390446, 0.83768, -0.381894, 1.1059, -0.694565, 0.540303, 0.475028, 1.14266, 0, 0, 0, 1
0.497682, 0.103581, 0.861152, 0.118772, 0.484079, 0.790661, -0.374864, 1.1021, -0.719708, 0.603429, 0.343357, 1.18664, 0, 0, 0, 1
0.384684, 0.130031, 0.913843, 0.121357, 0.577128, 0.738767, -0.348062, 1.09534, -0.720376, 0.661299, 0.209148, 1.23042, 0, 0, 0, 1
0.267769, 0.158923, 0.950286, 0.12544, 0.665732, 0.68247, -0.301723, 1.08565, -0.696492, 0.713427, 0.0769443, 1.27372, 0, 0, 0, 1
0.149476, 0.19003, 0.970333, 0.131012, 0.746119, 0.622279, -0.236804, 1.0731, -0.648817, 0.75938, -0.0487695, 1.31629, 0, 0, 0, 1
0.0323074, 0.223104, 0.974259, 0.138052, 0.81474, 0.558734, -0.154967, 1.05775, -0.578925, 0.798775, -0.163721, 1.35788, 0, 0, 0, 1
-0.0813412, 0.25788, 0.962747, 0.14653, 0.868399, 0.492401, -0.0585241, 1.03972, -0.48915, 0.831288, -0.263995, 1.39826, 0, 0, 0, 1
-0.189254, 0.294075, 0.936858, 0.156406, 0.904362, 0.423869, 0.0496388, 1.0191, -0.382508, 0.856653, -0.346169, 1.43719, 0, 0, 0, 1
-0.289454, 0.331394, 0.897995, 0.167634, 0.920466, 0.353744, 0.166153, 0.996029, -0.262598, 0.874667, -0.40743, 1.47445, 0, 0, 0, 1
-0.380263, 0.369529, 0.847849, 0.180155, 0.915196, 0.282642, 0.28728, 0.970645, -0.13348, 0.88519, -0.44567, 1.50985, 0, 0, 0, 1
-0.460339, 0.408165, 0.788346, 0.193906, 0.887743, 0.211187, 0.409038, 0.943103, 0.00046659, 0.888145, -0.459564, 1.54318, 0, 0, 0, 1
-0.528714, 0.446981, 0.721574, 0.208815, 0.838046, 0.140002, 0.527331, 0.913568, 0.134686, 0.88352, -0.448612, 1.57428, 0, 0, 0, 1
-0.584816, 0.485652, 0.649717, 0.224803, 0.766796, 0.0697061, 0.638095, 0.882219, 0.264603, 0.871369, -0.413161, 1.60298, 0, 0, 0, 1
-0.628471, 0.523852, 0.574982, 0.241786, 0.675424, 0.000909492, 0.737429, 0.84924, 0.385781, 0.851809, -0.354394, 1.62915, 0, 0, 0, 1
-0.6599, 0.561259, 0.49952, 0.259671, 0.566063, -0.0657935, 0.821732, 0.814826, 0.49407, 0.825021, -0.274291, 1.65266, 0, 0, 0, 1
-0.679699, 0.597557, 0.425365, 0.278364, 0.441477, -0.129829, 0.88783, 0.779176, 0.585753, 0.791246, -0.175563, 1.6734, 0, 0, 0, 1
-0.688808, 0.632434, 0.35436, 0.297764, 0.304983, -0.190646, 0.93308, 0.742494, 0.657669, 0.750787, -0.0615635, 1.69129, 0, 0, 0, 1
-0.688463, 0.665594, 0.288103, 0.317768, 0.160341, -0.247726, 0.95547, 0.704989, 0.707326, 0.704, 0.0638285, 1.70627, 0, 0, 0, 1
-0.680147, 0.696751, 0.227898, 0.338271, 0.0116315, -0.300583, 0.953685, 0.666868, 0.732983, 0.651297, 0.196336, 1.71829, 0, 0, 0, 1
-0.665528, 0.725636, 0.174714, 0.359163, -0.136869, -0.348767, 0.927161, 0.628343, 0.733716, 0.593139, 0.331432, 1.72732, 0, 0, 0, 1
-0.646387, 0.751998, 0.129163, 0.380335, -0.280834, -0.391874, 0.876109, 0.58962, 0.709448, 0.530033, 0.464489, 1.73336, 0, 0, 0, 1
-0.624552, 0.775606, 0.0914836, 0.401679, -0.416025, -0.42954, 0.80151, 0.550904, 0.660952, 0.462526, 0.590942, 1.73641, 0, 0, 0, 1
-0.601823, 0.796255, 0.0615454, 0.423085, -0.538429, -0.461453, 0.705092, 0.512397, 0.589833, 0.391203, 0.70644, 1.73651, 0, 0, 0, 1
-0.579901, 0.81376, 0.0388602, 0.444445, -0.644395, -0.487349, 0.589276, 0.474293, 0.498467, 0.31668, 0.806997, 1.73371, 0, 0, 0, 1
-0.560324, 0.827965, 0.0226118, 0.465654, -0.730749, -0.507017, 0.457099, 0.436781, 0.389926, 0.2396, 0.889129, 1.72807, 0, 0, 0, 1
-0.544405, 0.838741, 0.0116944, 0.486608, -0.794901, -0.520301, 0.312122, 0.400041, 0.267874, 0.160625, 0.94997, 1.71969, 0, 0, 0, 1
-0.533178, 0.845989, 0.00476382, 0.507209, -0.834927, -0.527098, 0.158316, 0.364243, 0.136444, 0.080433, 0.987377, 1.70865, 0, 0, 0, 1
-0.527364, 0.84964, 0.000296392, 0.52736, -0.84964, -0.527364, -7.05209e-05, 0.329549, 9.6389e-05, -0.000289016, 1, 1.69507, 0, 0, 0, 1
-0.527332, 0.849653, -0.00334469, 0.546971, -0.838618, -0.521108, -0.15864, 0.296107, -0.136532, -0.080851, 0.987331, 1.67908, 0, 0, 0, 1
-0.533092, 0.846021, -0.00783861, 0.565958, -0.802227, -0.508397, -0.312993, 0.264056, -0.268784, -0.160566, 0.949723, 1.66082, 0, 0, 0, 1
-0.544287, 0.838768, -0.0148342, 0.58424, -0.741604, -0.489352, -0.458867, 0.233518, -0.392142, -0.238754, 0.888381, 1.64044, 0, 0, 0, 1
-0.560207, 0.827948, -0.0258779, 0.601745, -0.658619, -0.464147, -0.592274, 0.204606, -0.502383, -0.314752, 0.805321, 1.6181, 0, 0, 0, 1
-0.579813, 0.813649, -0.0423447, 0.618407, -0.555815, -0.43301, -0.709628, 0.177417, -0.595724, -0.387916, 0.703303, 1.59398, 0, 0, 0, 1
-0.601776, 0.795985, -0.0653753, 0.634166, -0.436322, -0.396216, -0.807859, 0.152033, -0.668946, -0.457625, 0.585739, 1.56824, 0, 0, 0, 1
-0.624527, 0.775103, -0.0958211, 0.648972, -0.303753, -0.354091, -0.884508, 0.128523, -0.719514, -0.523293, 0.456579, 1.54107, 0, 0, 0, 1
-0.646316, 0.751177, -0.134199, 0.662781, -0.162087, -0.307001, -0.937805, 0.106942, -0.745656, -0.584366, 0.320176, 1.51265, 0, 0, 0, 1
-0.665279, 0.724407, -0.180659, 0.675557, -0.0155355, -0.255357, -0.966722, 0.0873267, -0.746433, -0.640333, 0.181138, 1.48317, 0, 0, 0, 1
-0.679512, 0.695022, -0.234964, 0.687273, 0.131595, -0.199605, -0.971, 0.0697036, -0.721766, -0.690726, 0.0441725, 1.45283, 0, 0, 0, 1
-0.687147, 0.663269, -0.296485, 0.697908, 0.275044, -0.140224, -0.951151, 0.0540825, -0.672443, -0.735127, -0.0860731, 1.4218, 0, 0, 0, 1
-0.686427, 0.62942, -0.364208, 0.707451, 0.410734, -0.0777247, -0.908436, 0.0404597, -0.600096, -0.773168, -0.205172, 1.39027, 0, 0, 0, 1
-0.675781, 0.593767, -0.436762, 0.715898, 0.534906, -0.0126394, -0.844817, 0.0288181, -0.507145, -0.804538, -0.309068, 1.35844, 0, 0, 0, 1
-0.653893, 0.556615, -0.512449, 0.723254, 0.644237, 0.0544781, -0.762883, 0.0191274, -0.396715, -0.828983, -0.394215, 1.32646, 0, 0, 0, 1
-0.619761, 0.518285, -0.589301, 0.729529, 0.735949, 0.123059, -0.66576, 0.0113452, -0.272535, -0.846308, -0.457699, 1.29453, 0, 0, 0, 1
-0.572753, 0.479111, -0.665136, 0.734743, 0.80789, 0.192525, -0.557, 0.00541728, -0.13881, -0.85638, -0.497338, 1.26279, 0, 0, 0, 1
-0.512641, 0.439433, -0.73763, 0.738921, 0.858603, 0.262291, -0.440459, 0.00127877, -7.80747e-05, -0.859128, -0.51176, 1.23141, 0, 0, 0, 1
-0.439629, 0.399598, -0.804393, 0.742096, 0.887368, 0.331775, -0.320162, -0.00114524, 0.138941, -0.854545, -0.500448, 1.20054, 0, 0, 0, 1
-0.354365, 0.359954, -0.863052, 0.744306, 0.894213, 0.400396, -0.200167, -0.0019386, 0.273511, -0.842684, -0.463761, 1.17031, 0, 0, 0, 1
-0.257939, 0.32085, -0.91133, 0.745594, 0.879908, 0.467584, -0.0844238, -0.00119319, 0.399036, -0.823663, -0.402927, 1.14085, 0, 0, 0, 1
-0.151859, 0.282632, -0.947131, 0.746009, 0.845927, 0.532787, 0.0233561, 0.000992182, 0.51122, -0.797657, -0.319994, 1.11227, 0, 0, 0, 1
-0.0380201, 0.245639, -0.968616, 0.745605, 0.794393, 0.595467, 0.119828, 0.00451281, 0.606213, -0.764906, -0.217773, 1.08468, 0, 0, 0, 1
0.0813424, 0.210199, -0.974269, 0.74444, 0.727992, 0.655114, 0.202122, 0.00925921, 0.680743, -0.725701, -0.0997346, 1.05816, 0, 0, 0, 1
0.203716, 0.17663, -0.962965, 0.742572, 0.649876, 0.711244, 0.267941, 0.0151182, 0.73223, -0.680392, 0.030104, 1.03279, 0, 0, 0, 1
0.326382, 0.145235, -0.934014, 0.740067, 0.563548, 0.763406, 0.315633, 0.0219741, 0.758873, -0.629379, 0.167315, 1.00864, 0, 0, 0, 1
0.446492, 0.116297, -0.887198, 0.736988, 0.472733, 0.811185, 0.344242, 0.0297097, 0.759716, -0.573108, 0.30721, 0.985751, 0, 0, 0, 1
0.561159, 0.0900814, -0.822791, 0.733402, 0.381243, 0.854205, 0.353536, 0.0382075, 0.73468, -0.512073, 0.445002, 0.964167, 0, 0, 0, 1
0.667541, 0.0668288, -0.741568, 0.729377, 0.292844, 0.892132, 0.344009, 0.0473507, 0.684566, -0.446804, 0.575965, 0.943911, 0, 0, 0, 1
0.762931, 0.0467561, -0.644787, 0.724979, 0.211121, 0.924678, 0.316856, 0.0570242, 0.611036, -0.377867, 0.695595, 0.924992, 0, 0, 0, 1
0.844844, 0.0300536, -0.534168, 0.720275, 0.139344, 0.951602, 0.273928, 0.0671156, 0.516548, -0.305859, 0.799768, 0.907411, 0, 0, 0, 1
0.911097, 0.0168826, -0.411847, 0.71533, 0.0803632, 0.972712, 0.217655, 0.0775163, 0.404283, -0.231402, 0.884878, 0.891155, 0, 0, 0, 1
0.959878, 0.00737476, -0.280321, 0.710207, 0.0364969, 0.987866, 0.150962, 0.0881221, 0.278033, -0.155136, 0.947961, 0.876198, 0, 0, 0, 1
0.989811, 0.00163053, -0.142379, 0.704968, 0.0094561, 0.996974, 0.0771558, 0.0988343, 0.142074, -0.077716, 0.986801, 0.862507, 0, 0, 0, 1
0.999999, -0.000281932, -0.00102022, 0.699671, 0.000281734, 1, -0.000194394, 0.10956, 0.00102028, 0.000194107, 0.999999, 0.850037, 0, 0, 0, 1
