0.999999, -0.000849093, 0.000816763, 0.150201, 0.00084941, 1, -0.000388034, 1.04999, -0.000816433, 0.000388728, 1, 0.850939, 0, 0, 0, 1
0.996878, 0.00554155, 0.0787665, 0.134541, 0.00723351, 0.986931, -0.160983, 1.07955, -0.0786292, 0.16105, 0.983809, 0.926463, 0, 0, 0, 1
0.987567, 0.0244889, 0.155279, 0.123791, 0.026147, 0.948441, -0.315872, 1.09855, -0.155008, 0.316005, 0.936009, 1.00716, 0, 0, 0, 1
0.972111, 0.0555794, 0.22784, 0.11833, 0.057179, 0.886024, -0.4601, 1.10652, -0.227443, 0.460296, 0.858136, 1.09115, 0, 0, 0, 1
0.950759, 0.0979977, 0.29403, 0.118406, 0.0995172, 0.801931, -0.589069, 1.10321, -0.29352, 0.589324, 0.752691, 1.1765, 0, 0, 0, 1
0.923963, 0.150549, 0.351607, 0.124131, 0.151971, 0.699099, -0.698689, 1.08871, -0.350995, 0.698996, 0.623062, 1.26129, 0, 0, 0, 1
0.892369, 0.211695, 0.398576, 0.135479, 0.213005, 0.581045, -0.785503, 1.06333, -0.397878, 0.785857, 0.473415, 1.3436, 0, 0, 0, 1
0.8568, 0.279599, 0.433264, 0.152288, 0.280787, 0.451756, -0.846803, 1.02768, -0.432495, 0.847196, 0.308557, 1.42163, 0, 0, 0, 1
0.818233, 0.352187, 0.454377, 0.174263, 0.353248, 0.315551, -0.880706, 0.982594, -0.453553, 0.881131, 0.133785, 1.49372, 0, 0, 0, 1
0.777772, 0.42721, 0.461045, 0.200988, 0.428141, 0.176943, -0.886221, 0.929101, -0.460181, 0.886669, -0.0452848, 1.55837, 0, 0, 0, 1
0.73661, 0.502317, 0.452861, 0.231936, 0.503118, 0.0404896, -0.863269, 0.868421, -0.451971, 0.863735, -0.2229, 1.61431, 0, 0, 0, 1
0.695998, 0.575132, 0.429896, 0.266488, 0.575807, -0.0893512, -0.812689, 0.801912, -0.428992, 0.813166, -0.393353, 1.66048, 0, 0, 0, 1
0.657197, 0.643331, 0.392704, 0.303948, 0.643884, -0.208366, -0.736204, 0.731029, -0.391797, 0.736688, -0.551168, 1.69613, 0, 0, 0, 1
0.621445, 0.704718, 0.342313, 0.343563, 0.705156, -0.31272, -0.636365, 0.657285, -0.341409, 0.636851, -0.691275, 1.72073, 0, 0, 0, 1
0.589907, 0.757299, 0.280193, 0.384546, 0.757629, -0.399078, -0.516463, 0.582211, -0.279298, 0.516948, -0.809171, 1.73406, 0, 0, 0, 1
0.563637, 0.79935, 0.208215, 0.426096, 0.799579, -0.464706, -0.380424, 0.507313, -0.207333, 0.380905, -0.901069, 1.73618, 0, 0, 0, 1
0.543543, 0.829473, 0.128595, 0.467422, 0.829607, -0.507558, -0.232675, 0.43403, -0.127728, 0.233152, -0.964015, 1.72741, 0, 0, 0, 1
0.530347, 0.846647, 0.0438276, 0.507763, 0.846691, -0.526337, -0.0780058, 0.363704, -0.0429753, 0.0784785, -0.995989, 1.70829, 0, 0, 0, 1
0.524564, 0.850265, -0.0433953, 0.546407, 0.850221, -0.520526, 0.0785896, 0.297543, 0.0442336, -0.0781208, -0.995962, 1.67962, 0, 0, 0, 1
0.526471, 0.840154, -0.130268, 0.582711, 0.840025, -0.490407, 0.232075, 0.236594, 0.131094, -0.231609, -0.963935, 1.64238, 0, 0, 0, 1
0.5361, 0.816588, -0.213963, 0.616115, 0.816375, -0.437038, 0.377532, 0.181727, 0.214778, -0.377069, -0.900938, 1.59771, 0, 0, 0, 1
0.553225, 0.780282, -0.291722, 0.646155, 0.779981, -0.362219, 0.51032, 0.133611, 0.292526, -0.50986, -0.808994, 1.54686, 0, 0, 0, 1
0.577367, 0.732369, -0.360947, 0.672473, 0.731977, -0.268425, 0.626224, 0.0927146, 0.36174, -0.625766, -0.691058, 1.49116, 0, 0, 0, 1
0.607804, 0.67437, -0.419286, 0.694823, 0.673883, -0.158722, 0.721588, 0.0592947, 0.420067, -0.721133, -0.550918, 1.43199, 0, 0, 0, 1
0.643584, 0.608144, -0.464716, 0.713072, 0.607558, -0.0366618, 0.793429, 0.0334066, 0.465482, -0.79298, -0.393078, 1.37072, 0, 0, 0, 1
0.683559, 0.535834, -0.49561, 0.727201, 0.535144, 0.0938328, 0.839534, 0.014911, 0.496356, -0.839093, -0.222608, 1.30868, 0, 0, 0, 1
0.726413, 0.459796, -0.510795, 0.737298, 0.458996, 0.2286, 0.858525, 0.00349029, 0.511514, -0.858096, -0.0449863, 1.24713, 0, 0, 0, 1
0.770705, 0.382522, -0.509598, 0.743553, 0.38161, 0.363375, 0.849901, -0.00133172, 0.510281, -0.849491, 0.134081, 1.18719, 0, 0, 0, 1
0.814912, 0.306564, -0.49187, 0.746242, 0.305539, 0.493927, 0.814053, -0.000165172, 0.492508, -0.813667, 0.30884, 1.12989, 0, 0, 0, 1
0.857479, 0.234448, -0.457999, 0.74572, 0.233311, 0.616197, 0.752241, 0.00627294, 0.458579, -0.751888, 0.473677, 1.07605, 0, 0, 0, 1
0.896869, 0.168592, -0.408904, 0.7424, 0.167348, 0.726424, 0.66656, 0.0171883, 0.409414, -0.666247, 0.623294, 1.02635, 0, 0, 0, 1
0.931616, 0.111226, -0.346007, 0.73674, 0.109883, 0.821269, 0.559859, 0.0317397, 0.346436, -0.559594, 0.752885, 0.981278, 0, 0, 0, 1
0.960372, 0.0643194, -0.271199, 0.729222, 0.0628876, 0.897915, 0.435654, 0.0490697, 0.271534, -0.435445, 0.858287, 0.941124, 0, 0, 0, 1
0.981959, 0.0295118, -0.186776, 0.720336, 0.0280068, 0.954153, 0.298006, 0.0683339, 0.187007, -0.297861, 0.936113, 0.906002, 0, 0, 0, 1
0.995409, 0.00806091, -0.0953734, 0.710563, 0.00650098, 0.988452, 0.151394, 0.0887289, 0.0954924, -0.151319, 0.983862, 0.875853, 0, 0, 0, 1
1, 0.000796679, 0.000117661, 0.700357, -0.000796745, 1, 0.000563669, 0.109517, -0.000117212, -0.000563762, 1, 0.850454, 0, 0, 0, 1
