0.999999, -0.000849093, 0.000816763, 0.150201, 0.00084941, 1, -0.000388034, 1.04999, -0.000816433, 0.000388728, 1, 0.850939, 0, 0, 0, 1
0.991121, 0.000838547, 0.132961, 0.141545, 0.0102728, 0.996508, -0.0828599, 1.06649, -0.132567, 0.0834901, 0.987651, 0.889061, 0, 0, 0, 1
0.964838, 0.00587428, 0.262781, 0.134132, 0.0379652, 0.986152, -0.161439, 1.08028, -0.260091, 0.165739, 0.951254, 0.928788, 0, 0, 0, 1
0.921668, 0.0142426, 0.387718, 0.128026, 0.0828433, 0.969055, -0.23253, 1.09127, -0.379031, 0.246435, 0.891967, 0.969873, 0, 0, 0, 1
0.86254, 0.025899, 0.505325, 0.123282, 0.143153, 0.945397, -0.292801, 1.09937, -0.485316, 0.324892, 0.811735, 1.01206, 0, 0, 0, 1
0.788767, 0.0407703, 0.613339, 0.119947, 0.216529, 0.915414, -0.339311, 1.10454, -0.575293, 0.400443, 0.713221, 1.0551, 0, 0, 0, 1
0.70201, 0.0587549, 0.709739, 0.118058, 0.30008, 0.879397, -0.369612, 1.10673, -0.645859, 0.47245, 0.599715, 1.09872, 0, 0, 0, 1
0.604234, 0.0797237, 0.792809, 0.117643, 0.390486, 0.837685, -0.381843, 1.10593, -0.694566, 0.540303, 0.475027, 1.14265, 0, 0, 0, 1
0.497647, 0.103521, 0.86118, 0.11872, 0.484118, 0.790667, -0.374801, 1.10214, -0.719706, 0.603431, 0.343357, 1.18664, 0, 0, 0, 1
0.38464, 0.129966, 0.913871, 0.121298, 0.577163, 0.738774, -0.347987, 1.09538, -0.720371, 0.661303, 0.20915, 1.23041, 0, 0, 0, 1
0.267715, 0.158854, 0.950313, 0.125376, 0.665761, 0.682479, -0.301636, 1.0857, -0.696485, 0.713434, 0.0769506, 1.27371, 0, 0, 0, 1
0.149411, 0.189958, 0.970357, 0.130942, 0.74614, 0.62229, -0.236707, 1.07315, -0.648808, 0.759389, -0.0487584, 1.31629, 0, 0, 0, 1
0.032232, 0.22303, 0.974279, 0.137977, 0.814751, 0.558747, -0.154861, 1.05781, -0.578914, 0.798786, -0.163704, 1.35788, 0, 0, 0, 1
-0.0814266, 0.257804, 0.96276, 0.146449, 0.868398, 0.492416, -0.0584113, 1.03978, -0.489137, 0.831302, -0.263972, 1.39826, 0, 0, 0, 1
-0.189348, 0.293998, 0.936863, 0.15632, 0.904347, 0.423887, 0.0497563, 1.01917, -0.382496, 0.856671, -0.346139, 1.43719, 0, 0, 0, 1
-0.289557, 0.331317, 0.89799, 0.167543, 0.920437, 0.353764, 0.166273, 0.996104, -0.262587, 0.874689, -0.407391, 1.47446, 0, 0, 0, 1
-0.380372, 0.369453, 0.847833, 0.18006, 0.915152, 0.282664, 0.2874, 0.970726, -0.133471, 0.885215, -0.445623, 1.50985, 0, 0, 0, 1
-0.460452, 0.408092, 0.788318, 0.193807, 0.887684, 0.211211, 0.409154, 0.943189, 0.000471213, 0.888173, -0.459509, 1.54319, 0, 0, 0, 1
-0.528831, 0.44691, 0.721532, 0.208713, 0.837973, 0.140027, 0.527441, 0.913661, 0.134685, 0.883552, -0.448549, 1.57429, 0, 0, 0, 1
-0.584933, 0.485585, 0.649662, 0.224699, 0.766709, 0.0697335, 0.638196, 0.882317, 0.264595, 0.871404, -0.413092, 1.603, 0, 0, 0, 1
-0.628586, 0.52379, 0.574913, 0.241679, 0.675326, 0.000938716, 0.737519, 0.849345, 0.385765, 0.851847, -0.354319, 1.62917, 0, 0, 0, 1
-0.66001, 0.561202, 0.499438, 0.259562, 0.565955, -0.0657627, 0.821809, 0.814936, 0.494046, 0.825062, -0.274211, 1.65268, 0, 0, 0, 1
-0.679803, 0.597505, 0.42527, 0.278254, 0.441363, -0.129796, 0.887892, 0.779292, 0.585719, 0.79129, -0.175481, 1.67343, 0, 0, 0, 1
-0.688903, 0.63239, 0.354254, 0.297653, 0.304865, -0.190613, 0.933126, 0.742617, 0.657624, 0.750833, -0.0614796, 1.69133, 0, 0, 0, 1
-0.688548, 0.665556, 0.287988, 0.317657, 0.16022, -0.247692, 0.955499, 0.705117, 0.70727, 0.704048, 0.0639119, 1.70631, 0, 0, 0, 1
-0.680221, 0.69672, 0.227775, 0.33816, 0.0115129, -0.300547, 0.953697, 0.667004, 0.732917, 0.651347, 0.196417, 1.71834, 0, 0, 0, 1
-0.665588, 0.725612, 0.174586, 0.359052, -0.136983, -0.348731, 0.927158, 0.628484, 0.73364, 0.59319, 0.331508, 1.72737, 0, 0, 0, 1
-0.646433, 0.75198, 0.129033, 0.380226, -0.280941, -0.391838, 0.876091, 0.589768, 0.709363, 0.530084, 0.464559, 1.73341, 0, 0, 0, 1
-0.624584, 0.775596, 0.0913539, 0.401571, -0.416122, -0.429504, 0.801479, 0.551059, 0.660861, 0.462577, 0.591004, 1.73647, 0, 0, 0, 1
-0.601841, 0.796251, 0.0614185, 0.422979, -0.538515, -0.461417, 0.70505, 0.512558, 0.589736, 0.391253, 0.706493, 1.73658, 0, 0, 0, 1
-0.579906, 0.813762, 0.0387388, 0.444342, -0.644468, -0.487314, 0.589225, 0.474461, 0.498366, 0.316729, 0.80704, 1.73378, 0, 0, 0, 1
-0.560318, 0.827972, 0.0224982, 0.465553, -0.730809, -0.506983, 0.457042, 0.436956, 0.389824, 0.239647, 0.889161, 1.72815, 0, 0, 0, 1
-0.544388, 0.838753, 0.0115907, 0.486511, -0.794946, -0.520268, 0.312062, 0.400222, 0.267773, 0.160669, 0.949991, 1.71977, 0, 0, 0, 1
-0.533154, 0.846005, 0.00467171, 0.507114, -0.834959, -0.527067, 0.158255, 0.364431, 0.136347, 0.0804738, 0.987387, 1.70874, 0, 0, 0, 1
-0.527335, 0.849658, 0.000217151, 0.527269, -0.849658, -0.527334, -0.000128597, 0.329743, 5.24797e-06, -0.000252318, 1, 1.69516, 0, 0, 0, 1
-0.5273, 0.849672, -0.00341029, 0.546884, -0.838624, -0.521081, -0.158693, 0.296308, -0.136614, -0.0808191, 0.987322, 1.67918, 0, 0, 0, 1
-0.53306, 0.846041, -0.00789032, 0.565874, -0.802224, -0.508372, -0.31304, 0.264263, -0.268856, -0.160539, 0.949707, 1.66093, 0, 0, 0, 1
-0.544258, 0.838786, -0.0148723, 0.58416, -0.741594, -0.48933, -0.458906, 0.233732, -0.392202, -0.238734, 0.88836, 1.64055, 0, 0, 0, 1
-0.560182, 0.827964, -0.0259032, 0.601669, -0.658605, -0.464128, -0.592305, 0.204826, -0.50243, -0.314739, 0.805297, 1.61822, 0, 0, 0, 1
-0.579796, 0.81366, -0.0423587, 0.618335, -0.555799, -0.432994, -0.70965, 0.177643, -0.595755, -0.387909, 0.70328, 1.5941, 0, 0, 0, 1
-0.601768, 0.79599, -0.0653797, 0.634098, -0.436307, -0.396204, -0.807873, 0.152266, -0.668963, -0.457626, 0.585719, 1.56837, 0, 0, 0, 1
-0.62453, 0.775101, -0.095818, 0.648908, -0.303742, -0.354081, -0.884515, 0.128762, -0.719516, -0.523302, 0.456565, 1.54121, 0, 0, 0, 1
-0.646331, 0.751165, -0.134191, 0.66272, -0.162083, -0.306995, -0.937808, 0.107186, -0.745644, -0.584384, 0.320171, 1.51279, 0, 0, 0, 1
-0.665306, 0.724385, -0.180649, 0.6755, -0.015539, -0.255355, -0.966723, 0.0875773, -0.746409, -0.64036, 0.181145, 1.48333, 0, 0, 0, 1
-0.679552, 0.694986, -0.234954, 0.687219, 0.131582, -0.199606, -0.971001, 0.0699599, -0.721731, -0.690762, 0.0441951, 1.45299, 0, 0, 0, 1
-0.687199, 0.663219, -0.296478, 0.697857, 0.275021, -0.140229, -0.951157, 0.0543442, -0.6724, -0.735171, -0.0860334, 1.42196, 0, 0, 0, 1
-0.686489, 0.629354, -0.364207, 0.707403, 0.410701, -0.0777333, -0.90845, 0.0407267, -0.600048, -0.773221, -0.205113, 1.39045, 0, 0, 0, 1
-0.675851, 0.593683, -0.436767, 0.715852, 0.534865, -0.0126514, -0.844843, 0.02909, -0.507094, -0.8046, -0.308989, 1.35862, 0, 0, 0, 1
-0.65397, 0.556511, -0.512464, 0.72321, 0.644189, 0.0544628, -0.762924, 0.0194042, -0.396666, -0.829053, -0.394116, 1.32665, 0, 0, 0, 1
-0.619842, 0.518161, -0.589326, 0.729488, 0.735897, 0.123041, -0.66582, 0.0116265, -0.272491, -0.846387, -0.457579, 1.29472, 0, 0, 0, 1
-0.572835, 0.478965, -0.665172, 0.734703, 0.807838, 0.192504, -0.557082, 0.00570291, -0.138775, -0.856467, -0.497198, 1.263, 0, 0, 0, 1
-0.51272, 0.439263, -0.737676, 0.738883, 0.858556, 0.262268, -0.440565, 0.00156842, -5.53464e-05, -0.859223, -0.511602, 1.23163, 0, 0, 0, 1
-0.439703, 0.399403, -0.804449, 0.742058, 0.88733, 0.331749, -0.320294, -0.000851854, 0.138949, -0.854646, -0.500273, 1.20076, 0, 0, 0, 1
-0.354431, 0.359734, -0.863117, 0.744269, 0.89419, 0.400367, -0.200324, -0.00164179, 0.2735, -0.842791, -0.463573, 1.17054, 0, 0, 0, 1
-0.257994, 0.320604, -0.911401, 0.745557, 0.879906, 0.467555, -0.0846063, -0.000893272, 0.399005, -0.823775, -0.402728, 1.14109, 0, 0, 0, 1
-0.151901, 0.28236, -0.947206, 0.745972, 0.845952, 0.532756, 0.0231504, 0.00129488, 0.511166, -0.797774, -0.319789, 1.11252, 0, 0, 0, 1
-0.0380476, 0.24534, -0.96869, 0.745568, 0.794451, 0.595436, 0.119602, 0.00481794, 0.606136, -0.765026, -0.217565, 1.08493, 0, 0, 0, 1
0.0813304, 0.209873, -0.97434, 0.744402, 0.728088, 0.655082, 0.20188, 0.00956643, 0.680642, -0.725824, -0.099528, 1.05842, 0, 0, 0, 1
0.20372, 0.176278, -0.963029, 0.742534, 0.650015, 0.711213, 0.267689, 0.0154272, 0.732106, -0.680516, 0.0303048, 1.03306, 0, 0, 0, 1
0.326401, 0.144857, -0.934066, 0.740027, 0.563733, 0.763376, 0.315377, 0.0222844, 0.758728, -0.629503, 0.167506, 1.00892, 0, 0, 0, 1
0.446525, 0.115893, -0.887234, 0.736947, 0.472966, 0.811156, 0.343989, 0.030021, 0.759551, -0.573232, 0.307388, 0.986046, 0, 0, 0, 1
0.561203, 0.0896528, -0.822808, 0.73336, 0.381528, 0.854178, 0.353295, 0.0385194, 0.734498, -0.512194, 0.445162, 0.964473, 0, 0, 0, 1
0.667593, 0.0663764, -0.741562, 0.729333, 0.29318, 0.892107, 0.343788, 0.0476628, 0.684372, -0.446921, 0.576104, 0.944227, 0, 0, 0, 1
0.762987, 0.0462814, -0.644755, 0.724934, 0.211506, 0.924656, 0.316664, 0.057336, 0.610832, -0.37798, 0.695712, 0.92532, 0, 0, 0, 1
0.8449, 0.0295579, -0.534108, 0.720228, 0.139777, 0.951583, 0.273773, 0.0674268, 0.51634, -0.305966, 0.799861, 0.90775, 0, 0, 0, 1
0.911147, 0.0163678, -0.411757, 0.715281, 0.0808378, 0.972697, 0.217546, 0.0778265, 0.404076, -0.231502, 0.884946, 0.891505, 0, 0, 0, 1
0.959917, 0.00684268, -0.280201, 0.710157, 0.0370079, 0.987855, 0.150906, 0.0884309, 0.277831, -0.155227, 0.948006, 0.87656, 0, 0, 0, 1
0.989833, 0.00108326, -0.142229, 0.704917, 0.00999607, 0.996969, 0.0771603, 0.0991412, 0.141881, -0.0777976, 0.986822, 0.862881, 0, 0, 0, 1
0.999999, -0.000842129, -0.000842168, 0.699618, 0.000842025, 1, -0.000123971, 0.109865, 0.000842272, 0.000123262, 1, 0.850423, 0, 0, 0, 1
