0.999999, -0.000849093, 0.000816763, 0.150201, 0.00084941, 1, -0.000388034, 1.04999, -0.000816433, 0.000388728, 1, 0.850939, 0, 0, 0, 1
0.996877, 0.00553173, 0.0787701, 0.134533, 0.00724351, 0.986931, -0.160979, 1.07957, -0.0786312, 0.161047, 0.983809, 0.926471, 0, 0, 0, 1
0.987567, 0.0244677, 0.155281, 0.123776, 0.0261673, 0.948443, -0.315867, 1.0986, -0.155004, 0.316003, 0.936011, 1.00718, 0, 0, 0, 1
0.972114, 0.0555449, 0.227837, 0.11831, 0.0572081, 0.886024, -0.460096, 1.10659, -0.227425, 0.4603, 0.858139, 1.09118, 0, 0, 0, 1
0.950768, 0.0979473, 0.294019, 0.118382, 0.0995521, 0.801927, -0.589069, 1.1033, -0.29348, 0.589338, 0.752696, 1.17656, 0, 0, 0, 1
0.923983, 0.15048, 0.351585, 0.124104, 0.152007, 0.699086, -0.698694, 1.08881, -0.350927, 0.699024, 0.623069, 1.26136, 0, 0, 0, 1
0.892406, 0.211604, 0.398542, 0.13545, 0.213036, 0.581018, -0.785515, 1.06344, -0.397778, 0.785902, 0.473424, 1.34369, 0, 0, 0, 1
0.856861, 0.279485, 0.433218, 0.152256, 0.280808, 0.451707, -0.846822, 1.0278, -0.432361, 0.84726, 0.308568, 1.42175, 0, 0, 0, 1
0.818325, 0.352046, 0.454321, 0.174229, 0.353251, 0.315473, -0.880733, 0.982702, -0.453385, 0.881215, 0.133799, 1.49386, 0, 0, 0, 1
0.777902, 0.427041, 0.460983, 0.200951, 0.428119, 0.176828, -0.886254, 0.9292, -0.459982, 0.886774, -0.04527, 1.55854, 0, 0, 0, 1
0.736785, 0.502119, 0.452796, 0.231896, 0.503066, 0.0403304, -0.863307, 0.868507, -0.451744, 0.863857, -0.222884, 1.61449, 0, 0, 0, 1
0.696224, 0.574905, 0.429834, 0.266444, 0.575717, -0.0895612, -0.812729, 0.801979, -0.428745, 0.813304, -0.393337, 1.66068, 0, 0, 0, 1
0.65748, 0.643074, 0.392653, 0.303899, 0.643753, -0.208633, -0.736244, 0.731072, -0.391539, 0.736836, -0.551153, 1.69634, 0, 0, 0, 1
0.621787, 0.704434, 0.342278, 0.343507, 0.70498, -0.313048, -0.6364, 0.6573, -0.341152, 0.637004, -0.69126, 1.72095, 0, 0, 0, 1
0.590309, 0.756989, 0.280182, 0.384482, 0.757406, -0.399468, -0.516489, 0.582196, -0.279053, 0.5171, -0.809158, 1.73429, 0, 0, 0, 1
0.5641, 0.799018, 0.208234, 0.426023, 0.799309, -0.465159, -0.380436, 0.507264, -0.207113, 0.381048, -0.901059, 1.7364, 0, 0, 0, 1
0.544063, 0.829122, 0.128653, 0.467337, 0.829293, -0.508073, -0.232669, 0.433948, -0.127546, 0.233277, -0.964009, 1.72762, 0, 0, 0, 1
0.53092, 0.846282, 0.0439294, 0.507665, 0.846338, -0.526908, -0.0779773, 0.363589, -0.0428441, 0.0785789, -0.995987, 1.70849, 0, 0, 0, 1
0.525182, 0.84989, -0.0432446, 0.546293, 0.849836, -0.521147, 0.0786446, 0.297395, 0.0443025, -0.0780535, -0.995964, 1.6798, 0, 0, 0, 1
0.527126, 0.839775, -0.130065, 0.58258, 0.839615, -0.491068, 0.23216, 0.236417, 0.131091, -0.231582, -0.963942, 1.64254, 0, 0, 0, 1
0.536779, 0.816209, -0.213707, 0.615963, 0.81595, -0.43773, 0.377649, 0.181524, 0.214695, -0.377088, -0.90095, 1.59783, 0, 0, 0, 1
0.553917, 0.779907, -0.291411, 0.645981, 0.779552, -0.362928, 0.510472, 0.133388, 0.292359, -0.509929, -0.809011, 1.54694, 0, 0, 0, 1
0.578059, 0.732002, -0.360584, 0.672275, 0.731557, -0.269138, 0.62641, 0.0924771, 0.361487, -0.62589, -0.691079, 1.49121, 0, 0, 0, 1
0.60848, 0.674014, -0.418876, 0.694598, 0.673483, -0.159424, 0.721807, 0.0590495, 0.419729, -0.721311, -0.550943, 1.432, 0, 0, 0, 1
0.644232, 0.607802, -0.464264, 0.712819, 0.60719, -0.0373382, 0.793679, 0.0331611, 0.465065, -0.79321, -0.393106, 1.3707, 0, 0, 0, 1
0.684166, 0.535507, -0.495125, 0.726917, 0.534819, 0.0931955, 0.839811, 0.0146732, 0.495869, -0.839373, -0.222638, 1.30862, 0, 0, 0, 1
0.726967, 0.459484, -0.510287, 0.736981, 0.458725, 0.228015, 0.858825, 0.00326808, 0.510969, -0.858419, -0.0450178, 1.24703, 0, 0, 0, 1
0.771197, 0.382224, -0.509078, 0.743201, 0.381402, 0.362852, 0.850218, -0.00153024, 0.509694, -0.849849, 0.134049, 1.18706, 0, 0, 0, 1
0.815334, 0.306279, -0.49135, 0.745854, 0.305401, 0.493475, 0.814378, -0.000332325, 0.491896, -0.814049, 0.308809, 1.12972, 0, 0, 0, 1
0.857826, 0.234172, -0.457491, 0.745294, 0.233248, 0.615821, 0.752569, 0.00614427, 0.457963, -0.752282, 0.473647, 1.07586, 0, 0, 0, 1
0.89714, 0.168321, -0.408421, 0.741935, 0.16736, 0.726128, 0.66688, 0.0171044, 0.408816, -0.666638, 0.623268, 1.02615, 0, 0, 0, 1
0.931813, 0.110955, -0.345563, 0.736235, 0.10997, 0.82105, 0.560164, 0.0317059, 0.345877, -0.559969, 0.752863, 0.981072, 0, 0, 0, 1
0.960502, 0.0640434, -0.270804, 0.728677, 0.0630467, 0.897768, 0.435934, 0.0490899, 0.271037, -0.435789, 0.85827, 0.940922, 0, 0, 0, 1
0.982032, 0.0292251, -0.18644, 0.719751, 0.0282312, 0.954069, 0.298254, 0.0684109, 0.186593, -0.298159, 0.936101, 0.905815, 0, 0, 0, 1
0.995437, 0.00775752, -0.095106, 0.709938, 0.00678162, 0.988418, 0.151603, 0.0888638, 0.0951805, -0.151556, 0.983855, 0.87569, 0, 0, 0, 1
1, 0.000470955, 0.000310716, 0.699692, -0.000471181, 1, 0.000727398, 0.109709, -0.000310373, -0.000727544, 1, 0.850328, 0, 0, 0, 1
