0.999999, -0.000849093, 0.000816763, 0.150201, 0.00084941, 1, -0.000388034, 1.04999, -0.000816433, 0.000388728, 1, 0.850939, 0, 0, 0, 1
0.991121, 0.000845359, 0.132961, 0.14155, 0.0102654, 0.996509, -0.0828559, 1.06648, -0.132567, 0.0834851, 0.987652, 0.889057, 0, 0, 0, 1
0.964837, 0.00588764, 0.262783, 0.134141, 0.0379498, 0.986154, -0.161432, 1.08025, -0.260095, 0.165728, 0.951254, 0.928778, 0, 0, 0, 1
0.921666, 0.0142624, 0.387722, 0.128039, 0.0828195, 0.969059, -0.23252, 1.09123, -0.379041, 0.246417, 0.891968, 0.969857, 0, 0, 0, 1
0.862535, 0.0259251, 0.505332, 0.123299, 0.143121, 0.945405, -0.29279, 1.09932, -0.485334, 0.324866, 0.811735, 1.01204, 0, 0, 0, 1
0.788757, 0.0408027, 0.613349, 0.119967, 0.216489, 0.915428, -0.3393, 1.10448, -0.575321, 0.400409, 0.713217, 1.05507, 0, 0, 0, 1
0.701993, 0.0587937, 0.709753, 0.11808, 0.300033, 0.879418, -0.369601, 1.10666, -0.645899, 0.472406, 0.599705, 1.09868, 0, 0, 0, 1
0.604207, 0.0797693, 0.792824, 0.117667, 0.390433, 0.837715, -0.381833, 1.10585, -0.694619, 0.54025, 0.475009, 1.1426, 0, 0, 0, 1
0.497609, 0.103574, 0.861196, 0.118746, 0.484059, 0.790708, -0.374791, 1.10205, -0.719773, 0.603369, 0.343327, 1.18658, 0, 0, 0, 1
0.384588, 0.130026, 0.913885, 0.121326, 0.5771, 0.738828, -0.347979, 1.09529, -0.72045, 0.661231, 0.209106, 1.23034, 0, 0, 0, 1
0.267647, 0.158922, 0.95032, 0.125405, 0.665695, 0.682548, -0.301628, 1.0856, -0.696574, 0.713353, 0.0768886, 1.27363, 0, 0, 0, 1
0.149327, 0.190034, 0.970355, 0.130972, 0.746071, 0.622376, -0.236698, 1.07305, -0.648906, 0.7593, -0.0488411, 1.31619, 0, 0, 0, 1
0.0321328, 0.223114, 0.974263, 0.138007, 0.814682, 0.558851, -0.154851, 1.05771, -0.579017, 0.79869, -0.16381, 1.35778, 0, 0, 0, 1
-0.0815408, 0.257898, 0.962725, 0.14648, 0.868327, 0.492542, -0.058398, 1.03968, -0.489243, 0.831199, -0.264102, 1.39814, 0, 0, 0, 1
-0.189476, 0.294102, 0.936805, 0.156353, 0.904277, 0.424035, 0.0497742, 1.01907, -0.382599, 0.856562, -0.346294, 1.43706, 0, 0, 0, 1
-0.289694, 0.331432, 0.897903, 0.167576, 0.920366, 0.353937, 0.166297, 0.996009, -0.262685, 0.874575, -0.407572, 1.47432, 0, 0, 0, 1
-0.380514, 0.36958, 0.847714, 0.180094, 0.91508, 0.282863, 0.287432, 0.970634, -0.133558, 0.885098, -0.445828, 1.50971, 0, 0, 0, 1
-0.460595, 0.40823, 0.788163, 0.193843, 0.88761, 0.211437, 0.409197, 0.943103, 0.000399311, 0.888055, -0.459736, 1.54304, 0, 0, 0, 1
-0.528967, 0.447062, 0.721339, 0.20875, 0.837895, 0.140283, 0.527496, 0.913582, 0.134632, 0.883434, -0.448796, 1.57413, 0, 0, 0, 1
-0.585055, 0.48575, 0.649429, 0.224737, 0.766627, 0.0700197, 0.638264, 0.882246, 0.264564, 0.871289, -0.413354, 1.60283, 0, 0, 0, 1
-0.628687, 0.523969, 0.574639, 0.241719, 0.675236, 0.00125584, 0.737601, 0.849283, 0.385758, 0.851736, -0.354592, 1.62899, 0, 0, 0, 1
-0.660082, 0.561396, 0.499125, 0.259606, 0.565855, -0.0654141, 0.821906, 0.814885, 0.494065, 0.824958, -0.27449, 1.6525, 0, 0, 0, 1
-0.679837, 0.597715, 0.424921, 0.2783, 0.441249, -0.129416, 0.888004, 0.779252, 0.585765, 0.791194, -0.175759, 1.67325, 0, 0, 0, 1
-0.688892, 0.632615, 0.353873, 0.297703, 0.304735, -0.1902, 0.933253, 0.742588, 0.657696, 0.750748, -0.0617525, 1.69114, 0, 0, 0, 1
-0.688484, 0.665798, 0.287582, 0.317711, 0.160072, -0.247248, 0.955639, 0.705102, 0.707366, 0.703975, 0.0636508, 1.70613, 0, 0, 0, 1
-0.680097, 0.696979, 0.227351, 0.338218, 0.0113426, -0.300073, 0.953849, 0.667002, 0.733034, 0.651289, 0.196173, 1.71815, 0, 0, 0, 1
-0.665401, 0.725888, 0.174153, 0.359116, -0.137178, -0.348227, 0.927319, 0.628496, 0.733774, 0.593148, 0.331286, 1.72719, 0, 0, 0, 1
-0.646178, 0.752274, 0.128601, 0.380296, -0.281162, -0.391305, 0.876258, 0.589794, 0.709508, 0.530061, 0.464364, 1.73323, 0, 0, 0, 1
-0.624259, 0.775907, 0.0909347, 0.401648, -0.416371, -0.428945, 0.801649, 0.551099, 0.661011, 0.462574, 0.590838, 1.73629, 0, 0, 0, 1
-0.601446, 0.796579, 0.0610233, 0.423063, -0.538794, -0.460833, 0.705219, 0.512612, 0.589885, 0.391272, 0.706358, 1.7364, 0, 0, 0, 1
-0.579444, 0.814108, 0.0383793, 0.444434, -0.644777, -0.486707, 0.589389, 0.474529, 0.498506, 0.316772, 0.806937, 1.73362, 0, 0, 0, 1
-0.559792, 0.828336, 0.022186, 0.465654, -0.731146, -0.506356, 0.457197, 0.437038, 0.389947, 0.239714, 0.889089, 1.72799, 0, 0, 0, 1
-0.543806, 0.839134, 0.0113368, 0.486621, -0.795311, -0.519624, 0.312204, 0.400317, 0.267872, 0.160762, 0.949947, 1.71962, 0, 0, 0, 1
-0.532524, 0.846403, 0.00448619, 0.507236, -0.83535, -0.526409, 0.158379, 0.364539, 0.136414, 0.0805932, 0.987368, 1.7086, 0, 0, 0, 1
-0.526665, 0.850073, 0.000108584, 0.527402, -0.850073, -0.526665, -2.57849e-05, 0.329863, 3.52686e-05, -0.000105885, 1, 1.69504, 0, 0, 0, 1
-0.526605, 0.850103, -0.00343499, 0.547029, -0.839059, -0.520404, -0.158615, 0.296439, -0.136627, -0.0806455, 0.987334, 1.67907, 0, 0, 0, 1
-0.532351, 0.846487, -0.00782627, 0.566032, -0.802675, -0.507692, -0.31299, 0.264404, -0.268915, -0.160338, 0.949724, 1.66083, 0, 0, 0, 1
-0.54355, 0.839248, -0.0147169, 0.584332, -0.742056, -0.488649, -0.458886, 0.233881, -0.39231, -0.238506, 0.888374, 1.64047, 0, 0, 0, 1
-0.55949, 0.82844, -0.0256563, 0.601855, -0.659072, -0.46345, -0.592315, 0.204983, -0.502588, -0.314485, 0.805298, 1.61815, 0, 0, 0, 1
-0.579133, 0.814149, -0.0420225, 0.618536, -0.556268, -0.432323, -0.709692, 0.177806, -0.595963, -0.38763, 0.703257, 1.59405, 0, 0, 0, 1
-0.601149, 0.796492, -0.0649592, 0.634315, -0.436771, -0.395544, -0.807946, 0.152433, -0.669217, -0.457324, 0.585665, 1.56833, 0, 0, 0, 1
-0.623969, 0.775614, -0.0953205, 0.649141, -0.304195, -0.353437, -0.884617, 0.128933, -0.719811, -0.522977, 0.456472, 1.54118, 0, 0, 0, 1
-0.645839, 0.751689, -0.133626, 0.662971, -0.16252, -0.306369, -0.937937, 0.107358, -0.745976, -0.584039, 0.32003, 1.51278, 0, 0, 0, 1
-0.664894, 0.724918, -0.180028, 0.675768, -0.015956, -0.254751, -0.966875, 0.0877488, -0.746768, -0.639997, 0.180949, 1.48333, 0, 0, 0, 1
-0.679227, 0.695528, -0.23429, 0.687505, 0.13119, -0.199027, -0.971173, 0.0701294, -0.722108, -0.690383, 0.0439384, 1.45301, 0, 0, 0, 1
-0.686966, 0.663768, -0.295786, 0.698162, 0.274656, -0.139679, -0.951343, 0.05451, -0.672786, -0.73478, -0.0863535, 1.422, 0, 0, 0, 1
-0.686353, 0.629909, -0.363502, 0.707727, 0.410367, -0.0772135, -0.908646, 0.040887, -0.600432, -0.772821, -0.205498, 1.3905, 0, 0, 0, 1
-0.675812, 0.594243, -0.436066, 0.716196, 0.534563, -0.0121652, -0.845041, 0.0292432, -0.507464, -0.804194, -0.309439, 1.35868, 0, 0, 0, 1
-0.654025, 0.557075, -0.51178, 0.723574, 0.643921, 0.0549133, -0.763119, 0.0195485, -0.397011, -0.828644, -0.394627, 1.32672, 0, 0, 0, 1
-0.619986, 0.518728, -0.588675, 0.729871, 0.735661, 0.123454, -0.666005, 0.0117603, -0.272801, -0.845979, -0.458147, 1.29481, 0, 0, 0, 1
-0.57306, 0.479533, -0.664567, 0.735107, 0.807632, 0.192878, -0.557251, 0.00582469, -0.13904, -0.856064, -0.497817, 1.26309, 0, 0, 0, 1
-0.513017, 0.439832, -0.73713, 0.739307, 0.858378, 0.262602, -0.440712, 0.00167664, -0.000267528, -0.858829, -0.512262, 1.23173, 0, 0, 0, 1
-0.44006, 0.399972, -0.803971, 0.742503, 0.887177, 0.332043, -0.320413, -0.0007586, 0.138797, -0.854266, -0.500964, 1.20087, 0, 0, 0, 1
-0.354835, 0.360301, -0.862714, 0.744734, 0.894057, 0.400621, -0.200412, -0.00156481, 0.273413, -0.842428, -0.464284, 1.17065, 0, 0, 0, 1
-0.25843, 0.321169, -0.911079, 0.746043, 0.879787, 0.467769, -0.0846585, -0.000833739, 0.398985, -0.823433, -0.403446, 1.1412, 0, 0, 0, 1
-0.152355, 0.282921, -0.946965, 0.746478, 0.845842, 0.532932, 0.0231368, 0.00133591, 0.511214, -0.797458, -0.320502, 1.11263, 0, 0, 0, 1
-0.0385049, 0.245897, -0.968531, 0.746094, 0.794342, 0.595575, 0.119629, 0.00483956, 0.606249, -0.764739, -0.218259, 1.08504, 0, 0, 0, 1
0.0808838, 0.210426, -0.974258, 0.744948, 0.727975, 0.655187, 0.201948, 0.00956787, 0.680816, -0.72557, -0.100191, 1.05853, 0, 0, 0, 1
0.203297, 0.176825, -0.963018, 0.743099, 0.649891, 0.711285, 0.267798, 0.0154078, 0.732334, -0.680299, 0.029685, 1.03316, 0, 0, 0, 1
0.326012, 0.145397, -0.934118, 0.740612, 0.563592, 0.763419, 0.315524, 0.0222439, 0.759, -0.629326, 0.166939, 1.00901, 0, 0, 0, 1
0.44618, 0.116428, -0.887338, 0.73755, 0.472801, 0.811174, 0.344173, 0.029959, 0.759857, -0.573098, 0.306883, 0.986126, 0, 0, 0, 1
0.560908, 0.0901798, -0.822952, 0.733981, 0.381333, 0.854175, 0.353511, 0.0384359, 0.734824, -0.512106, 0.444725, 0.96454, 0, 0, 0, 1
0.667352, 0.0668961, -0.741732, 0.729972, 0.292952, 0.892088, 0.344031, 0.0475578, 0.684705, -0.446882, 0.575739, 0.944278, 0, 0, 0, 1
0.7628, 0.0467935, -0.644939, 0.725589, 0.21124, 0.924626, 0.31693, 0.0572099, 0.611157, -0.377991, 0.69542, 0.925353, 0, 0, 0, 1
0.844765, 0.0300623, -0.534292, 0.720899, 0.13947, 0.951547, 0.274055, 0.06728, 0.516643, -0.30603, 0.799641, 0.907763, 0, 0, 0, 1
0.91106, 0.0168644, -0.411929, 0.715968, 0.0804892, 0.97266, 0.217838, 0.0776596, 0.404341, -0.231619, 0.884794, 0.891495, 0, 0, 0, 1
0.95987, 0.00733172, -0.28035, 0.710858, 0.0366164, 0.987825, 0.151202, 0.0882447, 0.278045, -0.155399, 0.947915, 0.876526, 0, 0, 0, 1
0.989816, 0.00156481, -0.142345, 0.705632, 0.00956237, 0.99695, 0.0774528, 0.0989368, 0.142032, -0.0780251, 0.986782, 0.86282, 0, 0, 0, 1
1, -0.000367801, -0.000919797, 0.700346, 0.000367947, 1, 0.000158888, 0.109643, 0.000919739, -0.000159226, 1, 0.850334, 0, 0, 0, 1
