0.999999, -0.000849093, 0.000816763, 0.150201, 0.00084941, 1, -0.000388034, 1.04999, -0.000816433, 0.000388728, 1, 0.850939, 0, 0, 0, 1
0.996876, 0.00550294, 0.0787845, 0.134523, 0.00727531, 0.986929, -0.160991, 1.07954, -0.0786407, 0.161061, 0.983806, 0.926476, 0, 0, 0, 1
0.987562, 0.0244152, 0.155321, 0.123757, 0.0262334, 0.948435, -0.315884, 1.09855, -0.155024, 0.31603, 0.935998, 1.00719, 0, 0, 0, 1
0.9721, 0.055476, 0.22791, 0.11828, 0.0573105, 0.88601, -0.46011, 1.1065, -0.227456, 0.460335, 0.858112, 1.09119, 0, 0, 0, 1
0.95074, 0.0978713, 0.294133, 0.118343, 0.0996922, 0.801908, -0.589071, 1.10318, -0.293521, 0.589376, 0.752649, 1.17657, 0, 0, 0, 1
0.923934, 0.150407, 0.351742, 0.124059, 0.152185, 0.699065, -0.698676, 1.08866, -0.350977, 0.699061, 0.623001, 1.26137, 0, 0, 0, 1
0.89233, 0.211546, 0.398743, 0.135403, 0.213253, 0.581001, -0.785469, 1.06327, -0.397833, 0.78593, 0.473331, 1.34369, 0, 0, 0, 1
0.856749, 0.279452, 0.43346, 0.152211, 0.281062, 0.451702, -0.846741, 1.0276, -0.432418, 0.847273, 0.308452, 1.42174, 0, 0, 0, 1
0.818171, 0.35205, 0.454596, 0.17419, 0.353539, 0.315488, -0.880612, 0.982486, -0.453439, 0.881208, 0.13366, 1.49384, 0, 0, 0, 1
0.777698, 0.42709, 0.461281, 0.200925, 0.428439, 0.176873, -0.88609, 0.928968, -0.460029, 0.886741, -0.0454276, 1.5585, 0, 0, 0, 1
0.736527, 0.502219, 0.453105, 0.231889, 0.503412, 0.0404172, -0.863101, 0.868264, -0.451779, 0.863795, -0.223055, 1.61444, 0, 0, 0, 1
0.695907, 0.575061, 0.430138, 0.266462, 0.576087, -0.0894226, -0.812483, 0.80173, -0.428763, 0.813209, -0.393515, 1.66062, 0, 0, 0, 1
0.657103, 0.643287, 0.392934, 0.303947, 0.64414, -0.208432, -0.735962, 0.730823, -0.391535, 0.736707, -0.551328, 1.69625, 0, 0, 0, 1
0.62135, 0.704701, 0.34252, 0.343591, 0.705379, -0.312776, -0.636091, 0.657058, -0.341122, 0.636841, -0.691425, 1.72084, 0, 0, 0, 1
0.589815, 0.757306, 0.280366, 0.384607, 0.757813, -0.399119, -0.516163, 0.581966, -0.278995, 0.516906, -0.809303, 1.73416, 0, 0, 0, 1
0.563553, 0.799375, 0.208344, 0.426192, 0.799718, -0.464727, -0.380105, 0.507053, -0.207024, 0.380826, -0.901173, 1.73626, 0, 0, 0, 1
0.543471, 0.829507, 0.128673, 0.467555, 0.8297, -0.507555, -0.232348, 0.43376, -0.127425, 0.233035, -0.964084, 1.72745, 0, 0, 0, 1
0.530292, 0.84668, 0.0438489, 0.507933, 0.846739, -0.526306, -0.0776815, 0.363428, -0.0426934, 0.0783225, -0.996013, 1.7083, 0, 0, 0, 1
0.524529, 0.850284, -0.0434346, 0.546614, 0.85023, -0.520465, 0.0788996, 0.297266, 0.0444808, -0.0783145, -0.995936, 1.67959, 0, 0, 0, 1
0.52646, 0.840145, -0.130369, 0.582952, 0.840001, -0.490314, 0.232358, 0.236323, 0.131293, -0.231838, -0.963854, 1.64231, 0, 0, 0, 1
0.536116, 0.816536, -0.214123, 0.616388, 0.816328, -0.436913, 0.377777, 0.181467, 0.214915, -0.377327, -0.900797, 1.59759, 0, 0, 0, 1
0.553269, 0.780171, -0.291936, 0.646455, 0.779926, -0.362063, 0.510516, 0.133368, 0.29259, -0.510141, -0.808794, 1.54669, 0, 0, 0, 1
0.577441, 0.732183, -0.361206, 0.672796, 0.731929, -0.26824, 0.62636, 0.0924928, 0.361721, -0.626063, -0.690799, 1.49095, 0, 0, 0, 1
0.607905, 0.674096, -0.419579, 0.695164, 0.67386, -0.158511, 0.721656, 0.0590998, 0.419958, -0.721436, -0.550605, 1.43173, 0, 0, 0, 1
0.643712, 0.607769, -0.465028, 0.713425, 0.607578, -0.0364294, 0.793424, 0.0332432, 0.465278, -0.793278, -0.392717, 1.37042, 0, 0, 0, 1
0.68371, 0.535348, -0.495926, 0.727559, 0.535228, 0.0940803, 0.839452, 0.0147833, 0.496056, -0.839375, -0.22221, 1.30834, 0, 0, 0, 1
0.726583, 0.459191, -0.511097, 0.737656, 0.459163, 0.228856, 0.858367, 0.00340173, 0.511122, -0.858352, -0.0445608, 1.24675, 0, 0, 0, 1
0.770888, 0.381795, -0.509867, 0.743903, 0.381879, 0.363632, 0.849671, -0.00137836, 0.509804, -0.849708, 0.13452, 1.18678, 0, 0, 0, 1
0.815101, 0.305715, -0.492086, 0.746579, 0.305926, 0.494177, 0.813756, -0.000167896, 0.491954, -0.813835, 0.309278, 1.12944, 0, 0, 0, 1
0.857666, 0.23348, -0.458144, 0.746038, 0.233831, 0.616431, 0.751888, 0.00631536, 0.457965, -0.751998, 0.474097, 1.07558, 0, 0, 0, 1
0.897046, 0.167512, -0.40896, 0.742695, 0.168011, 0.726635, 0.666164, 0.0172763, 0.408755, -0.66629, 0.623681, 1.02587, 0, 0, 0, 1
0.931774, 0.110047, -0.345959, 0.737007, 0.110696, 0.821449, 0.559436, 0.031873, 0.345752, -0.559564, 0.753222, 0.980783, 0, 0, 0, 1
0.960502, 0.0630562, -0.271034, 0.729458, 0.0638538, 0.898056, 0.435221, 0.0492471, 0.270847, -0.435338, 0.858559, 0.940626, 0, 0, 0, 1
0.982053, 0.0281836, -0.186485, 0.720539, 0.0291235, 0.954251, 0.297584, 0.0685537, 0.186341, -0.297675, 0.936305, 0.90551, 0, 0, 0, 1
0.995459, 0.00668925, -0.0949518, 0.710732, 0.00776098, 0.988503, 0.151004, 0.0889887, 0.0948702, -0.151055, 0.983962, 0.875372, 0, 0, 0, 1
1, -0.000594567, 0.000670734, 0.700491, 0.000594415, 1, 0.000226442, 0.109814, -0.000670869, -0.000226043, 1, 0.849991, 0, 0, 0, 1
