0.999999, -0.000849093, 0.000816763, 0.150201, 0.00084941, 1, -0.000388034, 1.04999, -0.000816433, 0.000388728, 1, 0.850939, 0, 0, 0, 1
0.991121, 0.000860207, 0.13296, 0.141553, 0.0102498, 0.996509, -0.0828518, 1.06649, -0.132567, 0.083479, 0.987652, 0.889057, 0, 0, 0, 1
0.964838, 0.00591661, 0.262778, 0.134149, 0.0379182, 0.986156, -0.161428, 1.08027, -0.260095, 0.165716, 0.951256, 0.92878, 0, 0, 0, 1
0.921669, 0.0143045, 0.387712, 0.128051, 0.0827725, 0.969063, -0.23252, 1.09126, -0.379044, 0.246398, 0.891972, 0.969859, 0, 0, 0, 1
0.862542, 0.0259791, 0.505318, 0.123315, 0.143059, 0.945412, -0.292798, 1.09936, -0.48534, 0.324841, 0.811741, 1.01204, 0, 0, 0, 1
0.78877, 0.0408673, 0.613329, 0.119987, 0.216416, 0.915438, -0.339319, 1.10453, -0.575331, 0.400378, 0.713226, 1.05507, 0, 0, 0, 1
0.702014, 0.0588673, 0.709726, 0.118105, 0.29995, 0.879432, -0.369634, 1.10672, -0.645915, 0.472371, 0.599716, 1.09868, 0, 0, 0, 1
0.604238, 0.07985, 0.792793, 0.117696, 0.390344, 0.837733, -0.381883, 1.10592, -0.694642, 0.54021, 0.475021, 1.14261, 0, 0, 0, 1
0.497651, 0.10366, 0.861161, 0.118779, 0.483969, 0.79073, -0.37486, 1.10213, -0.719804, 0.603325, 0.343339, 1.18659, 0, 0, 0, 1
0.384643, 0.130116, 0.913849, 0.121363, 0.577013, 0.738854, -0.348067, 1.09537, -0.72049, 0.661184, 0.209117, 1.23036, 0, 0, 0, 1
0.267717, 0.159013, 0.950285, 0.125445, 0.665615, 0.682578, -0.301736, 1.08569, -0.696624, 0.713304, 0.0768967, 1.27365, 0, 0, 0, 1
0.149412, 0.190124, 0.970324, 0.131015, 0.746003, 0.622409, -0.236825, 1.07315, -0.648965, 0.759249, -0.0488375, 1.31622, 0, 0, 0, 1
0.0322322, 0.223202, 0.974239, 0.138052, 0.814629, 0.558888, -0.154995, 1.05782, -0.579086, 0.79864, -0.163813, 1.3578, 0, 0, 0, 1
-0.081428, 0.25798, 0.962713, 0.146527, 0.868295, 0.49258, -0.0585559, 1.03979, -0.489319, 0.83115, -0.264113, 1.39818, 0, 0, 0, 1
-0.189351, 0.294178, 0.936806, 0.156401, 0.904268, 0.424075, 0.0496054, 1.01919, -0.382683, 0.856516, -0.346315, 1.4371, 0, 0, 0, 1
-0.289561, 0.331499, 0.897921, 0.167624, 0.920383, 0.353976, 0.166121, 0.996128, -0.262774, 0.874534, -0.407604, 1.47437, 0, 0, 0, 1
-0.380376, 0.369637, 0.847752, 0.180142, 0.915124, 0.282902, 0.287254, 0.970757, -0.133651, 0.885062, -0.445872, 1.50976, 0, 0, 0, 1
-0.460455, 0.408275, 0.788221, 0.19389, 0.887683, 0.211474, 0.409021, 0.943229, 0.000305122, 0.888026, -0.459793, 1.54309, 0, 0, 0, 1
-0.528831, 0.447094, 0.721419, 0.208795, 0.837996, 0.140316, 0.527328, 0.913709, 0.134538, 0.883413, -0.448866, 1.57419, 0, 0, 0, 1
-0.584928, 0.485767, 0.64953, 0.224779, 0.766754, 0.070047, 0.638108, 0.882374, 0.264474, 0.871277, -0.413437, 1.6029, 0, 0, 0, 1
-0.628574, 0.523971, 0.57476, 0.241757, 0.675389, 0.00127639, 0.737461, 0.84941, 0.385674, 0.851735, -0.354686, 1.62907, 0, 0, 0, 1
-0.659988, 0.561383, 0.499264, 0.259639, 0.56603, -0.0654019, 0.821786, 0.81501, 0.493989, 0.824968, -0.274595, 1.65258, 0, 0, 0, 1
-0.679768, 0.597685, 0.425075, 0.278328, 0.441443, -0.129414, 0.887908, 0.779374, 0.5857, 0.791217, -0.175873, 1.67333, 0, 0, 0, 1
-0.68885, 0.632569, 0.354037, 0.297725, 0.304944, -0.19021, 0.933183, 0.742707, 0.657643, 0.750784, -0.0618718, 1.69124, 0, 0, 0, 1
-0.688474, 0.665736, 0.28775, 0.317726, 0.160291, -0.247271, 0.955596, 0.705216, 0.707327, 0.704026, 0.0635281, 1.70622, 0, 0, 0, 1
-0.680121, 0.696901, 0.227517, 0.338225, 0.0115669, -0.30011, 0.953834, 0.667109, 0.733008, 0.651355, 0.19605, 1.71825, 0, 0, 0, 1
-0.66546, 0.725795, 0.174311, 0.359115, -0.136953, -0.348281, 0.927332, 0.628597, 0.733762, 0.59323, 0.331166, 1.7273, 0, 0, 0, 1
-0.646272, 0.752169, 0.128742, 0.380285, -0.28094, -0.391376, 0.876297, 0.589886, 0.70951, 0.530158, 0.46425, 1.73335, 0, 0, 0, 1
-0.624387, 0.77579, 0.0910523, 0.401627, -0.416157, -0.429035, 0.801712, 0.551182, 0.661025, 0.462687, 0.590734, 1.73641, 0, 0, 0, 1
-0.601605, 0.796453, 0.0611099, 0.423032, -0.53859, -0.460943, 0.705303, 0.512686, 0.589909, 0.391401, 0.706267, 1.73653, 0, 0, 0, 1
-0.579629, 0.813974, 0.038428, 0.444392, -0.644585, -0.486838, 0.58949, 0.474591, 0.498538, 0.316915, 0.806861, 1.73375, 0, 0, 0, 1
-0.559998, 0.828197, 0.0221906, 0.465601, -0.730969, -0.506508, 0.457311, 0.437088, 0.389984, 0.239873, 0.88903, 1.72813, 0, 0, 0, 1
-0.544025, 0.838993, 0.0112922, 0.486557, -0.795149, -0.519798, 0.312327, 0.400355, 0.26791, 0.160935, 0.949908, 1.71976, 0, 0, 0, 1
-0.532747, 0.846263, 0.00438845, 0.507159, -0.835202, -0.526606, 0.158507, 0.364563, 0.136449, 0.0807788, 0.987348, 1.70874, 0, 0, 0, 1
-0.526885, 0.849936, -4.46422e-05, 0.527313, -0.849936, -0.526885, 0.000102035, 0.329873, 6.32016e-05, 9.17036e-05, 1, 1.69518, 0, 0, 0, 1
-0.526811, 0.849974, -0.00364444, 0.546928, -0.838932, -0.520647, -0.158491, 0.296435, -0.13661, -0.0804372, 0.987354, 1.67921, 0, 0, 0, 1
-0.532535, 0.846369, -0.00809093, 0.565919, -0.802553, -0.507957, -0.31287, 0.264385, -0.268914, -0.160121, 0.949761, 1.66097, 0, 0, 0, 1
-0.543701, 0.839144, -0.0150339, 0.584206, -0.741935, -0.488936, -0.458774, 0.233848, -0.392328, -0.238281, 0.888426, 1.64061, 0, 0, 0, 1
-0.559599, 0.828355, -0.0260211, 0.601717, -0.658949, -0.463759, -0.592211, 0.204934, -0.502629, -0.314254, 0.805362, 1.6183, 0, 0, 0, 1
-0.579192, 0.814086, -0.0424287, 0.618386, -0.556135, -0.432652, -0.709595, 0.177742, -0.596029, -0.387396, 0.703331, 1.59419, 0, 0, 0, 1
-0.601152, 0.796455, -0.0653989, 0.634153, -0.436624, -0.395892, -0.807854, 0.152355, -0.66931, -0.457088, 0.585743, 1.56847, 0, 0, 0, 1
-0.623908, 0.775606, -0.0957845, 0.648968, -0.304031, -0.353803, -0.884528, 0.128839, -0.719933, -0.522742, 0.456548, 1.54132, 0, 0, 0, 1
-0.645711, 0.751714, -0.134104, 0.662786, -0.162333, -0.306751, -0.937844, 0.107251, -0.746127, -0.583807, 0.3201, 1.51292, 0, 0, 0, 1
-0.664697, 0.724979, -0.180509, 0.675572, -0.0157433, -0.255146, -0.966774, 0.0876276, -0.746947, -0.63977, 0.181009, 1.48346, 0, 0, 0, 1
-0.678961, 0.695628, -0.234763, 0.687298, 0.13143, -0.199435, -0.971057, 0.0699951, -0.722315, -0.690165, 0.043982, 1.45313, 0, 0, 0, 1
-0.686633, 0.663911, -0.296239, 0.697944, 0.274925, -0.140096, -0.951204, 0.0543634, -0.673017, -0.734572, -0.0863308, 1.42212, 0, 0, 0, 1
-0.685957, 0.630097, -0.363924, 0.707499, 0.410663, -0.0776382, -0.908476, 0.040729, -0.600683, -0.772625, -0.205501, 1.3906, 0, 0, 0, 1
-0.675359, 0.594479, -0.436447, 0.715959, 0.534882, -0.0125946, -0.844833, 0.0290748, -0.507732, -0.804013, -0.30947, 1.35878, 0, 0, 0, 1
-0.653522, 0.557361, -0.512112, 0.723327, 0.644259, 0.0544818, -0.762864, 0.0193708, -0.39729, -0.828481, -0.39469, 1.32682, 0, 0, 0, 1
-0.619444, 0.519065, -0.58895, 0.729615, 0.736012, 0.123023, -0.665696, 0.0115746, -0.273085, -0.845835, -0.458244, 1.29489, 0, 0, 0, 1
-0.572489, 0.479923, -0.664779, 0.734843, 0.807989, 0.19245, -0.556882, 0.00563224, -0.139323, -0.855942, -0.497948, 1.26316, 0, 0, 0, 1
-0.512429, 0.440275, -0.737275, 0.739034, 0.85873, 0.262181, -0.440278, 0.00147887, -0.000543741, -0.858731, -0.512426, 1.23179, 0, 0, 0, 1
-0.439466, 0.400468, -0.804049, 0.742223, 0.887512, 0.331631, -0.319911, -0.000960202, 0.138533, -0.854193, -0.501161, 1.20092, 0, 0, 0, 1
-0.354249, 0.360852, -0.862725, 0.744445, 0.894364, 0.400222, -0.19984, -0.0017687, 0.273169, -0.842383, -0.464511, 1.17069, 0, 0, 0, 1
-0.257863, 0.321773, -0.911026, 0.745747, 0.880053, 0.467384, -0.0840171, -0.00103832, 0.398765, -0.823416, -0.403698, 1.14123, 0, 0, 0, 1
-0.151818, 0.283577, -0.946855, 0.746175, 0.846054, 0.532564, 0.0238438, 0.00113227, 0.511023, -0.797471, -0.320774, 1.11264, 0, 0, 0, 1
-0.0380086, 0.246603, -0.968371, 0.745784, 0.794487, 0.595227, 0.120395, 0.00463852, 0.60609, -0.764782, -0.218547, 1.08505, 0, 0, 0, 1
0.0813314, 0.211181, -0.974057, 0.744631, 0.728041, 0.654861, 0.202767, 0.00937112, 0.680692, -0.725645, -0.100487, 1.05852, 0, 0, 0, 1
0.203689, 0.177626, -0.962787, 0.742776, 0.649866, 0.710983, 0.268657, 0.015217, 0.732246, -0.680406, 0.0293866, 1.03315, 0, 0, 0, 1
0.326345, 0.146241, -0.93387, 0.740281, 0.563467, 0.763143, 0.316412, 0.0220607, 0.758949, -0.629465, 0.166646, 1.00898, 0, 0, 0, 1
0.446452, 0.117311, -0.887085, 0.737213, 0.47257, 0.810926, 0.345074, 0.0297851, 0.759841, -0.573268, 0.306602, 0.986088, 0, 0, 0, 1
0.56112, 0.0910984, -0.822706, 0.733637, 0.380989, 0.853956, 0.354409, 0.0382728, 0.734841, -0.512308, 0.444464, 0.964492, 0, 0, 0, 1
0.667506, 0.0678459, -0.741507, 0.729621, 0.292493, 0.8919, 0.344909, 0.0474071, 0.684751, -0.447114, 0.575504, 0.944222, 0, 0, 0, 1
0.762904, 0.0477698, -0.644745, 0.725231, 0.210666, 0.924469, 0.317769, 0.057073, 0.611227, -0.378253, 0.695217, 0.92529, 0, 0, 0, 1
0.844825, 0.0310602, -0.53414, 0.720534, 0.138786, 0.951422, 0.274836, 0.0671583, 0.516729, -0.30632, 0.799474, 0.907693, 0, 0, 0, 1
0.911086, 0.0178786, -0.411828, 0.715595, 0.0797007, 0.972567, 0.218544, 0.0775544, 0.404437, -0.231935, 0.884667, 0.891421, 0, 0, 0, 1
0.959875, 0.00835663, -0.280305, 0.710477, 0.035734, 0.987763, 0.151815, 0.0881571, 0.278144, -0.15574, 0.94783, 0.876448, 0, 0, 0, 1
0.989811, 0.00259475, -0.142362, 0.705243, 0.00859897, 0.99692, 0.0779572, 0.0988679, 0.142126, -0.078387, 0.98674, 0.86274, 0, 0, 0, 1
0.999999, 0.000661314, -0.000998708, 0.699948, -0.000660774, 1, 0.000541063, 0.109594, 0.000999066, -0.000540402, 0.999999, 0.850253, 0, 0, 0, 1
