1, 0, 0, 0.09, 0, 1, 0, 0.12, 0, 0, 1, 0.9, 0, 0, 0, 1
1, 0, 0, 0.0900048, 0, 1, 0, 0.120001, 0, 0, 1, 0.9, 0, 0, 0, 1
1, 0, 0, 0.0900192, 0, 1, 0, 0.120006, 0, 0, 1, 0.9, 0, 0, 0, 1
1, 0, 0, 0.0900432, 0, 1, 0, 0.120013, 0, 0, 1, 0.9, 0, 0, 0, 1
1, 0, 0, 0.0900768, 0, 1, 0, 0.120022, 0, 0, 1, 0.9, 0, 0, 0, 1
1, 0, 0, 0.09012, 0, 1, 0, 0.120035, 0, 0, 1, 0.9, 0, 0, 0, 1
1, 0, 0, 0.0901728, 0, 1, 0, 0.120051, 0, 0, 1, 0.9, 0, 0, 0, 1
1, 0, 0, 0.0902351, 0, 1, 0, 0.120069, 0, 0, 1, 0.9, 0, 0, 0, 1
1, 0, 0, 0.0903071, 0, 1, 0, 0.12009, 0, 0, 1, 0.9, 0, 0, 0, 1
1, 0, 0, 0.0903887, 0, 1, 0, 0.120114, 0, 0, 1, 0.9, 0, 0, 0, 1
1, 0, 0, 0.0904799, 0, 1, 0, 0.12014, 0, 0, 1, 0.9, 0, 0, 0, 1
1, 0, 0, 0.0905806, 0, 1, 0, 0.12017, 0, 0, 1, 0.9, 0, 0, 0, 1
1, 0, 0, 0.090691, 0, 1, 0, 0.120202, 0, 0, 1, 0.9, 0, 0, 0, 1
1, 0, 0, 0.090811, 0, 1, 0, 0.120237, 0, 0, 1, 0.9, 0, 0, 0, 1
1, 0, 0, 0.0909405, 0, 1, 0, 0.120275, 0, 0, 1, 0.9, 0, 0, 0, 1
1, 0, 0, 0.0910797, 0, 1, 0, 0.120316, 0, 0, 1, 0.9, 0, 0, 0, 1
1, 0, 0, 0.0912285, 0, 1, 0, 0.12036, 0, 0, 1, 0.9, 0, 0, 0, 1
1, 0, 0, 0.0913868, 0, 1, 0, 0.120406, 0, 0, 1, 0.9, 0, 0, 0, 1
1, 0, 0, 0.0915548, 0, 1, 0, 0.120455, 0, 0, 1, 0.9, 0, 0, 0, 1
1, 0, 0, 0.0917323, 0, 1, 0, 0.120507, 0, 0, 1, 0.9, 0, 0, 0, 1
1, 0, 0, 0.0919195, 0, 1, 0, 0.120562, 0, 0, 1, 0.9, 0, 0, 0, 1
1, 0, 0, 0.0921162, 0, 1, 0, 0.120619, 0, 0, 1, 0.9, 0, 0, 0, 1
1, 0, 0, 0.0923226, 0, 1, 0, 0.12068, 0, 0, 1, 0.9, 0, 0, 0, 1
1, 0, 0, 0.0925385, 0, 1, 0, 0.120743, 0, 0, 1, 0.9, 0, 0, 0, 1
1, 0, 0, 0.092764, 0, 1, 0, 0.120809, 0, 0, 1, 0.9, 0, 0, 0, 1
1, 0, 0, 0.0929992, 0, 1, 0, 0.120878, 0, 0, 1, 0.9, 0, 0, 0, 1
1, 0, 0, 0.0932439, 0, 1, 0, 0.120949, 0, 0, 1, 0.9, 0, 0, 0, 1
1, 0, 0, 0.0934982, 0, 1, 0, 0.121024, 0, 0, 1, 0.9, 0, 0, 0, 1
1, 0, 0, 0.0937622, 0, 1, 0, 0.121101, 0, 0, 1, 0.9, 0, 0, 0, 1
1, 0, 0, 0.0940357, 0, 1, 0, 0.121181, 0, 0, 1, 0.9, 0, 0, 0, 1
1, 0, 0, 0.0943188, 0, 1, 0, 0.121264, 0, 0, 1, 0.9, 0, 0, 0, 1
1, 0, 0, 0.0946115, 0, 1, 0, 0.12135, 0, 0, 1, 0.9, 0, 0, 0, 1
1, 0, 0, 0.0949139, 0, 1, 0, 0.121438, 0, 0, 1, 0.9, 0, 0, 0, 1
1, 0, 0, 0.0952258, 0, 1, 0, 0.121529, 0, 0, 1, 0.9, 0, 0, 0, 1
1, 0, 0, 0.0955473, 0, 1, 0, 0.121624, 0, 0, 1, 0.9, 0, 0, 0, 1
1, 0, 0, 0.0958784, 0, 1, 0, 0.121721, 0, 0, 1, 0.9, 0, 0, 0, 1
1, 0, 0, 0.0962191, 0, 1, 0, 0.12182, 0, 0, 1, 0.9, 0, 0, 0, 1
1, 0, 0, 0.0965694, 0, 1, 0, 0.121923, 0, 0, 1, 0.9, 0, 0, 0, 1
1, 0, 0, 0.0969293, 0, 1, 0, 0.122028, 0, 0, 1, 0.9, 0, 0, 0, 1
1, 0, 0, 0.0972988, 0, 1, 0, 0.122136, 0, 0, 1, 0.9, 0, 0, 0, 1
1, 0, 0, 0.0976779, 0, 1, 0, 0.122247, 0, 0, 1, 0.9, 0, 0, 0, 1
1, 0, 0, 0.0980666, 0, 1, 0, 0.122361, 0, 0, 1, 0.9, 0, 0, 0, 1
1, 0, 0, 0.0984649, 0, 1, 0, 0.122478, 0, 0, 1, 0.9, 0, 0, 0, 1
1, 0, 0, 0.0988728, 0, 1, 0, 0.122597, 0, 0, 1, 0.9, 0, 0, 0, 1
1, 0, 0, 0.0992903, 0, 1, 0, 0.122719, 0, 0, 1, 0.9, 0, 0, 0, 1
1, 0, 0, 0.0997173, 0, 1, 0, 0.122844, 0, 0, 1, 0.9, 0, 0, 0, 1
1, 0, 0, 0.100154, 0, 1, 0, 0.122972, 0, 0, 1, 0.9, 0, 0, 0, 1
1, 0, 0, 0.1006, 0, 1, 0, 0.123103, 0, 0, 1, 0.9, 0, 0, 0, 1
1, 0, 0, 0.101056, 0, 1, 0, 0.123236, 0, 0, 1, 0.9, 0, 0, 0, 1
1, 0, 0, 0.101522, 0, 1, 0, 0.123372, 0, 0, 1, 0.9, 0, 0, 0, 1
1, 0, 0, 0.101997, 0, 1, 0, 0.123511, 0, 0, 1, 0.9, 0, 0, 0, 1
1, 0, 0, 0.102481, 0, 1, 0, 0.123653, 0, 0, 1, 0.9, 0, 0, 0, 1
1, 0, 0, 0.102976, 0, 1, 0, 0.123798, 0, 0, 1, 0.9, 0, 0, 0, 1
1, 0, 0, 0.10348, 0, 1, 0, 0.123945, 0, 0, 1, 0.9, 0, 0, 0, 1
1, 0, 0, 0.103993, 0, 1, 0, 0.124096, 0, 0, 1, 0.9, 0, 0, 0, 1
1, 0, 0, 0.104516, 0, 1, 0, 0.124249, 0, 0, 1, 0.9, 0, 0, 0, 1
1, 0, 0, 0.105049, 0, 1, 0, 0.124404, 0, 0, 1, 0.9, 0, 0, 0, 1
1, 0, 0, 0.105591, 0, 1, 0, 0.124563, 0, 0, 1, 0.9, 0, 0, 0, 1
1, 0, 0, 0.106143, 0, 1, 0, 0.124725, 0, 0, 1, 0.9, 0, 0, 0, 1
1, 0, 0, 0.106704, 0, 1, 0, 0.124889, 0, 0, 1, 0.9, 0, 0, 0, 1
1, 0, 0, 0.107275, 0, 1, 0, 0.125056, 0, 0, 1, 0.9, 0, 0, 0, 1
1, 0, 0, 0.107856, 0, 1, 0, 0.125226, 0, 0, 1, 0.9, 0, 0, 0, 1
1, 0, 0, 0.108446, 0, 1, 0, 0.125399, 0, 0, 1, 0.9, 0, 0, 0, 1
1, 0, 0, 0.109046, 0, 1, 0, 0.125574, 0, 0, 1, 0.9, 0, 0, 0, 1
1, 0, 0, 0.109655, 0, 1, 0, 0.125753, 0, 0, 1, 0.9, 0, 0, 0, 1
1, 0, 0, 0.110274, 0, 1, 0, 0.125934, 0, 0, 1, 0.9, 0, 0, 0, 1
1, 0, 0, 0.110903, 0, 1, 0, 0.126118, 0, 0, 1, 0.9, 0, 0, 0, 1
1, 0, 0, 0.111541, 0, 1, 0, 0.126305, 0, 0, 1, 0.9, 0, 0, 0, 1
1, 0, 0, 0.112189, 0, 1, 0, 0.126494, 0, 0, 1, 0.9, 0, 0, 0, 1
1, 0, 0, 0.112847, 0, 1, 0, 0.126687, 0, 0, 1, 0.9, 0, 0, 0, 1
1, 0, 0, 0.113514, 0, 1, 0, 0.126882, 0, 0, 1, 0.9, 0, 0, 0, 1
1, 0, 0, 0.11419, 0, 1, 0, 0.12708, 0, 0, 1, 0.9, 0, 0, 0, 1
1, 0, 0, 0.114876, 0, 1, 0, 0.127281, 0, 0, 1, 0.9, 0, 0, 0, 1
1, 0, 0, 0.115572, 0, 1, 0, 0.127485, 0, 0, 1, 0.9, 0, 0, 0, 1
1, 0, 0, 0.116278, 0, 1, 0, 0.127691, 0, 0, 1, 0.9, 0, 0, 0, 1
1, 0, 0, 0.116993, 0, 1, 0, 0.1279, 0, 0, 1, 0.9, 0, 0, 0, 1
1, 0, 0, 0.117717, 0, 1, 0, 0.128112, 0, 0, 1, 0.9, 0, 0, 0, 1
1, 0, 0, 0.118451, 0, 1, 0, 0.128327, 0, 0, 1, 0.9, 0, 0, 0, 1
1, 0, 0, 0.119195, 0, 1, 0, 0.128545, 0, 0, 1, 0.9, 0, 0, 0, 1
1, 0, 0, 0.119949, 0, 1, 0, 0.128765, 0, 0, 1, 0.9, 0, 0, 0, 1
1, 0, 0, 0.120712, 0, 1, 0, 0.128989, 0, 0, 1, 0.9, 0, 0, 0, 1
1, 0, 0, 0.121484, 0, 1, 0, 0.129215, 0, 0, 1, 0.9, 0, 0, 0, 1
1, 0, 0, 0.122266, 0, 1, 0, 0.129444, 0, 0, 1, 0.9, 0, 0, 0, 1
1, 0, 0, 0.123058, 0, 1, 0, 0.129676, 0, 0, 1, 0.9, 0, 0, 0, 1
1, 0, 0, 0.12386, 0, 1, 0, 0.12991, 0, 0, 1, 0.9, 0, 0, 0, 1
1, 0, 0, 0.124671, 0, 1, 0, 0.130147, 0, 0, 1, 0.9, 0, 0, 0, 1
1, 0, 0, 0.125491, 0, 1, 0, 0.130388, 0, 0, 1, 0.9, 0, 0, 0, 1
1, 0, 0, 0.126321, 0, 1, 0, 0.130631, 0, 0, 1, 0.9, 0, 0, 0, 1
1, 0, 0, 0.127161, 0, 1, 0, 0.130876, 0, 0, 1, 0.9, 0, 0, 0, 1
1, 0, 0, 0.12801, 0, 1, 0, 0.131125, 0, 0, 1, 0.9, 0, 0, 0, 1
1, 0, 0, 0.128869, 0, 1, 0, 0.131376, 0, 0, 1, 0.9, 0, 0, 0, 1
1, 0, 0, 0.129738, 0, 1, 0, 0.131631, 0, 0, 1, 0.9, 0, 0, 0, 1
1, 0, 0, 0.130616, 0, 1, 0, 0.131888, 0, 0, 1, 0.9, 0, 0, 0, 1
1, 0, 0, 0.131504, 0, 1, 0, 0.132147, 0, 0, 1, 0.9, 0, 0, 0, 1
1, 0, 0, 0.132401, 0, 1, 0, 0.13241, 0, 0, 1, 0.9, 0, 0, 0, 1
1, 0, 0, 0.133308, 0, 1, 0, 0.132676, 0, 0, 1, 0.9, 0, 0, 0, 1
1, 0, 0, 0.134225, 0, 1, 0, 0.132944, 0, 0, 1, 0.9, 0, 0, 0, 1
1, 0, 0, 0.135151, 0, 1, 0, 0.133215, 0, 0, 1, 0.9, 0, 0, 0, 1
1, 0, 0, 0.136087, 0, 1, 0, 0.133489, 0, 0, 1, 0.9, 0, 0, 0, 1
1, 0, 0, 0.137032, 0, 1, 0, 0.133765, 0, 0, 1, 0.9, 0, 0, 0, 1
1, 0, 0, 0.137987, 0, 1, 0, 0.134045, 0, 0, 1, 0.9, 0, 0, 0, 1
1, 0, 0, 0.138947, 0, 1, 0, 0.134326, 0, 0, 1, 0.9, 0, 0, 0, 1
1, 0, 0, 0.139906, 0, 1, 0, 0.134607, 0, 0, 1, 0.9, 0, 0, 0, 1
1, 0, 0, 0.140866, 0, 1, 0, 0.134888, 0, 0, 1, 0.9, 0, 0, 0, 1
1, 0, 0, 0.141826, 0, 1, 0, 0.135169, 0, 0, 1, 0.9, 0, 0, 0, 1
1, 0, 0, 0.142786, 0, 1, 0, 0.135449, 0, 0, 1, 0.9, 0, 0, 0, 1
1, 0, 0, 0.143745, 0, 1, 0, 0.13573, 0, 0, 1, 0.9, 0, 0, 0, 1
1, 0, 0, 0.144705, 0, 1, 0, 0.136011, 0, 0, 1, 0.9, 0, 0, 0, 1
1, 0, 0, 0.145665, 0, 1, 0, 0.136292, 0, 0, 1, 0.9, 0, 0, 0, 1
1, 0, 0, 0.146625, 0, 1, 0, 0.136573, 0, 0, 1, 0.9, 0, 0, 0, 1
1, 0, 0, 0.147584, 0, 1, 0, 0.136854, 0, 0, 1, 0.9, 0, 0, 0, 1
1, 0, 0, 0.148544, 0, 1, 0, 0.137135, 0, 0, 1, 0.9, 0, 0, 0, 1
1, 0, 0, 0.149504, 0, 1, 0, 0.137416, 0, 0, 1, 0.9, 0, 0, 0, 1
1, 0, 0, 0.150463, 0, 1, 0, 0.137697, 0, 0, 1, 0.9, 0, 0, 0, 1
1, 0, 0, 0.151423, 0, 1, 0, 0.137978, 0, 0, 1, 0.9, 0, 0, 0, 1
1, 0, 0, 0.152383, 0, 1, 0, 0.138258, 0, 0, 1, 0.9, 0, 0, 0, 1
1, 0, 0, 0.153343, 0, 1, 0, 0.138539, 0, 0, 1, 0.9, 0, 0, 0, 1
1, 0, 0, 0.154302, 0, 1, 0, 0.13882, 0, 0, 1, 0.9, 0, 0, 0, 1
1, 0, 0, 0.155262, 0, 1, 0, 0.139101, 0, 0, 1, 0.9, 0, 0, 0, 1
1, 0, 0, 0.156222, 0, 1, 0, 0.139382, 0, 0, 1, 0.9, 0, 0, 0, 1
1, 0, 0, 0.157182, 0, 1, 0, 0.139663, 0, 0, 1, 0.9, 0, 0, 0, 1
1, 0, 0, 0.158141, 0, 1, 0, 0.139944, 0, 0, 1, 0.9, 0, 0, 0, 1
1, 0, 0, 0.159101, 0, 1, 0, 0.140225, 0, 0, 1, 0.9, 0, 0, 0, 1
1, 0, 0, 0.160061, 0, 1, 0, 0.140506, 0, 0, 1, 0.9, 0, 0, 0, 1
1, 0, 0, 0.161021, 0, 1, 0, 0.140787, 0, 0, 1, 0.9, 0, 0, 0, 1
1, 0, 0, 0.16198, 0, 1, 0, 0.141067, 0, 0, 1, 0.9, 0, 0, 0, 1
1, 0, 0, 0.16294, 0, 1, 0, 0.141348, 0, 0, 1, 0.9, 0, 0, 0, 1
1, 0, 0, 0.1639, 0, 1, 0, 0.141629, 0, 0, 1, 0.9, 0, 0, 0, 1
1, 0, 0, 0.16486, 0, 1, 0, 0.14191, 0, 0, 1, 0.9, 0, 0, 0, 1
1, 0, 0, 0.165819, 0, 1, 0, 0.142191, 0, 0, 1, 0.9, 0, 0, 0, 1
1, 0, 0, 0.166779, 0, 1, 0, 0.142472, 0, 0, 1, 0.9, 0, 0, 0, 1
1, 0, 0, 0.167739, 0, 1, 0, 0.142753, 0, 0, 1, 0.9, 0, 0, 0, 1
1, 0, 0, 0.168698, 0, 1, 0, 0.143034, 0, 0, 1, 0.9, 0, 0, 0, 1
1, 0, 0, 0.169658, 0, 1, 0, 0.143315, 0, 0, 1, 0.9, 0, 0, 0, 1
1, 0, 0, 0.170618, 0, 1, 0, 0.143595, 0, 0, 1, 0.9, 0, 0, 0, 1
1, 0, 0, 0.171578, 0, 1, 0, 0.143876, 0, 0, 1, 0.9, 0, 0, 0, 1
1, 0, 0, 0.172537, 0, 1, 0, 0.144157, 0, 0, 1, 0.9, 0, 0, 0, 1
1, 0, 0, 0.173497, 0, 1, 0, 0.144438, 0, 0, 1, 0.9, 0, 0, 0, 1
1, 0, 0, 0.174457, 0, 1, 0, 0.144719, 0, 0, 1, 0.9, 0, 0, 0, 1
1, 0, 0, 0.175417, 0, 1, 0, 0.145, 0, 0, 1, 0.9, 0, 0, 0, 1
1, 0, 0, 0.176376, 0, 1, 0, 0.145281, 0, 0, 1, 0.9, 0, 0, 0, 1
1, 0, 0, 0.177336, 0, 1, 0, 0.145562, 0, 0, 1, 0.9, 0, 0, 0, 1
1, 0, 0, 0.178296, 0, 1, 0, 0.145843, 0, 0, 1, 0.9, 0, 0, 0, 1
1, 0, 0, 0.179256, 0, 1, 0, 0.146124, 0, 0, 1, 0.9, 0, 0, 0, 1
1, 0, 0, 0.180215, 0, 1, 0, 0.146404, 0, 0, 1, 0.9, 0, 0, 0, 1
1, 0, 0, 0.181175, 0, 1, 0, 0.146685, 0, 0, 1, 0.9, 0, 0, 0, 1
1, 0, 0, 0.182135, 0, 1, 0, 0.146966, 0, 0, 1, 0.9, 0, 0, 0, 1
1, 0, 0, 0.183095, 0, 1, 0, 0.147247, 0, 0, 1, 0.9, 0, 0, 0, 1
1, 0, 0, 0.184054, 0, 1, 0, 0.147528, 0, 0, 1, 0.9, 0, 0, 0, 1
1, 0, 0, 0.185014, 0, 1, 0, 0.147809, 0, 0, 1, 0.9, 0, 0, 0, 1
1, 0, 0, 0.185974, 0, 1, 0, 0.14809, 0, 0, 1, 0.9, 0, 0, 0, 1
1, 0, 0, 0.186933, 0, 1, 0, 0.148371, 0, 0, 1, 0.9, 0, 0, 0, 1
1, 0, 0, 0.187893, 0, 1, 0, 0.148652, 0, 0, 1, 0.9, 0, 0, 0, 1
1, 0, 0, 0.188853, 0, 1, 0, 0.148933, 0, 0, 1, 0.9, 0, 0, 0, 1
1, 0, 0, 0.189813, 0, 1, 0, 0.149213, 0, 0, 1, 0.9, 0, 0, 0, 1
1, 0, 0, 0.190772, 0, 1, 0, 0.149494, 0, 0, 1, 0.9, 0, 0, 0, 1
1, 0, 0, 0.191732, 0, 1, 0, 0.149775, 0, 0, 1, 0.9, 0, 0, 0, 1
1, 0, 0, 0.192692, 0, 1, 0, 0.150056, 0, 0, 1, 0.9, 0, 0, 0, 1
1, 0, 0, 0.193652, 0, 1, 0, 0.150337, 0, 0, 1, 0.9, 0, 0, 0, 1
1, 0, 0, 0.194611, 0, 1, 0, 0.150618, 0, 0, 1, 0.9, 0, 0, 0, 1
1, 0, 0, 0.195571, 0, 1, 0, 0.150899, 0, 0, 1, 0.9, 0, 0, 0, 1
1, 0, 0, 0.196531, 0, 1, 0, 0.15118, 0, 0, 1, 0.9, 0, 0, 0, 1
1, 0, 0, 0.197491, 0, 1, 0, 0.151461, 0, 0, 1, 0.9, 0, 0, 0, 1
1, 0, 0, 0.19845, 0, 1, 0, 0.151742, 0, 0, 1, 0.9, 0, 0, 0, 1
1, 0, 0, 0.19941, 0, 1, 0, 0.152022, 0, 0, 1, 0.9, 0, 0, 0, 1
1, 0, 0, 0.20037, 0, 1, 0, 0.152303, 0, 0, 1, 0.9, 0, 0, 0, 1
1, 0, 0, 0.20133, 0, 1, 0, 0.152584, 0, 0, 1, 0.9, 0, 0, 0, 1
1, 0, 0, 0.202289, 0, 1, 0, 0.152865, 0, 0, 1, 0.9, 0, 0, 0, 1
1, 0, 0, 0.203249, 0, 1, 0, 0.153146, 0, 0, 1, 0.9, 0, 0, 0, 1
1, 0, 0, 0.204209, 0, 1, 0, 0.153427, 0, 0, 1, 0.9, 0, 0, 0, 1
1, 0, 0, 0.205168, 0, 1, 0, 0.153708, 0, 0, 1, 0.9, 0, 0, 0, 1
1, 0, 0, 0.206128, 0, 1, 0, 0.153989, 0, 0, 1, 0.9, 0, 0, 0, 1
1, 0, 0, 0.207088, 0, 1, 0, 0.15427, 0, 0, 1, 0.9, 0, 0, 0, 1
1, 0, 0, 0.208048, 0, 1, 0, 0.154551, 0, 0, 1, 0.9, 0, 0, 0, 1
1, 0, 0, 0.209007, 0, 1, 0, 0.154831, 0, 0, 1, 0.9, 0, 0, 0, 1
1, 0, 0, 0.209967, 0, 1, 0, 0.155112, 0, 0, 1, 0.9, 0, 0, 0, 1
1, 0, 0, 0.210927, 0, 1, 0, 0.155393, 0, 0, 1, 0.9, 0, 0, 0, 1
1, 0, 0, 0.211887, 0, 1, 0, 0.155674, 0, 0, 1, 0.9, 0, 0, 0, 1
1, 0, 0, 0.212846, 0, 1, 0, 0.155955, 0, 0, 1, 0.9, 0, 0, 0, 1
1, 0, 0, 0.213806, 0, 1, 0, 0.156236, 0, 0, 1, 0.9, 0, 0, 0, 1
1, 0, 0, 0.214766, 0, 1, 0, 0.156517, 0, 0, 1, 0.9, 0, 0, 0, 1
1, 0, 0, 0.215726, 0, 1, 0, 0.156798, 0, 0, 1, 0.9, 0, 0, 0, 1
1, 0, 0, 0.216685, 0, 1, 0, 0.157079, 0, 0, 1, 0.9, 0, 0, 0, 1
1, 0, 0, 0.217645, 0, 1, 0, 0.15736, 0, 0, 1, 0.9, 0, 0, 0, 1
1, 0, 0, 0.218605, 0, 1, 0, 0.15764, 0, 0, 1, 0.9, 0, 0, 0, 1
1, 0, 0, 0.219565, 0, 1, 0, 0.157921, 0, 0, 1, 0.9, 0, 0, 0, 1
1, 0, 0, 0.220524, 0, 1, 0, 0.158202, 0, 0, 1, 0.9, 0, 0, 0, 1
1, 0, 0, 0.221484, 0, 1, 0, 0.158483, 0, 0, 1, 0.9, 0, 0, 0, 1
1, 0, 0, 0.222444, 0, 1, 0, 0.158764, 0, 0, 1, 0.9, 0, 0, 0, 1
1, 0, 0, 0.223403, 0, 1, 0, 0.159045, 0, 0, 1, 0.9, 0, 0, 0, 1
1, 0, 0, 0.224363, 0, 1, 0, 0.159326, 0, 0, 1, 0.9, 0, 0, 0, 1
1, 0, 0, 0.225323, 0, 1, 0, 0.159607, 0, 0, 1, 0.9, 0, 0, 0, 1
1, 0, 0, 0.226283, 0, 1, 0, 0.159888, 0, 0, 1, 0.9, 0, 0, 0, 1
1, 0, 0, 0.227242, 0, 1, 0, 0.160169, 0, 0, 1, 0.9, 0, 0, 0, 1
1, 0, 0, 0.228202, 0, 1, 0, 0.160449, 0, 0, 1, 0.9, 0, 0, 0, 1
1, 0, 0, 0.229162, 0, 1, 0, 0.16073, 0, 0, 1, 0.9, 0, 0, 0, 1
1, 0, 0, 0.230122, 0, 1, 0, 0.161011, 0, 0, 1, 0.9, 0, 0, 0, 1
1, 0, 0, 0.231081, 0, 1, 0, 0.161292, 0, 0, 1, 0.9, 0, 0, 0, 1
1, 0, 0, 0.232041, 0, 1, 0, 0.161573, 0, 0, 1, 0.9, 0, 0, 0, 1
1, 0, 0, 0.233001, 0, 1, 0, 0.161854, 0, 0, 1, 0.9, 0, 0, 0, 1
1, 0, 0, 0.233961, 0, 1, 0, 0.162135, 0, 0, 1, 0.9, 0, 0, 0, 1
1, 0, 0, 0.23492, 0, 1, 0, 0.162416, 0, 0, 1, 0.9, 0, 0, 0, 1
1, 0, 0, 0.23588, 0, 1, 0, 0.162697, 0, 0, 1, 0.9, 0, 0, 0, 1
1, 0, 0, 0.23684, 0, 1, 0, 0.162978, 0, 0, 1, 0.9, 0, 0, 0, 1
1, 0, 0, 0.2378, 0, 1, 0, 0.163258, 0, 0, 1, 0.9, 0, 0, 0, 1
1, 0, 0, 0.238759, 0, 1, 0, 0.163539, 0, 0, 1, 0.9, 0, 0, 0, 1
1, 0, 0, 0.239719, 0, 1, 0, 0.16382, 0, 0, 1, 0.9, 0, 0, 0, 1
1, 0, 0, 0.240679, 0, 1, 0, 0.164101, 0, 0, 1, 0.9, 0, 0, 0, 1
1, 0, 0, 0.241639, 0, 1, 0, 0.164382, 0, 0, 1, 0.9, 0, 0, 0, 1
1, 0, 0, 0.242598, 0, 1, 0, 0.164663, 0, 0, 1, 0.9, 0, 0, 0, 1
1, 0, 0, 0.243558, 0, 1, 0, 0.164944, 0, 0, 1, 0.9, 0, 0, 0, 1
1, 0, 0, 0.244518, 0, 1, 0, 0.165225, 0, 0, 1, 0.9, 0, 0, 0, 1
1, 0, 0, 0.245477, 0, 1, 0, 0.165506, 0, 0, 1, 0.9, 0, 0, 0, 1
1, 0, 0, 0.246437, 0, 1, 0, 0.165786, 0, 0, 1, 0.9, 0, 0, 0, 1
1, 0, 0, 0.247397, 0, 1, 0, 0.166067, 0, 0, 1, 0.9, 0, 0, 0, 1
1, 0, 0, 0.248357, 0, 1, 0, 0.166348, 0, 0, 1, 0.9, 0, 0, 0, 1
1, 0, 0, 0.249316, 0, 1, 0, 0.166629, 0, 0, 1, 0.9, 0, 0, 0, 1
1, 0, 0, 0.250276, 0, 1, 0, 0.16691, 0, 0, 1, 0.9, 0, 0, 0, 1
1, 0, 0, 0.251236, 0, 1, 0, 0.167191, 0, 0, 1, 0.9, 0, 0, 0, 1
1, 0, 0, 0.252196, 0, 1, 0, 0.167472, 0, 0, 1, 0.9, 0, 0, 0, 1
1, 0, 0, 0.253155, 0, 1, 0, 0.167753, 0, 0, 1, 0.9, 0, 0, 0, 1
1, 0, 0, 0.254115, 0, 1, 0, 0.168034, 0, 0, 1, 0.9, 0, 0, 0, 1
1, 0, 0, 0.255075, 0, 1, 0, 0.168315, 0, 0, 1, 0.9, 0, 0, 0, 1
1, 0, 0, 0.256035, 0, 1, 0, 0.168595, 0, 0, 1, 0.9, 0, 0, 0, 1
1, 0, 0, 0.256994, 0, 1, 0, 0.168876, 0, 0, 1, 0.9, 0, 0, 0, 1
1, 0, 0, 0.257954, 0, 1, 0, 0.169157, 0, 0, 1, 0.9, 0, 0, 0, 1
1, 0, 0, 0.258914, 0, 1, 0, 0.169438, 0, 0, 1, 0.9, 0, 0, 0, 1
1, 0, 0, 0.259874, 0, 1, 0, 0.169719, 0, 0, 1, 0.9, 0, 0, 0, 1
1, 0, 0, 0.260833, 0, 1, 0, 0.17, 0, 0, 1, 0.9, 0, 0, 0, 1
1, 0, 0, 0.261793, 0, 1, 0, 0.170281, 0, 0, 1, 0.9, 0, 0, 0, 1
1, 0, 0, 0.262753, 0, 1, 0, 0.170562, 0, 0, 1, 0.9, 0, 0, 0, 1
1, 0, 0, 0.263712, 0, 1, 0, 0.170843, 0, 0, 1, 0.9, 0, 0, 0, 1
1, 0, 0, 0.264672, 0, 1, 0, 0.171124, 0, 0, 1, 0.9, 0, 0, 0, 1
1, 0, 0, 0.265632, 0, 1, 0, 0.171404, 0, 0, 1, 0.9, 0, 0, 0, 1
1, 0, 0, 0.266592, 0, 1, 0, 0.171685, 0, 0, 1, 0.9, 0, 0, 0, 1
1, 0, 0, 0.267551, 0, 1, 0, 0.171966, 0, 0, 1, 0.9, 0, 0, 0, 1
1, 0, 0, 0.268511, 0, 1, 0, 0.172247, 0, 0, 1, 0.9, 0, 0, 0, 1
1, 0, 0, 0.269471, 0, 1, 0, 0.172528, 0, 0, 1, 0.9, 0, 0, 0, 1
1, 0, 0, 0.270431, 0, 1, 0, 0.172809, 0, 0, 1, 0.9, 0, 0, 0, 1
1, 0, 0, 0.27139, 0, 1, 0, 0.17309, 0, 0, 1, 0.9, 0, 0, 0, 1
1, 0, 0, 0.27235, 0, 1, 0, 0.173371, 0, 0, 1, 0.9, 0, 0, 0, 1
1, 0, 0, 0.27331, 0, 1, 0, 0.173652, 0, 0, 1, 0.9, 0, 0, 0, 1
1, 0, 0, 0.27427, 0, 1, 0, 0.173933, 0, 0, 1, 0.9, 0, 0, 0, 1
1, 0, 0, 0.275229, 0, 1, 0, 0.174213, 0, 0, 1, 0.9, 0, 0, 0, 1
1, 0, 0, 0.276189, 0, 1, 0, 0.174494, 0, 0, 1, 0.9, 0, 0, 0, 1
1, 0, 0, 0.277149, 0, 1, 0, 0.174775, 0, 0, 1, 0.9, 0, 0, 0, 1
1, 0, 0, 0.278109, 0, 1, 0, 0.175056, 0, 0, 1, 0.9, 0, 0, 0, 1
1, 0, 0, 0.279068, 0, 1, 0, 0.175337, 0, 0, 1, 0.9, 0, 0, 0, 1
1, 0, 0, 0.280028, 0, 1, 0, 0.175618, 0, 0, 1, 0.9, 0, 0, 0, 1
1, 0, 0, 0.280988, 0, 1, 0, 0.175899, 0, 0, 1, 0.9, 0, 0, 0, 1
1, 0, 0, 0.281947, 0, 1, 0, 0.17618, 0, 0, 1, 0.9, 0, 0, 0, 1
1, 0, 0, 0.282907, 0, 1, 0, 0.176461, 0, 0, 1, 0.9, 0, 0, 0, 1
1, 0, 0, 0.283867, 0, 1, 0, 0.176742, 0, 0, 1, 0.9, 0, 0, 0, 1
1, 0, 0, 0.284827, 0, 1, 0, 0.177022, 0, 0, 1, 0.9, 0, 0, 0, 1
1, 0, 0, 0.285786, 0, 1, 0, 0.177303, 0, 0, 1, 0.9, 0, 0, 0, 1
1, 0, 0, 0.286746, 0, 1, 0, 0.177584, 0, 0, 1, 0.9, 0, 0, 0, 1
1, 0, 0, 0.287706, 0, 1, 0, 0.177865, 0, 0, 1, 0.9, 0, 0, 0, 1
1, 0, 0, 0.288666, 0, 1, 0, 0.178146, 0, 0, 1, 0.9, 0, 0, 0, 1
1, 0, 0, 0.289625, 0, 1, 0, 0.178427, 0, 0, 1, 0.9, 0, 0, 0, 1
1, 0, 0, 0.290585, 0, 1, 0, 0.178708, 0, 0, 1, 0.9, 0, 0, 0, 1
1, 0, 0, 0.291545, 0, 1, 0, 0.178989, 0, 0, 1, 0.9, 0, 0, 0, 1
1, 0, 0, 0.292505, 0, 1, 0, 0.17927, 0, 0, 1, 0.9, 0, 0, 0, 1
1, 0, 0, 0.293464, 0, 1, 0, 0.179551, 0, 0, 1, 0.9, 0, 0, 0, 1
1, 0, 0, 0.294424, 0, 1, 0, 0.179831, 0, 0, 1, 0.9, 0, 0, 0, 1
1, 0, 0, 0.295384, 0, 1, 0, 0.180112, 0, 0, 1, 0.9, 0, 0, 0, 1
1, 0, 0, 0.296344, 0, 1, 0, 0.180393, 0, 0, 1, 0.9, 0, 0, 0, 1
1, 0, 0, 0.297303, 0, 1, 0, 0.180674, 0, 0, 1, 0.9, 0, 0, 0, 1
1, 0, 0, 0.298263, 0, 1, 0, 0.180955, 0, 0, 1, 0.9, 0, 0, 0, 1
1, 0, 0, 0.299223, 0, 1, 0, 0.181236, 0, 0, 1, 0.9, 0, 0, 0, 1
1, 0, 0, 0.300182, 0, 1, 0, 0.181517, 0, 0, 1, 0.9, 0, 0, 0, 1
1, 0, 0, 0.301142, 0, 1, 0, 0.181798, 0, 0, 1, 0.9, 0, 0, 0, 1
1, 0, 0, 0.302102, 0, 1, 0, 0.182079, 0, 0, 1, 0.9, 0, 0, 0, 1
1, 0, 0, 0.303062, 0, 1, 0, 0.18236, 0, 0, 1, 0.9, 0, 0, 0, 1
1, 0, 0, 0.304021, 0, 1, 0, 0.18264, 0, 0, 1, 0.9, 0, 0, 0, 1
1, 0, 0, 0.304981, 0, 1, 0, 0.182921, 0, 0, 1, 0.9, 0, 0, 0, 1
1, 0, 0, 0.305941, 0, 1, 0, 0.183202, 0, 0, 1, 0.9, 0, 0, 0, 1
1, 0, 0, 0.306901, 0, 1, 0, 0.183483, 0, 0, 1, 0.9, 0, 0, 0, 1
1, 0, 0, 0.30786, 0, 1, 0, 0.183764, 0, 0, 1, 0.9, 0, 0, 0, 1
1, 0, 0, 0.30882, 0, 1, 0, 0.184045, 0, 0, 1, 0.9, 0, 0, 0, 1
1, 0, 0, 0.30978, 0, 1, 0, 0.184326, 0, 0, 1, 0.9, 0, 0, 0, 1
1, 0, 0, 0.31074, 0, 1, 0, 0.184607, 0, 0, 1, 0.9, 0, 0, 0, 1
1, 0, 0, 0.311699, 0, 1, 0, 0.184888, 0, 0, 1, 0.9, 0, 0, 0, 1
1, 0, 0, 0.312659, 0, 1, 0, 0.185169, 0, 0, 1, 0.9, 0, 0, 0, 1
1, 0, 0, 0.313619, 0, 1, 0, 0.185449, 0, 0, 1, 0.9, 0, 0, 0, 1
1, 0, 0, 0.314579, 0, 1, 0, 0.18573, 0, 0, 1, 0.9, 0, 0, 0, 1
1, 0, 0, 0.315538, 0, 1, 0, 0.186011, 0, 0, 1, 0.9, 0, 0, 0, 1
1, 0, 0, 0.316498, 0, 1, 0, 0.186292, 0, 0, 1, 0.9, 0, 0, 0, 1
1, 0, 0, 0.317458, 0, 1, 0, 0.186573, 0, 0, 1, 0.9, 0, 0, 0, 1
1, 0, 0, 0.318418, 0, 1, 0, 0.186854, 0, 0, 1, 0.9, 0, 0, 0, 1
1, 0, 0, 0.319377, 0, 1, 0, 0.187135, 0, 0, 1, 0.9, 0, 0, 0, 1
1, 0, 0, 0.320337, 0, 1, 0, 0.187416, 0, 0, 1, 0.9, 0, 0, 0, 1
1, 0, 0, 0.321297, 0, 1, 0, 0.187697, 0, 0, 1, 0.9, 0, 0, 0, 1
1, 0, 0, 0.322256, 0, 1, 0, 0.187977, 0, 0, 1, 0.9, 0, 0, 0, 1
1, 0, 0, 0.323216, 0, 1, 0, 0.188258, 0, 0, 1, 0.9, 0, 0, 0, 1
1, 0, 0, 0.324176, 0, 1, 0, 0.188539, 0, 0, 1, 0.9, 0, 0, 0, 1
1, 0, 0, 0.325136, 0, 1, 0, 0.18882, 0, 0, 1, 0.9, 0, 0, 0, 1
1, 0, 0, 0.326095, 0, 1, 0, 0.189101, 0, 0, 1, 0.9, 0, 0, 0, 1
1, 0, 0, 0.327055, 0, 1, 0, 0.189382, 0, 0, 1, 0.9, 0, 0, 0, 1
1, 0, 0, 0.328015, 0, 1, 0, 0.189663, 0, 0, 1, 0.9, 0, 0, 0, 1
1, 0, 0, 0.328975, 0, 1, 0, 0.189944, 0, 0, 1, 0.9, 0, 0, 0, 1
1, 0, 0, 0.329934, 0, 1, 0, 0.190225, 0, 0, 1, 0.9, 0, 0, 0, 1
1, 0, 0, 0.330894, 0, 1, 0, 0.190506, 0, 0, 1, 0.9, 0, 0, 0, 1
1, 0, 0, 0.331854, 0, 1, 0, 0.190786, 0, 0, 1, 0.9, 0, 0, 0, 1
1, 0, 0, 0.332814, 0, 1, 0, 0.191067, 0, 0, 1, 0.9, 0, 0, 0, 1
1, 0, 0, 0.333773, 0, 1, 0, 0.191348, 0, 0, 1, 0.9, 0, 0, 0, 1
1, 0, 0, 0.334733, 0, 1, 0, 0.191629, 0, 0, 1, 0.9, 0, 0, 0, 1
1, 0, 0, 0.335693, 0, 1, 0, 0.19191, 0, 0, 1, 0.9, 0, 0, 0, 1
1, 0, 0, 0.336653, 0, 1, 0, 0.192191, 0, 0, 1, 0.9, 0, 0, 0, 1
1, 0, 0, 0.337612, 0, 1, 0, 0.192472, 0, 0, 1, 0.9, 0, 0, 0, 1
1, 0, 0, 0.338572, 0, 1, 0, 0.192753, 0, 0, 1, 0.9, 0, 0, 0, 1
1, 0, 0, 0.339532, 0, 1, 0, 0.193034, 0, 0, 1, 0.9, 0, 0, 0, 1
1, 0, 0, 0.340491, 0, 1, 0, 0.193315, 0, 0, 1, 0.9, 0, 0, 0, 1
1, 0, 0, 0.341451, 0, 1, 0, 0.193595, 0, 0, 1, 0.9, 0, 0, 0, 1
1, 0, 0, 0.342411, 0, 1, 0, 0.193876, 0, 0, 1, 0.9, 0, 0, 0, 1
1, 0, 0, 0.343371, 0, 1, 0, 0.194157, 0, 0, 1, 0.9, 0, 0, 0, 1
1, 0, 0, 0.34433, 0, 1, 0, 0.194438, 0, 0, 1, 0.9, 0, 0, 0, 1
1, 0, 0, 0.34529, 0, 1, 0, 0.194719, 0, 0, 1, 0.9, 0, 0, 0, 1
1, 0, 0, 0.34625, 0, 1, 0, 0.195, 0, 0, 1, 0.9, 0, 0, 0, 1
1, 0, 0, 0.34721, 0, 1, 0, 0.195281, 0, 0, 1, 0.9, 0, 0, 0, 1
1, 0, 0, 0.348169, 0, 1, 0, 0.195562, 0, 0, 1, 0.9, 0, 0, 0, 1
1, 0, 0, 0.349129, 0, 1, 0, 0.195843, 0, 0, 1, 0.9, 0, 0, 0, 1
1, 0, 0, 0.350089, 0, 1, 0, 0.196124, 0, 0, 1, 0.9, 0, 0, 0, 1
1, 0, 0, 0.351049, 0, 1, 0, 0.196404, 0, 0, 1, 0.9, 0, 0, 0, 1
1, 0, 0, 0.352008, 0, 1, 0, 0.196685, 0, 0, 1, 0.9, 0, 0, 0, 1
1, 0, 0, 0.352968, 0, 1, 0, 0.196966, 0, 0, 1, 0.9, 0, 0, 0, 1
1, 0, 0, 0.353928, 0, 1, 0, 0.197247, 0, 0, 1, 0.9, 0, 0, 0, 1
1, 0, 0, 0.354888, 0, 1, 0, 0.197528, 0, 0, 1, 0.9, 0, 0, 0, 1
1, 0, 0, 0.355847, 0, 1, 0, 0.197809, 0, 0, 1, 0.9, 0, 0, 0, 1
1, 0, 0, 0.356807, 0, 1, 0, 0.19809, 0, 0, 1, 0.9, 0, 0, 0, 1
1, 0, 0, 0.357767, 0, 1, 0, 0.198371, 0, 0, 1, 0.9, 0, 0, 0, 1
1, 0, 0, 0.358726, 0, 1, 0, 0.198652, 0, 0, 1, 0.9, 0, 0, 0, 1
1, 0, 0, 0.359686, 0, 1, 0, 0.198933, 0, 0, 1, 0.9, 0, 0, 0, 1
1, 0, 0, 0.360646, 0, 1, 0, 0.199213, 0, 0, 1, 0.9, 0, 0, 0, 1
1, 0, 0, 0.361606, 0, 1, 0, 0.199494, 0, 0, 1, 0.9, 0, 0, 0, 1
1, 0, 0, 0.362565, 0, 1, 0, 0.199775, 0, 0, 1, 0.9, 0, 0, 0, 1
1, 0, 0, 0.363525, 0, 1, 0, 0.200056, 0, 0, 1, 0.9, 0, 0, 0, 1
1, 0, 0, 0.364485, 0, 1, 0, 0.200337, 0, 0, 1, 0.9, 0, 0, 0, 1
1, 0, 0, 0.365445, 0, 1, 0, 0.200618, 0, 0, 1, 0.9, 0, 0, 0, 1
1, 0, 0, 0.366404, 0, 1, 0, 0.200899, 0, 0, 1, 0.9, 0, 0, 0, 1
1, 0, 0, 0.367364, 0, 1, 0, 0.20118, 0, 0, 1, 0.9, 0, 0, 0, 1
1, 0, 0, 0.368324, 0, 1, 0, 0.201461, 0, 0, 1, 0.9, 0, 0, 0, 1
1, 0, 0, 0.369284, 0, 1, 0, 0.201742, 0, 0, 1, 0.9, 0, 0, 0, 1
1, 0, 0, 0.370243, 0, 1, 0, 0.202022, 0, 0, 1, 0.9, 0, 0, 0, 1
1, 0, 0, 0.371203, 0, 1, 0, 0.202303, 0, 0, 1, 0.9, 0, 0, 0, 1
1, 0, 0, 0.372163, 0, 1, 0, 0.202584, 0, 0, 1, 0.9, 0, 0, 0, 1
1, 0, 0, 0.373123, 0, 1, 0, 0.202865, 0, 0, 1, 0.9, 0, 0, 0, 1
1, 0, 0, 0.374082, 0, 1, 0, 0.203146, 0, 0, 1, 0.9, 0, 0, 0, 1
1, 0, 0, 0.375042, 0, 1, 0, 0.203427, 0, 0, 1, 0.9, 0, 0, 0, 1
1, 0, 0, 0.37581, 0, 0.999999, -0.00144629, 0.203651, 0, 0.00144629, 0.999999, 0.899997, 0, 0, 0, 1
1, 0, 0, 0.376505, 0, 0.999994, -0.00344629, 0.203851, 0, 0.00344629, 0.999994, 0.899985, 0, 0, 0, 1
1, 0, 0, 0.377201, 0, 0.999985, -0.00544627, 0.204049, 0, 0.00544627, 0.999985, 0.899962, 0, 0, 0, 1
1, 0, 0, 0.377897, 0, 0.999972, -0.00744623, 0.204245, 0, 0.00744623, 0.999972, 0.899929, 0, 0, 0, 1
1, 0, 0, 0.378593, 0, 0.999955, -0.00944615, 0.204438, 0, 0.00944615, 0.999955, 0.899886, 0, 0, 0, 1
1, 0, 0, 0.379289, 0, 0.999934, -0.011446, 0.204628, 0, 0.011446, 0.999934, 0.899833, 0, 0, 0, 1
1, 0, 0, 0.379985, 0, 0.99991, -0.0134459, 0.204816, 0, 0.0134459, 0.99991, 0.89977, 0, 0, 0, 1
1, 0, 0, 0.38068, 0, 0.999881, -0.0154457, 0.205001, 0, 0.0154457, 0.999881, 0.899697, 0, 0, 0, 1
1, 0, 0, 0.381375, 0, 0.999848, -0.0174454, 0.205184, 0, 0.0174454, 0.999848, 0.899613, 0, 0, 0, 1
1, 0, 0, 0.38207, 0, 0.999811, -0.0194451, 0.205364, 0, 0.0194451, 0.999811, 0.899519, 0, 0, 0, 1
1, 0, 0, 0.382764, 0, 0.99977, -0.0214447, 0.205541, 0, 0.0214447, 0.99977, 0.899416, 0, 0, 0, 1
1, 0, 0, 0.383457, 0, 0.999725, -0.0234441, 0.205715, 0, 0.0234441, 0.999725, 0.899302, 0, 0, 0, 1
1, 0, 0, 0.384149, 0, 0.999676, -0.0254435, 0.205887, 0, 0.0254435, 0.999676, 0.899178, 0, 0, 0, 1
1, 0, 0, 0.38484, 0, 0.999623, -0.0274428, 0.206056, 0, 0.0274428, 0.999623, 0.899044, 0, 0, 0, 1
1, 0, 0, 0.385529, 0, 0.999566, -0.029442, 0.206221, 0, 0.029442, 0.999566, 0.898901, 0, 0, 0, 1
1, 0, 0, 0.386217, 0, 0.999506, -0.0314411, 0.206384, 0, 0.0314411, 0.999506, 0.898747, 0, 0, 0, 1
1, 0, 0, 0.386903, 0, 0.999441, -0.0334401, 0.206544, 0, 0.0334401, 0.999441, 0.898583, 0, 0, 0, 1
1, 0, 0, 0.387588, 0, 0.999372, -0.0354389, 0.206701, 0, 0.0354389, 0.999372, 0.89841, 0, 0, 0, 1
1, 0, 0, 0.388271, 0, 0.999299, -0.0374375, 0.206855, 0, 0.0374375, 0.999299, 0.898226, 0, 0, 0, 1
1, 0, 0, 0.388952, 0, 0.999222, -0.0394361, 0.207006, 0, 0.0394361, 0.999222, 0.898033, 0, 0, 0, 1
1, 0, 0, 0.38963, 0, 0.999141, -0.0414344, 0.207154, 0, 0.0414344, 0.999141, 0.89783, 0, 0, 0, 1
1, 0, 0, 0.390306, 0, 0.999056, -0.0434326, 0.207299, 0, 0.0434326, 0.999056, 0.897617, 0, 0, 0, 1
1, 0, 0, 0.39098, 0, 0.998967, -0.0454307, 0.207441, 0, 0.0454307, 0.998967, 0.897395, 0, 0, 0, 1
1, 0, 0, 0.391652, 0, 0.998875, -0.0474285, 0.207579, 0, 0.0474285, 0.998875, 0.897163, 0, 0, 0, 1
1, 0, 0, 0.39232, 0, 0.998778, -0.0494261, 0.207714, 0, 0.0494261, 0.998778, 0.896921, 0, 0, 0, 1
1, 0, 0, 0.392986, 0, 0.998677, -0.0514236, 0.207846, 0, 0.0514236, 0.998677, 0.89667, 0, 0, 0, 1
1, 0, 0, 0.393648, 0, 0.998572, -0.0534209, 0.207975, 0, 0.0534209, 0.998572, 0.896409, 0, 0, 0, 1
1, 0, 0, 0.394308, 0, 0.998463, -0.0554179, 0.2081, 0, 0.0554179, 0.998463, 0.896139, 0, 0, 0, 1
1, 0, 0, 0.394964, 0, 0.99835, -0.0574147, 0.208223, 0, 0.0574147, 0.99835, 0.89586, 0, 0, 0, 1
1, 0, 0, 0.395617, 0, 0.998234, -0.0594113, 0.208342, 0, 0.0594113, 0.998234, 0.895571, 0, 0, 0, 1
1, 0, 0, 0.396266, 0, 0.998113, -0.0614076, 0.208457, 0, 0.0614076, 0.998113, 0.895273, 0, 0, 0, 1
1, 0, 0, 0.396911, 0, 0.997988, -0.0634037, 0.208569, 0, 0.0634037, 0.997988, 0.894966, 0, 0, 0, 1
1, 0, 0, 0.397553, 0, 0.997859, -0.0653996, 0.208678, 0, 0.0653996, 0.997859, 0.89465, 0, 0, 0, 1
1, 0, 0, 0.39819, 0, 0.997726, -0.0673952, 0.208783, 0, 0.0673952, 0.997726, 0.894324, 0, 0, 0, 1
1, 0, 0, 0.398824, 0, 0.99759, -0.0693905, 0.208885, 0, 0.0693905, 0.99759, 0.89399, 0, 0, 0, 1
1, 0, 0, 0.399453, 0, 0.997449, -0.0713855, 0.208983, 0, 0.0713855, 0.997449, 0.893646, 0, 0, 0, 1
1, 0, 0, 0.400078, 0, 0.997304, -0.0733803, 0.209078, 0, 0.0733803, 0.997304, 0.893294, 0, 0, 0, 1
1, 0, 0, 0.400699, 0, 0.997155, -0.0753747, 0.209169, 0, 0.0753747, 0.997155, 0.892933, 0, 0, 0, 1
1, 0, 0, 0.401314, 0, 0.997003, -0.0773689, 0.209257, 0, 0.0773689, 0.997003, 0.892564, 0, 0, 0, 1
1, 0, 0, 0.401925, 0, 0.996846, -0.0793627, 0.209342, 0, 0.0793627, 0.996846, 0.892185, 0, 0, 0, 1
1, 0, 0, 0.402532, 0, 0.996685, -0.0813563, 0.209422, 0, 0.0813563, 0.996685, 0.891799, 0, 0, 0, 1
1, 0, 0, 0.403133, 0, 0.99652, -0.0833495, 0.209499, 0, 0.0833495, 0.99652, 0.891403, 0, 0, 0, 1
1, 0, 0, 0.403729, 0, 0.996352, -0.0853424, 0.209573, 0, 0.0853424, 0.996352, 0.891, 0, 0, 0, 1
1, 0, 0, 0.404319, 0, 0.996179, -0.0873349, 0.209643, 0, 0.0873349, 0.996179, 0.890588, 0, 0, 0, 1
1, 0, 0, 0.404905, 0, 0.996002, -0.0893271, 0.209709, 0, 0.0893271, 0.996002, 0.890168, 0, 0, 0, 1
1, 0, 0, 0.405485, 0, 0.995822, -0.0913189, 0.209772, 0, 0.0913189, 0.995822, 0.889739, 0, 0, 0, 1
1, 0, 0, 0.406059, 0, 0.995637, -0.0933104, 0.209831, 0, 0.0933104, 0.995637, 0.889303, 0, 0, 0, 1
1, 0, 0, 0.406627, 0, 0.995448, -0.0953014, 0.209886, 0, 0.0953014, 0.995448, 0.888859, 0, 0, 0, 1
1, 0, 0, 0.40719, 0, 0.995256, -0.0972921, 0.209938, 0, 0.0972921, 0.995256, 0.888407, 0, 0, 0, 1
1, 0, 0, 0.407746, 0, 0.995059, -0.0992825, 0.209986, 0, 0.0992825, 0.995059, 0.887947, 0, 0, 0, 1
1, 0, 0, 0.408297, 0, 0.994859, -0.101272, 0.21003, 0, 0.101272, 0.994859, 0.887479, 0, 0, 0, 1
1, 0, 0, 0.408841, 0, 0.994654, -0.103262, 0.21007, 0, 0.103262, 0.994654, 0.887004, 0, 0, 0, 1
1, 0, 0, 0.409379, 0, 0.994446, -0.105251, 0.210107, 0, 0.105251, 0.994446, 0.886521, 0, 0, 0, 1
1, 0, 0, 0.40991, 0, 0.994233, -0.10724, 0.21014, 0, 0.10724, 0.994233, 0.886032, 0, 0, 0, 1
1, 0, 0, 0.410435, 0, 0.994017, -0.109228, 0.21017, 0, 0.109228, 0.994017, 0.885534, 0, 0, 0, 1
1, 0, 0, 0.410953, 0, 0.993796, -0.111216, 0.210195, 0, 0.111216, 0.993796, 0.88503, 0, 0, 0, 1
1, 0, 0, 0.411465, 0, 0.993572, -0.113203, 0.210217, 0, 0.113203, 0.993572, 0.884519, 0, 0, 0, 1
1, 0, 0, 0.411969, 0, 0.993343, -0.11519, 0.210235, 0, 0.11519, 0.993343, 0.884, 0, 0, 0, 1
1, 0, 0, 0.412467, 0, 0.993111, -0.117176, 0.210249, 0, 0.117176, 0.993111, 0.883475, 0, 0, 0, 1
1, 0, 0, 0.412957, 0, 0.992875, -0.119162, 0.21026, 0, 0.119162, 0.992875, 0.882943, 0, 0, 0, 1
1, 0, 0, 0.413441, 0, 0.992634, -0.121148, 0.210267, 0, 0.121148, 0.992634, 0.882405, 0, 0, 0, 1
1, 0, 0, 0.413917, 0, 0.99239, -0.123133, 0.21027, 0, 0.123133, 0.99239, 0.88186, 0, 0, 0, 1
1, 0, 0, 0.414385, 0, 0.992142, -0.125118, 0.210269, 0, 0.125118, 0.992142, 0.881309, 0, 0, 0, 1
1, 0, 0, 0.414846, 0, 0.99189, -0.127102, 0.210265, 0, 0.127102, 0.99189, 0.880751, 0, 0, 0, 1
1, 0, 0, 0.4153, 0, 0.991634, -0.129085, 0.210257, 0, 0.129085, 0.991634, 0.880187, 0, 0, 0, 1
1, 0, 0, 0.415746, 0, 0.991373, -0.131068, 0.210245, 0, 0.131068, 0.991373, 0.879617, 0, 0, 0, 1
1, 0, 0, 0.416184, 0, 0.991109, -0.133051, 0.210229, 0, 0.133051, 0.991109, 0.879042, 0, 0, 0, 1
1, 0, 0, 0.416614, 0, 0.990841, -0.135033, 0.210209, 0, 0.135033, 0.990841, 0.87846, 0, 0, 0, 1
1, 0, 0, 0.417036, 0, 0.990569, -0.137014, 0.210186, 0, 0.137014, 0.990569, 0.877873, 0, 0, 0, 1
1, 0, 0, 0.41745, 0, 0.990293, -0.138995, 0.210159, 0, 0.138995, 0.990293, 0.87728, 0, 0, 0, 1
1, 0, 0, 0.417856, 0, 0.990013, -0.140975, 0.210128, 0, 0.140975, 0.990013, 0.876682, 0, 0, 0, 1
1, 0, 0, 0.418254, 0, 0.989729, -0.142955, 0.210094, 0, 0.142955, 0.989729, 0.876079, 0, 0, 0, 1
1, 0, 0, 0.418643, 0, 0.989441, -0.144934, 0.210056, 0, 0.144934, 0.989441, 0.87547, 0, 0, 0, 1
1, 0, 0, 0.419024, 0, 0.989149, -0.146913, 0.210014, 0, 0.146913, 0.989149, 0.874856, 0, 0, 0, 1
1, 0, 0, 0.419397, 0, 0.988854, -0.148891, 0.209968, 0, 0.148891, 0.988854, 0.874238, 0, 0, 0, 1
1, 0, 0, 0.419761, 0, 0.988554, -0.150868, 0.209919, 0, 0.150868, 0.988554, 0.873614, 0, 0, 0, 1
1, 0, 0, 0.420116, 0, 0.98825, -0.152845, 0.209866, 0, 0.152845, 0.98825, 0.872986, 0, 0, 0, 1
1, 0, 0, 0.420463, 0, 0.987943, -0.154821, 0.209809, 0, 0.154821, 0.987943, 0.872354, 0, 0, 0, 1
1, 0, 0, 0.420801, 0, 0.987631, -0.156797, 0.209749, 0, 0.156797, 0.987631, 0.871717, 0, 0, 0, 1
1, 0, 0, 0.42113, 0, 0.987315, -0.158772, 0.209685, 0, 0.158772, 0.987315, 0.871076, 0, 0, 0, 1
1, 0, 0, 0.42145, 0, 0.986996, -0.160746, 0.209618, 0, 0.160746, 0.986996, 0.87043, 0, 0, 0, 1
1, 0, 0, 0.421762, 0, 0.986672, -0.16272, 0.209546, 0, 0.16272, 0.986672, 0.869781, 0, 0, 0, 1
1, 0, 0, 0.422064, 0, 0.986345, -0.164693, 0.209471, 0, 0.164693, 0.986345, 0.869128, 0, 0, 0, 1
1, 0, 0, 0.422357, 0, 0.986014, -0.166665, 0.209393, 0, 0.166665, 0.986014, 0.868471, 0, 0, 0, 1
1, 0, 0, 0.422641, 0, 0.985678, -0.168637, 0.209311, 0, 0.168637, 0.985678, 0.867811, 0, 0, 0, 1
1, 0, 0, 0.422916, 0, 0.985339, -0.170608, 0.209225, 0, 0.170608, 0.985339, 0.867147, 0, 0, 0, 1
1, 0, 0, 0.423181, 0, 0.984996, -0.172578, 0.209136, 0, 0.172578, 0.984996, 0.866479, 0, 0, 0, 1
1, 0, 0, 0.423437, 0, 0.984649, -0.174548, 0.209044, 0, 0.174548, 0.984649, 0.865809, 0, 0, 0, 1
1, 0, 0, 0.423684, 0, 0.984298, -0.176517, 0.208947, 0, 0.176517, 0.984298, 0.865136, 0, 0, 0, 1
1, 0, 0, 0.423921, 0, 0.983943, -0.178485, 0.208848, 0, 0.178485, 0.983943, 0.864459, 0, 0, 0, 1
1, 0, 0, 0.424149, 0, 0.983584, -0.180452, 0.208745, 0, 0.180452, 0.983584, 0.86378, 0, 0, 0, 1
1, 0, 0, 0.424367, 0, 0.983221, -0.182419, 0.208638, 0, 0.182419, 0.983221, 0.863099, 0, 0, 0, 1
1, 0, 0, 0.424575, 0, 0.982854, -0.184385, 0.208528, 0, 0.184385, 0.982854, 0.862415, 0, 0, 0, 1
1, 0, 0, 0.424774, 0, 0.982483, -0.186351, 0.208415, 0, 0.186351, 0.982483, 0.861728, 0, 0, 0, 1
1, 0, 0, 0.424964, 0, 0.982109, -0.188315, 0.208298, 0, 0.188315, 0.982109, 0.86104, 0, 0, 0, 1
1, 0, 0, 0.425143, 0, 0.98173, -0.190279, 0.208178, 0, 0.190279, 0.98173, 0.860349, 0, 0, 0, 1
1, 0, 0, 0.425313, 0, 0.981348, -0.192242, 0.208055, 0, 0.192242, 0.981348, 0.859657, 0, 0, 0, 1
1, 0, 0, 0.425473, 0, 0.980961, -0.194204, 0.207928, 0, 0.194204, 0.980961, 0.858963, 0, 0, 0, 1
1, 0, 0, 0.425623, 0, 0.980571, -0.196166, 0.207798, 0, 0.196166, 0.980571, 0.858267, 0, 0, 0, 1
1, 0, 0, 0.425764, 0, 0.980176, -0.198127, 0.207665, 0, 0.198127, 0.980176, 0.85757, 0, 0, 0, 1
1, 0, 0, 0.425894, 0, 0.979778, -0.200087, 0.207528, 0, 0.200087, 0.979778, 0.856871, 0, 0, 0, 1
1, 0, 0, 0.426015, 0, 0.979376, -0.202046, 0.207389, 0, 0.202046, 0.979376, 0.856172, 0, 0, 0, 1
1, 0, 0, 0.426126, 0, 0.97897, -0.204004, 0.207246, 0, 0.204004, 0.97897, 0.855471, 0, 0, 0, 1
1, 0, 0, 0.426226, 0, 0.97856, -0.205962, 0.2071, 0, 0.205962, 0.97856, 0.854769, 0, 0, 0, 1
1, 0, 0, 0.426317, 0, 0.978146, -0.207918, 0.206951, 0, 0.207918, 0.978146, 0.854067, 0, 0, 0, 1
1, 0, 0, 0.426398, 0, 0.977728, -0.209874, 0.206799, 0, 0.209874, 0.977728, 0.853364, 0, 0, 0, 1
1, 0, 0, 0.426468, 0, 0.977307, -0.211829, 0.206644, 0, 0.211829, 0.977307, 0.852661, 0, 0, 0, 1
1, 0, 0, 0.426529, 0, 0.976881, -0.213783, 0.206486, 0, 0.213783, 0.976881, 0.851958, 0, 0, 0, 1
1, 0, 0, 0.42658, 0, 0.976452, -0.215737, 0.206325, 0, 0.215737, 0.976452, 0.851254, 0, 0, 0, 1
1, 0, 0, 0.42662, 0, 0.976018, -0.217689, 0.206161, 0, 0.217689, 0.976018, 0.850551, 0, 0, 0, 1
1, 0, 0, 0.426651, 0, 0.975581, -0.219641, 0.205994, 0, 0.219641, 0.975581, 0.849847, 0, 0, 0, 1
1, 0, 0, 0.426671, 0, 0.97514, -0.221592, 0.205824, 0, 0.221592, 0.97514, 0.849144, 0, 0, 0, 1
1, 0, 0, 0.426682, 0, 0.974694, -0.223541, 0.205651, 0, 0.223541, 0.974694, 0.848441, 0, 0, 0, 1
1, 0, 0, 0.426682, 0, 0.974245, -0.22549, 0.205476, 0, 0.22549, 0.974245, 0.847739, 0, 0, 0, 1
1, 0, 0, 0.426672, 0, 0.973792, -0.227438, 0.205298, 0, 0.227438, 0.973792, 0.847038, 0, 0, 0, 1
1, 0, 0, 0.426653, 0, 0.973336, -0.229385, 0.205117, 0, 0.229385, 0.973336, 0.846338, 0, 0, 0, 1
1, 0, 0, 0.426623, 0, 0.972875, -0.231332, 0.204933, 0, 0.231332, 0.972875, 0.845639, 0, 0, 0, 1
1, 0, 0, 0.426583, 0, 0.97241, -0.233277, 0.204747, 0, 0.233277, 0.97241, 0.844941, 0, 0, 0, 1
1, 0, 0, 0.426533, 0, 0.971942, -0.235221, 0.204558, 0, 0.235221, 0.971942, 0.844244, 0, 0, 0, 1
1, 0, 0, 0.426473, 0, 0.971469, -0.237165, 0.204367, 0, 0.237165, 0.971469, 0.843549, 0, 0, 0, 1
1, 0, 0, 0.426403, 0, 0.970993, -0.239107, 0.204173, 0, 0.239107, 0.970993, 0.842855, 0, 0, 0, 1
1, 0, 0, 0.426323, 0, 0.970513, -0.241049, 0.203977, 0, 0.241049, 0.970513, 0.842163, 0, 0, 0, 1
1, 0, 0, 0.426232, 0, 0.970029, -0.242989, 0.203778, 0, 0.242989, 0.970029, 0.841474, 0, 0, 0, 1
1, 0, 0, 0.426132, 0, 0.969541, -0.244929, 0.203577, 0, 0.244929, 0.969541, 0.840786, 0, 0, 0, 1
1, 0, 0, 0.426022, 0, 0.969049, -0.246867, 0.203373, 0, 0.246867, 0.969049, 0.8401, 0, 0, 0, 1
1, 0, 0, 0.425902, 0, 0.968554, -0.248805, 0.203167, 0, 0.248805, 0.968554, 0.839417, 0, 0, 0, 1
1, 0, 0, 0.425773, 0, 0.968054, -0.250742, 0.202959, 0, 0.250742, 0.968054, 0.838736, 0, 0, 0, 1
1, 0, 0, 0.425633, 0, 0.967551, -0.252677, 0.202749, 0, 0.252677, 0.967551, 0.838058, 0, 0, 0, 1
1, 0, 0, 0.425483, 0, 0.967043, -0.254612, 0.202536, 0, 0.254612, 0.967043, 0.837383, 0, 0, 0, 1
1, 0, 0, 0.425324, 0, 0.966532, -0.256545, 0.202321, 0, 0.256545, 0.966532, 0.836711, 0, 0, 0, 1
1, 0, 0, 0.425155, 0, 0.966017, -0.258478, 0.202104, 0, 0.258478, 0.966017, 0.836041, 0, 0, 0, 1
1, 0, 0, 0.424976, 0, 0.965498, -0.260409, 0.201886, 0, 0.260409, 0.965498, 0.835375, 0, 0, 0, 1
1, 0, 0, 0.424787, 0, 0.964976, -0.26234, 0.201665, 0, 0.26234, 0.964976, 0.834713, 0, 0, 0, 1
1, 0, 0, 0.424589, 0, 0.964449, -0.264269, 0.201442, 0, 0.264269, 0.964449, 0.834053, 0, 0, 0, 1
1, 0, 0, 0.424381, 0, 0.963918, -0.266198, 0.201217, 0, 0.266198, 0.963918, 0.833398, 0, 0, 0, 1
1, 0, 0, 0.424163, 0, 0.963384, -0.268125, 0.20099, 0, 0.268125, 0.963384, 0.832746, 0, 0, 0, 1
1, 0, 0, 0.423936, 0, 0.962846, -0.270051, 0.200762, 0, 0.270051, 0.962846, 0.832098, 0, 0, 0, 1
1, 0, 0, 0.423699, 0, 0.962304, -0.271976, 0.200532, 0, 0.271976, 0.962304, 0.831454, 0, 0, 0, 1
1, 0, 0, 0.423453, 0, 0.961758, -0.2739, 0.2003, 0, 0.2739, 0.961758, 0.830815, 0, 0, 0, 1
1, 0, 0, 0.423198, 0, 0.961208, -0.275823, 0.200066, 0, 0.275823, 0.961208, 0.830179, 0, 0, 0, 1
1, 0, 0, 0.422933, 0, 0.960655, -0.277745, 0.199831, 0, 0.277745, 0.960655, 0.829548, 0, 0, 0, 1
1, 0, 0, 0.422659, 0, 0.960097, -0.279666, 0.199594, 0, 0.279666, 0.960097, 0.828922, 0, 0, 0, 1
1, 0, 0, 0.422376, 0, 0.959536, -0.281586, 0.199356, 0, 0.281586, 0.959536, 0.8283, 0, 0, 0, 1
1, 0, 0, 0.422083, 0, 0.958971, -0.283504, 0.199116, 0, 0.283504, 0.958971, 0.827683, 0, 0, 0, 1
1, 0, 0, 0.421782, 0, 0.958402, -0.285422, 0.198875, 0, 0.285422, 0.958402, 0.827071, 0, 0, 0, 1
1, 0, 0, 0.421471, 0, 0.957829, -0.287338, 0.198632, 0, 0.287338, 0.957829, 0.826465, 0, 0, 0, 1
1, 0, 0, 0.421151, 0, 0.957253, -0.289253, 0.198388, 0, 0.289253, 0.957253, 0.825863, 0, 0, 0, 1
1, 0, 0, 0.420823, 0, 0.956672, -0.291167, 0.198143, 0, 0.291167, 0.956672, 0.825267, 0, 0, 0, 1
1, 0, 0, 0.420485, 0, 0.956088, -0.29308, 0.197896, 0, 0.29308, 0.956088, 0.824676, 0, 0, 0, 1
1, 0, 0, 0.420139, 0, 0.9555, -0.294991, 0.197649, 0, 0.294991, 0.9555, 0.824091, 0, 0, 0, 1
1, 0, 0, 0.419784, 0, 0.954908, -0.296902, 0.1974, 0, 0.296902, 0.954908, 0.823512, 0, 0, 0, 1
1, 0, 0, 0.419421, 0, 0.954312, -0.298811, 0.19715, 0, 0.298811, 0.954312, 0.822938, 0, 0, 0, 1
1, 0, 0, 0.419049, 0, 0.953713, -0.300719, 0.1969, 0, 0.300719, 0.953713, 0.82237, 0, 0, 0, 1
1, 0, 0, 0.418668, 0, 0.953109, -0.302626, 0.196648, 0, 0.302626, 0.953109, 0.821809, 0, 0, 0, 1
1, 0, 0, 0.41828, 0, 0.952502, -0.304531, 0.196395, 0, 0.304531, 0.952502, 0.821253, 0, 0, 0, 1
1, 0, 0, 0.417882, 0, 0.951891, -0.306436, 0.196142, 0, 0.306436, 0.951891, 0.820704, 0, 0, 0, 1
1, 0, 0, 0.417477, 0, 0.951277, -0.308339, 0.195887, 0, 0.308339, 0.951277, 0.820162, 0, 0, 0, 1
1, 0, 0, 0.417063, 0, 0.950658, -0.310241, 0.195632, 0, 0.310241, 0.950658, 0.819625, 0, 0, 0, 1
1, 0, 0, 0.416642, 0, 0.950036, -0.312141, 0.195376, 0, 0.312141, 0.950036, 0.819096, 0, 0, 0, 1
1, 0, 0, 0.416212, 0, 0.949409, -0.314041, 0.19512, 0, 0.314041, 0.949409, 0.818573, 0, 0, 0, 1
1, 0, 0, 0.415774, 0, 0.948779, -0.315939, 0.194863, 0, 0.315939, 0.948779, 0.818057, 0, 0, 0, 1
1, 0, 0, 0.415329, 0, 0.948146, -0.317836, 0.194605, 0, 0.317836, 0.948146, 0.817549, 0, 0, 0, 1
1, 0, 0, 0.414876, 0, 0.947508, -0.319732, 0.194347, 0, 0.319732, 0.947508, 0.817047, 0, 0, 0, 1
1, 0, 0, 0.414416, 0, 0.946867, -0.321626, 0.194089, 0, 0.321626, 0.946867, 0.816552, 0, 0, 0, 1
1, 0, 0, 0.413948, 0, 0.946222, -0.323519, 0.19383, 0, 0.323519, 0.946222, 0.816065, 0, 0, 0, 1
1, 0, 0, 0.413472, 0, 0.945573, -0.325411, 0.193571, 0, 0.325411, 0.945573, 0.815585, 0, 0, 0, 1
1, 0, 0, 0.412974, 0, 0.94492, -0.327301, 0.193303, 0, 0.327301, 0.94492, 0.815097, 0, 0, 0, 1
1, 0, 0, 0.412452, 0, 0.944263, -0.329191, 0.193023, 0, 0.329191, 0.944263, 0.814588, 0, 0, 0, 1
1, 0, 0, 0.41193, 0, 0.943603, -0.331078, 0.192743, 0, 0.331078, 0.943603, 0.814078, 0, 0, 0, 1
1, 0, 0, 0.411408, 0, 0.942939, -0.332965, 0.192463, 0, 0.332965, 0.942939, 0.813569, 0, 0, 0, 1
1, 0, 0, 0.410886, 0, 0.942271, -0.33485, 0.192183, 0, 0.33485, 0.942271, 0.81306, 0, 0, 0, 1
1, 0, 0, 0.410365, 0, 0.9416, -0.336734, 0.191903, 0, 0.336734, 0.9416, 0.812551, 0, 0, 0, 1
1, 0, 0, 0.409843, 0, 0.940924, -0.338617, 0.191623, 0, 0.338617, 0.940924, 0.812042, 0, 0, 0, 1
1, 0, 0, 0.409321, 0, 0.940245, -0.340498, 0.191343, 0, 0.340498, 0.940245, 0.811532, 0, 0, 0, 1
1, 0, 0, 0.408799, 0, 0.939562, -0.342378, 0.191063, 0, 0.342378, 0.939562, 0.811023, 0, 0, 0, 1
1, 0, 0, 0.408277, 0, 0.938876, -0.344256, 0.190783, 0, 0.344256, 0.938876, 0.810514, 0, 0, 0, 1
1, 0, 0, 0.407755, 0, 0.938185, -0.346133, 0.190503, 0, 0.346133, 0.938185, 0.810005, 0, 0, 0, 1
1, 0, 0, 0.407233, 0, 0.937491, -0.348009, 0.190223, 0, 0.348009, 0.937491, 0.809496, 0, 0, 0, 1
1, 0, 0, 0.406711, 0, 0.936793, -0.349883, 0.189943, 0, 0.349883, 0.936793, 0.808986, 0, 0, 0, 1
1, 0, 0, 0.406189, 0, 0.936092, -0.351756, 0.189662, 0, 0.351756, 0.936092, 0.808477, 0, 0, 0, 1
1, 0, 0, 0.405667, 0, 0.935386, -0.353627, 0.189382, 0, 0.353627, 0.935386, 0.807968, 0, 0, 0, 1
1, 0, 0, 0.405145, 0, 0.934677, -0.355498, 0.189102, 0, 0.355498, 0.934677, 0.807459, 0, 0, 0, 1
1, 0, 0, 0.404623, 0, 0.933964, -0.357366, 0.188822, 0, 0.357366, 0.933964, 0.80695, 0, 0, 0, 1
1, 0, 0, 0.404101, 0, 0.933248, -0.359233, 0.188542, 0, 0.359233, 0.933248, 0.80644, 0, 0, 0, 1
1, 0, 0, 0.403579, 0, 0.932527, -0.361099, 0.188262, 0, 0.361099, 0.932527, 0.805931, 0, 0, 0, 1
1, 0, 0, 0.403058, 0, 0.931803, -0.362963, 0.187982, 0, 0.362963, 0.931803, 0.805422, 0, 0, 0, 1
