0.996444, -0.0658489, -0.0525668, -0.109098, 0.0622259, 0.995756, -0.0678144, 0.298211, 0.0568092, 0.0643022, 0.996312, 0.281084, 0, 0, 0, 1
0.996445, -0.0658406, -0.0525598, -0.109095, 0.0622186, 0.995757, -0.067805, 0.298214, 0.056801, 0.0642937, 0.996313, 0.281085, 0, 0, 0, 1
0.996448, -0.0658157, -0.0525387, -0.109085, 0.0621967, 0.99576, -0.0677767, 0.298225, 0.0567767, 0.0642682, 0.996316, 0.28109, 0, 0, 0, 1
0.996452, -0.0657743, -0.0525035, -0.109069, 0.0621602, 0.995765, -0.0677296, 0.298242, 0.0567361, 0.0642257, 0.996321, 0.281098, 0, 0, 0, 1
0.996459, -0.0657162, -0.0524543, -0.109046, 0.0621091, 0.995773, -0.0676637, 0.298266, 0.0566792, 0.0641662, 0.996328, 0.281109, 0, 0, 0, 1
0.996467, -0.0656416, -0.0523911, -0.109016, 0.0620434, 0.995783, -0.0675789, 0.298296, 0.0566061, 0.0640897, 0.996337, 0.281123, 0, 0, 0, 1
0.996477, -0.0655504, -0.0523137, -0.10898, 0.0619631, 0.995795, -0.0674754, 0.298334, 0.0565168, 0.0639961, 0.996349, 0.281141, 0, 0, 0, 1
0.996489, -0.0654426, -0.0522223, -0.108937, 0.0618682, 0.995809, -0.067353, 0.298379, 0.0564112, 0.0638856, 0.996362, 0.281161, 0, 0, 0, 1
0.996503, -0.0653182, -0.0521168, -0.108888, 0.0617586, 0.995826, -0.0672117, 0.29843, 0.0562894, 0.063758, 0.996377, 0.281185, 0, 0, 0, 1
0.996518, -0.0651772, -0.0519972, -0.108832, 0.0616345, 0.995844, -0.0670517, 0.298488, 0.0561514, 0.0636134, 0.996394, 0.281212, 0, 0, 0, 1
0.996535, -0.0650197, -0.0518636, -0.108769, 0.0614957, 0.995865, -0.0668728, 0.298553, 0.0559972, 0.0634517, 0.996413, 0.281242, 0, 0, 0, 1
0.996554, -0.0648457, -0.0517158, -0.1087, 0.0613422, 0.995887, -0.0666752, 0.298625, 0.0558267, 0.0632731, 0.996434, 0.281275, 0, 0, 0, 1
0.996575, -0.0646551, -0.0515539, -0.108625, 0.0611741, 0.995912, -0.0664587, 0.298703, 0.0556401, 0.0630773, 0.996456, 0.281311, 0, 0, 0, 1
0.996598, -0.0644479, -0.0513779, -0.108543, 0.0609913, 0.995939, -0.0662234, 0.298789, 0.0554372, 0.0628645, 0.996481, 0.281351, 0, 0, 0, 1
0.996622, -0.0642242, -0.0511877, -0.108454, 0.0607938, 0.995968, -0.0659694, 0.298881, 0.0552182, 0.0626346, 0.996508, 0.281394, 0, 0, 0, 1
0.996648, -0.063984, -0.0509834, -0.108359, 0.0605817, 0.995999, -0.0656965, 0.29898, 0.054983, 0.0623876, 0.996536, 0.281439, 0, 0, 0, 1
0.996675, -0.0637273, -0.0507649, -0.108257, 0.0603548, 0.996032, -0.0654049, 0.299086, 0.0547316, 0.0621236, 0.996567, 0.281489, 0, 0, 0, 1
0.996705, -0.0634541, -0.0505323, -0.108148, 0.0601132, 0.996067, -0.0650945, 0.299199, 0.0544641, 0.0618424, 0.996599, 0.281541, 0, 0, 0, 1
0.996735, -0.0631644, -0.0502854, -0.108033, 0.0598569, 0.996104, -0.0647654, 0.299319, 0.0541804, 0.0615441, 0.996633, 0.281596, 0, 0, 0, 1
0.996768, -0.0628582, -0.0500244, -0.107912, 0.0595859, 0.996143, -0.0644175, 0.299446, 0.0538806, 0.0612286, 0.996668, 0.281655, 0, 0, 0, 1
0.996802, -0.0625355, -0.0497491, -0.107783, 0.0593, 0.996183, -0.0640509, 0.299579, 0.0535647, 0.060896, 0.996706, 0.281716, 0, 0, 0, 1
0.996838, -0.0621964, -0.0494595, -0.107649, 0.0589994, 0.996226, -0.0636656, 0.299719, 0.0532326, 0.0605462, 0.996745, 0.281781, 0, 0, 0, 1
0.996875, -0.0618409, -0.0491557, -0.107507, 0.0586839, 0.99627, -0.0632615, 0.299866, 0.0528845, 0.0601792, 0.996786, 0.281849, 0, 0, 0, 1
0.996913, -0.0614689, -0.0488376, -0.107359, 0.0583537, 0.996316, -0.0628388, 0.30002, 0.0525203, 0.059795, 0.996828, 0.28192, 0, 0, 0, 1
0.996954, -0.0610805, -0.0485052, -0.107205, 0.0580086, 0.996364, -0.0623974, 0.300181, 0.0521401, 0.0593936, 0.996872, 0.281995, 0, 0, 0, 1
0.996995, -0.0606757, -0.0481584, -0.107044, 0.0576486, 0.996414, -0.0619373, 0.300348, 0.0517438, 0.0589749, 0.996918, 0.282072, 0, 0, 0, 1
0.997038, -0.0602546, -0.0477973, -0.106876, 0.0572737, 0.996465, -0.0614585, 0.300523, 0.0513315, 0.0585389, 0.996965, 0.282153, 0, 0, 0, 1
0.997082, -0.0598171, -0.0474218, -0.106702, 0.0568839, 0.996518, -0.0609611, 0.300704, 0.0509032, 0.0580857, 0.997013, 0.282237, 0, 0, 0, 1
0.997128, -0.0593632, -0.0470319, -0.106521, 0.0564791, 0.996572, -0.060445, 0.300892, 0.0504589, 0.0576151, 0.997063, 0.282324, 0, 0, 0, 1
0.997175, -0.058893, -0.0466275, -0.106334, 0.0560594, 0.996628, -0.0599104, 0.301087, 0.0499986, 0.0571272, 0.997114, 0.282414, 0, 0, 0, 1
0.997223, -0.0584065, -0.0462087, -0.10614, 0.0556246, 0.996686, -0.0593571, 0.301289, 0.0495224, 0.0566219, 0.997167, 0.282507, 0, 0, 0, 1
0.997272, -0.0579038, -0.0457754, -0.105939, 0.0551749, 0.996745, -0.0587853, 0.301497, 0.0490303, 0.0560993, 0.997221, 0.282603, 0, 0, 0, 1
0.997323, -0.0573848, -0.0453276, -0.105732, 0.0547101, 0.996805, -0.0581949, 0.301713, 0.0485223, 0.0555592, 0.997276, 0.282703, 0, 0, 0, 1
0.997374, -0.0568495, -0.0448653, -0.105519, 0.0542302, 0.996867, -0.057586, 0.301935, 0.0479984, 0.0550017, 0.997332, 0.282806, 0, 0, 0, 1
0.997427, -0.056298, -0.0443883, -0.105298, 0.0537352, 0.996929, -0.0569585, 0.302164, 0.0474587, 0.0544267, 0.997389, 0.282912, 0, 0, 0, 1
0.99748, -0.0557304, -0.0438968, -0.105072, 0.053225, 0.996993, -0.0563125, 0.3024, 0.0469031, 0.0538343, 0.997448, 0.283021, 0, 0, 0, 1
0.997535, -0.0551466, -0.0433906, -0.104838, 0.0526996, 0.997059, -0.0556481, 0.302643, 0.0463317, 0.0532243, 0.997507, 0.283133, 0, 0, 0, 1
0.997591, -0.0545466, -0.0428697, -0.104598, 0.0521591, 0.997125, -0.0549652, 0.302893, 0.0457446, 0.0525967, 0.997568, 0.283249, 0, 0, 0, 1
0.997647, -0.0539305, -0.0423341, -0.104352, 0.0516033, 0.997192, -0.0542638, 0.303149, 0.0451417, 0.0519516, 0.997629, 0.283367, 0, 0, 0, 1
0.997704, -0.0532983, -0.0417837, -0.104099, 0.0510322, 0.997261, -0.0535441, 0.303412, 0.0445231, 0.0512888, 0.997691, 0.283489, 0, 0, 0, 1
0.997762, -0.0526501, -0.0412186, -0.103839, 0.0504458, 0.99733, -0.0528059, 0.303683, 0.0438888, 0.0506084, 0.997754, 0.283614, 0, 0, 0, 1
0.997821, -0.0519858, -0.0406387, -0.103573, 0.0498441, 0.9974, -0.0520494, 0.30396, 0.0432388, 0.0499103, 0.997817, 0.283742, 0, 0, 0, 1
0.99788, -0.0513056, -0.0400439, -0.1033, 0.0492269, 0.997471, -0.0512745, 0.304243, 0.0425733, 0.0491945, 0.997881, 0.283873, 0, 0, 0, 1
0.99794, -0.0506093, -0.0394342, -0.10302, 0.0485944, 0.997542, -0.0504813, 0.304534, 0.0418921, 0.048461, 0.997946, 0.284008, 0, 0, 0, 1
0.998, -0.0498972, -0.0388095, -0.102734, 0.0479463, 0.997614, -0.0496698, 0.304832, 0.0411953, 0.0477097, 0.998011, 0.284145, 0, 0, 0, 1
0.998061, -0.0491691, -0.0381699, -0.102442, 0.0472828, 0.997687, -0.04884, 0.305136, 0.040483, 0.0469405, 0.998077, 0.284286, 0, 0, 0, 1
0.998122, -0.0484251, -0.0375153, -0.102143, 0.0466037, 0.99776, -0.047992, 0.305447, 0.0397553, 0.0461535, 0.998143, 0.28443, 0, 0, 0, 1
0.998184, -0.0476653, -0.0368456, -0.101837, 0.0459091, 0.997833, -0.0471258, 0.305765, 0.039012, 0.0453487, 0.998209, 0.284577, 0, 0, 0, 1
0.998245, -0.0468897, -0.0361608, -0.101525, 0.0451988, 0.997907, -0.0462414, 0.30609, 0.0382534, 0.0445259, 0.998276, 0.284728, 0, 0, 0, 1
0.998307, -0.0460983, -0.0354609, -0.101206, 0.0444728, 0.997981, -0.0453389, 0.306422, 0.0374793, 0.0436851, 0.998342, 0.284881, 0, 0, 0, 1
0.998369, -0.0452912, -0.0347458, -0.100881, 0.0437311, 0.998055, -0.0444182, 0.30676, 0.0366899, 0.0428263, 0.998409, 0.285037, 0, 0, 0, 1
0.998432, -0.0444684, -0.0340154, -0.100549, 0.0429736, 0.99813, -0.0434795, 0.307106, 0.0358852, 0.0419495, 0.998475, 0.285197, 0, 0, 0, 1
0.998494, -0.0436299, -0.0332698, -0.10021, 0.0422004, 0.998204, -0.0425227, 0.307458, 0.0350653, 0.0410546, 0.998541, 0.28536, 0, 0, 0, 1
0.998556, -0.0427758, -0.0325088, -0.099865, 0.0414113, 0.998278, -0.0415478, 0.307817, 0.0342301, 0.0401416, 0.998608, 0.285526, 0, 0, 0, 1
0.998618, -0.0419061, -0.0317325, -0.0995132, 0.0406063, 0.998352, -0.040555, 0.308183, 0.0333797, 0.0392104, 0.998673, 0.285695, 0, 0, 0, 1
0.998679, -0.0410209, -0.0309407, -0.099155, 0.0397853, 0.998425, -0.0395443, 0.308556, 0.0325141, 0.038261, 0.998739, 0.285868, 0, 0, 0, 1
0.99874, -0.0401201, -0.0301335, -0.0987901, 0.0389484, 0.998499, -0.0385156, 0.308935, 0.0316335, 0.0372934, 0.998804, 0.286043, 0, 0, 0, 1
0.998801, -0.039204, -0.0293107, -0.0984187, 0.0380954, 0.998571, -0.037469, 0.309322, 0.0307378, 0.0363075, 0.998868, 0.286222, 0, 0, 0, 1
0.998862, -0.0382724, -0.0284724, -0.0980407, 0.0372263, 0.998644, -0.0364046, 0.309715, 0.0298271, 0.0353033, 0.998931, 0.286404, 0, 0, 0, 1
0.998921, -0.0373254, -0.0276185, -0.0976561, 0.0363411, 0.998715, -0.0353224, 0.310115, 0.0289014, 0.0342806, 0.998994, 0.286589, 0, 0, 0, 1
0.998981, -0.0363631, -0.0267489, -0.0972649, 0.0354397, 0.998786, -0.0342225, 0.310522, 0.0279608, 0.0332396, 0.999056, 0.286777, 0, 0, 0, 1
0.999039, -0.0353856, -0.0258635, -0.0968672, 0.034522, 0.998855, -0.0331048, 0.310936, 0.0270054, 0.0321801, 0.999117, 0.286969, 0, 0, 0, 1
0.999097, -0.0343928, -0.0249624, -0.0964629, 0.0335881, 0.998924, -0.0319694, 0.311356, 0.0260351, 0.0311021, 0.999177, 0.287163, 0, 0, 0, 1
0.999153, -0.0333848, -0.0240455, -0.096052, 0.0326378, 0.998992, -0.0308164, 0.311784, 0.0250501, 0.0300055, 0.999236, 0.287361, 0, 0, 0, 1
0.999209, -0.0323617, -0.0231127, -0.0956346, 0.0316711, 0.999059, -0.0296458, 0.312218, 0.0240503, 0.0288903, 0.999293, 0.287562, 0, 0, 0, 1
0.999264, -0.0313235, -0.0221639, -0.0952106, 0.030688, 0.999124, -0.0284577, 0.312659, 0.0230359, 0.0277565, 0.999349, 0.287766, 0, 0, 0, 1
0.999317, -0.0302765, -0.0212048, -0.0947825, 0.0296942, 0.999187, -0.0272591, 0.313105, 0.0220129, 0.0266108, 0.999403, 0.287972, 0, 0, 0, 1
0.999367, -0.0292443, -0.0202571, -0.0943601, 0.0287122, 0.999248, -0.0260771, 0.313544, 0.0210044, 0.025479, 0.999455, 0.288175, 0, 0, 0, 1
0.999415, -0.0282292, -0.0193229, -0.0939442, 0.0277443, 0.999305, -0.0249145, 0.313977, 0.0200128, 0.0243638, 0.999503, 0.288375, 0, 0, 0, 1
0.99946, -0.0272311, -0.0184023, -0.0935349, 0.0267906, 0.999358, -0.0237711, 0.314403, 0.0190378, 0.0232652, 0.999548, 0.288572, 0, 0, 0, 1
0.999502, -0.02625, -0.0174953, -0.0931322, 0.0258511, 0.999409, -0.0226468, 0.314822, 0.0180795, 0.0221833, 0.99959, 0.288766, 0, 0, 0, 1
0.999542, -0.0252858, -0.0166021, -0.092736, 0.0249259, 0.999457, -0.0215417, 0.315234, 0.0171378, 0.0211181, 0.99963, 0.288956, 0, 0, 0, 1
0.99958, -0.0243386, -0.0157226, -0.0923464, 0.0240149, 0.999502, -0.0204558, 0.315639, 0.0162127, 0.0200696, 0.999667, 0.289144, 0, 0, 0, 1
0.999616, -0.0234082, -0.014857, -0.0919634, 0.0231184, 0.999545, -0.0193889, 0.316038, 0.0153041, 0.019038, 0.999702, 0.289328, 0, 0, 0, 1
0.999649, -0.0224946, -0.0140052, -0.091587, 0.0222362, 0.999584, -0.0183411, 0.316429, 0.014412, 0.0180232, 0.999734, 0.289509, 0, 0, 0, 1
0.99968, -0.0215979, -0.0131674, -0.0912172, 0.0213686, 0.999622, -0.0173123, 0.316814, 0.0135363, 0.0170254, 0.999763, 0.289687, 0, 0, 0, 1
0.999709, -0.0207178, -0.0123436, -0.0908539, 0.0205154, 0.999657, -0.0163024, 0.317192, 0.0126771, 0.0160445, 0.999791, 0.289862, 0, 0, 0, 1
0.999736, -0.0198545, -0.0115338, -0.0904972, 0.0196769, 0.999689, -0.0153116, 0.317563, 0.0118342, 0.0150806, 0.999816, 0.290033, 0, 0, 0, 1
0.999762, -0.0190078, -0.010738, -0.090147, 0.018853, 0.999719, -0.0143396, 0.317927, 0.0110076, 0.0141337, 0.99984, 0.290202, 0, 0, 0, 1
0.999785, -0.0181777, -0.00995646, -0.0898035, 0.0180437, 0.999748, -0.0133865, 0.318285, 0.0101973, 0.0132039, 0.999861, 0.290367, 0, 0, 0, 1
0.999807, -0.0173642, -0.00918906, -0.0894665, 0.0172492, 0.999774, -0.0124522, 0.318635, 0.0094032, 0.0122913, 0.99988, 0.290529, 0, 0, 0, 1
0.999827, -0.0165673, -0.00843588, -0.0891361, 0.0164694, 0.999798, -0.0115368, 0.318979, 0.00862531, 0.0113958, 0.999898, 0.290688, 0, 0, 0, 1
0.999846, -0.0157868, -0.00769698, -0.0888123, 0.0157045, 0.99982, -0.0106401, 0.319316, 0.00786357, 0.0105176, 0.999914, 0.290844, 0, 0, 0, 1
0.999863, -0.0150228, -0.0069724, -0.088495, 0.0149544, 0.999841, -0.00976213, 0.319646, 0.00711794, 0.00965653, 0.999928, 0.290997, 0, 0, 0, 1
0.999878, -0.0142753, -0.00626217, -0.0881843, 0.0142192, 0.999859, -0.00890291, 0.319969, 0.00638838, 0.00881278, 0.999941, 0.291146, 0, 0, 0, 1
0.999893, -0.0135441, -0.00556635, -0.0878802, 0.013499, 0.999876, -0.00806236, 0.320286, 0.00567486, 0.00798636, 0.999952, 0.291293, 0, 0, 0, 1
0.999906, -0.0128293, -0.00488497, -0.0875827, 0.0127938, 0.999892, -0.00724047, 0.320595, 0.00497734, 0.00717729, 0.999962, 0.291436, 0, 0, 0, 1
0.999918, -0.0121308, -0.00421808, -0.0872917, 0.0121035, 0.999906, -0.0064372, 0.320898, 0.00429577, 0.00638561, 0.99997, 0.291576, 0, 0, 0, 1
0.999928, -0.0114486, -0.00356571, -0.0870073, 0.0114283, 0.999919, -0.00565251, 0.321194, 0.00363014, 0.00561135, 0.999978, 0.291713, 0, 0, 0, 1
0.999938, -0.0107827, -0.00292791, -0.0867295, 0.0107683, 0.99993, -0.00488639, 0.321483, 0.00298039, 0.00485455, 0.999984, 0.291846, 0, 0, 0, 1
0.999946, -0.0101329, -0.0023047, -0.0864582, 0.0101233, 0.99994, -0.0041388, 0.321765, 0.0023465, 0.00411524, 0.999989, 0.291977, 0, 0, 0, 1
0.999953, -0.00949938, -0.00169613, -0.0861936, 0.00949356, 0.999949, -0.00340971, 0.32204, 0.00172843, 0.00339345, 0.999993, 0.292104, 0, 0, 0, 1
0.99996, -0.00888199, -0.00110223, -0.0859355, 0.00887899, 0.999957, -0.0026991, 0.322309, 0.00112615, 0.00268921, 0.999996, 0.292228, 0, 0, 0, 1
0.999966, -0.00828073, -0.00052303, -0.085684, 0.00827967, 0.999964, -0.00200694, 0.322571, 0.00053963, 0.00200254, 0.999998, 0.292349, 0, 0, 0, 1
0.99997, -0.00769556, 4.14273e-05, -0.085439, 0.00769561, 0.999969, -0.00133321, 0.322825, -3.11663e-05, 0.00133349, 0.999999, 0.292467, 0, 0, 0, 1
0.999974, -0.00712646, 0.000591114, -0.0852006, 0.00712686, 0.999974, -0.00067787, 0.323073, -0.000586268, 0.000682066, 1, 0.292582, 0, 0, 0, 1
0.999978, -0.00657339, 0.001126, -0.0849688, 0.00657344, 0.999978, -4.09062e-05, 0.323315, -0.00112571, 4.8307e-05, 0.999999, 0.292693, 0, 0, 0, 1
0.99998, -0.00603633, 0.00164605, -0.0847436, 0.00603539, 0.999982, 0.00057771, 0.323549, -0.00164951, -0.000567764, 0.999998, 0.292802, 0, 0, 0, 1
0.999982, -0.00551526, 0.00215124, -0.084525, 0.00551273, 0.999984, 0.001178, 0.323776, -0.0021577, -0.00116612, 0.999997, 0.292907, 0, 0, 0, 1
0.999984, -0.00501013, 0.00264154, -0.0843129, 0.00500549, 0.999986, 0.00175999, 0.323997, -0.00265032, -0.00174674, 0.999995, 0.293009, 0, 0, 0, 1
0.999985, -0.00452094, 0.00311692, -0.0841074, 0.00451371, 0.999987, 0.0023237, 0.324211, -0.00312738, -0.0023096, 0.999992, 0.293108, 0, 0, 0, 1
0.999985, -0.00404765, 0.00357735, -0.0839084, 0.00403739, 0.999988, 0.00286916, 0.324418, -0.00358892, -0.00285467, 0.999989, 0.293204, 0, 0, 0, 1
0.999985, -0.00359023, 0.00402282, -0.0837161, 0.00357658, 0.999988, 0.00339638, 0.324618, -0.00403496, -0.00338194, 0.999986, 0.293296, 0, 0, 0, 1
0.999985, -0.00314867, 0.00445329, -0.0835303, 0.00313129, 0.999987, 0.00390538, 0.324811, -0.00446553, -0.00389138, 0.999982, 0.293386, 0, 0, 0, 1
0.999984, -0.00272295, 0.00486873, -0.0833511, 0.00270155, 0.999987, 0.0043962, 0.324998, -0.00488064, -0.00438298, 0.999978, 0.293472, 0, 0, 0, 1
0.999983, -0.00231303, 0.00526914, -0.0831785, 0.00228738, 0.999986, 0.00486883, 0.325177, -0.00528032, -0.0048567, 0.999974, 0.293555, 0, 0, 0, 1
0.999982, -0.0019189, 0.00565448, -0.0830124, 0.00188881, 0.999984, 0.00532332, 0.32535, -0.0056646, -0.00531254, 0.99997, 0.293635, 0, 0, 0, 1
0.999981, -0.00154054, 0.00602473, -0.0828529, 0.00150585, 0.999982, 0.00575966, 0.325516, -0.00603349, -0.00575048, 0.999965, 0.293712, 0, 0, 0, 1
0.999979, -0.00117793, 0.00637987, -0.0827, 0.00113852, 0.99998, 0.00617788, 0.325675, -0.00638702, -0.00617049, 0.999961, 0.293785, 0, 0, 0, 1
0.999977, -0.000831049, 0.00671989, -0.0825537, 0.000786845, 0.999978, 0.006578, 0.325827, -0.00672521, -0.00657256, 0.999956, 0.293856, 0, 0, 0, 1
0.999975, -0.000499877, 0.00704476, -0.0824139, 0.000450844, 0.999976, 0.00696004, 0.325973, -0.00704807, -0.00695669, 0.999951, 0.293923, 0, 0, 0, 1
0.999973, -0.000184398, 0.00735447, -0.0822807, 0.000130532, 0.999973, 0.007324, 0.326111, -0.00735562, -0.00732284, 0.999946, 0.293987, 0, 0, 0, 1
0.999971, 0.000115405, 0.00764899, -0.0821541, -0.000174074, 0.999971, 0.0076699, 0.326243, -0.00764788, -0.00767101, 0.999941, 0.294048, 0, 0, 0, 1
0.999968, 0.000399547, 0.00792832, -0.0820341, -0.000462957, 0.999968, 0.00799776, 0.326368, -0.00792487, -0.00800118, 0.999937, 0.294106, 0, 0, 0, 1
0.999966, 0.000668043, 0.00819244, -0.0819206, -0.000736104, 0.999965, 0.00830759, 0.326486, -0.0081866, -0.00831334, 0.999932, 0.29416, 0, 0, 0, 1
0.999964, 0.000920908, 0.00844133, -0.0818137, -0.0009935, 0.999963, 0.0085994, 0.326597, -0.0084331, -0.00860748, 0.999927, 0.294212, 0, 0, 0, 1
0.999962, 0.00115816, 0.00867498, -0.0817134, -0.00123513, 0.99996, 0.00887321, 0.326701, -0.00866436, -0.00888359, 0.999923, 0.29426, 0, 0, 0, 1
0.99996, 0.0013798, 0.00889338, -0.0816196, -0.00146099, 0.999957, 0.00912902, 0.326799, -0.0088804, -0.00914165, 0.999919, 0.294305, 0, 0, 0, 1
0.999957, 0.00158585, 0.00909651, -0.0815325, -0.00167105, 0.999955, 0.00936685, 0.32689, -0.00908125, -0.00938166, 0.999915, 0.294347, 0, 0, 0, 1
0.999955, 0.00177631, 0.00928437, -0.0814519, -0.00186532, 0.999952, 0.00958671, 0.326974, -0.0092669, -0.0096036, 0.999911, 0.294386, 0, 0, 0, 1
0.999953, 0.00195121, 0.00945694, -0.0813778, -0.00204377, 0.99995, 0.0097886, 0.327051, -0.00943737, -0.00980747, 0.999907, 0.294421, 0, 0, 0, 1
0.999952, 0.00211054, 0.00961422, -0.0813104, -0.00220641, 0.999948, 0.00997253, 0.327121, -0.00959267, -0.00999326, 0.999904, 0.294454, 0, 0, 0, 1
0.99995, 0.00225431, 0.00975619, -0.0812495, -0.00235322, 0.999946, 0.0101385, 0.327184, -0.00973281, -0.010161, 0.999901, 0.294483, 0, 0, 0, 1
0.999948, 0.00238254, 0.00988285, -0.0811952, -0.0024842, 0.999944, 0.0102866, 0.327241, -0.00985779, -0.0103106, 0.999898, 0.294509, 0, 0, 0, 1
0.999947, 0.00249524, 0.00999419, -0.0811475, -0.00259934, 0.999942, 0.0104167, 0.32729, -0.00996763, -0.0104421, 0.999896, 0.294532, 0, 0, 0, 1
0.999946, 0.00259239, 0.0100902, -0.0811063, -0.00269862, 0.999941, 0.0105288, 0.327333, -0.0100623, -0.0105555, 0.999894, 0.294552, 0, 0, 0, 1
0.999945, 0.00267402, 0.0101709, -0.0810717, -0.00278206, 0.99994, 0.0106231, 0.327369, -0.0101419, -0.0106508, 0.999892, 0.294569, 0, 0, 0, 1
0.999944, 0.00274013, 0.0102363, -0.0810437, -0.00284964, 0.999939, 0.0106994, 0.327398, -0.0102063, -0.010728, 0.99989, 0.294582, 0, 0, 0, 1
0.999943, 0.00279071, 0.0102863, -0.0810223, -0.00290136, 0.999938, 0.0107578, 0.32742, -0.0102556, -0.0107871, 0.999889, 0.294592, 0, 0, 0, 1
0.999943, 0.00282578, 0.0103209, -0.0810074, -0.00293722, 0.999937, 0.0107983, 0.327436, -0.0102898, -0.010828, 0.999888, 0.294599, 0, 0, 0, 1
0.999942, 0.00284533, 0.0103403, -0.0809992, -0.00295721, 0.999937, 0.0108209, 0.327445, -0.0103088, -0.0108508, 0.999888, 0.294603, 0, 0, 0, 1
0.996444, -0.0658485, -0.0525664, -0.0809971, 0.0622255, 0.995756, -0.0678139, 0.327447, 0.0568087, 0.0643017, 0.996312, 0.294604, 0, 0, 0, 1
0.996445, -0.0658364, -0.0525562, -0.0809917, 0.0622149, 0.995757, -0.0678002, 0.327451, 0.0567969, 0.0642894, 0.996314, 0.294607, 0, 0, 0, 1
0.996449, -0.0658082, -0.0525322, -0.0809791, 0.0621901, 0.995761, -0.0677681, 0.327461, 0.0567693, 0.0642604, 0.996317, 0.294613, 0, 0, 0, 1
0.996453, -0.0657637, -0.0524945, -0.0809593, 0.0621509, 0.995767, -0.0677176, 0.327478, 0.0567257, 0.0642148, 0.996323, 0.294623, 0, 0, 0, 1
0.99646, -0.0657029, -0.052443, -0.0809322, 0.0620974, 0.995775, -0.0676486, 0.3275, 0.0566662, 0.0641525, 0.99633, 0.294636, 0, 0, 0, 1
0.996469, -0.0656259, -0.0523778, -0.0808979, 0.0620296, 0.995785, -0.0675611, 0.327528, 0.0565907, 0.0640736, 0.996339, 0.294653, 0, 0, 0, 1
0.996479, -0.0655326, -0.0522987, -0.0808564, 0.0619475, 0.995797, -0.0674552, 0.327562, 0.0564994, 0.063978, 0.996351, 0.294673, 0, 0, 0, 1
0.996491, -0.0654232, -0.0522059, -0.0808076, 0.0618511, 0.995812, -0.0673309, 0.327602, 0.0563922, 0.0638657, 0.996364, 0.294697, 0, 0, 0, 1
0.996505, -0.0652974, -0.0520992, -0.0807516, 0.0617404, 0.995828, -0.0671882, 0.327648, 0.0562691, 0.0637367, 0.996379, 0.294725, 0, 0, 0, 1
0.99652, -0.0651555, -0.0519788, -0.0806883, 0.0616153, 0.995847, -0.067027, 0.327699, 0.0561301, 0.0635911, 0.996396, 0.294756, 0, 0, 0, 1
0.996538, -0.0649973, -0.0518446, -0.0806178, 0.0614759, 0.995868, -0.0668474, 0.327757, 0.0559752, 0.0634287, 0.996415, 0.29479, 0, 0, 0, 1
0.996557, -0.064823, -0.0516965, -0.0805401, 0.0613222, 0.99589, -0.0666493, 0.327821, 0.0558044, 0.0632497, 0.996436, 0.294828, 0, 0, 0, 1
0.996578, -0.0646324, -0.0515346, -0.0804551, 0.0611541, 0.995915, -0.0664329, 0.32789, 0.0556178, 0.063054, 0.996459, 0.29487, 0, 0, 0, 1
0.9966, -0.0644256, -0.0513589, -0.0803629, 0.0609716, 0.995942, -0.066198, 0.327966, 0.0554153, 0.0628415, 0.996484, 0.294915, 0, 0, 0, 1
0.996624, -0.0642026, -0.0511693, -0.0802635, 0.0607747, 0.995971, -0.0659448, 0.328047, 0.055197, 0.0626124, 0.99651, 0.294963, 0, 0, 0, 1
0.99665, -0.0639634, -0.0509659, -0.0801568, 0.0605635, 0.996002, -0.0656731, 0.328134, 0.0549628, 0.0623664, 0.996539, 0.295016, 0, 0, 0, 1
0.996677, -0.0637081, -0.0507486, -0.0800429, 0.0603378, 0.996034, -0.0653831, 0.328227, 0.0547128, 0.0621038, 0.996569, 0.295071, 0, 0, 0, 1
0.996706, -0.0634366, -0.0505174, -0.0799218, 0.0600978, 0.996069, -0.0650747, 0.328327, 0.0544469, 0.0618244, 0.996601, 0.295131, 0, 0, 0, 1
0.996737, -0.0631489, -0.0502723, -0.0797934, 0.0598433, 0.996106, -0.0647479, 0.328432, 0.0541653, 0.0615281, 0.996635, 0.295194, 0, 0, 0, 1
0.996769, -0.0628451, -0.0500132, -0.0796578, 0.0595743, 0.996144, -0.0644027, 0.328543, 0.0538678, 0.0612151, 0.99667, 0.29526, 0, 0, 0, 1
0.996803, -0.0625252, -0.0497403, -0.0795149, 0.0592909, 0.996185, -0.0640392, 0.32866, 0.0535546, 0.0608853, 0.996707, 0.29533, 0, 0, 0, 1
0.996838, -0.0621892, -0.0494533, -0.0793648, 0.058993, 0.996227, -0.0636574, 0.328782, 0.0532255, 0.0605387, 0.996746, 0.295403, 0, 0, 0, 1
0.996875, -0.061837, -0.0491524, -0.0792075, 0.0586805, 0.996271, -0.0632572, 0.328911, 0.0528808, 0.0601752, 0.996786, 0.29548, 0, 0, 0, 1
0.996913, -0.0614688, -0.0488375, -0.0790429, 0.0583536, 0.996316, -0.0628387, 0.329046, 0.0525202, 0.0597949, 0.996828, 0.295561, 0, 0, 0, 1
0.996953, -0.0610845, -0.0485086, -0.0788711, 0.0580121, 0.996364, -0.0624019, 0.329186, 0.052144, 0.0593977, 0.996872, 0.295645, 0, 0, 0, 1
0.996994, -0.0606842, -0.0481656, -0.078692, 0.0576561, 0.996413, -0.0619468, 0.329333, 0.051752, 0.0589836, 0.996917, 0.295733, 0, 0, 0, 1
0.997037, -0.0602678, -0.0478086, -0.0785058, 0.0572854, 0.996463, -0.0614735, 0.329485, 0.0513444, 0.0585526, 0.996963, 0.295824, 0, 0, 0, 1
0.99708, -0.0598353, -0.0474375, -0.0783122, 0.0569001, 0.996516, -0.0609819, 0.329644, 0.0509211, 0.0581046, 0.997011, 0.295918, 0, 0, 0, 1
0.997126, -0.0593869, -0.0470523, -0.0781115, 0.0565002, 0.99657, -0.060472, 0.329808, 0.0504821, 0.0576397, 0.99706, 0.296017, 0, 0, 0, 1
0.997172, -0.0589225, -0.0466529, -0.0779035, 0.0560857, 0.996625, -0.0599439, 0.329978, 0.0500275, 0.0571578, 0.997111, 0.296118, 0, 0, 0, 1
0.997219, -0.0584421, -0.0462394, -0.0776882, 0.0556564, 0.996682, -0.0593976, 0.330154, 0.0495572, 0.0566589, 0.997163, 0.296224, 0, 0, 0, 1
0.997268, -0.0579458, -0.0458116, -0.0774658, 0.0552124, 0.99674, -0.058833, 0.330337, 0.0490714, 0.0561429, 0.997216, 0.296333, 0, 0, 0, 1
0.997318, -0.0574335, -0.0453697, -0.0772361, 0.0547537, 0.996799, -0.0582503, 0.330525, 0.04857, 0.05561, 0.997271, 0.296445, 0, 0, 0, 1
0.997369, -0.0569053, -0.0449135, -0.0769991, 0.0542802, 0.99686, -0.0576495, 0.330718, 0.048053, 0.0550599, 0.997326, 0.296561, 0, 0, 0, 1
0.997421, -0.0563613, -0.044443, -0.0767549, 0.0537919, 0.996922, -0.0570305, 0.330918, 0.0475206, 0.0544927, 0.997383, 0.296681, 0, 0, 0, 1
0.997474, -0.0558014, -0.0439583, -0.0765035, 0.0532888, 0.996986, -0.0563933, 0.331124, 0.0469726, 0.0539084, 0.99744, 0.296804, 0, 0, 0, 1
0.997528, -0.0552256, -0.0434591, -0.0762449, 0.0527708, 0.99705, -0.0557381, 0.331336, 0.0464091, 0.0533069, 0.997499, 0.29693, 0, 0, 0, 1
0.997582, -0.054634, -0.0429457, -0.075979, 0.0522379, 0.997115, -0.0550647, 0.331553, 0.0458302, 0.0526882, 0.997559, 0.29706, 0, 0, 0, 1
0.997638, -0.0540267, -0.0424178, -0.0757058, 0.0516901, 0.997182, -0.0543733, 0.331777, 0.0452358, 0.0520523, 0.997619, 0.297194, 0, 0, 0, 1
0.997695, -0.0534036, -0.0418754, -0.0754255, 0.0511274, 0.997249, -0.0536639, 0.332006, 0.0446261, 0.0513992, 0.997681, 0.297331, 0, 0, 0, 1
0.997752, -0.0527647, -0.0413186, -0.0751379, 0.0505496, 0.997318, -0.0529364, 0.332242, 0.044001, 0.0507288, 0.997743, 0.297472, 0, 0, 0, 1
0.99781, -0.0521102, -0.0407473, -0.074843, 0.0499568, 0.997387, -0.052191, 0.332483, 0.0433605, 0.0500411, 0.997805, 0.297616, 0, 0, 0, 1
0.997868, -0.0514399, -0.0401614, -0.0745409, 0.0493489, 0.997457, -0.0514275, 0.33273, 0.0427047, 0.049336, 0.997869, 0.297764, 0, 0, 0, 1
0.997927, -0.0507541, -0.039561, -0.0742316, 0.0487259, 0.997527, -0.0506462, 0.332983, 0.0420337, 0.0486135, 0.997933, 0.297915, 0, 0, 0, 1
0.997987, -0.0500526, -0.0389459, -0.0739151, 0.0480878, 0.997599, -0.0498469, 0.333242, 0.0413473, 0.0478737, 0.997997, 0.29807, 0, 0, 0, 1
0.998047, -0.0493355, -0.0383162, -0.0735913, 0.0474345, 0.99767, -0.0490296, 0.333507, 0.0406458, 0.0471164, 0.998062, 0.298229, 0, 0, 0, 1
0.998108, -0.0486028, -0.0376717, -0.0732603, 0.046766, 0.997743, -0.0481946, 0.333778, 0.0399291, 0.0463416, 0.998127, 0.298391, 0, 0, 0, 1
0.998168, -0.0478546, -0.0370126, -0.072922, 0.0460822, 0.997815, -0.0473416, 0.334055, 0.0391972, 0.0455493, 0.998193, 0.298556, 0, 0, 0, 1
0.998229, -0.047091, -0.0363386, -0.0725765, 0.0453832, 0.997888, -0.0464709, 0.334338, 0.0384502, 0.0447395, 0.998258, 0.298725, 0, 0, 0, 1
0.998291, -0.0463118, -0.0356498, -0.0722238, 0.0446688, 0.997961, -0.0455824, 0.334626, 0.0376882, 0.043912, 0.998324, 0.298898, 0, 0, 0, 1
0.998352, -0.0455173, -0.0349462, -0.0718638, 0.043939, 0.998035, -0.0446761, 0.334921, 0.0369111, 0.043067, 0.99839, 0.299074, 0, 0, 0, 1
0.998414, -0.0447073, -0.0342277, -0.0714966, 0.0431938, 0.998108, -0.0437521, 0.335222, 0.0361189, 0.0422043, 0.998456, 0.299254, 0, 0, 0, 1
0.998475, -0.043882, -0.0334941, -0.0711221, 0.0424331, 0.998182, -0.0428104, 0.335528, 0.0353119, 0.0413239, 0.998522, 0.299437, 0, 0, 0, 1
0.998537, -0.0430414, -0.0327456, -0.0707404, 0.0416569, 0.998255, -0.0418511, 0.33584, 0.0344898, 0.0404257, 0.998587, 0.299624, 0, 0, 0, 1
0.998598, -0.0421856, -0.0319821, -0.0703515, 0.0408651, 0.998328, -0.0408741, 0.336159, 0.0336529, 0.0395098, 0.998652, 0.299814, 0, 0, 0, 1
0.998659, -0.0413145, -0.0312035, -0.0699553, 0.0400577, 0.998401, -0.0398795, 0.336483, 0.0328012, 0.0385761, 0.998717, 0.300008, 0, 0, 0, 1
0.99872, -0.0404281, -0.0304097, -0.0695519, 0.0392347, 0.998474, -0.0388674, 0.336813, 0.0319346, 0.0376245, 0.998782, 0.300206, 0, 0, 0, 1
0.99878, -0.0395267, -0.0296007, -0.0691413, 0.038396, 0.998546, -0.0378377, 0.337149, 0.0310533, 0.036655, 0.998845, 0.300407, 0, 0, 0, 1
0.99884, -0.0386101, -0.0287765, -0.0687234, 0.0375416, 0.998618, -0.0367905, 0.337491, 0.0301572, 0.0356675, 0.998909, 0.300611, 0, 0, 0, 1
0.998899, -0.0376785, -0.0279371, -0.0682983, 0.0366713, 0.998689, -0.0357259, 0.337839, 0.0292465, 0.0346621, 0.998971, 0.300819, 0, 0, 0, 1
0.998958, -0.0367318, -0.0270823, -0.067866, 0.0357853, 0.998759, -0.0346439, 0.338193, 0.0283212, 0.0336387, 0.999033, 0.301031, 0, 0, 0, 1
0.999016, -0.0357702, -0.0262121, -0.0674264, 0.0348833, 0.998828, -0.0335445, 0.338552, 0.0273813, 0.0325972, 0.999093, 0.301246, 0, 0, 0, 1
0.999074, -0.0347936, -0.0253265, -0.0669795, 0.0339654, 0.998897, -0.0324278, 0.338918, 0.0264268, 0.0315375, 0.999153, 0.301465, 0, 0, 0, 1
0.99913, -0.0338021, -0.0244254, -0.0665255, 0.0330315, 0.998964, -0.0312938, 0.33929, 0.0254579, 0.0304598, 0.999212, 0.301687, 0, 0, 0, 1
0.999186, -0.0327958, -0.0235087, -0.0660642, 0.0320815, 0.999031, -0.0301425, 0.339667, 0.0244745, 0.0293638, 0.999269, 0.301913, 0, 0, 0, 1
0.99924, -0.0317747, -0.0225765, -0.0655957, 0.0311155, 0.999096, -0.028974, 0.340051, 0.0234767, 0.0282495, 0.999325, 0.302142, 0, 0, 0, 1
0.999293, -0.0307389, -0.0216286, -0.0651199, 0.0301333, 0.99916, -0.0277884, 0.34044, 0.0224646, 0.027117, 0.99938, 0.302375, 0, 0, 0, 1
0.999345, -0.0297025, -0.0206781, -0.0646434, 0.0291484, 0.999221, -0.0266019, 0.34083, 0.0214521, 0.0259817, 0.999432, 0.302608, 0, 0, 0, 1
0.999394, -0.0286829, -0.0197407, -0.0641741, 0.0281772, 0.999279, -0.0254342, 0.341214, 0.020456, 0.0248625, 0.999482, 0.302838, 0, 0, 0, 1
0.99944, -0.02768, -0.0188166, -0.0637121, 0.0272198, 0.999334, -0.0242854, 0.341592, 0.0194763, 0.0237596, 0.999528, 0.303064, 0, 0, 0, 1
0.999483, -0.0266938, -0.0179058, -0.0632573, 0.0262763, 0.999387, -0.0231554, 0.341964, 0.0185129, 0.0226729, 0.999572, 0.303286, 0, 0, 0, 1
0.999524, -0.0257242, -0.0170084, -0.0628097, 0.0253468, 0.999436, -0.0220442, 0.342331, 0.0175659, 0.0216026, 0.999612, 0.303505, 0, 0, 0, 1
0.999563, -0.0247712, -0.0161245, -0.0623694, 0.0244312, 0.999482, -0.0209518, 0.342691, 0.0166351, 0.0205487, 0.99965, 0.303721, 0, 0, 0, 1
0.9996, -0.0238347, -0.0152541, -0.0619363, 0.0235296, 0.999525, -0.019878, 0.343045, 0.0157206, 0.0195112, 0.999686, 0.303933, 0, 0, 0, 1
0.999634, -0.0229148, -0.0143972, -0.0615104, 0.0226421, 0.999566, -0.018823, 0.343394, 0.0148223, 0.0184901, 0.999719, 0.304141, 0, 0, 0, 1
0.999666, -0.0220113, -0.0135539, -0.0610918, 0.0217688, 0.999605, -0.0177866, 0.343736, 0.0139401, 0.0174857, 0.99975, 0.304346, 0, 0, 0, 1
0.999696, -0.0211243, -0.0127243, -0.0606805, 0.0209097, 0.999641, -0.0167689, 0.344073, 0.0130739, 0.0164977, 0.999778, 0.304547, 0, 0, 0, 1
0.999724, -0.0202536, -0.0119084, -0.0602763, 0.0200648, 0.999674, -0.0157697, 0.344404, 0.0122239, 0.0155264, 0.999805, 0.304745, 0, 0, 0, 1
0.99975, -0.0193993, -0.0111062, -0.0598794, 0.0192342, 0.999706, -0.0147891, 0.344729, 0.0113899, 0.0145718, 0.999829, 0.304939, 0, 0, 0, 1
0.999774, -0.0185614, -0.0103179, -0.0594897, 0.0184179, 0.999735, -0.013827, 0.345048, 0.0105718, 0.0136338, 0.999851, 0.30513, 0, 0, 0, 1
0.999797, -0.0177396, -0.00954338, -0.0591073, 0.017616, 0.999762, -0.0128834, 0.345361, 0.00976965, 0.0127126, 0.999871, 0.305317, 0, 0, 0, 1
0.999818, -0.0169342, -0.00878278, -0.0587321, 0.0168286, 0.999787, -0.0119582, 0.345668, 0.00898341, 0.0118082, 0.99989, 0.305501, 0, 0, 0, 1
0.999837, -0.0161449, -0.00803612, -0.0583642, 0.0160556, 0.99981, -0.0110515, 0.345969, 0.00821302, 0.0109206, 0.999907, 0.305681, 0, 0, 0, 1
0.999855, -0.0153717, -0.00730345, -0.0580034, 0.0152971, 0.999831, -0.0101631, 0.346264, 0.00745845, 0.0100499, 0.999922, 0.305857, 0, 0, 0, 1
0.999872, -0.0146147, -0.00658481, -0.05765, 0.0145532, 0.999851, -0.00929308, 0.346553, 0.00671965, 0.00919605, 0.999935, 0.30603, 0, 0, 0, 1
0.999886, -0.0138738, -0.00588025, -0.0573037, 0.0138239, 0.999869, -0.00844139, 0.346837, 0.00599659, 0.00835914, 0.999947, 0.3062, 0, 0, 0, 1
0.9999, -0.0131489, -0.00518979, -0.0569647, 0.0131092, 0.999885, -0.007608, 0.347114, 0.00528923, 0.00753921, 0.999958, 0.306366, 0, 0, 0, 1
0.999912, -0.0124401, -0.00451349, -0.056633, 0.0124093, 0.9999, -0.00679287, 0.347385, 0.00459754, 0.00673627, 0.999967, 0.306528, 0, 0, 0, 1
0.999924, -0.0117472, -0.00385138, -0.0563084, 0.011724, 0.999913, -0.00599598, 0.347651, 0.00392148, 0.00595037, 0.999975, 0.306687, 0, 0, 0, 1
0.999934, -0.0110703, -0.0032035, -0.0559911, 0.0110535, 0.999925, -0.0052173, 0.347911, 0.00326102, 0.00518154, 0.999981, 0.306842, 0, 0, 0, 1
0.999943, -0.0104093, -0.00256989, -0.0556811, 0.0103978, 0.999936, -0.00445679, 0.348164, 0.00261611, 0.00442982, 0.999987, 0.306994, 0, 0, 0, 1
0.99995, -0.00976416, -0.00195058, -0.0553782, 0.00975687, 0.999946, -0.00371444, 0.348412, 0.00198674, 0.00369522, 0.999991, 0.307142, 0, 0, 0, 1
0.999957, -0.0091349, -0.00134561, -0.0550827, 0.00913084, 0.999954, -0.0029902, 0.348654, 0.00137286, 0.00297779, 0.999995, 0.307287, 0, 0, 0, 1
0.999963, -0.00852145, -0.000755012, -0.0547943, 0.00851971, 0.999961, -0.00228407, 0.34889, 0.000774446, 0.00227755, 0.999997, 0.307428, 0, 0, 0, 1
0.999969, -0.0079238, -0.000178821, -0.0545132, 0.0079235, 0.999967, -0.001596, 0.34912, 0.000191462, 0.00159453, 0.999999, 0.307566, 0, 0, 0, 1
0.999973, -0.00734191, 0.000382931, -0.0542393, 0.00734226, 0.999973, -0.000925978, 0.349344, -0.000376122, 0.000928764, 0.999999, 0.3077, 0, 0, 0, 1
0.999977, -0.00677575, 0.000930212, -0.0539727, 0.00677601, 0.999977, -0.000273975, 0.349563, -0.000928334, 0.000280271, 1, 0.30783, 0, 0, 0, 1
0.99998, -0.0062253, 0.00146299, -0.0537133, 0.00622478, 0.999981, 0.000360034, 0.349775, -0.00146521, -0.00035092, 0.999999, 0.307957, 0, 0, 0, 1
0.999982, -0.00569053, 0.00198124, -0.0534612, 0.00568861, 0.999983, 0.000976072, 0.349981, -0.00198676, -0.000964784, 0.999998, 0.30808, 0, 0, 0, 1
0.999984, -0.00517141, 0.00248493, -0.0532162, 0.00516751, 0.999985, 0.00157416, 0.350182, -0.00249304, -0.0015613, 0.999996, 0.3082, 0, 0, 0, 1
0.999985, -0.00466792, 0.00297404, -0.0529785, 0.00466152, 0.999987, 0.00215433, 0.350376, -0.00298405, -0.00214043, 0.999993, 0.308317, 0, 0, 0, 1
0.999985, -0.00418002, 0.00344852, -0.0527481, 0.00417066, 0.999988, 0.00271659, 0.350565, -0.00345984, -0.00270217, 0.99999, 0.308429, 0, 0, 0, 1
0.999985, -0.0037077, 0.00390837, -0.0525249, 0.00369497, 0.999988, 0.00326097, 0.350747, -0.00392041, -0.00324649, 0.999987, 0.308539, 0, 0, 0, 1
0.999985, -0.00325094, 0.00435355, -0.0523089, 0.00323445, 0.999988, 0.0037875, 0.350924, -0.00436581, -0.00377336, 0.999983, 0.308644, 0, 0, 0, 1
0.999985, -0.0028097, 0.00478405, -0.0521002, 0.00278915, 0.999987, 0.00429618, 0.351095, -0.00479605, -0.00428277, 0.999979, 0.308746, 0, 0, 0, 1
0.999984, -0.00238397, 0.00519982, -0.0518987, 0.00235908, 0.999986, 0.00478704, 0.35126, -0.00521116, -0.0047747, 0.999975, 0.308845, 0, 0, 0, 1
0.999982, -0.00197372, 0.00560086, -0.0517044, 0.00194426, 0.999984, 0.00526011, 0.351419, -0.00561116, -0.00524912, 0.99997, 0.30894, 0, 0, 0, 1
0.999981, -0.00157893, 0.00598715, -0.0515174, 0.00154471, 0.999982, 0.00571539, 0.351572, -0.00599607, -0.00570603, 0.999966, 0.309032, 0, 0, 0, 1
0.999979, -0.00119959, 0.00635865, -0.0513376, 0.00116047, 0.99998, 0.0061529, 0.351719, -0.00636591, -0.00614539, 0.999961, 0.30912, 0, 0, 0, 1
0.999977, -0.000835671, 0.00671536, -0.0511651, 0.000791533, 0.999978, 0.00657267, 0.35186, -0.0067207, -0.00656721, 0.999956, 0.309204, 0, 0, 0, 1
0.999975, -0.000487157, 0.00705724, -0.0509997, 0.000437934, 0.999976, 0.00697471, 0.351996, -0.00706047, -0.00697144, 0.999951, 0.309285, 0, 0, 0, 1
0.999973, -0.00015403, 0.00738429, -0.0508417, 9.96874e-05, 0.999973, 0.00735903, 0.352125, -0.00738522, -0.0073581, 0.999946, 0.309362, 0, 0, 0, 1
0.99997, 0.000163728, 0.00769648, -0.0506908, -0.00022319, 0.99997, 0.00772566, 0.352248, -0.00769499, -0.00772714, 0.999941, 0.309436, 0, 0, 0, 1
0.999968, 0.000466132, 0.00799381, -0.0505472, -0.000530681, 0.999967, 0.00807459, 0.352366, -0.00798978, -0.00807858, 0.999935, 0.309506, 0, 0, 0, 1
0.999965, 0.000753199, 0.00827624, -0.0504109, -0.00082277, 0.999964, 0.00840586, 0.352477, -0.00826961, -0.00841238, 0.99993, 0.309573, 0, 0, 0, 1
0.999963, 0.00102494, 0.00854377, -0.0502817, -0.00109944, 0.999961, 0.00871947, 0.352583, -0.00853451, -0.00872854, 0.999925, 0.309636, 0, 0, 0, 1
0.99996, 0.00128138, 0.00879639, -0.0501598, -0.00136068, 0.999958, 0.00901543, 0.352683, -0.00878447, -0.00902705, 0.999921, 0.309696, 0, 0, 0, 1
0.999958, 0.00152252, 0.00903408, -0.0500452, -0.00160648, 0.999956, 0.00929376, 0.352777, -0.00901952, -0.00930789, 0.999916, 0.309752, 0, 0, 0, 1
0.999956, 0.00174838, 0.00925682, -0.0499378, -0.00183682, 0.999953, 0.00955447, 0.352865, -0.00923967, -0.00957105, 0.999912, 0.309805, 0, 0, 0, 1
0.999953, 0.00195897, 0.00946461, -0.0498376, -0.0020517, 0.99995, 0.00979756, 0.352947, -0.00944494, -0.00981652, 0.999907, 0.309854, 0, 0, 0, 1
0.999951, 0.0021543, 0.00965743, -0.0497447, -0.00225109, 0.999947, 0.0100231, 0.353023, -0.00963533, -0.0100443, 0.999903, 0.309899, 0, 0, 0, 1
0.999949, 0.00233438, 0.00983527, -0.049659, -0.002435, 0.999945, 0.010231, 0.353093, -0.00981085, -0.0102544, 0.999899, 0.309941, 0, 0, 0, 1
0.999947, 0.00249922, 0.00999813, -0.0495805, -0.00260341, 0.999942, 0.0104213, 0.353157, -0.00997151, -0.0104467, 0.999896, 0.30998, 0, 0, 0, 1
0.999945, 0.00264883, 0.010146, -0.0495093, -0.00275631, 0.99994, 0.010594, 0.353215, -0.0101173, -0.0106214, 0.999892, 0.310014, 0, 0, 0, 1
0.999943, 0.00278322, 0.0102789, -0.0494453, -0.0028937, 0.999938, 0.0107492, 0.353268, -0.0102483, -0.0107783, 0.999889, 0.310046, 0, 0, 0, 1
0.999942, 0.00290239, 0.0103967, -0.0493885, -0.00301557, 0.999936, 0.0108868, 0.353314, -0.0103645, -0.0109175, 0.999887, 0.310074, 0, 0, 0, 1
0.99994, 0.00300635, 0.0104996, -0.049339, -0.00312191, 0.999935, 0.0110068, 0.353355, -0.0104658, -0.0110389, 0.999884, 0.310098, 0, 0, 0, 1
0.999939, 0.00309511, 0.0105874, -0.0492967, -0.00321272, 0.999933, 0.0111093, 0.353389, -0.0105523, -0.0111426, 0.999882, 0.310118, 0, 0, 0, 1
0.999938, 0.00316867, 0.0106602, -0.0492617, -0.00328799, 0.999932, 0.0111942, 0.353418, -0.010624, -0.0112286, 0.999881, 0.310136, 0, 0, 0, 1
0.999937, 0.00322703, 0.0107179, -0.0492339, -0.00334772, 0.999931, 0.0112616, 0.353441, -0.0106809, -0.0112968, 0.999879, 0.310149, 0, 0, 0, 1
0.999937, 0.0032702, 0.0107607, -0.0492133, -0.00339191, 0.99993, 0.0113115, 0.353457, -0.0107229, -0.0113473, 0.999878, 0.310159, 0, 0, 0, 1
0.999936, 0.00329818, 0.0107884, -0.0492, -0.00342055, 0.99993, 0.0113438, 0.353468, -0.0107502, -0.01138, 0.999877, 0.310166, 0, 0, 0, 1
0.999936, 0.00331097, 0.010801, -0.0491939, -0.00343364, 0.99993, 0.0113586, 0.353473, -0.0107627, -0.0113949, 0.999877, 0.310169, 0, 0, 0, 1
0.996444, -0.0658455, -0.0525639, -0.0491918, 0.0622229, 0.995756, -0.0678105, 0.353475, 0.0568058, 0.0642987, 0.996313, 0.31017, 0, 0, 0, 1
0.996446, -0.065827, -0.0525482, -0.0491828, 0.0622067, 0.995758, -0.0677895, 0.353481, 0.0567877, 0.0642798, 0.996315, 0.310174, 0, 0, 0, 1
0.99645, -0.0657926, -0.0525191, -0.049166, 0.0621764, 0.995763, -0.0677505, 0.353491, 0.056754, 0.0642445, 0.996319, 0.310183, 0, 0, 0, 1
0.996456, -0.0657423, -0.0524764, -0.0491414, 0.0621321, 0.99577, -0.0676933, 0.353507, 0.0567048, 0.0641929, 0.996325, 0.310195, 0, 0, 0, 1
0.996463, -0.0656761, -0.0524203, -0.0491091, 0.0620738, 0.995778, -0.0676181, 0.353527, 0.0566399, 0.064125, 0.996333, 0.310211, 0, 0, 0, 1
0.996472, -0.0655939, -0.0523506, -0.049069, 0.0620015, 0.995789, -0.0675248, 0.353553, 0.0565594, 0.0640408, 0.996343, 0.310231, 0, 0, 0, 1
0.996483, -0.0654958, -0.0522675, -0.0490211, 0.0619151, 0.995802, -0.0674134, 0.353583, 0.0564633, 0.0639402, 0.996355, 0.310255, 0, 0, 0, 1
0.996496, -0.0653818, -0.0521707, -0.0489654, 0.0618146, 0.995817, -0.0672839, 0.353618, 0.0563517, 0.0638232, 0.996369, 0.310283, 0, 0, 0, 1
0.99651, -0.0652518, -0.0520605, -0.048902, 0.0617002, 0.995834, -0.0671364, 0.353659, 0.0562244, 0.0636899, 0.996385, 0.310315, 0, 0, 0, 1
0.996526, -0.065106, -0.0519368, -0.0488307, 0.0615716, 0.995853, -0.0669707, 0.353704, 0.0560816, 0.0635402, 0.996402, 0.310351, 0, 0, 0, 1
0.996544, -0.0649442, -0.0517994, -0.0487517, 0.0614291, 0.995874, -0.066787, 0.353754, 0.0559232, 0.0633742, 0.996422, 0.31039, 0, 0, 0, 1
0.996563, -0.0647665, -0.0516486, -0.048665, 0.0612724, 0.995898, -0.0665853, 0.353809, 0.0557492, 0.0631918, 0.996443, 0.310434, 0, 0, 0, 1
0.996584, -0.064573, -0.0514842, -0.0485704, 0.0611016, 0.995923, -0.0663654, 0.353869, 0.0555597, 0.062993, 0.996466, 0.310481, 0, 0, 0, 1
0.996607, -0.0643635, -0.0513061, -0.0484681, 0.0609168, 0.99595, -0.0661276, 0.353934, 0.0553546, 0.0627778, 0.996491, 0.310533, 0, 0, 0, 1
0.996631, -0.0641382, -0.0511146, -0.048358, 0.0607179, 0.995979, -0.0658716, 0.354003, 0.0551339, 0.0625462, 0.996518, 0.310588, 0, 0, 0, 1
0.996657, -0.063897, -0.0509094, -0.0482401, 0.0605048, 0.99601, -0.0655977, 0.354078, 0.0548977, 0.0622981, 0.996547, 0.310647, 0, 0, 0, 1
