-0.0723992, -0.0129724, 0.997291, 0.0946354, -0.231494, 0.972827, -0.00415137, 0.333952, -0.970139, -0.231168, -0.0734349, 0.839566, 0, 0, 0, 1
-0.148972, -0.027208, 0.988467, 0.104377, -0.257165, 0.966291, -0.0121598, 0.332021, -0.954816, -0.25601, -0.150947, 0.829428, 0, 0, 0, 1
-0.223906, -0.0437711, 0.973627, 0.113367, -0.28223, 0.959099, -0.0217867, 0.329906, -0.932852, -0.279665, -0.227101, 0.819087, 0, 0, 0, 1
-0.29664, -0.062571, 0.952937, 0.121611, -0.306604, 0.951265, -0.0329816, 0.32761, -0.904433, -0.301958, -0.301368, 0.808595, 0, 0, 0, 1
-0.366636, -0.0835041, 0.92661, 0.129118, -0.330204, 0.942803, -0.04569, 0.325138, -0.869795, -0.322722, -0.373239, 0.798, 0, 0, 0, 1
-0.433379, -0.106455, 0.894903, 0.135899, -0.352952, 0.933725, -0.059853, 0.322494, -0.829221, -0.341797, -0.44223, 0.787351, 0, 0, 0, 1
-0.496382, -0.131295, 0.858118, 0.14197, -0.374775, 0.924044, -0.0754086, 0.319683, -0.783038, -0.359033, -0.507885, 0.776694, 0, 0, 0, 1
-0.555195, -0.157887, 0.816597, 0.14735, -0.395605, 0.913772, -0.0922915, 0.316708, -0.731612, -0.37429, -0.569782, 0.766072, 0, 0, 0, 1
-0.609398, -0.186082, 0.770719, 0.152058, -0.415378, 0.90292, -0.110434, 0.313575, -0.675348, -0.387438, -0.627532, 0.755528, 0, 0, 0, 1
-0.658615, -0.215722, 0.720895, 0.156119, -0.434037, 0.8915, -0.129765, 0.310288, -0.614685, -0.39836, -0.680787, 0.745102, 0, 0, 0, 1
-0.702512, -0.24664, 0.667567, 0.15956, -0.451527, 0.879522, -0.150213, 0.30685, -0.550091, -0.406951, -0.72924, 0.734832, 0, 0, 0, 1
-0.740799, -0.278664, 0.611199, 0.162409, -0.4678, 0.866995, -0.171704, 0.303266, -0.482059, -0.413117, -0.772628, 0.724752, 0, 0, 0, 1
-0.773232, -0.311611, 0.552278, 0.164696, -0.482811, 0.853929, -0.194162, 0.299539, -0.411103, -0.416778, -0.810735, 0.714895, 0, 0, 0, 1
-0.799618, -0.345296, 0.491306, 0.166455, -0.496521, 0.840331, -0.217511, 0.295674, -0.337754, -0.417869, -0.843391, 0.70529, 0, 0, 0, 1
-0.819812, -0.379529, 0.428796, 0.167719, -0.508895, 0.826209, -0.241673, 0.291674, -0.262553, -0.416338, -0.870476, 0.695963, 0, 0, 0, 1
-0.83372, -0.414114, 0.365268, 0.168525, -0.519901, 0.811569, -0.26657, 0.287543, -0.18605, -0.412148, -0.891919, 0.686937, 0, 0, 0, 1
-0.841296, -0.448857, 0.301244, 0.168908, -0.529513, 0.796417, -0.292123, 0.283283, -0.108795, -0.405274, -0.907698, 0.678233, 0, 0, 0, 1
-0.842549, -0.483557, 0.237243, 0.168907, -0.537708, 0.780759, -0.318253, 0.278899, -0.0313361, -0.395711, -0.91784, 0.669867, 0, 0, 0, 1
-0.837532, -0.518018, 0.173775, 0.16856, -0.544467, 0.7646, -0.344881, 0.274393, 0.0457864, -0.383463, -0.92242, 0.661853, 0, 0, 0, 1
-0.826349, -0.552042, 0.111339, 0.167905, -0.549774, 0.747942, -0.371928, 0.269768, 0.122044, -0.368554, -0.92156, 0.654201, 0, 0, 0, 1
-0.809151, -0.585433, 0.0504183, 0.166982, -0.553619, 0.73079, -0.399314, 0.265027, 0.196926, -0.351018, -0.915427, 0.646918, 0, 0, 0, 1
-0.786133, -0.617999, -0.00852593, 0.16583, -0.555992, 0.713147, -0.426959, 0.260173, 0.269941, -0.330906, -0.904231, 0.640009, 0, 0, 0, 1
-0.757529, -0.649551, -0.0650563, 0.164486, -0.55689, 0.695014, -0.454786, 0.255208, 0.340622, -0.308284, -0.888222, 0.633474, 0, 0, 0, 1
-0.723617, -0.679907, -0.118764, 0.16299, -0.556309, 0.676393, -0.482714, 0.250135, 0.408531, -0.283231, -0.867688, 0.62731, 0, 0, 0, 1
-0.684708, -0.708888, -0.16927, 0.161377, -0.554253, 0.657286, -0.510665, 0.244957, 0.473263, -0.255838, -0.842953, 0.621512, 0, 0, 0, 1
-0.641147, -0.736325, -0.216233, 0.159684, -0.550726, 0.637695, -0.538559, 0.239676, 0.534445, -0.22621, -0.814369, 0.616071, 0, 0, 0, 1
-0.593306, -0.762055, -0.259346, 0.157946, -0.545735, 0.61762, -0.566319, 0.234293, 0.591744, -0.194467, -0.782318, 0.610975, 0, 0, 0, 1
-0.541584, -0.785926, -0.298341, 0.156195, -0.539293, 0.597064, -0.593867, 0.228812, 0.644864, -0.160736, -0.747205, 0.606212, 0, 0, 0, 1
-0.486402, -0.807793, -0.332992, 0.154464, -0.531413, 0.576026, -0.621124, 0.223234, 0.693552, -0.125159, -0.709451, 0.601763, 0, 0, 0, 1
-0.428194, -0.827524, -0.363117, 0.152782, -0.522112, 0.554508, -0.648012, 0.217563, 0.737597, -0.087887, -0.669497, 0.597609, 0, 0, 0, 1
-0.367409, -0.844998, -0.388573, 0.151176, -0.511411, 0.532512, -0.674454, 0.2118, 0.776832, -0.0490804, -0.627792, 0.59373, 0, 0, 0, 1
-0.304506, -0.860104, -0.409264, 0.149673, -0.499335, 0.510041, -0.700374, 0.205948, 0.811136, -0.0089084, -0.58479, 0.5901, 0, 0, 0, 1
-0.239944, -0.872746, -0.425137, 0.148295, -0.485909, 0.487095, -0.725694, 0.200008, 0.840428, 0.0324518, -0.54095, 0.586696, 0, 0, 0, 1
-0.174185, -0.882839, -0.436183, 0.147062, -0.471164, 0.463679, -0.750338, 0.193985, 0.864676, 0.0748164, -0.496727, 0.583488, 0, 0, 0, 1
-0.107683, -0.890313, -0.442434, 0.145993, -0.455134, 0.439796, -0.77423, 0.18788, 0.883888, 0.117995, -0.45257, 0.58045, 0, 0, 0, 1
-0.0926896, -0.871236, -0.482034, 0.138864, -0.385416, 0.477772, -0.789423, 0.189428, 0.918076, 0.112612, -0.380073, 0.581891, 0, 0, 0, 1
-0.0716356, -0.850517, -0.521047, 0.131983, -0.315441, 0.514895, -0.797107, 0.191384, 0.946237, 0.107258, -0.305173, 0.582935, 0, 0, 0, 1
-0.0445767, -0.828193, -0.558668, 0.125377, -0.246089, 0.551094, -0.79733, 0.193731, 0.968222, 0.10194, -0.228375, 0.583584, 0, 0, 0, 1
-0.0116714, -0.804306, -0.5941, 0.119069, -0.178226, 0.5863, -0.790245, 0.196452, 0.98392, 0.0966608, -0.150191, 0.583841, 0, 0, 0, 1
0.0268211, -0.778901, -0.626573, 0.113086, -0.112694, 0.620447, -0.776109, 0.199528, 0.993268, 0.0914274, -0.0711367, 0.583708, 0, 0, 0, 1
0.0705447, -0.752024, -0.655349, 0.107448, -0.0502986, 0.653469, -0.755281, 0.202938, 0.99624, 0.0862442, 0.00827304, 0.58319, 0, 0, 0, 1
0.119051, -0.723727, -0.67974, 0.102177, 0.00820644, 0.685303, -0.728212, 0.206659, 0.992854, 0.0811163, 0.0875254, 0.58229, 0, 0, 0, 1
0.171807, -0.69406, -0.699116, 0.0972951, 0.0621265, 0.715889, -0.695445, 0.21067, 0.98317, 0.0760488, 0.166114, 0.581013, 0, 0, 0, 1
0.228201, -0.663081, -0.712915, 0.0928198, 0.110839, 0.745168, -0.657601, 0.214945, 0.967284, 0.0710464, 0.243543, 0.579363, 0, 0, 0, 1
0.287553, -0.630847, -0.720656, 0.0887691, 0.153802, 0.773086, -0.615373, 0.219459, 0.945335, 0.0661141, 0.319329, 0.577345, 0, 0, 0, 1
0.349126, -0.597417, -0.721944, 0.0851591, 0.190562, 0.799588, -0.569514, 0.224185, 0.917495, 0.0612566, 0.393002, 0.574964, 0, 0, 0, 1
0.412134, -0.562856, -0.716477, 0.0820044, 0.220763, 0.824623, -0.520826, 0.229097, 0.883974, 0.0564787, 0.464113, 0.572227, 0, 0, 0, 1
0.475757, -0.527226, -0.704051, 0.0793181, 0.244148, 0.848145, -0.47015, 0.234164, 0.845013, 0.0517851, 0.532232, 0.569139, 0, 0, 0, 1
0.539153, -0.490596, -0.684565, 0.0771116, 0.260566, 0.870109, -0.41835, 0.239359, 0.800887, 0.0471803, 0.596954, 0.565706, 0, 0, 0, 1
0.601469, -0.453034, -0.658024, 0.0753945, 0.269973, 0.890472, -0.366299, 0.244652, 0.751898, 0.042669, 0.657898, 0.561936, 0, 0, 0, 1
0.661855, -0.41461, -0.624537, 0.0741749, 0.272433, 0.909195, -0.314873, 0.250011, 0.698375, 0.0382555, 0.714709, 0.557835, 0, 0, 0, 1
0.71948, -0.375396, -0.584317, 0.0734589, 0.268118, 0.926243, -0.264928, 0.255406, 0.640673, 0.0339442, 0.767063, 0.553411, 0, 0, 0, 1
0.773538, -0.335466, -0.537681, 0.073251, 0.257303, 0.941583, -0.217295, 0.260806, 0.579166, 0.0297394, 0.814667, 0.548671, 0, 0, 0, 1
0.82327, -0.294895, -0.485041, 0.0735538, 0.240361, 0.955186, -0.172763, 0.266178, 0.514251, 0.0256453, 0.857256, 0.543623, 0, 0, 0, 1
0.867965, -0.253758, -0.4269, 0.074368, 0.217763, 0.967025, -0.132067, 0.271492, 0.446336, 0.0216661, 0.894603, 0.538275, 0, 0, 0, 1
0.90698, -0.212133, -0.36385, 0.0756926, 0.190065, 0.977078, -0.0958796, 0.276715, 0.375849, 0.0178057, 0.92651, 0.532637, 0, 0, 0, 1
0.939746, -0.170099, -0.296554, 0.0775247, 0.157901, 0.985327, -0.0647987, 0.281814, 0.303225, 0.0140682, 0.952815, 0.526717, 0, 0, 0, 1
0.965776, -0.127734, -0.225744, 0.0798595, 0.121974, 0.991753, -0.0393386, 0.286759, 0.228907, 0.0104573, 0.973392, 0.520523, 0, 0, 0, 1
0.984677, -0.0851166, -0.152207, 0.0826903, 0.0830458, 0.996347, -0.0199223, 0.291517, 0.153347, 0.00697685, 0.988148, 0.514065, 0, 0, 0, 1
0.996149, -0.042328, -0.0767758, 0.0860086, 0.0419234, 0.999097, -0.00687561, 0.296058, 0.0769975, 0.00363044, 0.997025, 0.507353, 0, 0, 0, 1
1, 0.000551798, -0.000312, 0.0898042, -0.000551929, 1, -0.000421463, 0.30035, 0.000311768, 0.000421635, 1, 0.500397, 0, 0, 0, 1
