-0.0723992, -0.0129724, 0.997291, 0.0946354, -0.231494, 0.972827, -0.00415137, 0.333952, -0.970139, -0.231168, -0.0734349, 0.839566, 0, 0, 0, 1
-0.0724263, -0.012977, 0.997289, 0.0946388, -0.231503, 0.972825, -0.00415382, 0.333951, -0.970134, -0.231177, -0.0734624, 0.839563, 0, 0, 0, 1
-0.0725078, -0.012991, 0.997283, 0.0946491, -0.231531, 0.972819, -0.00416119, 0.333949, -0.970122, -0.231204, -0.0735447, 0.839552, 0, 0, 0, 1
-0.0726435, -0.0130144, 0.997273, 0.0946663, -0.231577, 0.972808, -0.00417348, 0.333945, -0.970101, -0.231249, -0.073682, 0.839534, 0, 0, 0, 1
-0.0728336, -0.013047, 0.997259, 0.0946903, -0.231641, 0.972792, -0.00419069, 0.333941, -0.970071, -0.231311, -0.0738742, 0.839509, 0, 0, 0, 1
-0.0730779, -0.0130891, 0.99724, 0.0947212, -0.231724, 0.972773, -0.00421284, 0.333935, -0.970033, -0.231392, -0.0741212, 0.839477, 0, 0, 0, 1
-0.0733765, -0.0131404, 0.997218, 0.0947589, -0.231825, 0.972748, -0.00423994, 0.333927, -0.969986, -0.231491, -0.0744232, 0.839438, 0, 0, 0, 1
-0.0737294, -0.0132012, 0.997191, 0.0948035, -0.231944, 0.97272, -0.00427201, 0.333918, -0.969931, -0.231607, -0.07478, 0.839391, 0, 0, 0, 1
-0.0741366, -0.0132714, 0.99716, 0.094855, -0.232082, 0.972687, -0.00430907, 0.333908, -0.969867, -0.231742, -0.0751918, 0.839338, 0, 0, 0, 1
-0.0745981, -0.013351, 0.997124, 0.0949134, -0.232238, 0.972649, -0.00435114, 0.333896, -0.969794, -0.231894, -0.0756584, 0.839277, 0, 0, 0, 1
-0.0751138, -0.0134401, 0.997084, 0.0949786, -0.232412, 0.972608, -0.00439825, 0.333884, -0.969713, -0.232065, -0.0761798, 0.839209, 0, 0, 0, 1
-0.0756837, -0.0135386, 0.99704, 0.0950507, -0.232604, 0.972561, -0.00445042, 0.333869, -0.969622, -0.232253, -0.0767562, 0.839134, 0, 0, 0, 1
-0.0763079, -0.0136466, 0.996991, 0.0951296, -0.232815, 0.972511, -0.0045077, 0.333854, -0.969523, -0.232459, -0.0773873, 0.839052, 0, 0, 0, 1
-0.0769862, -0.0137642, 0.996937, 0.0952154, -0.233044, 0.972455, -0.00457011, 0.333837, -0.969414, -0.232682, -0.0780734, 0.838963, 0, 0, 0, 1
-0.0777188, -0.0138914, 0.996879, 0.0953081, -0.233292, 0.972396, -0.00463769, 0.333818, -0.969296, -0.232924, -0.0788142, 0.838866, 0, 0, 0, 1
-0.0785056, -0.0140282, 0.996815, 0.0954076, -0.233557, 0.972332, -0.0047105, 0.333799, -0.969169, -0.233183, -0.0796098, 0.838763, 0, 0, 0, 1
-0.0793465, -0.0141747, 0.996746, 0.095514, -0.233841, 0.972263, -0.00478856, 0.333777, -0.969032, -0.23346, -0.0804603, 0.838652, 0, 0, 0, 1
-0.0802415, -0.0143309, 0.996672, 0.0956272, -0.234143, 0.97219, -0.00487194, 0.333755, -0.968885, -0.233755, -0.0813655, 0.838534, 0, 0, 0, 1
-0.0811907, -0.0144968, 0.996593, 0.0957474, -0.234464, 0.972112, -0.00496067, 0.333731, -0.968728, -0.234068, -0.0823255, 0.838409, 0, 0, 0, 1
-0.082194, -0.0146726, 0.996508, 0.0958743, -0.234802, 0.97203, -0.00505483, 0.333706, -0.968562, -0.234398, -0.0833402, 0.838277, 0, 0, 0, 1
-0.0832513, -0.0148582, 0.996418, 0.0960082, -0.235159, 0.971943, -0.00515445, 0.33368, -0.968385, -0.234746, -0.0844096, 0.838138, 0, 0, 0, 1
-0.0843627, -0.0150537, 0.996321, 0.0961489, -0.235534, 0.971852, -0.00525961, 0.333652, -0.968198, -0.235111, -0.0855337, 0.837991, 0, 0, 0, 1
-0.0855281, -0.0152593, 0.996219, 0.0962965, -0.235927, 0.971756, -0.00537037, 0.333622, -0.968, -0.235494, -0.0867125, 0.837837, 0, 0, 0, 1
-0.0867475, -0.0154749, 0.99611, 0.0964509, -0.236338, 0.971655, -0.00548679, 0.333592, -0.967791, -0.235894, -0.087946, 0.837677, 0, 0, 0, 1
-0.0880208, -0.0157006, 0.995995, 0.0966122, -0.236767, 0.97155, -0.00560894, 0.33356, -0.967571, -0.236312, -0.089234, 0.837509, 0, 0, 0, 1
-0.0893481, -0.0159365, 0.995873, 0.0967804, -0.237214, 0.97144, -0.0057369, 0.333527, -0.96734, -0.236748, -0.0905767, 0.837334, 0, 0, 0, 1
-0.0907292, -0.0161827, 0.995744, 0.0969554, -0.237679, 0.971326, -0.00587075, 0.333492, -0.967097, -0.2372, -0.0919739, 0.837152, 0, 0, 0, 1
-0.0921642, -0.0164392, 0.995608, 0.0971373, -0.238162, 0.971207, -0.00601055, 0.333456, -0.966843, -0.23767, -0.0934257, 0.836962, 0, 0, 0, 1
-0.093653, -0.0167061, 0.995465, 0.0973261, -0.238663, 0.971083, -0.00615639, 0.333418, -0.966576, -0.238158, -0.0949319, 0.836766, 0, 0, 0, 1
-0.0951955, -0.0169836, 0.995314, 0.0975217, -0.239182, 0.970954, -0.00630837, 0.33338, -0.966297, -0.238662, -0.0964926, 0.836562, 0, 0, 0, 1
-0.0967917, -0.0172716, 0.995155, 0.0977242, -0.239719, 0.970821, -0.00646655, 0.33334, -0.966005, -0.239184, -0.0981078, 0.836352, 0, 0, 0, 1
-0.0984417, -0.0175703, 0.994988, 0.0979336, -0.240274, 0.970682, -0.00663105, 0.333298, -0.965701, -0.239722, -0.0997773, 0.836134, 0, 0, 0, 1
-0.100145, -0.0178797, 0.994812, 0.0981498, -0.240847, 0.970539, -0.00680194, 0.333255, -0.965383, -0.240278, -0.101501, 0.835909, 0, 0, 0, 1
-0.101902, -0.0182, 0.994628, 0.0983729, -0.241437, 0.970391, -0.00697933, 0.333211, -0.965051, -0.240851, -0.103279, 0.835676, 0, 0, 0, 1
-0.103713, -0.0185313, 0.994435, 0.0986028, -0.242045, 0.970239, -0.00716332, 0.333165, -0.964706, -0.241441, -0.105112, 0.835437, 0, 0, 0, 1
-0.105577, -0.0188735, 0.994232, 0.0988396, -0.242671, 0.970081, -0.007354, 0.333119, -0.964347, -0.242047, -0.106998, 0.835191, 0, 0, 0, 1
-0.107494, -0.019227, 0.99402, 0.0990833, -0.243314, 0.969918, -0.00755149, 0.33307, -0.963973, -0.242671, -0.108939, 0.834937, 0, 0, 0, 1
-0.109465, -0.0195916, 0.993798, 0.0993338, -0.243975, 0.96975, -0.00775589, 0.333021, -0.963584, -0.243311, -0.110934, 0.834676, 0, 0, 0, 1
-0.111489, -0.0199677, 0.993565, 0.0995912, -0.244654, 0.969578, -0.00796732, 0.33297, -0.963179, -0.243968, -0.112983, 0.834408, 0, 0, 0, 1
-0.113567, -0.0203552, 0.993322, 0.0998555, -0.24535, 0.9694, -0.00818589, 0.332917, -0.96276, -0.244641, -0.115086, 0.834133, 0, 0, 0, 1
-0.115697, -0.0207542, 0.993068, 0.100127, -0.246063, 0.969217, -0.00841171, 0.332864, -0.962324, -0.245331, -0.117242, 0.833851, 0, 0, 0, 1
-0.11788, -0.021165, 0.992802, 0.100405, -0.246794, 0.969029, -0.00864491, 0.332808, -0.961871, -0.246037, -0.119453, 0.833562, 0, 0, 0, 1
-0.120117, -0.0215876, 0.992525, 0.100689, -0.247543, 0.968836, -0.00888561, 0.332752, -0.961402, -0.24676, -0.121717, 0.833265, 0, 0, 0, 1
-0.122406, -0.022022, 0.992236, 0.100981, -0.248308, 0.968638, -0.00913394, 0.332694, -0.960916, -0.247499, -0.124035, 0.832962, 0, 0, 0, 1
-0.124748, -0.0224686, 0.991934, 0.10128, -0.249091, 0.968434, -0.00939002, 0.332635, -0.960412, -0.248254, -0.126407, 0.832651, 0, 0, 0, 1
-0.127143, -0.0229273, 0.991619, 0.101585, -0.249891, 0.968226, -0.00965399, 0.332575, -0.95989, -0.249025, -0.128832, 0.832333, 0, 0, 0, 1
-0.12959, -0.0233983, 0.991292, 0.101898, -0.250709, 0.968012, -0.00992598, 0.332513, -0.95935, -0.249812, -0.131311, 0.832008, 0, 0, 0, 1
-0.13209, -0.0238817, 0.99095, 0.102217, -0.251543, 0.967792, -0.0102061, 0.332449, -0.95879, -0.250615, -0.133843, 0.831676, 0, 0, 0, 1
-0.134642, -0.0243777, 0.990594, 0.102543, -0.252394, 0.967568, -0.0104946, 0.332385, -0.958211, -0.251433, -0.136428, 0.831337, 0, 0, 0, 1
-0.137247, -0.0248863, 0.990224, 0.102876, -0.253262, 0.967337, -0.0107915, 0.332319, -0.957612, -0.252268, -0.139067, 0.83099, 0, 0, 0, 1
-0.139904, -0.0254078, 0.989839, 0.103215, -0.254147, 0.967102, -0.0110969, 0.332252, -0.956993, -0.253118, -0.141758, 0.830636, 0, 0, 0, 1
-0.142612, -0.0259423, 0.989439, 0.103562, -0.255049, 0.966861, -0.0114111, 0.332183, -0.956353, -0.253983, -0.144503, 0.830276, 0, 0, 0, 1
-0.145373, -0.0264899, 0.989022, 0.103916, -0.255968, 0.966614, -0.0117342, 0.332113, -0.955692, -0.254864, -0.1473, 0.829908, 0, 0, 0, 1
-0.148186, -0.0270507, 0.988589, 0.104276, -0.256903, 0.966362, -0.0120664, 0.332041, -0.955009, -0.25576, -0.150151, 0.829533, 0, 0, 0, 1
-0.151091, -0.0276459, 0.988133, 0.104628, -0.257879, 0.966098, -0.0124016, 0.331962, -0.95429, -0.256692, -0.153098, 0.829138, 0, 0, 0, 1
-0.154064, -0.0282633, 0.987657, 0.104982, -0.25888, 0.965825, -0.0127439, 0.331879, -0.953544, -0.257648, -0.156116, 0.828732, 0, 0, 0, 1
-0.157089, -0.0288951, 0.987162, 0.105342, -0.259899, 0.965547, -0.0130958, 0.331794, -0.952773, -0.25862, -0.159187, 0.828318, 0, 0, 0, 1
-0.160166, -0.0295415, 0.986648, 0.105708, -0.260935, 0.965263, -0.0134573, 0.331708, -0.951977, -0.259606, -0.162311, 0.827896, 0, 0, 0, 1
-0.163296, -0.0302025, 0.986115, 0.106081, -0.261987, 0.964972, -0.0138288, 0.33162, -0.951156, -0.260607, -0.165488, 0.827468, 0, 0, 0, 1
-0.166477, -0.0308784, 0.985562, 0.10646, -0.263056, 0.964676, -0.0142103, 0.331531, -0.950309, -0.261624, -0.168719, 0.827031, 0, 0, 0, 1
-0.16971, -0.0315694, 0.984988, 0.106846, -0.264142, 0.964373, -0.014602, 0.33144, -0.949435, -0.262655, -0.172003, 0.826588, 0, 0, 0, 1
-0.172995, -0.0322756, 0.984394, 0.107238, -0.265244, 0.964065, -0.0150042, 0.331348, -0.948535, -0.2637, -0.175339, 0.826136, 0, 0, 0, 1
-0.17633, -0.0329971, 0.983778, 0.107637, -0.266363, 0.96375, -0.015417, 0.331254, -0.947607, -0.26476, -0.178728, 0.825678, 0, 0, 0, 1
-0.179717, -0.0337342, 0.98314, 0.108042, -0.267498, 0.963428, -0.0158406, 0.331159, -0.94665, -0.265835, -0.182169, 0.825212, 0, 0, 0, 1
-0.183155, -0.034487, 0.982479, 0.108454, -0.268649, 0.963101, -0.0162752, 0.331062, -0.945665, -0.266923, -0.185662, 0.824738, 0, 0, 0, 1
-0.186644, -0.0352558, 0.981795, 0.108872, -0.269817, 0.962766, -0.0167211, 0.330964, -0.94465, -0.268026, -0.189207, 0.824257, 0, 0, 0, 1
-0.190183, -0.0360406, 0.981087, 0.109297, -0.271, 0.962426, -0.0171782, 0.330864, -0.943604, -0.269142, -0.192805, 0.823768, 0, 0, 0, 1
-0.193773, -0.0368417, 0.980354, 0.109728, -0.2722, 0.962079, -0.017647, 0.330762, -0.942528, -0.270272, -0.196453, 0.823272, 0, 0, 0, 1
-0.197413, -0.0376592, 0.979597, 0.110166, -0.273415, 0.961725, -0.0181276, 0.330659, -0.941421, -0.271415, -0.200153, 0.822769, 0, 0, 0, 1
-0.201102, -0.0384933, 0.978814, 0.11061, -0.274646, 0.961365, -0.0186202, 0.330555, -0.940281, -0.272571, -0.203905, 0.822258, 0, 0, 0, 1
-0.204842, -0.0393443, 0.978004, 0.111061, -0.275892, 0.960998, -0.019125, 0.330449, -0.939108, -0.273741, -0.207707, 0.82174, 0, 0, 0, 1
-0.20863, -0.0402122, 0.977168, 0.111518, -0.277154, 0.960625, -0.0196422, 0.330341, -0.937902, -0.274924, -0.21156, 0.821214, 0, 0, 0, 1
-0.212468, -0.0410974, 0.976303, 0.111982, -0.278431, 0.960244, -0.020172, 0.330232, -0.936661, -0.276119, -0.215464, 0.820681, 0, 0, 0, 1
-0.216354, -0.0419999, 0.975411, 0.112452, -0.279723, 0.959857, -0.0207147, 0.330122, -0.935385, -0.277326, -0.219418, 0.82014, 0, 0, 0, 1
-0.220289, -0.04292, 0.97449, 0.112928, -0.28103, 0.959463, -0.0212704, 0.330009, -0.934074, -0.278547, -0.223421, 0.819592, 0, 0, 0, 1
-0.22428, -0.043862, 0.973537, 0.113409, -0.282357, 0.959061, -0.0218385, 0.329895, -0.932724, -0.279783, -0.227483, 0.819034, 0, 0, 0, 1
-0.228389, -0.0448638, 0.972536, 0.113868, -0.283743, 0.958638, -0.0224111, 0.329767, -0.931305, -0.281069, -0.231672, 0.818449, 0, 0, 0, 1
-0.232546, -0.0458847, 0.971502, 0.114334, -0.285145, 0.958208, -0.0229977, 0.329637, -0.929847, -0.282367, -0.235912, 0.817856, 0, 0, 0, 1
-0.236752, -0.0469248, 0.970436, 0.114806, -0.286562, 0.957771, -0.0235984, 0.329505, -0.928349, -0.283677, -0.240201, 0.817256, 0, 0, 0, 1
-0.241005, -0.0479844, 0.969337, 0.115284, -0.287994, 0.957326, -0.0242136, 0.329372, -0.92681, -0.284998, -0.244539, 0.816647, 0, 0, 0, 1
-0.245306, -0.0490636, 0.968203, 0.115768, -0.28944, 0.956874, -0.0248434, 0.329237, -0.92523, -0.286331, -0.248927, 0.816031, 0, 0, 0, 1
-0.249653, -0.0501628, 0.967035, 0.116258, -0.290901, 0.956414, -0.0254882, 0.329101, -0.923607, -0.287675, -0.253364, 0.815407, 0, 0, 0, 1
-0.254047, -0.051282, 0.965831, 0.116755, -0.292376, 0.955946, -0.0261481, 0.328963, -0.921941, -0.289029, -0.257849, 0.814776, 0, 0, 0, 1
-0.258488, -0.0524215, 0.964591, 0.117257, -0.293865, 0.95547, -0.0268233, 0.328823, -0.920232, -0.290394, -0.262383, 0.814136, 0, 0, 0, 1
-0.262975, -0.0535815, 0.963314, 0.117765, -0.295369, 0.954987, -0.0275143, 0.328681, -0.918478, -0.291768, -0.266964, 0.813489, 0, 0, 0, 1
-0.267507, -0.0547622, 0.961999, 0.11828, -0.296886, 0.954496, -0.0282211, 0.328538, -0.916678, -0.293153, -0.271592, 0.812835, 0, 0, 0, 1
-0.272084, -0.0559639, 0.960645, 0.1188, -0.298417, 0.953997, -0.028944, 0.328393, -0.914832, -0.294548, -0.276267, 0.812172, 0, 0, 0, 1
-0.276705, -0.0571867, 0.959252, 0.119327, -0.299961, 0.953489, -0.0296834, 0.328246, -0.912939, -0.295952, -0.280989, 0.811502, 0, 0, 0, 1
-0.281371, -0.0584309, 0.957818, 0.11986, -0.301519, 0.952974, -0.0304395, 0.328098, -0.910998, -0.297365, -0.285757, 0.810824, 0, 0, 0, 1
-0.286081, -0.0596966, 0.956344, 0.120399, -0.303089, 0.952451, -0.0312124, 0.327948, -0.909008, -0.298787, -0.290571, 0.810138, 0, 0, 0, 1
-0.290833, -0.0609841, 0.954828, 0.120944, -0.304672, 0.951919, -0.0320025, 0.327796, -0.906968, -0.300217, -0.29543, 0.809444, 0, 0, 0, 1
-0.295629, -0.0622936, 0.95327, 0.121495, -0.306268, 0.95138, -0.0328101, 0.327643, -0.904877, -0.301656, -0.300334, 0.808743, 0, 0, 0, 1
-0.30054, -0.0636746, 0.951642, 0.122022, -0.307928, 0.950815, -0.0336279, 0.327475, -0.902694, -0.303143, -0.305365, 0.808015, 0, 0, 0, 1
-0.305511, -0.065092, 0.949961, 0.122547, -0.309614, 0.950238, -0.0344621, 0.327302, -0.900446, -0.30465, -0.310462, 0.807273, 0, 0, 0, 1
-0.310525, -0.0665331, 0.948234, 0.123078, -0.311312, 0.949651, -0.035315, 0.327127, -0.898142, -0.306163, -0.315603, 0.806524, 0, 0, 0, 1
-0.315579, -0.0679983, 0.94646, 0.123615, -0.313023, 0.949056, -0.0361868, 0.32695, -0.895783, -0.307683, -0.320787, 0.805766, 0, 0, 0, 1
-0.320674, -0.0694876, 0.944637, 0.124158, -0.314745, 0.948452, -0.0370779, 0.326772, -0.893366, -0.30921, -0.326015, 0.805001, 0, 0, 0, 1
-0.32581, -0.0710013, 0.942766, 0.124706, -0.31648, 0.947838, -0.0379886, 0.326591, -0.890892, -0.310743, -0.331285, 0.804227, 0, 0, 0, 1
-0.330984, -0.0725397, 0.940844, 0.125259, -0.318226, 0.947216, -0.0389191, 0.326409, -0.888359, -0.312282, -0.336597, 0.803446, 0, 0, 0, 1
-0.336197, -0.0741029, 0.938872, 0.125819, -0.319983, 0.946584, -0.0398697, 0.326225, -0.885767, -0.313827, -0.34195, 0.802656, 0, 0, 0, 1
-0.341448, -0.0756913, 0.936848, 0.126384, -0.321751, 0.945943, -0.0408407, 0.326038, -0.883114, -0.315376, -0.347344, 0.801859, 0, 0, 0, 1
-0.34671, -0.0772968, 0.934782, 0.126952, -0.323521, 0.945296, -0.0418275, 0.325851, -0.880413, -0.316923, -0.352751, 0.801057, 0, 0, 0, 1
-0.351957, -0.0789116, 0.932684, 0.12752, -0.325283, 0.944646, -0.0428251, 0.325664, -0.877677, -0.318459, -0.358144, 0.800256, 0, 0, 0, 1
-0.357188, -0.0805355, 0.930554, 0.128088, -0.327039, 0.943994, -0.0438335, 0.325477, -0.874907, -0.319984, -0.363522, 0.799454, 0, 0, 0, 1
-0.362404, -0.0821686, 0.928392, 0.128656, -0.328787, 0.943338, -0.0448527, 0.32529, -0.872102, -0.321498, -0.368885, 0.798653, 0, 0, 0, 1
-0.367621, -0.0838246, 0.92619, 0.129216, -0.330542, 0.942675, -0.0458812, 0.3251, -0.869251, -0.323012, -0.374255, 0.797847, 0, 0, 0, 1
-0.372899, -0.0855512, 0.923919, 0.129741, -0.332351, 0.941988, -0.0469148, 0.324895, -0.866307, -0.32456, -0.3797, 0.797021, 0, 0, 0, 1
-0.378161, -0.0872871, 0.921616, 0.130267, -0.334153, 0.941298, -0.0479596, 0.32469, -0.863329, -0.326097, -0.385129, 0.796195, 0, 0, 0, 1
-0.383404, -0.0890323, 0.919279, 0.130793, -0.335947, 0.940605, -0.0490158, 0.324485, -0.860314, -0.327622, -0.390542, 0.79537, 0, 0, 0, 1
-0.38863, -0.0907869, 0.91691, 0.131319, -0.337733, 0.939909, -0.0500832, 0.32428, -0.857265, -0.329134, -0.395939, 0.794544, 0, 0, 0, 1
-0.393838, -0.0925506, 0.914509, 0.131844, -0.339511, 0.93921, -0.0511618, 0.324075, -0.85418, -0.330635, -0.401319, 0.793719, 0, 0, 0, 1
-0.399028, -0.0943234, 0.912074, 0.13237, -0.341281, 0.938508, -0.0522517, 0.32387, -0.85106, -0.332124, -0.406682, 0.792893, 0, 0, 0, 1
-0.404199, -0.0961053, 0.909608, 0.132896, -0.343043, 0.937803, -0.0533526, 0.323665, -0.847906, -0.3336, -0.412028, 0.792068, 0, 0, 0, 1
-0.409352, -0.0978962, 0.907109, 0.133421, -0.344797, 0.937096, -0.0544646, 0.32346, -0.844716, -0.335064, -0.417356, 0.791242, 0, 0, 0, 1
-0.414486, -0.0996959, 0.904578, 0.133947, -0.346543, 0.936386, -0.0555877, 0.323255, -0.841492, -0.336516, -0.422668, 0.790416, 0, 0, 0, 1
-0.419601, -0.101505, 0.902016, 0.134473, -0.348281, 0.935673, -0.0567217, 0.32305, -0.838234, -0.337955, -0.427961, 0.789591, 0, 0, 0, 1
-0.424696, -0.103322, 0.899421, 0.134999, -0.35001, 0.934957, -0.0578667, 0.322845, -0.834941, -0.339382, -0.433237, 0.788765, 0, 0, 0, 1
-0.429773, -0.105148, 0.896794, 0.135524, -0.351731, 0.934239, -0.0590226, 0.32264, -0.831613, -0.340796, -0.438494, 0.78794, 0, 0, 0, 1
-0.434855, -0.107006, 0.89412, 0.136038, -0.353467, 0.933509, -0.0601881, 0.32243, -0.828228, -0.342215, -0.443764, 0.787108, 0, 0, 0, 1
-0.439982, -0.108933, 0.891375, 0.13652, -0.355251, 0.932755, -0.061362, 0.322207, -0.82475, -0.34366, -0.449094, 0.786261, 0, 0, 0, 1
-0.445088, -0.110868, 0.888597, 0.137003, -0.357026, 0.931998, -0.0625474, 0.321983, -0.821236, -0.345092, -0.454404, 0.785414, 0, 0, 0, 1
-0.450173, -0.112812, 0.885787, 0.137485, -0.358793, 0.931238, -0.0637442, 0.32176, -0.817687, -0.34651, -0.459694, 0.784567, 0, 0, 0, 1
-0.455236, -0.114765, 0.882944, 0.137968, -0.36055, 0.930475, -0.0649524, 0.321536, -0.814103, -0.347914, -0.464964, 0.78372, 0, 0, 0, 1
-0.460277, -0.116727, 0.880068, 0.13845, -0.362299, 0.92971, -0.0661719, 0.321313, -0.810484, -0.349305, -0.470214, 0.782873, 0, 0, 0, 1
-0.465296, -0.118697, 0.87716, 0.138933, -0.364038, 0.928942, -0.0674028, 0.321089, -0.806831, -0.350682, -0.475443, 0.782026, 0, 0, 0, 1
-0.470293, -0.120676, 0.87422, 0.139415, -0.365768, 0.928171, -0.0686449, 0.320866, -0.803142, -0.352046, -0.480652, 0.781179, 0, 0, 0, 1
-0.475268, -0.122663, 0.871248, 0.139897, -0.367489, 0.927397, -0.0698981, 0.320643, -0.79942, -0.353395, -0.48584, 0.780332, 0, 0, 0, 1
-0.48022, -0.124659, 0.868245, 0.14038, -0.369201, 0.926621, -0.0711625, 0.320419, -0.795663, -0.35473, -0.491006, 0.779485, 0, 0, 0, 1
-0.48515, -0.126663, 0.865209, 0.140862, -0.370903, 0.925842, -0.072438, 0.320196, -0.791872, -0.356052, -0.496152, 0.778638, 0, 0, 0, 1
-0.490056, -0.128675, 0.862141, 0.141345, -0.372595, 0.925061, -0.0737245, 0.319972, -0.788047, -0.357359, -0.501275, 0.777791, 0, 0, 0, 1
-0.49494, -0.130695, 0.859042, 0.141827, -0.374278, 0.924277, -0.075022, 0.319749, -0.784188, -0.358652, -0.506377, 0.776945, 0, 0, 0, 1
-0.499859, -0.132787, 0.855867, 0.142279, -0.376012, 0.923466, -0.0763301, 0.319512, -0.780229, -0.35997, -0.511532, 0.776085, 0, 0, 0, 1
-0.504778, -0.134914, 0.852642, 0.142717, -0.37776, 0.922642, -0.0776496, 0.31927, -0.776207, -0.36129, -0.516694, 0.775219, 0, 0, 0, 1
-0.509672, -0.13705, 0.849383, 0.143155, -0.379498, 0.921815, -0.0789807, 0.319028, -0.77215, -0.362594, -0.521833, 0.774353, 0, 0, 0, 1
-0.514541, -0.139194, 0.846093, 0.143594, -0.381226, 0.920986, -0.0803234, 0.318785, -0.768059, -0.363883, -0.526949, 0.773488, 0, 0, 0, 1
-0.519384, -0.141346, 0.84277, 0.144032, -0.382944, 0.920154, -0.0816775, 0.318543, -0.763933, -0.365156, -0.532041, 0.772622, 0, 0, 0, 1
-0.524202, -0.143506, 0.839415, 0.14447, -0.384652, 0.919319, -0.083043, 0.3183, -0.759773, -0.366414, -0.537109, 0.771757, 0, 0, 0, 1
-0.528994, -0.145674, 0.836029, 0.144909, -0.386349, 0.918481, -0.0844199, 0.318058, -0.755579, -0.367656, -0.542152, 0.770891, 0, 0, 0, 1
-0.53376, -0.14785, 0.832611, 0.145347, -0.388035, 0.917641, -0.085808, 0.317816, -0.751352, -0.368883, -0.547171, 0.770026, 0, 0, 0, 1
-0.538499, -0.150033, 0.829161, 0.145785, -0.389711, 0.916799, -0.0872074, 0.317573, -0.74709, -0.370095, -0.552165, 0.76916, 0, 0, 0, 1
-0.543212, -0.152224, 0.82568, 0.146224, -0.391377, 0.915954, -0.0886179, 0.317331, -0.742795, -0.371291, -0.557134, 0.768295, 0, 0, 0, 1
-0.547898, -0.154423, 0.822168, 0.146662, -0.393031, 0.915106, -0.0900395, 0.317089, -0.738467, -0.372471, -0.562078, 0.767429, 0, 0, 0, 1
-0.552558, -0.156629, 0.818625, 0.1471, -0.394675, 0.914256, -0.0914721, 0.316846, -0.734106, -0.373635, -0.566997, 0.766564, 0, 0, 0, 1
-0.557223, -0.158886, 0.81502, 0.147519, -0.396347, 0.913387, -0.0929172, 0.316595, -0.729666, -0.374806, -0.571934, 0.765691, 0, 0, 0, 1
-0.561902, -0.161206, 0.811344, 0.147913, -0.398058, 0.912493, -0.0943758, 0.316334, -0.725131, -0.375992, -0.576901, 0.76481, 0, 0, 0, 1
-0.566553, -0.163533, 0.807635, 0.148306, -0.399759, 0.911596, -0.0958459, 0.316072, -0.720563, -0.377161, -0.581841, 0.763929, 0, 0, 0, 1
-0.571175, -0.165868, 0.803895, 0.1487, -0.401447, 0.910696, -0.0973277, 0.31581, -0.71596, -0.378312, -0.586754, 0.763048, 0, 0, 0, 1
-0.575767, -0.16821, 0.800123, 0.149093, -0.403124, 0.909794, -0.098821, 0.315548, -0.711325, -0.379447, -0.591639, 0.762167, 0, 0, 0, 1
-0.58033, -0.17056, 0.79632, 0.149487, -0.40479, 0.908889, -0.100326, 0.315286, -0.706656, -0.380564, -0.596497, 0.761285, 0, 0, 0, 1
-0.584863, -0.172917, 0.792486, 0.149881, -0.406443, 0.907982, -0.101842, 0.315024, -0.701954, -0.381664, -0.601326, 0.760404, 0, 0, 0, 1
-0.589366, -0.175281, 0.788622, 0.150274, -0.408085, 0.907073, -0.103369, 0.314762, -0.697219, -0.382747, -0.606128, 0.759523, 0, 0, 0, 1
-0.593839, -0.177651, 0.784726, 0.150668, -0.409715, 0.906161, -0.104908, 0.314501, -0.692451, -0.383813, -0.6109, 0.758642, 0, 0, 0, 1
-0.598281, -0.180029, 0.7808, 0.151061, -0.411333, 0.905247, -0.106458, 0.314239, -0.687651, -0.384861, -0.615644, 0.75776, 0, 0, 0, 1
-0.602693, -0.182413, 0.776844, 0.151455, -0.412939, 0.90433, -0.108019, 0.313977, -0.682819, -0.385892, -0.620359, 0.756879, 0, 0, 0, 1
-0.607074, -0.184804, 0.772857, 0.151848, -0.414533, 0.903411, -0.109591, 0.313715, -0.677955, -0.386905, -0.625045, 0.755998, 0, 0, 0, 1
-0.611455, -0.187252, 0.768804, 0.152221, -0.416159, 0.90247, -0.111178, 0.313444, -0.673004, -0.387925, -0.629746, 0.755111, 0, 0, 0, 1
-0.615839, -0.189763, 0.764678, 0.152569, -0.417822, 0.901502, -0.11278, 0.313162, -0.667957, -0.388954, -0.634467, 0.754217, 0, 0, 0, 1
-0.62019, -0.19228, 0.760521, 0.152917, -0.419473, 0.900531, -0.114393, 0.31288, -0.662878, -0.389964, -0.639157, 0.753323, 0, 0, 0, 1
-0.624508, -0.194805, 0.756334, 0.153265, -0.421111, 0.899558, -0.116019, 0.312598, -0.657766, -0.390955, -0.643816, 0.752429, 0, 0, 0, 1
-0.628792, -0.197335, 0.752116, 0.153614, -0.422735, 0.898583, -0.117656, 0.312316, -0.652622, -0.391927, -0.648443, 0.751535, 0, 0, 0, 1
-0.633043, -0.199872, 0.747869, 0.153962, -0.424347, 0.897606, -0.119304, 0.312034, -0.647446, -0.39288, -0.653038, 0.750641, 0, 0, 0, 1
-0.63726, -0.202415, 0.743591, 0.15431, -0.425946, 0.896626, -0.120964, 0.311752, -0.642238, -0.393815, -0.657602, 0.749747, 0, 0, 0, 1
-0.641443, -0.204965, 0.739284, 0.154658, -0.427531, 0.895644, -0.122634, 0.31147, -0.636999, -0.39473, -0.662133, 0.748853, 0, 0, 0, 1
-0.645592, -0.20752, 0.734947, 0.155007, -0.429103, 0.89466, -0.124317, 0.311189, -0.631729, -0.395626, -0.666632, 0.747959, 0, 0, 0, 1
-0.649706, -0.210081, 0.730581, 0.155355, -0.430662, 0.893673, -0.12601, 0.310907, -0.626428, -0.396503, -0.671098, 0.747065, 0, 0, 0, 1
-0.653785, -0.212647, 0.726186, 0.155703, -0.432208, 0.892685, -0.127714, 0.310625, -0.621097, -0.397361, -0.675532, 0.746171, 0, 0, 0, 1
-0.65783, -0.215219, 0.721762, 0.156052, -0.43374, 0.891694, -0.129429, 0.310343, -0.615735, -0.398199, -0.679932, 0.745277, 0, 0, 0, 1
-0.661884, -0.21789, 0.71724, 0.156363, -0.435337, 0.890661, -0.131165, 0.310044, -0.610238, -0.399057, -0.68437, 0.744375, 0, 0, 0, 1
-0.665913, -0.220588, 0.712672, 0.156666, -0.43694, 0.889616, -0.132915, 0.309742, -0.604685, -0.399904, -0.68879, 0.743471, 0, 0, 0, 1
-0.669903, -0.223292, 0.708075, 0.156969, -0.438528, 0.888569, -0.134676, 0.309439, -0.599101, -0.400731, -0.693175, 0.742567, 0, 0, 0, 1
-0.673857, -0.226001, 0.703449, 0.157272, -0.440102, 0.88752, -0.136449, 0.309137, -0.593487, -0.401536, -0.697525, 0.741664, 0, 0, 0, 1
-0.677773, -0.228716, 0.698794, 0.157574, -0.441661, 0.886469, -0.138234, 0.308834, -0.587843, -0.402321, -0.701839, 0.74076, 0, 0, 0, 1
-0.681651, -0.231435, 0.69411, 0.157877, -0.443206, 0.885415, -0.140029, 0.308532, -0.582168, -0.403085, -0.706118, 0.739856, 0, 0, 0, 1
-0.685492, -0.23416, 0.689399, 0.15818, -0.444737, 0.884359, -0.141836, 0.308229, -0.576464, -0.403829, -0.710361, 0.738952, 0, 0, 0, 1
-0.689294, -0.23689, 0.684659, 0.158483, -0.446253, 0.883302, -0.143654, 0.307927, -0.57073, -0.404551, -0.714567, 0.738048, 0, 0, 0, 1
-0.693057, -0.239624, 0.679891, 0.158786, -0.447754, 0.882242, -0.145483, 0.307624, -0.564967, -0.405252, -0.718737, 0.737145, 0, 0, 0, 1
-0.696783, -0.242363, 0.675096, 0.159088, -0.44924, 0.881181, -0.147323, 0.307322, -0.559176, -0.405932, -0.72287, 0.736241, 0, 0, 0, 1
-0.700469, -0.245106, 0.670273, 0.159391, -0.450711, 0.880117, -0.149174, 0.307019, -0.553356, -0.406592, -0.726967, 0.735337, 0, 0, 0, 1
-0.704136, -0.247907, 0.665383, 0.159674, -0.452213, 0.879028, -0.151043, 0.306707, -0.547445, -0.40725, -0.731062, 0.73443, 0, 0, 0, 1
-0.707786, -0.250782, 0.660414, 0.159931, -0.453756, 0.877905, -0.152933, 0.306383, -0.541428, -0.407911, -0.735163, 0.73352, 0, 0, 0, 1
-0.711395, -0.253662, 0.655418, 0.160188, -0.455284, 0.87678, -0.154834, 0.30606, -0.535382, -0.40855, -0.739225, 0.732609, 0, 0, 0, 1
-0.714962, -0.256545, 0.650395, 0.160446, -0.456796, 0.875653, -0.156747, 0.305736, -0.529308, -0.409165, -0.743248, 0.731699, 0, 0, 0, 1
-0.718488, -0.259432, 0.645344, 0.160703, -0.458291, 0.874524, -0.158671, 0.305412, -0.523205, -0.409759, -0.747231, 0.730788, 0, 0, 0, 1
-0.721973, -0.262323, 0.640267, 0.16096, -0.459771, 0.873394, -0.160606, 0.305089, -0.517074, -0.410329, -0.751175, 0.729878, 0, 0, 0, 1
-0.725415, -0.265218, 0.635163, 0.161218, -0.461235, 0.872261, -0.162552, 0.304765, -0.510916, -0.410877, -0.755079, 0.728968, 0, 0, 0, 1
-0.728815, -0.268117, 0.630034, 0.161475, -0.462683, 0.871127, -0.164509, 0.304441, -0.504731, -0.411402, -0.758943, 0.728057, 0, 0, 0, 1
-0.732173, -0.271018, 0.624878, 0.161732, -0.464114, 0.869991, -0.166477, 0.304117, -0.498519, -0.411905, -0.762767, 0.727147, 0, 0, 0, 1
-0.735488, -0.273923, 0.619696, 0.16199, -0.465529, 0.868853, -0.168456, 0.303794, -0.492281, -0.412384, -0.76655, 0.726236, 0, 0, 0, 1
-0.73876, -0.276831, 0.61449, 0.162247, -0.466928, 0.867714, -0.170446, 0.30347, -0.486016, -0.412841, -0.770293, 0.725326, 0, 0, 0, 1
-0.742001, -0.279791, 0.609222, 0.162488, -0.468349, 0.86655, -0.172454, 0.303138, -0.47967, -0.41329, -0.774021, 0.724414, 0, 0, 0, 1
-0.745216, -0.282836, 0.603869, 0.1627, -0.469821, 0.865345, -0.174487, 0.302792, -0.473204, -0.41374, -0.777751, 0.7235, 0, 0, 0, 1
-0.748385, -0.285883, 0.59849, 0.162912, -0.471275, 0.864139, -0.176531, 0.302447, -0.466712, -0.414167, -0.781439, 0.722586, 0, 0, 0, 1
-0.751509, -0.288934, 0.593086, 0.163124, -0.472712, 0.862931, -0.178586, 0.302101, -0.460193, -0.414568, -0.785083, 0.721671, 0, 0, 0, 1
-0.754587, -0.291986, 0.587658, 0.163336, -0.474131, 0.861722, -0.180653, 0.301756, -0.45365, -0.414945, -0.788684, 0.720757, 0, 0, 0, 1
-0.75762, -0.295041, 0.582205, 0.163548, -0.475532, 0.860511, -0.18273, 0.30141, -0.447081, -0.415298, -0.792242, 0.719843, 0, 0, 0, 1
-0.760606, -0.298099, 0.576728, 0.16376, -0.476916, 0.859298, -0.184819, 0.301064, -0.440487, -0.415625, -0.795755, 0.718929, 0, 0, 0, 1
-0.763547, -0.301158, 0.571227, 0.163972, -0.478283, 0.858084, -0.186918, 0.300719, -0.433869, -0.415929, -0.799225, 0.718015, 0, 0, 0, 1
-0.766441, -0.304219, 0.565703, 0.164185, -0.479631, 0.856868, -0.189028, 0.300373, -0.427227, -0.416207, -0.802651, 0.717101, 0, 0, 0, 1
-0.769288, -0.307281, 0.560155, 0.164397, -0.480962, 0.855651, -0.191148, 0.300028, -0.420561, -0.416461, -0.806033, 0.716187, 0, 0, 0, 1
-0.772089, -0.310345, 0.554585, 0.164609, -0.482274, 0.854432, -0.193279, 0.299682, -0.413872, -0.416691, -0.809369, 0.715273, 0, 0, 0, 1
-0.774852, -0.313492, 0.548933, 0.164795, -0.483633, 0.853173, -0.195436, 0.299323, -0.407067, -0.416916, -0.812697, 0.714358, 0, 0, 0, 1
-0.777571, -0.316697, 0.543218, 0.164962, -0.485019, 0.851883, -0.197614, 0.298955, -0.400175, -0.41713, -0.816004, 0.713444, 0, 0, 0, 1
-0.780242, -0.319903, 0.53748, 0.16513, -0.486385, 0.850593, -0.199804, 0.298587, -0.393259, -0.417318, -0.819264, 0.712529, 0, 0, 0, 1
-0.782862, -0.32311, 0.53172, 0.165297, -0.487733, 0.8493, -0.202004, 0.298219, -0.38632, -0.417479, -0.822477, 0.711615, 0, 0, 0, 1
-0.785433, -0.326318, 0.525938, 0.165465, -0.489061, 0.848007, -0.204216, 0.297851, -0.37936, -0.417614, -0.825642, 0.7107, 0, 0, 0, 1
-0.787955, -0.329526, 0.520134, 0.165632, -0.49037, 0.846712, -0.206438, 0.297483, -0.372377, -0.417722, -0.82876, 0.709785, 0, 0, 0, 1
-0.790426, -0.332735, 0.514309, 0.165799, -0.49166, 0.845416, -0.208671, 0.297115, -0.365373, -0.417804, -0.831831, 0.708871, 0, 0, 0, 1
-0.792847, -0.335944, 0.508463, 0.165967, -0.49293, 0.844118, -0.210914, 0.296747, -0.358348, -0.417859, -0.834854, 0.707956, 0, 0, 0, 1
-0.795218, -0.339152, 0.502597, 0.166134, -0.49418, 0.84282, -0.213167, 0.296379, -0.351302, -0.417888, -0.837828, 0.707041, 0, 0, 0, 1
-0.797539, -0.342361, 0.49671, 0.166302, -0.495412, 0.841521, -0.215431, 0.296011, -0.344236, -0.41789, -0.840755, 0.706127, 0, 0, 0, 1
-0.799809, -0.345581, 0.490794, 0.166466, -0.496633, 0.840214, -0.217707, 0.295641, -0.337137, -0.417869, -0.843638, 0.705212, 0, 0, 0, 1
-0.802026, -0.348934, 0.484767, 0.166589, -0.497938, 0.838838, -0.220022, 0.29525, -0.329867, -0.417847, -0.846517, 0.7043, 0, 0, 0, 1
-0.80419, -0.352287, 0.47872, 0.166713, -0.499221, 0.83746, -0.222348, 0.294859, -0.322578, -0.417798, -0.849346, 0.703388, 0, 0, 0, 1
-0.8063, -0.355639, 0.472653, 0.166836, -0.500485, 0.836081, -0.224685, 0.294468, -0.31527, -0.417719, -0.852124, 0.702476, 0, 0, 0, 1
-0.808357, -0.358989, 0.466568, 0.16696, -0.501727, 0.834701, -0.227032, 0.294077, -0.307943, -0.417613, -0.854851, 0.701564, 0, 0, 0, 1
-0.810361, -0.362338, 0.460464, 0.167084, -0.502948, 0.833321, -0.22939, 0.293686, -0.300597, -0.417478, -0.857527, 0.700652, 0, 0, 0, 1
-0.81231, -0.365685, 0.454342, 0.167207, -0.504149, 0.831939, -0.231758, 0.293294, -0.293234, -0.417315, -0.860152, 0.69974, 0, 0, 0, 1
-0.814206, -0.369031, 0.448201, 0.167331, -0.505328, 0.830557, -0.234136, 0.292903, -0.285853, -0.417124, -0.862726, 0.698828, 0, 0, 0, 1
-0.816048, -0.372374, 0.442044, 0.167454, -0.506486, 0.829173, -0.236524, 0.292512, -0.278455, -0.416904, -0.865248, 0.697916, 0, 0, 0, 1
-0.817836, -0.375715, 0.435869, 0.167578, -0.507622, 0.82779, -0.238922, 0.292121, -0.271041, -0.416656, -0.867718, 0.697004, 0, 0, 0, 1
-0.81957, -0.379054, 0.429677, 0.167702, -0.508738, 0.826405, -0.24133, 0.29173, -0.263611, -0.41638, -0.870136, 0.696092, 0, 0, 0, 1
-0.821233, -0.382522, 0.423383, 0.167789, -0.509931, 0.82495, -0.243778, 0.291318, -0.256019, -0.416095, -0.872536, 0.695185, 0, 0, 0, 1
-0.822837, -0.386008, 0.417058, 0.16787, -0.511119, 0.823482, -0.246242, 0.290904, -0.248388, -0.415783, -0.874887, 0.694279, 0, 0, 0, 1
-0.824384, -0.389491, 0.410717, 0.16795, -0.512284, 0.822013, -0.248716, 0.290489, -0.240742, -0.415442, -0.877184, 0.693373, 0, 0, 0, 1
-0.825873, -0.392971, 0.404361, 0.168031, -0.513427, 0.820543, -0.251201, 0.290074, -0.233081, -0.41507, -0.879426, 0.692466, 0, 0, 0, 1
-0.827306, -0.396447, 0.39799, 0.168112, -0.514546, 0.819073, -0.253695, 0.289659, -0.225406, -0.414667, -0.881614, 0.69156, 0, 0, 0, 1
-0.828681, -0.399919, 0.391604, 0.168193, -0.515643, 0.817603, -0.2562, 0.289244, -0.217717, -0.414235, -0.883747, 0.690654, 0, 0, 0, 1
-0.829998, -0.403387, 0.385203, 0.168274, -0.516717, 0.816132, -0.258714, 0.288829, -0.210015, -0.413773, -0.885825, 0.689748, 0, 0, 0, 1
-0.831259, -0.406851, 0.378789, 0.168355, -0.517768, 0.814661, -0.261237, 0.288415, -0.2023, -0.41328, -0.887848, 0.688841, 0, 0, 0, 1
-0.832462, -0.41031, 0.372361, 0.168436, -0.518796, 0.813189, -0.26377, 0.288, -0.194573, -0.412758, -0.889816, 0.687935, 0, 0, 0, 1
-0.833607, -0.413765, 0.365921, 0.168516, -0.519801, 0.811718, -0.266312, 0.287585, -0.186834, -0.412205, -0.891729, 0.687029, 0, 0, 0, 1
-0.834661, -0.417358, 0.359379, 0.16856, -0.520889, 0.810165, -0.2689, 0.287148, -0.178928, -0.411637, -0.89361, 0.68613, 0, 0, 0, 1
-0.835651, -0.420962, 0.352815, 0.1686, -0.521965, 0.808603, -0.271503, 0.286709, -0.170995, -0.411038, -0.895437, 0.685233, 0, 0, 0, 1
-0.836581, -0.42456, 0.346239, 0.168639, -0.523017, 0.807041, -0.274115, 0.28627, -0.16305, -0.410408, -0.897207, 0.684335, 0, 0, 0, 1
-0.83745, -0.428152, 0.339651, 0.168679, -0.524044, 0.805478, -0.276737, 0.28583, -0.155096, -0.409745, -0.898918, 0.683438, 0, 0, 0, 1
-0.838259, -0.431738, 0.333053, 0.168718, -0.525046, 0.803915, -0.279368, 0.285391, -0.147132, -0.409051, -0.900572, 0.68254, 0, 0, 0, 1
-0.839007, -0.435318, 0.326443, 0.168758, -0.526024, 0.802353, -0.282009, 0.284952, -0.139159, -0.408324, -0.902167, 0.681643, 0, 0, 0, 1
-0.839695, -0.438891, 0.319824, 0.168797, -0.526977, 0.80079, -0.284658, 0.284513, -0.131178, -0.407566, -0.903705, 0.680745, 0, 0, 0, 1
-0.840322, -0.442457, 0.313195, 0.168837, -0.527905, 0.799228, -0.287317, 0.284074, -0.123189, -0.406776, -0.905184, 0.679848, 0, 0, 0, 1
-0.840888, -0.446016, 0.306557, 0.168876, -0.528809, 0.797666, -0.289984, 0.283634, -0.115192, -0.405954, -0.906605, 0.67895, 0, 0, 0, 1
-0.841382, -0.449602, 0.299891, 0.168908, -0.529712, 0.796084, -0.292669, 0.28319, -0.107154, -0.405103, -0.90797, 0.678055, 0, 0, 0, 1
-0.84177, -0.453311, 0.293142, 0.168908, -0.530686, 0.794425, -0.2954, 0.282726, -0.0989714, -0.404225, -0.909289, 0.677169, 0, 0, 0, 1
-0.842095, -0.457012, 0.286385, 0.168908, -0.531634, 0.792766, -0.29814, 0.282262, -0.0907827, -0.403314, -0.910547, 0.676284, 0, 0, 0, 1
-0.842356, -0.460704, 0.279621, 0.168907, -0.532555, 0.791107, -0.30089, 0.281798, -0.0825887, -0.40237, -0.911744, 0.675398, 0, 0, 0, 1
-0.842554, -0.464388, 0.272849, 0.168907, -0.53345, 0.789448, -0.303648, 0.281333, -0.07439, -0.401391, -0.912881, 0.674512, 0, 0, 0, 1
-0.842688, -0.468063, 0.266072, 0.168907, -0.534319, 0.78779, -0.306415, 0.280869, -0.0661872, -0.400379, -0.913956, 0.673626, 0, 0, 0, 1
-0.842758, -0.471729, 0.259288, 0.168907, -0.535161, 0.786133, -0.309191, 0.280405, -0.0579808, -0.399334, -0.91497, 0.672741, 0, 0, 0, 1
-0.842765, -0.475385, 0.252499, 0.168907, -0.535976, 0.784476, -0.311974, 0.279941, -0.0497714, -0.398255, -0.915924, 0.671855, 0, 0, 0, 1
-0.842708, -0.479032, 0.245705, 0.168907, -0.536764, 0.782819, -0.314767, 0.279477, -0.0415595, -0.397142, -0.916816, 0.670969, 0, 0, 0, 1
-0.842588, -0.482669, 0.238907, 0.168907, -0.537526, 0.781164, -0.317567, 0.279012, -0.0333459, -0.395996, -0.917646, 0.670083, 0, 0, 0, 1
-0.842348, -0.486424, 0.232038, 0.168878, -0.538354, 0.77943, -0.320413, 0.278529, -0.0250013, -0.394818, -0.918419, 0.669209, 0, 0, 0, 1
-0.842024, -0.490209, 0.225145, 0.16884, -0.539184, 0.77767, -0.32328, 0.278039, -0.0166142, -0.393605, -0.91913, 0.668338, 0, 0, 0, 1
-0.841634, -0.493982, 0.21825, 0.168803, -0.539985, 0.775911, -0.326156, 0.277549, -0.00822717, -0.392356, -0.919777, 0.667467, 0, 0, 0, 1
-0.841178, -0.497745, 0.211352, 0.168765, -0.540758, 0.774153, -0.32904, 0.27706, 0.000159177, -0.391072, -0.92036, 0.666596, 0, 0, 0, 1
-0.840655, -0.501495, 0.204453, 0.168727, -0.541503, 0.772396, -0.331932, 0.27657, 0.00854423, -0.389752, -0.92088, 0.665725, 0, 0, 0, 1
-0.840067, -0.505234, 0.197552, 0.16869, -0.542219, 0.77064, -0.334832, 0.27608, 0.0169274, -0.388398, -0.921336, 0.664854, 0, 0, 0, 1
-0.839412, -0.50896, 0.19065, 0.168652, -0.542907, 0.768885, -0.33774, 0.27559, 0.025308, -0.387008, -0.921729, 0.663983, 0, 0, 0, 1
-0.838691, -0.512674, 0.183749, 0.168614, -0.543565, 0.767131, -0.340655, 0.275101, 0.0336855, -0.385584, -0.922058, 0.663112, 0, 0, 0, 1
-0.837903, -0.516375, 0.176847, 0.168576, -0.544196, 0.765379, -0.343578, 0.274611, 0.0420593, -0.384124, -0.922323, 0.66224, 0, 0, 0, 1
-0.837, -0.520158, 0.169904, 0.168519, -0.544866, 0.763566, -0.346538, 0.274107, 0.0505218, -0.382627, -0.922521, 0.661379, 0, 0, 0, 1
-0.835987, -0.524005, 0.162927, 0.168446, -0.545563, 0.761702, -0.34953, 0.273591, 0.0590535, -0.381089, -0.92265, 0.660526, 0, 0, 0, 1
-0.834905, -0.527837, 0.155953, 0.168373, -0.546229, 0.75984, -0.35253, 0.273075, 0.0675793, -0.379515, -0.922714, 0.659672, 0, 0, 0, 1
-0.833755, -0.531655, 0.148981, 0.1683, -0.546865, 0.757979, -0.355537, 0.272559, 0.0760984, -0.377904, -0.922712, 0.658819, 0, 0, 0, 1
-0.832537, -0.535457, 0.142013, 0.168227, -0.54747, 0.75612, -0.358552, 0.272043, 0.0846102, -0.376256, -0.922644, 0.657965, 0, 0, 0, 1
-0.83125, -0.539245, 0.135049, 0.168154, -0.548045, 0.754262, -0.361574, 0.271527, 0.0931141, -0.374571, -0.922511, 0.657111, 0, 0, 0, 1
-0.829895, -0.543017, 0.12809, 0.168081, -0.548589, 0.752406, -0.364602, 0.271011, 0.101609, -0.37285, -0.922311, 0.656258, 0, 0, 0, 1
-0.828472, -0.546773, 0.121136, 0.168008, -0.549102, 0.750553, -0.367637, 0.270495, 0.110095, -0.371093, -0.922046, 0.655404, 0, 0, 0, 1
-0.826981, -0.550513, 0.114187, 0.167935, -0.549585, 0.748701, -0.370679, 0.269979, 0.118572, -0.3693, -0.921715, 0.654551, 0, 0, 0, 1
-0.825357, -0.55434, 0.107205, 0.167843, -0.550112, 0.746779, -0.373761, 0.269448, 0.127132, -0.367461, -0.921309, 0.653709, 0, 0, 0, 1
-0.823619, -0.558222, 0.100204, 0.167737, -0.550659, 0.744809, -0.376875, 0.268905, 0.135747, -0.365579, -0.920828, 0.652876, 0, 0, 0, 1
-0.82181, -0.562086, 0.09321, 0.167632, -0.551173, 0.742841, -0.379995, 0.268363, 0.14435, -0.363659, -0.92028, 0.652042, 0, 0, 0, 1
-0.819931, -0.565931, 0.086225, 0.167526, -0.551655, 0.740874, -0.383122, 0.26782, 0.152939, -0.3617, -0.919665, 0.651209, 0, 0, 0, 1
-0.817982, -0.569759, 0.0792491, 0.16742, -0.552104, 0.73891, -0.386255, 0.267278, 0.161514, -0.359703, -0.918981, 0.650376, 0, 0, 0, 1
-0.815963, -0.573567, 0.0722828, 0.167315, -0.55252, 0.736949, -0.389394, 0.266735, 0.170075, -0.357669, -0.918231, 0.649542, 0, 0, 0, 1
-0.813874, -0.577357, 0.0653267, 0.167209, -0.552904, 0.73499, -0.392539, 0.266193, 0.17862, -0.355596, -0.917413, 0.648709, 0, 0, 0, 1
-0.811716, -0.581127, 0.0583813, 0.167104, -0.553256, 0.733034, -0.395689, 0.26565, 0.18715, -0.353487, -0.916527, 0.647876, 0, 0, 0, 1
-0.809488, -0.584878, 0.0514473, 0.166998, -0.553574, 0.73108, -0.398844, 0.265108, 0.195663, -0.35134, -0.915574, 0.647042, 0, 0, 0, 1
-0.807084, -0.588759, 0.044481, 0.166867, -0.553969, 0.729018, -0.402059, 0.264542, 0.204288, -0.349136, -0.914533, 0.646228, 0, 0, 0, 1
-0.80459, -0.592645, 0.0375204, 0.166732, -0.554348, 0.726939, -0.405288, 0.263972, 0.212917, -0.34689, -0.913419, 0.645417, 0, 0, 0, 1
-0.802024, -0.596509, 0.0305737, 0.166597, -0.554693, 0.724862, -0.408523, 0.263403, 0.221526, -0.344604, -0.912236, 0.644607, 0, 0, 0, 1
-0.799387, -0.600351, 0.0236417, 0.166461, -0.555003, 0.722789, -0.411763, 0.262833, 0.230114, -0.342279, -0.910984, 0.643796, 0, 0, 0, 1
-0.796679, -0.604172, 0.0167248, 0.166326, -0.555278, 0.720718, -0.415008, 0.262264, 0.238682, -0.339915, -0.909664, 0.642985, 0, 0, 0, 1
-0.7939, -0.607969, 0.00982357, 0.166191, -0.555519, 0.718651, -0.418258, 0.261694, 0.247228, -0.337512, -0.908275, 0.642174, 0, 0, 0, 1
-0.79105, -0.611744, 0.00293863, 0.166056, -0.555725, 0.716587, -0.421513, 0.261124, 0.255752, -0.335071, -0.906818, 0.641364, 0, 0, 0, 1
-0.78813, -0.615496, -0.00392946, 0.165921, -0.555897, 0.714526, -0.424772, 0.260555, 0.264253, -0.332591, -0.905292, 0.640553, 0, 0, 0, 1
-0.785094, -0.619282, -0.0107918, 0.165777, -0.556076, 0.712424, -0.428056, 0.259976, 0.272776, -0.330063, -0.903688, 0.63975, 0, 0, 0, 1
-0.781893, -0.623163, -0.0176589, 0.165615, -0.556306, 0.710231, -0.431389, 0.259379, 0.281367, -0.327476, -0.901993, 0.638965, 0, 0, 0, 1
-0.778619, -0.627018, -0.0245063, 0.165454, -0.556499, 0.708041, -0.434726, 0.258782, 0.289932, -0.324848, -0.900229, 0.638179, 0, 0, 0, 1
-0.775274, -0.630847, -0.0313334, 0.165292, -0.556656, 0.705855, -0.438067, 0.258185, 0.29847, -0.32218, -0.898396, 0.637393, 0, 0, 0, 1
