-0.999999, -0.000797282, -0.000797199, 0.290901, 0.00079686, 0.000424669, -1, 0.848124, 0.00079762, -1, -0.000424034, 1.02183, 0, 0, 0, 1
-0.995808, 0.0169175, 0.0898938, 0.290828, -0.0890537, 0.0451733, -0.995002, 0.857302, -0.0208937, -0.998836, -0.0434773, 1.01193, 0, 0, 0, 1
-0.983156, 0.0333629, 0.179699, 0.290471, -0.176099, 0.0902803, -0.980224, 0.866601, -0.0489264, -0.995357, -0.0828844, 1.00258, 0, 0, 0, 1
-0.962264, 0.0485339, 0.267754, 0.289824, -0.259242, 0.135586, -0.956248, 0.875983, -0.0827142, -0.989576, -0.117888, 0.993778, 0, 0, 0, 1
-0.933447, 0.0624331, 0.353241, 0.288885, -0.337482, 0.180932, -0.92378, 0.885411, -0.121587, -0.981512, -0.14782, 0.98554, 0, 0, 0, 1
-0.897103, 0.0750712, 0.435397, 0.287653, -0.409933, 0.226161, -0.883632, 0.894846, -0.164805, -0.971193, -0.172115, 0.977867, 0, 0, 0, 1
-0.853709, 0.0864663, 0.513522, 0.286131, -0.475834, 0.271118, -0.836706, 0.904251, -0.211572, -0.958655, -0.190312, 0.970758, 0, 0, 0, 1
-0.803806, 0.0966443, 0.586989, 0.28432, -0.534554, 0.315653, -0.783974, 0.913588, -0.261051, -0.94394, -0.202062, 0.964214, 0, 0, 0, 1
-0.74799, 0.105638, 0.65525, 0.282226, -0.585602, 0.359618, -0.726461, 0.92282, -0.312381, -0.927101, -0.207128, 0.958232, 0, 0, 0, 1
-0.6869, 0.113488, 0.717836, 0.279856, -0.628625, 0.402869, -0.665227, 0.931911, -0.364689, -0.908194, -0.20539, 0.952808, 0, 0, 0, 1
-0.62121, 0.12024, 0.774364, 0.277218, -0.663415, 0.445271, -0.601344, 0.940824, -0.417108, -0.887286, -0.196838, 0.947935, 0, 0, 0, 1
-0.551612, 0.125948, 0.824537, 0.274322, -0.6899, 0.48669, -0.535883, 0.949526, -0.468787, -0.864448, -0.181573, 0.943607, 0, 0, 0, 1
-0.478809, 0.130669, 0.86814, 0.27118, -0.708147, 0.527003, -0.46989, 0.957983, -0.518912, -0.839758, -0.159801, 0.939813, 0, 0, 0, 1
-0.403504, 0.134469, 0.905043, 0.267806, -0.718347, 0.56609, -0.404375, 0.966163, -0.566712, -0.813302, -0.131824, 0.936543, 0, 0, 0, 1
-0.326386, 0.137415, 0.935195, 0.264215, -0.720815, 0.603842, -0.340294, 0.974035, -0.611472, -0.78517, -0.0980349, 0.933783, 0, 0, 0, 1
-0.24813, 0.139582, 0.958618, 0.260422, -0.715973, 0.640156, -0.278535, 0.98157, -0.652544, -0.755458, -0.0589046, 0.93152, 0, 0, 0, 1
-0.169378, 0.141047, 0.975406, 0.256445, -0.704343, 0.674938, -0.219906, 0.98874, -0.689356, -0.724268, -0.0149741, 0.929738, 0, 0, 0, 1
-0.0907398, 0.14189, 0.985715, 0.252302, -0.686529, 0.708103, -0.165127, 0.99552, -0.721418, -0.691706, 0.0331583, 0.92842, 0, 0, 0, 1
-0.0127848, 0.142194, 0.989756, 0.248014, -0.663208, 0.739575, -0.114818, 1.00189, -0.748326, -0.657882, 0.0848489, 0.927547, 0, 0, 0, 1
0.0639637, 0.142045, 0.987791, 0.243599, -0.635111, 0.769288, -0.0694979, 1.00782, -0.769768, -0.622912, 0.139421, 0.927101, 0, 0, 0, 1
0.139031, 0.14153, 0.980122, 0.239081, -0.603012, 0.797184, -0.0295758, 1.01329, -0.785523, -0.586913, 0.196177, 0.927061, 0, 0, 0, 1
0.211993, 0.140736, 0.967084, 0.234479, -0.567708, 0.823217, 0.0046471, 1.01829, -0.795466, -0.550007, 0.254414, 0.927405, 0, 0, 0, 1
0.282479, 0.139752, 0.949039, 0.229817, -0.530011, 0.847349, 0.0329791, 1.02281, -0.799558, -0.512317, 0.313429, 0.928111, 0, 0, 0, 1
0.35017, 0.138665, 0.926365, 0.225116, -0.490727, 0.869554, 0.0553355, 1.02682, -0.797852, -0.47397, 0.372539, 0.929155, 0, 0, 0, 1
0.414797, 0.137563, 0.899455, 0.220401, -0.450647, 0.889815, 0.0717343, 1.03032, -0.790481, -0.435092, 0.431085, 0.930514, 0, 0, 0, 1
0.476144, 0.13653, 0.868704, 0.215693, -0.410532, 0.908125, 0.0822909, 1.0333, -0.777657, -0.395813, 0.488448, 0.932163, 0, 0, 0, 1
0.534039, 0.135649, 0.834507, 0.211015, -0.371104, 0.924487, 0.0872111, 1.03575, -0.759661, -0.356263, 0.544052, 0.934078, 0, 0, 0, 1
0.588355, 0.135, 0.797253, 0.20639, -0.333033, 0.938913, 0.0867825, 1.03767, -0.736836, -0.31657, 0.597374, 0.936232, 0, 0, 0, 1
0.639007, 0.134662, 0.757321, 0.20184, -0.29693, 0.951426, 0.0813656, 1.03906, -0.709579, -0.276865, 0.647954, 0.938599, 0, 0, 0, 1
0.685945, 0.134706, 0.715076, 0.197387, -0.263343, 0.962058, 0.0713832, 1.03991, -0.678328, -0.237275, 0.695393, 0.941155, 0, 0, 0, 1
0.729152, 0.135201, 0.670864, 0.193051, -0.232746, 0.970848, 0.0573106, 1.04024, -0.643558, -0.197929, 0.739363, 0.943874, 0, 0, 0, 1
0.768638, 0.136211, 0.625014, 0.188854, -0.205537, 0.977845, 0.0396639, 1.04004, -0.605764, -0.158951, 0.779605, 0.946728, 0, 0, 0, 1
0.804437, 0.137794, 0.577835, 0.184814, -0.18204, 0.983108, 0.0189893, 1.03932, -0.565458, -0.120465, 0.815933, 0.949693, 0, 0, 0, 1
0.836605, 0.140004, 0.529615, 0.180951, -0.162496, 0.9867, -0.00414746, 1.03809, -0.523152, -0.0825907, 0.848228, 0.952744, 0, 0, 0, 1
0.869864, 0.124373, 0.477355, 0.176487, -0.144764, 0.989448, 0.00599951, 1.04162, -0.471572, -0.0743225, 0.87869, 0.94042, 0, 0, 0, 1
0.899652, 0.108753, 0.422846, 0.172286, -0.12637, 0.991888, 0.0137607, 1.04458, -0.417919, -0.0658151, 0.906097, 0.928278, 0, 0, 0, 1
0.92581, 0.0931482, 0.366332, 0.168342, -0.107564, 0.994015, 0.0190891, 1.04696, -0.362362, -0.057077, 0.930288, 0.916338, 0, 0, 0, 1
0.948195, 0.0775638, 0.308075, 0.16465, -0.0885953, 0.995826, 0.0219608, 1.04879, -0.305085, -0.0481171, 0.951109, 0.904621, 0, 0, 0, 1
0.966686, 0.0620048, 0.248342, 0.161204, -0.0697179, 0.997316, 0.0223762, 1.05006, -0.246288, -0.0389447, 0.968414, 0.893146, 0, 0, 0, 1
0.981181, 0.046476, 0.187412, 0.157997, -0.0511842, 0.998482, 0.0203593, 1.05079, -0.186181, -0.0295687, 0.98207, 0.881932, 0, 0, 0, 1
0.991601, 0.0309822, 0.125568, 0.155024, -0.0332442, 0.99932, 0.0159584, 1.05098, -0.124988, -0.0199988, 0.991957, 0.870997, 0, 0, 0, 1
0.997886, 0.0155279, 0.0631019, 0.152276, -0.0161427, 0.999827, 0.00924526, 1.05064, -0.0629474, -0.0102443, 0.997964, 0.860359, 0, 0, 0, 1
1, 0.000117613, 0.000306106, 0.149748, -0.00011771, 1, 0.000315119, 1.04979, -0.000306068, -0.000315155, 1, 0.850034, 0, 0, 0, 1
