-0.999999, -0.000797282, -0.000797199, 0.290901, 0.00079686, 0.000424669, -1, 0.848124, 0.00079762, -1, -0.000424034, 1.02183, 0, 0, 0, 1
-0.995814, 0.0192496, 0.0893482, 0.29138, -0.0881583, 0.0556837, -0.994549, 0.858219, -0.0241199, -0.998263, -0.0537536, 1.01437, 0, 0, 0, 1
-0.983205, 0.0377257, 0.178561, 0.291543, -0.173445, 0.111262, -0.978539, 0.868597, -0.0567831, -0.993075, -0.10285, 1.00772, 0, 0, 0, 1
-0.96244, 0.0546305, 0.265941, 0.291379, -0.253791, 0.166889, -0.952753, 0.879195, -0.0964319, -0.984461, -0.146756, 1.0019, 0, 0, 0, 1
-0.93389, 0.0699773, 0.350646, 0.29088, -0.32807, 0.222297, -0.918125, 0.88995, -0.142195, -0.972464, -0.184644, 0.996904, 0, 0, 0, 1
-0.898019, 0.0837929, 0.431903, 0.290043, -0.395309, 0.277224, -0.875715, 0.900796, -0.193113, -0.957144, -0.215829, 0.992745, 0, 0, 0, 1
-0.855369, 0.0961175, 0.509023, 0.288867, -0.454711, 0.331414, -0.826682, 0.91167, -0.248156, -0.938577, -0.239775, 0.989417, 0, 0, 0, 1
-0.806549, 0.107004, 0.581403, 0.287355, -0.505657, 0.384616, -0.772257, 0.922508, -0.306252, -0.916854, -0.256104, 0.986914, 0, 0, 0, 1
-0.752216, 0.116517, 0.648533, 0.285513, -0.547715, 0.436592, -0.713719, 0.93325, -0.366305, -0.892082, -0.264594, 0.985225, 0, 0, 0, 1
-0.693066, 0.124734, 0.710001, 0.283349, -0.580638, 0.487114, -0.652365, 0.943833, -0.427223, -0.864385, -0.265177, 0.984337, 0, 0, 0, 1
-0.629817, 0.13174, 0.76549, 0.280875, -0.604361, 0.535964, -0.589484, 0.9542, -0.487934, -0.833899, -0.25794, 0.984232, 0, 0, 0, 1
-0.563193, 0.137633, 0.814783, 0.278107, -0.618996, 0.582939, -0.526332, 0.964293, -0.54741, -0.800774, -0.243113, 0.984889, 0, 0, 0, 1
-0.493916, 0.142518, 0.85775, 0.275061, -0.624822, 0.627853, -0.46411, 0.974059, -0.604685, -0.765172, -0.221059, 0.986283, 0, 0, 0, 1
-0.42269, 0.146508, 0.894354, 0.271758, -0.622268, 0.670534, -0.40394, 0.983446, -0.658875, -0.727269, -0.192261, 0.988386, 0, 0, 0, 1
-0.350192, 0.149722, 0.924634, 0.268219, -0.611901, 0.710825, -0.34685, 0.992407, -0.709184, -0.687249, -0.15731, 0.991168, 0, 0, 0, 1
-0.277061, 0.152285, 0.948708, 0.264469, -0.594408, 0.748591, -0.293754, 1.0009, -0.754928, -0.645307, -0.116886, 0.994595, 0, 0, 0, 1
-0.203894, 0.154325, 0.966753, 0.260533, -0.570573, 0.783712, -0.245443, 1.00887, -0.795534, -0.601647, -0.0717402, 0.99863, 0, 0, 0, 1
-0.131238, 0.155975, 0.979004, 0.256438, -0.54126, 0.816089, -0.202576, 1.0163, -0.830551, -0.556481, -0.0226786, 1.00324, 0, 0, 0, 1
-0.0595841, 0.157366, 0.985741, 0.252213, -0.507389, 0.845642, -0.16567, 1.02315, -0.859655, -0.510025, 0.029459, 1.00837, 0, 0, 0, 1
0.0106303, 0.158633, 0.98728, 0.247887, -0.469916, 0.872311, -0.1351, 1.02938, -0.882647, -0.462503, 0.0838169, 1.01399, 0, 0, 0, 1
0.0790266, 0.159906, 0.983964, 0.243491, -0.429813, 0.896057, -0.1111, 1.03498, -0.899453, -0.414141, 0.139542, 1.02005, 0, 0, 0, 1
0.145282, 0.161317, 0.976151, 0.239054, -0.388045, 0.916858, -0.0937648, 1.03992, -0.910118, -0.365168, 0.195802, 1.02651, 0, 0, 0, 1
0.20913, 0.16299, 0.964209, 0.234608, -0.345553, 0.934716, -0.0830569, 1.04419, -0.914799, -0.315815, 0.251799, 1.03332, 0, 0, 0, 1
0.270353, 0.165048, 0.948508, 0.230181, -0.303236, 0.94965, -0.0788152, 1.04777, -0.91376, -0.266314, 0.30679, 1.04043, 0, 0, 0, 1
0.328783, 0.167604, 0.929414, 0.225805, -0.261937, 0.961699, -0.0807653, 1.05067, -0.907353, -0.216894, 0.360093, 1.04779, 0, 0, 0, 1
0.384294, 0.170768, 0.90728, 0.221507, -0.222429, 0.970921, -0.0885327, 1.05286, -0.896015, -0.167783, 0.411103, 1.05535, 0, 0, 0, 1
0.436798, 0.174637, 0.882445, 0.217317, -0.185402, 0.977391, -0.101656, 1.05437, -0.880247, -0.119204, 0.4593, 1.06308, 0, 0, 0, 1
0.486237, 0.179303, 0.855233, 0.21326, -0.151458, 0.981201, -0.119603, 1.05518, -0.860601, -0.0713764, 0.504253, 1.0709, 0, 0, 0, 1
0.546461, 0.167471, 0.820569, 0.207126, -0.149146, 0.9836, -0.10142, 1.05996, -0.824097, -0.0669624, 0.562477, 1.055, 0, 0, 0, 1
0.604096, 0.155621, 0.781569, 0.201244, -0.145039, 0.985838, -0.0841895, 1.06395, -0.783602, -0.0624994, 0.618112, 1.03911, 0, 0, 0, 1
0.658822, 0.143756, 0.738436, 0.195623, -0.139263, 0.987913, -0.068074, 1.06716, -0.739297, -0.0579884, 0.670878, 1.02328, 0, 0, 0, 1
0.710338, 0.131876, 0.691396, 0.190269, -0.13196, 0.989825, -0.0532232, 1.0696, -0.69138, -0.0534301, 0.720513, 1.00753, 0, 0, 0, 1
0.75836, 0.119985, 0.640698, 0.185191, -0.123283, 0.991574, -0.0397718, 1.07128, -0.640071, -0.0488257, 0.766762, 0.991907, 0, 0, 0, 1
0.802625, 0.108085, 0.58661, 0.180394, -0.113397, 0.99316, -0.0278388, 1.07221, -0.585606, -0.0441758, 0.809391, 0.976441, 0, 0, 0, 1
0.842889, 0.0961777, 0.529422, 0.175882, -0.102478, 0.994581, -0.0175262, 1.07242, -0.528238, -0.0394815, 0.848178, 0.961166, 0, 0, 0, 1
0.878935, 0.0842651, 0.469439, 0.171661, -0.0907093, 0.995837, -0.00891862, 1.07191, -0.468236, -0.0347436, 0.88292, 0.946115, 0, 0, 0, 1
0.910566, 0.0723495, 0.406984, 0.167734, -0.0782809, 0.996929, -0.00208212, 1.0707, -0.405884, -0.0299631, 0.913433, 0.931322, 0, 0, 0, 1
0.937612, 0.060433, 0.342391, 0.164104, -0.065388, 0.997856, 0.00293588, 1.06882, -0.341479, -0.025141, 0.939553, 0.916817, 0, 0, 0, 1
0.95993, 0.0485178, 0.276008, 0.160771, -0.0522292, 0.998616, 0.00610715, 1.06627, -0.27533, -0.0202781, 0.961136, 0.902631, 0, 0, 0, 1
0.977403, 0.0366062, 0.208191, 0.157737, -0.0390041, 0.999211, 0.00742287, 1.0631, -0.207755, -0.0153754, 0.97806, 0.888795, 0, 0, 0, 1
0.989941, 0.0247001, 0.139305, 0.155002, -0.0259122, 0.99964, 0.0068936, 1.0593, -0.139085, -0.0104339, 0.990226, 0.875336, 0, 0, 0, 1
0.997485, 0.0128018, 0.0697181, 0.152564, -0.0131508, 0.999903, 0.00454919, 1.05492, -0.0696531, -0.0054546, 0.997556, 0.862283, 0, 0, 0, 1
1, 0.000913394, -0.000196974, 0.150422, -0.000913307, 0.999999, 0.000438538, 1.04997, 0.000197375, -0.000438358, 1, 0.849663, 0, 0, 0, 1
