-0.999999, -0.000797282, -0.000797199, 0.290901, 0.00079686, 0.000424669, -1, 0.848124, 0.00079762, -1, -0.000424034, 1.02183, 0, 0, 0, 1
-0.995984, 0.00978231, 0.0889996, 0.29134, -0.0883116, 0.0564658, -0.994491, 0.860201, -0.0147539, -0.998357, -0.0553751, 1.01145, 0, 0, 0, 1
-0.983837, 0.0195994, 0.177992, 0.291608, -0.174728, 0.112452, -0.978174, 0.872471, -0.0391873, -0.993464, -0.10721, 1.00183, 0, 0, 0, 1
-0.963716, 0.028659, 0.265386, 0.291699, -0.257061, 0.168182, -0.951648, 0.884886, -0.0719064, -0.985339, -0.154713, 0.993009, 0, 0, 0, 1
-0.935865, 0.0369716, 0.350415, 0.291614, -0.334033, 0.223454, -0.915691, 0.897398, -0.112156, -0.974013, -0.196773, 0.984983, 0, 0, 0, 1
-0.900604, 0.0445529, 0.432351, 0.29135, -0.404499, 0.278069, -0.87124, 0.909955, -0.15904, -0.959527, -0.232408, 0.977763, 0, 0, 0, 1
-0.858328, 0.0514238, 0.510518, 0.29091, -0.467465, 0.331832, -0.819368, 0.922509, -0.211541, -0.941936, -0.260782, 0.971353, 0, 0, 0, 1
-0.809497, 0.0576101, 0.584291, 0.290295, -0.522109, 0.384553, -0.761263, 0.93501, -0.268548, -0.921303, -0.281216, 0.965756, 0, 0, 0, 1
-0.754626, 0.0631426, 0.65311, 0.289508, -0.567788, 0.436045, -0.698198, 0.947409, -0.328872, -0.897707, -0.293199, 0.96097, 0, 0, 0, 1
-0.69428, 0.0680565, 0.71648, 0.288554, -0.60405, 0.486129, -0.631508, 0.959655, -0.39128, -0.871233, -0.2964, 0.956991, 0, 0, 0, 1
-0.629061, 0.0723915, 0.773978, 0.287439, -0.630633, 0.534629, -0.56256, 0.971702, -0.454516, -0.84198, -0.290662, 0.953813, 0, 0, 0, 1
-0.559601, 0.0761916, 0.825253, 0.286171, -0.647472, 0.58138, -0.492724, 0.983502, -0.517327, -0.810057, -0.276009, 0.951425, 0, 0, 0, 1
-0.486551, 0.0795045, 0.870027, 0.284757, -0.654689, 0.626223, -0.423351, 0.995007, -0.57849, -0.775579, -0.252639, 0.949815, 0, 0, 0, 1
-0.410572, 0.0823816, 0.908099, 0.283207, -0.652592, 0.669007, -0.355743, 1.00617, -0.636832, -0.738676, -0.220914, 0.948967, 0, 0, 0, 1
-0.332329, 0.0848772, 0.939337, 0.281533, -0.641656, 0.709592, -0.29113, 1.01696, -0.691256, -0.699482, -0.181356, 0.948864, 0, 0, 0, 1
-0.252475, 0.087049, 0.96368, 0.279744, -0.622519, 0.747845, -0.230647, 1.02731, -0.740761, -0.658142, -0.134623, 0.949485, 0, 0, 0, 1
-0.171654, 0.0889568, 0.981133, 0.277855, -0.595956, 0.783645, -0.175317, 1.0372, -0.784456, -0.614806, -0.0815016, 0.950808, 0, 0, 0, 1
-0.0904856, 0.0906628, 0.991762, 0.275879, -0.562867, 0.816882, -0.12603, 1.04659, -0.82158, -0.569634, -0.022885, 0.952807, 0, 0, 0, 1
-0.00956263, 0.0922308, 0.995692, 0.273829, -0.524251, 0.847457, -0.0835347, 1.05543, -0.85151, -0.522791, 0.0402481, 0.955455, 0, 0, 0, 1
0.0705539, 0.093726, 0.993095, 0.271722, -0.481186, 0.87528, -0.0484214, 1.0637, -0.873775, -0.474447, 0.106854, 0.958723, 0, 0, 0, 1
0.149339, 0.0952147, 0.984191, 0.269572, -0.434805, 0.900277, -0.0211201, 1.07136, -0.888056, -0.424777, 0.175846, 0.962578, 0, 0, 0, 1
0.226308, 0.0967634, 0.969238, 0.267397, -0.386273, 0.922382, -0.00189458, 1.07838, -0.894191, -0.373962, 0.246119, 0.966989, 0, 0, 0, 1
0.301014, 0.098439, 0.948525, 0.265212, -0.336763, 0.941545, 0.00915727, 1.08474, -0.892178, -0.322185, 0.316569, 0.971919, 0, 0, 0, 1
0.373057, 0.100308, 0.92237, 0.263036, -0.287432, 0.957725, 0.0121005, 1.0904, -0.882163, -0.269633, 0.386117, 0.977332, 0, 0, 0, 1
0.442075, 0.102436, 0.89111, 0.260885, -0.239398, 0.970895, 0.0071568, 1.09536, -0.864441, -0.216494, 0.453731, 0.983192, 0, 0, 0, 1
0.507749, 0.104887, 0.855096, 0.258777, -0.193722, 0.981042, -0.00530498, 1.09958, -0.839442, -0.162957, 0.518442, 0.989457, 0, 0, 0, 1
0.569801, 0.107724, 0.814691, 0.25673, -0.151388, 0.988164, -0.0247805, 1.10305, -0.807718, -0.109214, 0.579365, 0.996089, 0, 0, 0, 1
0.62799, 0.111009, 0.770263, 0.254762, -0.113285, 0.992271, -0.0506442, 1.10577, -0.769932, -0.0554551, 0.635712, 1.00305, 0, 0, 0, 1
0.682111, 0.1148, 0.722182, 0.252891, -0.0801949, 0.993387, -0.0821659, 1.10771, -0.726838, -0.00186906, 0.686806, 1.01029, 0, 0, 0, 1
0.731991, 0.119152, 0.670814, 0.251133, -0.0527797, 0.991547, -0.118528, 1.10887, -0.679266, 0.0513559, 0.732093, 1.01777, 0, 0, 0, 1
0.77749, 0.124118, 0.616525, 0.249506, -0.0315728, 0.986799, -0.158844, 1.10924, -0.628102, 0.104034, 0.771145, 1.02545, 0, 0, 0, 1
0.818493, 0.129747, 0.559675, 0.248026, -0.0169734, 0.979201, -0.202181, 1.10883, -0.574266, 0.155984, 0.803671, 1.03329, 0, 0, 0, 1
0.854908, 0.136084, 0.500614, 0.24671, -0.00924346, 0.968825, -0.247575, 1.10763, -0.518698, 0.207027, 0.829513, 1.04124, 0, 0, 0, 1
0.886666, 0.143171, 0.439688, 0.245574, -0.00850805, 0.955751, -0.294055, 1.10566, -0.462332, 0.256987, 0.84865, 1.04926, 0, 0, 0, 1
0.913717, 0.151045, 0.377236, 0.244631, -0.0147577, 0.940071, -0.340658, 1.1029, -0.406083, 0.305698, 0.861188, 1.05731, 0, 0, 0, 1
0.930861, 0.104555, 0.350094, 0.218946, -0.0186568, 0.970533, -0.240243, 1.09999, -0.364896, 0.217102, 0.905383, 1.0086, 0, 0, 0, 1
0.947943, 0.058409, 0.313036, 0.194523, -0.0152299, 0.990225, -0.138645, 1.09192, -0.318074, 0.12666, 0.939567, 0.960316, 0, 0, 0, 1
0.96384, 0.0139206, 0.266117, 0.171926, -0.00402415, 0.999281, -0.0376977, 1.07895, -0.26645, 0.0352637, 0.963203, 0.912829, 0, 0, 0, 1
0.977384, -0.0276393, 0.209659, 0.151675, 0.0151916, 0.998037, 0.0607511, 1.06144, -0.210927, -0.0561921, 0.975885, 0.866485, 0, 0, 0, 1
0.987311, -0.0207733, 0.157437, 0.15106, 0.0138685, 0.998898, 0.0448297, 1.05903, -0.158195, -0.0420774, 0.986511, 0.862195, 0, 0, 0, 1
0.994377, -0.0138285, 0.104987, 0.15056, 0.0107929, 0.999509, 0.0294272, 1.05639, -0.105343, -0.0281287, 0.994038, 0.857994, 0, 0, 0, 1
0.998599, -0.00680192, 0.0524672, 0.150179, 0.00603841, 0.999874, 0.0146969, 1.05353, -0.0525605, -0.0143595, 0.998514, 0.853883, 0, 0, 0, 1
1, 0.000309489, 3.15104e-05, 0.149918, -0.000309513, 1, 0.000783489, 1.05047, -3.12679e-05, -0.000783499, 1, 0.849862, 0, 0, 0, 1
