-0.999999, -0.000797282, -0.000797199, 0.290901, 0.00079686, 0.000424669, -1, 0.848124, 0.00079762, -1, -0.000424034, 1.02183, 0, 0, 0, 1
-0.996829, 0.000868105, -0.0795726, 0.2882, 0.0793669, 0.0835299, -0.99334, 0.857589, 0.00578437, -0.996505, -0.0833339, 1.02403, 0, 0, 0, 1
-0.987428, 0.000770676, -0.158067, 0.285278, 0.155998, 0.166082, -0.973695, 0.867329, 0.0255018, -0.986112, -0.164115, 1.02769, 0, 0, 0, 1
-0.971753, -0.00105345, -0.235996, 0.28213, 0.228402, 0.247482, -0.941586, 0.877203, 0.0593969, -0.968892, -0.240251, 1.03285, 0, 0, 0, 1
-0.949727, -0.00454366, -0.313047, 0.278757, 0.294413, 0.327139, -0.897942, 0.88707, 0.10649, -0.944965, -0.309355, 1.03953, 0, 0, 0, 1
-0.921245, -0.00961557, -0.388864, 0.275166, 0.352065, 0.404476, -0.844067, 0.896786, 0.165402, -0.914498, -0.369237, 1.04774, 0, 0, 0, 1
-0.886194, -0.0161619, -0.463031, 0.27137, 0.399648, 0.478935, -0.781603, 0.906208, 0.234394, -0.877702, -0.41797, 1.05748, 0, 0, 0, 1
-0.844464, -0.0240536, -0.535072, 0.267388, 0.435776, 0.549979, -0.712476, 0.915193, 0.311416, -0.834832, -0.453956, 1.06873, 0, 0, 0, 1
-0.795966, -0.0331414, -0.604433, 0.263244, 0.459423, 0.6171, -0.638841, 0.9236, 0.394168, -0.786187, -0.475965, 1.08147, 0, 0, 0, 1
-0.740655, -0.0432573, -0.670492, 0.25897, 0.469968, 0.679819, -0.563007, 0.931293, 0.480167, -0.732104, -0.483181, 1.09564, 0, 0, 0, 1
-0.678548, -0.0542168, -0.732553, 0.2546, 0.467212, 0.737691, -0.487365, 0.938138, 0.566821, -0.672958, -0.475228, 1.11121, 0, 0, 0, 1
-0.609746, -0.0658201, -0.789859, 0.250177, 0.45139, 0.79031, -0.414316, 0.944009, 0.651504, -0.609161, -0.452178, 1.12812, 0, 0, 0, 1
-0.534452, -0.0778553, -0.841605, 0.245745, 0.423165, 0.83731, -0.346184, 0.948785, 0.731637, -0.541156, -0.414557, 1.14628, 0, 0, 0, 1
-0.475362, -0.0761791, -0.876486, 0.242541, 0.426001, 0.851737, -0.30507, 0.960843, 0.769775, -0.518402, -0.372431, 1.13959, 0, 0, 0, 1
-0.413503, -0.0747179, -0.907432, 0.239134, 0.425012, 0.865547, -0.264941, 0.97238, 0.805221, -0.495223, -0.32615, 1.13289, 0, 0, 0, 1
-0.349119, -0.0734498, -0.934196, 0.235539, 0.420345, 0.878723, -0.226176, 0.983386, 0.837512, -0.471646, -0.275904, 1.12621, 0, 0, 0, 1
-0.282475, -0.0723526, -0.956542, 0.231775, 0.412187, 0.891251, -0.189136, 0.99385, 0.866204, -0.447701, -0.221933, 1.11953, 0, 0, 0, 1
-0.213862, -0.0714035, -0.974251, 0.227858, 0.400765, 0.903118, -0.154164, 1.00376, 0.890871, -0.423415, -0.164527, 1.11288, 0, 0, 0, 1
-0.143593, -0.0705797, -0.987117, 0.223807, 0.386339, 0.91431, -0.121573, 1.01312, 0.911111, -0.398818, -0.10402, 1.10625, 0, 0, 0, 1
-0.0720019, -0.0698577, -0.994955, 0.219639, 0.369205, 0.924818, -0.0916515, 1.02191, 0.926555, -0.373941, -0.0407968, 1.09965, 0, 0, 0, 1
0.000552816, -0.0692144, -0.997602, 0.215373, 0.349687, 0.934633, -0.0646518, 1.03013, 0.936866, -0.348813, 0.0247201, 1.09309, 0, 0, 0, 1
0.0736938, -0.068626, -0.994917, 0.211027, 0.328139, 0.943748, -0.0407913, 1.03778, 0.941751, -0.323465, 0.0920672, 1.08658, 0, 0, 0, 1
0.147024, -0.0680692, -0.986788, 0.206618, 0.304932, 0.952159, -0.0202478, 1.04485, 0.940957, -0.297927, 0.160747, 1.0801, 0, 0, 0, 1
0.220129, -0.0675203, -0.973131, 0.202165, 0.280461, 0.95986, -0.00315738, 1.05134, 0.934283, -0.27223, 0.23023, 1.07369, 0, 0, 0, 1
0.292578, -0.0669561, -0.953895, 0.197686, 0.25513, 0.966851, 0.0103879, 1.05724, 0.921578, -0.246407, 0.299962, 1.06733, 0, 0, 0, 1
0.363929, -0.0663533, -0.92906, 0.193199, 0.229355, 0.97313, 0.0203414, 1.06256, 0.902747, -0.220487, 0.369369, 1.06104, 0, 0, 0, 1
0.433727, -0.065689, -0.898646, 0.188722, 0.203552, 0.9787, 0.0267026, 1.0673, 0.877751, -0.194503, 0.43786, 1.05481, 0, 0, 0, 1
0.501513, -0.0649406, -0.86271, 0.184272, 0.178139, 0.983563, 0.0295182, 1.07146, 0.846612, -0.168486, 0.504837, 1.04866, 0, 0, 0, 1
0.566819, -0.0640859, -0.821346, 0.179867, 0.153524, 0.987723, 0.0288811, 1.07504, 0.809411, -0.142467, 0.569699, 1.04259, 0, 0, 0, 1
0.629182, -0.0631031, -0.774693, 0.175524, 0.130106, 0.991187, 0.0249302, 1.07804, 0.766292, -0.116478, 0.631846, 1.0366, 0, 0, 0, 1
0.688137, -0.061971, -0.72293, 0.17126, 0.108264, 0.993962, 0.0178489, 1.08048, 0.717458, -0.0905496, 0.690691, 1.0307, 0, 0, 0, 1
0.74323, -0.0606691, -0.66628, 0.167091, 0.0883561, 0.996058, 0.00786297, 1.08234, 0.663176, -0.0647139, 0.74566, 1.02489, 0, 0, 0, 1
0.794016, -0.0591775, -0.605009, 0.163034, 0.0707136, 0.997485, -0.00476179, 1.08365, 0.60377, -0.0390014, 0.796204, 1.01918, 0, 0, 0, 1
0.840068, -0.0574768, -0.539428, 0.159105, 0.0556356, 0.998256, -0.0197226, 1.0844, 0.539621, -0.013443, 0.841801, 1.01357, 0, 0, 0, 1
0.880977, -0.0555488, -0.469887, 0.155318, 0.0433859, 0.998385, -0.0366835, 1.08462, 0.471166, 0.0119309, 0.881964, 1.00807, 0, 0, 0, 1
0.91636, -0.0533759, -0.396782, 0.15169, 0.0341889, 0.997885, -0.0552792, 1.08429, 0.398893, 0.0370901, 0.916247, 1.00268, 0, 0, 0, 1
0.945862, -0.0509414, -0.320545, 0.148233, 0.0282261, 0.996775, -0.0751193, 1.08344, 0.323338, 0.0620048, 0.94425, 0.997407, 0, 0, 0, 1
0.969164, -0.0482297, -0.241651, 0.144962, 0.0256337, 0.995071, -0.095794, 1.08208, 0.24508, 0.0866457, 0.965623, 0.99225, 0, 0, 0, 1
0.978629, -0.0405207, -0.201601, 0.14434, 0.0250678, 0.996589, -0.0786228, 1.07979, 0.204099, 0.0718889, 0.976307, 0.967109, 0, 0, 0, 1
0.986343, -0.0327364, -0.161419, 0.14428, 0.0229979, 0.997821, -0.0618346, 1.07623, 0.163091, 0.0572779, 0.984947, 0.942409, 0, 0, 0, 1
0.992319, -0.0248728, -0.121181, 0.1448, 0.0194735, 0.998773, -0.0455383, 1.07146, 0.122165, 0.0428287, 0.991585, 0.918231, 0, 0, 0, 1
0.996573, -0.0169266, -0.0809658, 0.145912, 0.0145513, 0.999449, -0.0298375, 1.06553, 0.0814263, 0.0285571, 0.99627, 0.894653, 0, 0, 0, 1
0.999126, -0.00889463, -0.0408463, 0.147624, 0.00829482, 0.999856, -0.0148305, 1.05849, 0.0409723, 0.0144787, 0.999055, 0.871748, 0, 0, 0, 1
0.999999, -0.000774054, -0.000895511, 0.149944, 0.000773508, 1, -0.000609623, 1.05042, 0.000895983, 0.00060893, 0.999999, 0.849589, 0, 0, 0, 1
