-0.999999, -0.000797282, -0.000797199, 0.290901, 0.00079686, 0.000424669, -1, 0.848124, 0.00079762, -1, -0.000424034, 1.02183, 0, 0, 0, 1
-0.996072, 0.00133744, 0.0885315, 0.288265, -0.0883125, 0.0568774, -0.994468, 0.857939, -0.00636548, -0.99838, -0.0565359, 1.01178, 0, 0, 0, 1
-0.984198, 0.00227803, 0.177054, 0.285404, -0.175663, 0.113187, -0.977922, 0.867922, -0.022268, -0.993571, -0.110998, 1.00248, 0, 0, 0, 1
-0.964528, 0.00203537, 0.263972, 0.282315, -0.259837, 0.169154, -0.950722, 0.878028, -0.0465869, -0.985588, -0.162625, 0.993938, 0, 0, 0, 1
-0.937304, 0.000628171, 0.348513, 0.278993, -0.339478, 0.22458, -0.91341, 0.888208, -0.0788428, -0.974455, -0.210287, 0.986172, 0, 0, 0, 1
-0.902854, -0.00191706, 0.429943, 0.27544, -0.413321, 0.279271, -0.866703, 0.898414, -0.118409, -0.960211, -0.252933, 0.97919, 0, 0, 0, 1
-0.861587, -0.00556619, 0.50758, 0.271655, -0.480208, 0.333033, -0.811473, 0.908598, -0.164524, -0.942899, -0.28961, 0.972998, 0, 0, 0, 1
-0.813983, -0.0102777, 0.580798, 0.267642, -0.539114, 0.385679, -0.748738, 0.918709, -0.216306, -0.922576, -0.319477, 0.967601, 0, 0, 0, 1
-0.760584, -0.0160027, 0.649042, 0.263407, -0.589159, 0.437024, -0.679634, 0.9287, -0.272771, -0.899308, -0.341822, 0.963, 0, 0, 0, 1
-0.701988, -0.0226856, 0.711828, 0.258956, -0.629623, 0.48689, -0.605403, 0.938521, -0.332848, -0.873169, -0.356074, 0.959194, 0, 0, 0, 1
-0.638831, -0.0302638, 0.768752, 0.254299, -0.659963, 0.535105, -0.527362, 0.948125, -0.395403, -0.844243, -0.361815, 0.95618, 0, 0, 0, 1
-0.571783, -0.0386688, 0.819493, 0.249446, -0.679814, 0.581503, -0.446886, 0.957464, -0.459257, -0.812625, -0.358781, 0.95395, 0, 0, 0, 1
-0.501532, -0.0478258, 0.863816, 0.244411, -0.688997, 0.625926, -0.365377, 0.966492, -0.52321, -0.778415, -0.346873, 0.952497, 0, 0, 0, 1
-0.428773, -0.0576546, 0.901571, 0.239209, -0.687521, 0.668222, -0.284242, 0.975162, -0.586062, -0.741724, -0.326154, 0.951809, 0, 0, 0, 1
-0.354197, -0.0680698, 0.93269, 0.233855, -0.67558, 0.708252, -0.204868, 0.983431, -0.646634, -0.70267, -0.296847, 0.951872, 0, 0, 0, 1
-0.278482, -0.0789813, 0.957188, 0.228368, -0.653547, 0.745881, -0.128596, 0.991256, -0.703792, -0.66138, -0.259333, 0.95267, 0, 0, 0, 1
-0.20228, -0.090295, 0.975156, 0.222768, -0.621967, 0.780988, -0.0567007, 0.998594, -0.756465, -0.617985, -0.214138, 0.954185, 0, 0, 0, 1
-0.126207, -0.101913, 0.986755, 0.217075, -0.581544, 0.813458, 0.0096347, 1.00541, -0.803666, -0.572625, -0.161931, 0.956396, 0, 0, 0, 1
-0.0508385, -0.113734, 0.99221, 0.211313, -0.533126, 0.84319, 0.0693361, 1.01165, -0.844507, -0.525448, -0.103501, 0.959279, 0, 0, 0, 1
0.0233, -0.125654, 0.9918, 0.205504, -0.47769, 0.870092, 0.121457, 1.0173, -0.878219, -0.476603, -0.0397508, 0.962811, 0, 0, 0, 1
0.0957389, -0.137569, 0.985854, 0.199676, -0.416324, 0.894084, 0.165193, 1.02232, -0.904162, -0.42625, 0.0283255, 0.966962, 0, 0, 0, 1
0.166068, -0.149369, 0.974736, 0.193852, -0.3502, 0.915097, 0.199895, 1.02667, -0.921836, -0.374549, 0.0996588, 0.971705, 0, 0, 0, 1
0.233938, -0.160948, 0.958837, 0.188062, -0.280562, 0.933073, 0.225076, 1.03033, -0.930891, -0.321667, 0.173125, 0.977008, 0, 0, 0, 1
0.299065, -0.172198, 0.938567, 0.182331, -0.208694, 0.947969, 0.240421, 1.03327, -0.931132, -0.267774, 0.247568, 0.982839, 0, 0, 0, 1
0.361226, -0.183008, 0.914343, 0.17669, -0.1359, 0.95975, 0.245786, 1.03546, -0.922522, -0.213044, 0.321816, 0.989162, 0, 0, 0, 1
0.42026, -0.193274, 0.886581, 0.171166, -0.0634842, 0.968396, 0.241203, 1.03689, -0.90518, -0.157652, 0.394708, 0.995941, 0, 0, 0, 1
0.476063, -0.202888, 0.855687, 0.16579, 0.00727795, 0.973898, 0.226868, 1.03754, -0.879381, -0.101776, 0.465114, 1.00314, 0, 0, 0, 1
0.528585, -0.211748, 0.822047, 0.160591, 0.0751577, 0.97626, 0.203144, 1.03739, -0.845547, -0.0455956, 0.531951, 1.01072, 0, 0, 0, 1
0.577822, -0.219752, 0.786023, 0.155598, 0.138995, 0.975497, 0.170545, 1.03643, -0.80424, 0.0107085, 0.594208, 1.01864, 0, 0, 0, 1
0.623811, -0.226802, 0.747944, 0.150842, 0.197718, 0.971637, 0.129729, 1.03466, -0.756153, 0.0669557, 0.650961, 1.02686, 0, 0, 0, 1
0.666625, -0.232804, 0.708106, 0.146352, 0.250359, 0.964719, 0.0814776, 1.03205, -0.702091, 0.122966, 0.70139, 1.03534, 0, 0, 0, 1
0.706359, -0.237669, 0.666761, 0.142157, 0.29607, 0.954793, 0.0266855, 1.02862, -0.642962, 0.178558, 0.744793, 1.04403, 0, 0, 0, 1
0.743127, -0.241311, 0.624124, 0.138286, 0.334136, 0.941924, -0.0336605, 1.02436, -0.579755, 0.233556, 0.7806, 1.05289, 0, 0, 0, 1
0.777052, -0.243652, 0.580365, 0.134766, 0.363982, 0.926183, -0.0985005, 1.01928, -0.513525, 0.287782, 0.808377, 1.06188, 0, 0, 0, 1
0.808257, -0.244618, 0.535614, 0.131625, 0.385183, 0.907655, -0.166722, 1.01337, -0.44537, 0.341063, 0.827841, 1.07096, 0, 0, 0, 1
0.836859, -0.24414, 0.489962, 0.128888, 0.397466, 0.886435, -0.237179, 1.00666, -0.376415, 0.393229, 0.838858, 1.08007, 0, 0, 0, 1
0.876503, -0.213132, 0.431645, 0.13001, 0.331997, 0.916928, -0.221409, 1.01956, -0.348598, 0.33737, 0.874449, 1.04849, 0, 0, 0, 1
0.911757, -0.180957, 0.36872, 0.131671, 0.267652, 0.942702, -0.199189, 1.03023, -0.311548, 0.2803, 0.907948, 1.01613, 0, 0, 0, 1
0.941973, -0.147525, 0.301535, 0.13394, 0.205528, 0.96367, -0.170582, 1.03864, -0.265415, 0.222657, 0.938072, 0.983221, 0, 0, 0, 1
0.96651, -0.112766, 0.230526, 0.136877, 0.146712, 0.979811, -0.135813, 1.04477, -0.210557, 0.165086, 0.963542, 0.949968, 0, 0, 0, 1
0.984745, -0.0766382, 0.15622, 0.140539, 0.092252, 0.991167, -0.0952721, 1.04863, -0.147539, 0.10823, 0.983117, 0.916594, 0, 0, 0, 1
0.996088, -0.0391249, 0.0792327, 0.144971, 0.0431313, 0.997842, -0.0495016, 1.05024, -0.077125, 0.0527254, 0.995626, 0.883315, 0, 0, 0, 1
1, -0.000242743, 0.000273696, 0.150214, 0.000242521, 1, 0.000809809, 1.04966, -0.000273893, -0.000809742, 1, 0.850348, 0, 0, 0, 1
