-0.999999, -0.000797282, -0.000797199, 0.290901, 0.00079686, 0.000424669, -1, 0.848124, 0.00079762, -1, -0.000424034, 1.02183, 0, 0, 0, 1
-0.997127, 0.00875804, 0.0752408, 0.288149, -0.0740045, 0.0992991, -0.992302, 0.861401, -0.016162, -0.995019, -0.0983656, 1.02122, 0, 0, 0, 1
-0.988521, 0.0149435, 0.150344, 0.28489, -0.144482, 0.19747, -0.969603, 0.875208, -0.0441777, -0.980195, -0.193044, 1.02283, 0, 0, 0, 1
-0.974513, 0.0178528, 0.223618, 0.281106, -0.208661, 0.293861, -0.932795, 0.889288, -0.0823655, -0.955681, -0.282646, 1.02671, 0, 0, 0, 1
-0.955567, 0.0176481, 0.294247, 0.276799, -0.264766, 0.387425, -0.883064, 0.903384, -0.129583, -0.921732, -0.365537, 1.03289, 0, 0, 0, 1
-0.932252, 0.014557, 0.361517, 0.271987, -0.311256, 0.477152, -0.821855, 0.917235, -0.184462, -0.8787, -0.440295, 1.04138, 0, 0, 0, 1
-0.905228, 0.0088688, 0.424834, 0.266705, -0.346865, 0.562086, -0.750828, 0.930586, -0.245452, -0.827031, -0.50574, 1.05214, 0, 0, 0, 1
-0.875216, 0.000929193, 0.483732, 0.261005, -0.370627, 0.641335, -0.671807, 0.943185, -0.310859, -0.76726, -0.560962, 1.06514, 0, 0, 0, 1
-0.842971, -0.0088658, 0.537886, 0.254954, -0.38189, 0.714082, -0.586726, 0.954792, -0.378893, -0.700006, -0.605336, 1.08028, 0, 0, 0, 1
-0.809257, -0.0200767, 0.587112, 0.248635, -0.380331, 0.779593, -0.497578, 0.965177, -0.447718, -0.625965, -0.638526, 1.09749, 0, 0, 0, 1
-0.774818, -0.0322283, 0.631362, 0.242144, -0.365948, 0.83723, -0.40636, 0.974127, -0.515499, -0.545901, -0.660495, 1.11664, 0, 0, 0, 1
-0.740354, -0.0448178, 0.670721, 0.235587, -0.339055, 0.886455, -0.315022, 0.981446, -0.580446, -0.46064, -0.671487, 1.13759, 0, 0, 0, 1
-0.706498, -0.0573241, 0.70539, 0.229083, -0.300264, 0.926838, -0.225415, 0.98696, -0.640861, -0.371058, -0.672022, 1.16017, 0, 0, 0, 1
-0.673793, -0.0692164, 0.735671, 0.222758, -0.250456, 0.958061, -0.139249, 0.990515, -0.69518, -0.278078, -0.662871, 1.18421, 0, 0, 0, 1
-0.642681, -0.0799639, 0.761949, 0.216745, -0.19075, 0.979921, -0.0580527, 0.991982, -0.742008, -0.182651, -0.645029, 1.20952, 0, 0, 0, 1
-0.577923, -0.077175, 0.812434, 0.212908, -0.1878, 0.981377, -0.0403677, 1.00261, -0.794189, -0.175904, -0.581654, 1.19747, 0, 0, 0, 1
-0.509294, -0.0743917, 0.857371, 0.209059, -0.183276, 0.982778, -0.0235965, 1.0126, -0.84085, -0.169153, -0.514158, 1.18515, 0, 0, 0, 1
-0.437273, -0.071613, 0.896473, 0.205214, -0.177314, 0.984123, -0.00787383, 1.02193, -0.881676, -0.1624, -0.443028, 1.17258, 0, 0, 0, 1
-0.362358, -0.0688379, 0.929494, 0.201388, -0.17006, 0.985411, 0.0066824, 1.03061, -0.916393, -0.155648, -0.368778, 1.15978, 0, 0, 0, 1
-0.285062, -0.0660652, 0.95623, 0.197597, -0.161668, 0.986643, 0.0199716, 1.03862, -0.944777, -0.148898, -0.291935, 1.14679, 0, 0, 0, 1
-0.205915, -0.0632941, 0.976521, 0.193856, -0.152301, 0.987819, 0.0319112, 1.04597, -0.966645, -0.142155, -0.213047, 1.13362, 0, 0, 0, 1
-0.125454, -0.0605235, 0.990252, 0.190179, -0.142128, 0.988938, 0.0424371, 1.05265, -0.981866, -0.135419, -0.132669, 1.1203, 0, 0, 0, 1
-0.0442229, -0.0577523, 0.997351, 0.186583, -0.131318, 0.990001, 0.0515041, 1.05867, -0.990353, -0.128693, -0.0513647, 1.10686, 0, 0, 0, 1
0.0372337, -0.0549797, 0.997793, 0.183082, -0.120045, 0.991009, 0.0590855, 1.06403, -0.99207, -0.12198, 0.0302989, 1.09332, 0, 0, 0, 1
0.118372, -0.0522046, 0.991596, 0.179689, -0.108479, 0.99196, 0.0651734, 1.06873, -0.987026, -0.115282, 0.111757, 1.07971, 0, 0, 0, 1
0.198652, -0.049426, 0.978823, 0.176419, -0.0967905, 0.992856, 0.0697782, 1.07277, -0.975279, -0.108602, 0.192449, 1.06606, 0, 0, 0, 1
0.277545, -0.0466431, 0.95958, 0.173285, -0.0851432, 0.993696, 0.0729278, 1.07616, -0.956932, -0.101942, 0.271824, 1.05238, 0, 0, 0, 1
0.354532, -0.0438548, 0.934015, 0.1703, -0.0736958, 0.994482, 0.0746672, 1.07891, -0.932135, -0.0953049, 0.349344, 1.03871, 0, 0, 0, 1
0.429111, -0.0410603, 0.902318, 0.167477, -0.062599, 0.995212, 0.0750574, 1.08102, -0.90108, -0.0886922, 0.424487, 1.02507, 0, 0, 0, 1
0.5008, -0.0382586, 0.864717, 0.164826, -0.0519941, 0.995889, 0.0741745, 1.0825, -0.864, -0.0821068, 0.496752, 1.01148, 0, 0, 0, 1
0.569135, -0.0354489, 0.82148, 0.162361, -0.0420116, 0.996512, 0.0721083, 1.08336, -0.82117, -0.075551, 0.56566, 0.997972, 0, 0, 0, 1
0.633679, -0.0326303, 0.772907, 0.160091, -0.0327698, 0.997081, 0.0689611, 1.08362, -0.772902, -0.0690273, 0.63076, 0.984566, 0, 0, 0, 1
0.694023, -0.029802, 0.719335, 0.158027, -0.0243738, 0.997598, 0.0648465, 1.08328, -0.71954, -0.0625379, 0.69163, 0.971286, 0, 0, 0, 1
0.749787, -0.0269631, 0.66113, 0.156178, -0.0169145, 0.998062, 0.0598871, 1.08235, -0.661463, -0.0560852, 0.747877, 0.958157, 0, 0, 0, 1
0.800621, -0.024113, 0.598685, 0.154553, -0.0104679, 0.998474, 0.0542137, 1.08086, -0.599079, -0.0496716, 0.799148, 0.945202, 0, 0, 0, 1
0.846213, -0.0212507, 0.532421, 0.15316, -0.00509418, 0.998836, 0.0479634, 1.07882, -0.532821, -0.0432995, 0.84512, 0.932442, 0, 0, 0, 1
0.886283, -0.0183756, 0.46278, 0.152006, -0.000837649, 0.999147, 0.0412773, 1.07624, -0.463144, -0.036971, 0.885512, 0.9199, 0, 0, 0, 1
0.92059, -0.0154869, 0.390223, 0.151099, 0.00227384, 0.999409, 0.0342996, 1.07313, -0.390523, -0.0306886, 0.920081, 0.907598, 0, 0, 0, 1
0.948932, -0.012584, 0.315228, 0.150444, 0.00422882, 0.999622, 0.0271753, 1.06953, -0.315451, -0.0244545, 0.948627, 0.895556, 0, 0, 0, 1
0.971147, -0.00966628, 0.238287, 0.150045, 0.0050321, 0.999786, 0.0200486, 1.06544, -0.23843, -0.018271, 0.970988, 0.883795, 0, 0, 0, 1
0.98711, -0.006733, 0.1599, 0.149908, 0.00470454, 0.999904, 0.013061, 1.06088, -0.159972, -0.0121404, 0.987047, 0.872334, 0, 0, 0, 1
0.996741, -0.00378361, 0.0805739, 0.150035, 0.00328256, 0.999974, 0.00635002, 1.05588, -0.0805959, -0.00606483, 0.996728, 0.861193, 0, 0, 0, 1
0.999999, -0.000817546, 0.000820545, 0.150429, 0.000817507, 1, 4.72993e-05, 1.05045, -0.000820584, -4.66285e-05, 1, 0.850389, 0, 0, 0, 1
