-0.999999, -0.000797282, -0.000797199, 0.290901, 0.00079686, 0.000424669, -1, 0.848124, 0.00079762, -1, -0.000424034, 1.02183, 0, 0, 0, 1
-0.996916, 0.010194, 0.077814, 0.288759, -0.0772658, 0.0461675, -0.995941, 0.854885, -0.0137451, -0.998882, -0.0452375, 1.01004, 0, 0, 0, 1
-0.987587, 0.0197266, 0.155829, 0.286372, -0.1534, 0.0921357, -0.983859, 0.861669, -0.0337656, -0.995551, -0.0879659, 0.998768, 0, 0, 0, 1
-0.97216, 0.0278018, 0.232662, 0.28374, -0.22678, 0.138181, -0.964094, 0.868443, -0.058953, -0.990017, -0.128029, 0.988019, 0, 0, 0, 1
-0.950842, 0.0344287, 0.307756, 0.280864, -0.29663, 0.184157, -0.937068, 0.875174, -0.0889376, -0.982294, -0.164892, 0.977804, 0, 0, 0, 1
-0.923895, 0.0396246, 0.380589, 0.277747, -0.362237, 0.229918, -0.903284, 0.881829, -0.123296, -0.972403, -0.198066, 0.968131, 0, 0, 0, 1
-0.891632, 0.0434139, 0.450674, 0.274394, -0.422954, 0.275321, -0.863313, 0.888374, -0.16156, -0.960372, -0.227123, 0.959006, 0, 0, 0, 1
-0.854411, 0.0458291, 0.517572, 0.270811, -0.478209, 0.320225, -0.817785, 0.894778, -0.203218, -0.946232, -0.251688, 0.950431, 0, 0, 0, 1
-0.812628, 0.0469096, 0.580891, 0.267008, -0.527509, 0.364494, -0.767384, 0.901007, -0.247729, -0.930024, -0.271453, 0.94241, 0, 0, 0, 1
-0.76671, 0.0467019, 0.640292, 0.262994, -0.570447, 0.407994, -0.712833, 0.907031, -0.294526, -0.911789, -0.286173, 0.934944, 0, 0, 0, 1
-0.717111, 0.0452593, 0.695488, 0.258782, -0.606701, 0.450598, -0.654886, 0.912817, -0.343025, -0.891579, -0.29567, 0.928033, 0, 0, 0, 1
-0.6643, 0.0426416, 0.746249, 0.254386, -0.636039, 0.492181, -0.594317, 0.918337, -0.392632, -0.869448, -0.299834, 0.921674, 0, 0, 0, 1
-0.60876, 0.0389147, 0.792399, 0.249821, -0.658317, 0.532627, -0.531909, 0.92356, -0.442752, -0.845455, -0.298624, 0.915866, 0, 0, 0, 1
-0.550977, 0.03415, 0.833821, 0.245105, -0.673482, 0.571822, -0.468446, 0.928459, -0.492795, -0.819666, -0.292061, 0.910603, 0, 0, 0, 1
-0.491434, 0.0284243, 0.870451, 0.240255, -0.681563, 0.609662, -0.404701, 0.933007, -0.542185, -0.792151, -0.280236, 0.90588, 0, 0, 0, 1
-0.430607, 0.0218194, 0.902276, 0.235292, -0.682677, 0.646049, -0.341427, 0.937179, -0.590364, -0.762984, -0.263297, 0.901689, 0, 0, 0, 1
-0.368955, 0.0144213, 0.929335, 0.230238, -0.677017, 0.680891, -0.279348, 0.94095, -0.636804, -0.732243, -0.241454, 0.898023, 0, 0, 0, 1
-0.306919, 0.00632003, 0.951715, 0.225114, -0.664852, 0.714104, -0.219151, 0.944299, -0.681008, -0.700011, -0.21497, 0.894871, 0, 0, 0, 1
-0.244916, -0.00239114, 0.969541, 0.219945, -0.646519, 0.745613, -0.161478, 0.947204, -0.722516, -0.666375, -0.184158, 0.892223, 0, 0, 0, 1
-0.183332, -0.0116159, 0.982982, 0.214754, -0.622415, 0.77535, -0.106921, 0.949647, -0.760913, -0.631425, -0.149376, 0.890068, 0, 0, 0, 1
-0.122521, -0.0212558, 0.992238, 0.209569, -0.592994, 0.803256, -0.0560148, 0.951611, -0.795831, -0.595254, -0.11102, 0.888391, 0, 0, 0, 1
-0.0628022, -0.0312103, 0.997538, 0.204415, -0.558755, 0.829282, -0.00923162, 0.95308, -0.826952, -0.557959, -0.0695196, 0.887179, 0, 0, 0, 1
-0.00445837, -0.0413778, 0.999134, 0.199319, -0.520236, 0.853384, 0.0330204, 0.954042, -0.854011, -0.519638, -0.0253309, 0.886418, 0, 0, 0, 1
0.0522676, -0.0516561, 0.997296, 0.194309, -0.478007, 0.87553, 0.0704011, 0.954486, -0.876799, -0.480394, 0.0210698, 0.88609, 0, 0, 0, 1
0.107172, -0.0619428, 0.992309, 0.189413, -0.432658, 0.895696, 0.10264, 0.954403, -0.895165, -0.440331, 0.0691931, 0.88618, 0, 0, 0, 1
0.160089, -0.0721357, 0.984463, 0.184659, -0.384794, 0.913867, 0.129536, 0.953785, -0.909013, -0.399553, 0.118543, 0.886669, 0, 0, 0, 1
0.210893, -0.0821341, 0.974052, 0.180075, -0.335026, 0.930037, 0.150959, 0.952629, -0.918304, -0.358169, 0.168621, 0.88754, 0, 0, 0, 1
0.259495, -0.0918385, 0.961368, 0.17569, -0.28396, 0.944208, 0.166846, 0.950931, -0.923054, -0.316285, 0.218939, 0.888773, 0, 0, 0, 1
0.30584, -0.101152, 0.946694, 0.171532, -0.232195, 0.956392, 0.177201, 0.948692, -0.923335, -0.274012, 0.269016, 0.890348, 0, 0, 0, 1
0.349908, -0.109979, 0.930306, 0.16763, -0.180312, 0.966608, 0.182089, 0.945914, -0.919267, -0.23146, 0.318393, 0.892246, 0, 0, 0, 1
0.391706, -0.118228, 0.912463, 0.16401, -0.128869, 0.974885, 0.181638, 0.942601, -0.911021, -0.188737, 0.366632, 0.894446, 0, 0, 0, 1
0.43127, -0.125812, 0.893408, 0.1607, -0.0783945, 0.981259, 0.176027, 0.938758, -0.89881, -0.145953, 0.413325, 0.896927, 0, 0, 0, 1
0.468659, -0.132648, 0.873363, 0.157726, -0.0293827, 0.985774, 0.165488, 0.934395, -0.88289, -0.103219, 0.458095, 0.899667, 0, 0, 0, 1
0.50395, -0.138654, 0.852531, 0.155114, 0.017711, 0.988482, 0.150296, 0.929522, -0.863551, -0.0606426, 0.500602, 0.902644, 0, 0, 0, 1
0.537237, -0.143759, 0.831089, 0.152889, 0.0624738, 0.989443, 0.130766, 0.924151, -0.841114, -0.0183309, 0.540547, 0.905838, 0, 0, 0, 1
0.568625, -0.147892, 0.809193, 0.151074, 0.104538, 0.988722, 0.107244, 0.918297, -0.815927, 0.0236097, 0.577672, 0.909226, 0, 0, 0, 1
0.644998, -0.133274, 0.752473, 0.149666, 0.102911, 0.990854, 0.0872824, 0.931454, -0.757223, 0.0211407, 0.652814, 0.905979, 0, 0, 0, 1
0.715527, -0.118622, 0.68844, 0.148512, 0.0985093, 0.992764, 0.0686736, 0.944676, -0.691604, 0.0186799, 0.722035, 0.902136, 0, 0, 0, 1
0.779504, -0.10394, 0.617713, 0.147629, 0.0915853, 0.994451, 0.0517586, 0.957938, -0.619665, 0.0162274, 0.784698, 0.897695, 0, 0, 0, 1
0.836288, -0.0892308, 0.54098, 0.147028, 0.0824307, 0.995916, 0.0368414, 0.971212, -0.542058, 0.0137834, 0.840228, 0.892656, 0, 0, 0, 1
0.885312, -0.0744982, 0.458991, 0.146722, 0.0713714, 0.997157, 0.0241845, 0.984471, -0.459487, 0.0113479, 0.888112, 0.88702, 0, 0, 0, 1
0.926088, -0.0597457, 0.372548, 0.146721, 0.058762, 0.998174, 0.0140056, 0.997687, -0.372704, 0.00892122, 0.927907, 0.880787, 0, 0, 0, 1
0.958213, -0.0449765, 0.282499, 0.147037, 0.0449807, 0.998967, 0.00647416, 1.01083, -0.282498, 0.00650338, 0.959246, 0.873962, 0, 0, 0, 1
0.981372, -0.0301942, 0.189728, 0.147677, 0.0304226, 0.999536, 0.00170932, 1.02387, -0.189692, 0.00409455, 0.981835, 0.866547, 0, 0, 0, 1
0.995344, -0.0154022, 0.0951476, 0.148649, 0.0154935, 0.99988, -0.000221731, 1.03679, -0.0951328, 0.00169487, 0.995463, 0.858548, 0, 0, 0, 1
1, -0.000603835, -0.000315978, 0.149961, 0.000604054, 1, 0.00069533, 1.04954, 0.000315558, -0.000695521, 1, 0.849971, 0, 0, 0, 1
