-0.999999, -0.000797282, -0.000797199, 0.290901, 0.00079686, 0.000424669, -1, 0.848124, 0.00079762, -1, -0.000424034, 1.02183, 0, 0, 0, 1
-0.996652, 0.00791663, 0.0813775, 0.289494, -0.0806764, 0.0664027, -0.994526, 0.854747, -0.013277, -0.997762, -0.0655417, 1.01739, 0, 0, 0, 1
-0.986537, 0.0150738, 0.162841, 0.287907, -0.159461, 0.132273, -0.978303, 0.861713, -0.0362862, -0.991099, -0.128089, 1.01386, 0, 0, 0, 1
-0.969832, 0.0206913, 0.242896, 0.28613, -0.234181, 0.197706, -0.951878, 0.868951, -0.0677176, -0.980043, -0.186896, 1.01128, 0, 0, 0, 1
-0.946794, 0.024801, 0.320883, 0.284156, -0.303565, 0.262375, -0.915974, 0.876383, -0.106909, -0.964647, -0.240886, 1.00965, 0, 0, 0, 1
-0.917759, 0.0274488, 0.396188, 0.281981, -0.366457, 0.32596, -0.87147, 0.883934, -0.153062, -0.944985, -0.289094, 1.00898, 0, 0, 0, 1
-0.883127, 0.0286948, 0.468256, 0.279607, -0.421845, 0.388148, -0.819382, 0.891528, -0.205265, -0.92115, -0.33068, 1.00928, 0, 0, 0, 1
-0.843356, 0.0286123, 0.536592, 0.277038, -0.468873, 0.448636, -0.760844, 0.899087, -0.262504, -0.893256, -0.364945, 1.01055, 0, 0, 0, 1
-0.798952, 0.0272874, 0.600776, 0.27428, -0.506852, 0.507131, -0.69708, 0.906537, -0.323693, -0.861437, -0.391342, 1.01278, 0, 0, 0, 1
-0.750453, 0.0248184, 0.660458, 0.271344, -0.535272, 0.563353, -0.629379, 0.913802, -0.387691, -0.825844, -0.409485, 1.01597, 0, 0, 0, 1
-0.698423, 0.0213149, 0.715368, 0.268245, -0.553807, 0.617036, -0.559074, 0.92081, -0.453324, -0.786646, -0.419148, 1.02008, 0, 0, 0, 1
-0.643437, 0.0168966, 0.765312, 0.265, -0.562315, 0.667931, -0.487513, 0.92749, -0.519414, -0.744031, -0.420271, 1.02511, 0, 0, 0, 1
-0.586072, 0.0116927, 0.810175, 0.261628, -0.560836, 0.715807, -0.416034, 0.933773, -0.584793, -0.698201, -0.412956, 1.03103, 0, 0, 0, 1
-0.526893, 0.00584091, 0.849912, 0.258153, -0.549588, 0.760447, -0.345937, 0.939593, -0.648334, -0.649373, -0.397464, 1.0378, 0, 0, 0, 1
-0.466445, -0.000514164, 0.88455, 0.254601, -0.528959, 0.80166, -0.278467, 0.944887, -0.708965, -0.59778, -0.374202, 1.04539, 0, 0, 0, 1
-0.405246, -0.00722177, 0.914179, 0.251, -0.49949, 0.839271, -0.214789, 0.949596, -0.765692, -0.543666, -0.343719, 1.05377, 0, 0, 0, 1
-0.343775, -0.0141264, 0.938946, 0.24738, -0.461868, 0.873128, -0.155967, 0.953666, -0.817616, -0.487286, -0.306684, 1.06288, 0, 0, 0, 1
-0.282468, -0.0210691, 0.959045, 0.243774, -0.416902, 0.903103, -0.10295, 0.957044, -0.863947, -0.428908, -0.263881, 1.07269, 0, 0, 0, 1
-0.22171, -0.0278887, 0.974714, 0.240215, -0.365509, 0.929088, -0.0565561, 0.959685, -0.904018, -0.368805, -0.216182, 1.08314, 0, 0, 0, 1
-0.161838, -0.0344232, 0.986217, 0.23674, -0.30869, 0.951002, -0.017462, 0.961547, -0.937293, -0.307262, -0.164535, 1.09417, 0, 0, 0, 1
-0.103132, -0.0405111, 0.993842, 0.233384, -0.247513, 0.968786, 0.0138052, 0.962593, -0.96338, -0.244565, -0.10994, 1.10573, 0, 0, 0, 1
-0.0458169, -0.0459927, 0.997891, 0.230185, -0.183085, 0.982405, 0.0368728, 0.962791, -0.982029, -0.18101, -0.0534314, 1.11777, 0, 0, 0, 1
0.00993364, -0.0507114, 0.998664, 0.227181, -0.116535, 0.991849, 0.0515245, 0.962114, -0.993137, -0.116891, 0.00394301, 1.13021, 0, 0, 0, 1
0.0816237, -0.048483, 0.995483, 0.222816, -0.107119, 0.992604, 0.0571259, 0.97301, -0.99089, -0.111298, 0.0758265, 1.11915, 0, 0, 0, 1
0.152815, -0.0462565, 0.987172, 0.218418, -0.0975455, 0.99332, 0.0616447, 0.983251, -0.983429, -0.105714, 0.147282, 1.10775, 0, 0, 0, 1
0.223142, -0.0440311, 0.973791, 0.214003, -0.0879213, 0.993998, 0.0650918, 0.992831, -0.970813, -0.100142, 0.217932, 1.09604, 0, 0, 0, 1
0.292247, -0.0418061, 0.955429, 0.209591, -0.0783515, 0.994639, 0.067488, 1.00174, -0.953128, -0.0945824, 0.287405, 1.08404, 0, 0, 0, 1
0.35978, -0.0395806, 0.932197, 0.205201, -0.068937, 0.995241, 0.0688636, 1.00999, -0.930487, -0.0890386, 0.35534, 1.07179, 0, 0, 0, 1
0.425401, -0.0373539, 0.904234, 0.200849, -0.0597744, 0.995806, 0.069258, 1.01755, -0.903029, -0.0835124, 0.421385, 1.0593, 0, 0, 0, 1
0.488783, -0.0351253, 0.871698, 0.196555, -0.0509548, 0.996334, 0.0687192, 1.02445, -0.870916, -0.078006, 0.485202, 1.04662, 0, 0, 0, 1
0.549611, -0.0328939, 0.834773, 0.192335, -0.0425635, 0.996824, 0.0673031, 1.03067, -0.834335, -0.0725214, 0.546466, 1.03376, 0, 0, 0, 1
0.607587, -0.030659, 0.793661, 0.188206, -0.0346788, 0.997278, 0.0650729, 1.03621, -0.793496, -0.0670607, 0.60487, 1.02075, 0, 0, 0, 1
0.662426, -0.0284198, 0.748588, 0.184186, -0.0273719, 0.997695, 0.0620985, 1.04109, -0.748627, -0.061626, 0.660121, 1.00762, 0, 0, 0, 1
0.713865, -0.0261758, 0.699794, 0.18029, -0.0207061, 0.998075, 0.0584556, 1.0453, -0.699977, -0.0562194, 0.711949, 0.994404, 0, 0, 0, 1
0.761657, -0.0239262, 0.647539, 0.176534, -0.0147365, 0.99842, 0.0542247, 1.04885, -0.647813, -0.050843, 0.760101, 0.981119, 0, 0, 0, 1
0.805574, -0.0216703, 0.592098, 0.172933, -0.00950944, 0.998729, 0.0494906, 1.05175, -0.592419, -0.0454989, 0.804345, 0.967797, 0, 0, 0, 1
0.845412, -0.0194075, 0.533762, 0.169502, -0.00506233, 0.999004, 0.0443417, 1.05401, -0.53409, -0.0401891, 0.844472, 0.954463, 0, 0, 0, 1
0.880987, -0.0171371, 0.472831, 0.166254, -0.00142348, 0.999243, 0.0388684, 1.05564, -0.473139, -0.0349156, 0.880296, 0.941144, 0, 0, 0, 1
0.912136, -0.0148585, 0.409619, 0.163203, 0.00138811, 0.999449, 0.0331629, 1.05665, -0.409886, -0.0296805, 0.911654, 0.927866, 0, 0, 0, 1
0.938721, -0.0125711, 0.344449, 0.16036, 0.00336275, 0.999621, 0.0273181, 1.05705, -0.344662, -0.0244857, 0.938407, 0.914654, 0, 0, 0, 1
0.960627, -0.0102744, 0.277651, 0.157738, 0.00450006, 0.99976, 0.0214265, 1.05685, -0.277805, -0.0193334, 0.960443, 0.901534, 0, 0, 0, 1
0.977763, -0.00796785, 0.209561, 0.155347, 0.00480882, 0.999867, 0.0155797, 1.05607, -0.209658, -0.0142255, 0.977671, 0.888529, 0, 0, 0, 1
0.990062, -0.00565086, 0.140521, 0.153197, 0.00430678, 0.999942, 0.00986722, 1.05473, -0.140568, -0.00916396, 0.990029, 0.875665, 0, 0, 0, 1
0.99748, -0.00332296, 0.0708726, 0.151297, 0.00302039, 0.999986, 0.00437587, 1.05285, -0.0708861, -0.00415078, 0.997476, 0.862963, 0, 0, 0, 1
0.999999, -0.000983683, 0.000960774, 0.149655, 0.000984462, 0.999999, -0.000811164, 1.05043, -0.000959975, 0.000812109, 0.999999, 0.850448, 0, 0, 0, 1
