-0.999999, -0.000797282, -0.000797199, 0.290901, 0.00079686, 0.000424669, -1, 0.848124, 0.00079762, -1, -0.000424034, 1.02183, 0, 0, 0, 1
-0.999741, 0.0160876, -0.0160912, 0.288176, 0.0176101, 0.0992244, -0.994909, 0.868396, -0.014409, -0.994935, -0.099482, 1.01382, 0, 0, 0, 1
-0.999079, 0.028567, -0.0320071, 0.284453, 0.0370341, 0.19767, -0.979569, 0.889351, -0.0216565, -0.979852, -0.198545, 1.00822, 0, 0, 0, 1
-0.998113, 0.0367535, -0.049185, 0.2797, 0.057852, 0.294565, -0.953879, 0.910695, -0.0205701, -0.954924, -0.296136, 1.00511, 0, 0, 0, 1
-0.996831, 0.0408554, -0.0682581, 0.273911, 0.078791, 0.388752, -0.917967, 0.932131, -0.0109684, -0.920436, -0.390739, 1.00448, 0, 0, 0, 1
-0.995106, 0.0411727, -0.0898284, 0.267103, 0.0985572, 0.479122, -0.872197, 0.953366, 0.00712809, -0.876782, -0.480835, 1.00634, 0, 0, 0, 1
-0.992699, 0.0380899, -0.114443, 0.25932, 0.115872, 0.564635, -0.817166, 0.974107, 0.0334928, -0.824461, -0.564927, 1.01066, 0, 0, 0, 1
-0.989265, 0.0320685, -0.14257, 0.250624, 0.129508, 0.644337, -0.753696, 0.994076, 0.0676932, -0.764069, -0.641573, 1.01737, 0, 0, 0, 1
-0.98436, 0.0236364, -0.174576, 0.241103, 0.138324, 0.717367, -0.682826, 1.01301, 0.109095, -0.696294, -0.709417, 1.02639, 0, 0, 0, 1
-0.977458, 0.0133776, -0.210705, 0.230862, 0.141302, 0.782979, -0.605787, 1.03065, 0.156874, -0.621905, -0.767219, 1.03759, 0, 0, 0, 1
-0.967969, 0.00191978, -0.251064, 0.220025, 0.137574, 0.840543, -0.523986, 1.04677, 0.210024, -0.541742, -0.813883, 1.05086, 0, 0, 0, 1
-0.955257, -0.010079, -0.295605, 0.208731, 0.126454, 0.889559, -0.43897, 1.06118, 0.267383, -0.456709, -0.848483, 1.06602, 0, 0, 0, 1
-0.938669, -0.0219435, -0.344119, 0.197129, 0.107457, 0.929661, -0.352396, 1.07369, 0.327647, -0.367761, -0.870287, 1.08291, 0, 0, 0, 1
-0.917559, -0.0329957, -0.396229, 0.185381, 0.0803199, 0.960623, -0.265994, 1.08415, 0.389403, -0.275891, -0.878777, 1.10134, 0, 0, 0, 1
-0.891312, -0.0425687, -0.451388, 0.173653, 0.0450145, 0.982355, -0.181528, 1.09246, 0.451151, -0.182117, -0.873668, 1.12108, 0, 0, 0, 1
-0.859376, -0.0500205, -0.508891, 0.162112, 0.00175157, 0.99491, -0.100751, 1.09851, 0.51134, -0.0874741, -0.854915, 1.14193, 0, 0, 0, 1
-0.821291, -0.0547477, -0.567877, 0.150929, -0.0490184, 0.998476, -0.0253679, 1.10226, 0.5684, 0.007002, -0.822723, 1.16366, 0, 0, 0, 1
-0.776708, -0.0561981, -0.627349, 0.140269, -0.106612, 0.99337, 0.0430076, 1.10369, 0.620772, 0.100287, -0.77755, 1.18602, 0, 0, 0, 1
-0.725419, -0.0538823, -0.686195, 0.130289, -0.170125, 0.980036, 0.102894, 1.1028, 0.666951, 0.19138, -0.720104, 1.20879, 0, 0, 0, 1
-0.65294, -0.0518946, -0.755629, 0.128557, -0.173458, 0.981381, 0.082487, 1.10589, 0.73728, 0.184929, -0.649785, 1.19309, 0, 0, 0, 1
-0.573872, -0.0498943, -0.817424, 0.127018, -0.174471, 0.982676, 0.0625062, 1.10849, 0.800144, 0.178487, -0.572635, 1.17736, 0, 0, 0, 1
-0.489017, -0.0478812, -0.870959, 0.125673, -0.173288, 0.983923, 0.0432047, 1.1106, 0.854888, 0.172055, -0.489452, 1.16162, 0, 0, 0, 1
-0.399237, -0.0458551, -0.9157, 0.124527, -0.170062, 0.985121, 0.0248141, 1.11222, 0.900938, 0.165633, -0.401095, 1.14589, 0, 0, 0, 1
-0.305442, -0.0438158, -0.951202, 0.123582, -0.164968, 0.98627, 0.00754187, 1.11336, 0.937812, 0.159221, -0.308476, 1.1302, 0, 0, 0, 1
-0.208579, -0.0417629, -0.977113, 0.122839, -0.158201, 0.987371, -0.00843107, 1.11402, 0.965126, 0.152822, -0.212552, 1.11455, 0, 0, 0, 1
-0.109627, -0.0396963, -0.99318, 0.122302, -0.149973, 0.988424, -0.0229521, 1.11421, 0.982593, 0.146434, -0.114312, 1.09897, 0, 0, 0, 1
-0.00958554, -0.0376157, -0.999246, 0.121972, -0.14051, 0.989428, -0.0358982, 1.11392, 0.990033, 0.14006, -0.0147696, 1.08348, 0, 0, 0, 1
0.0905389, -0.035521, -0.995259, 0.12185, -0.130045, 0.990385, -0.0471772, 1.11317, 0.987366, 0.1337, 0.085049, 1.06809, 0, 0, 0, 1
0.189738, -0.0334118, -0.981266, 0.121937, -0.118817, 0.991294, -0.0567277, 1.11196, 0.974619, 0.127354, 0.184117, 1.05282, 0, 0, 0, 1
0.287016, -0.0312881, -0.957415, 0.122234, -0.107065, 0.992156, -0.0645196, 1.1103, 0.951924, 0.121024, 0.281415, 1.03769, 0, 0, 0, 1
0.381396, -0.0291495, -0.923952, 0.122742, -0.0950273, 0.992971, -0.0705531, 1.1082, 0.919515, 0.114709, 0.375945, 1.02272, 0, 0, 0, 1
0.471932, -0.026996, -0.881222, 0.123461, -0.0829346, 0.993739, -0.0748579, 1.10565, 0.877726, 0.108412, 0.466738, 1.00793, 0, 0, 0, 1
0.564209, -0.0246342, -0.825264, 0.124992, -0.0666435, 0.994934, -0.0752611, 1.10232, 0.822938, 0.0974615, 0.55971, 0.990692, 0, 0, 0, 1
0.649891, -0.0222204, -0.759702, 0.126785, -0.0513847, 0.996001, -0.0730891, 1.09845, 0.758288, 0.0865371, 0.64615, 0.973727, 0, 0, 0, 1
0.727985, -0.0197541, -0.685309, 0.128838, -0.037515, 0.996939, -0.0685881, 1.09405, 0.684566, 0.0756405, 0.725016, 0.957053, 0, 0, 0, 1
0.797587, -0.0172351, -0.602957, 0.131146, -0.0253479, 0.997751, -0.0620499, 1.08914, 0.602671, 0.0647739, 0.795357, 0.940693, 0, 0, 0, 1
0.857897, -0.014663, -0.513613, 0.133707, -0.0151477, 0.998437, -0.0538055, 1.08373, 0.513599, 0.0539396, 0.856333, 0.924668, 0, 0, 0, 1
0.908219, -0.0120377, -0.418322, 0.136517, -0.00712539, 0.998997, -0.0442172, 1.07783, 0.418434, 0.0431397, 0.907222, 0.909, 0, 0, 0, 1
0.947979, -0.00935886, -0.318196, 0.13957, -0.00143515, 0.999432, -0.0336712, 1.07147, 0.31833, 0.0323763, 0.947427, 0.893709, 0, 0, 0, 1
0.976723, -0.00662629, -0.214402, 0.142861, 0.00182833, 0.999744, -0.0225689, 1.06465, 0.214497, 0.0216515, 0.976485, 0.878815, 0, 0, 0, 1
0.994127, -0.00383978, -0.10815, 0.146386, 0.00263086, 0.999932, -0.0113187, 1.05739, 0.108186, 0.0109677, 0.99407, 0.864337, 0, 0, 0, 1
0.999999, -0.000999154, -0.000674538, 0.150138, 0.000998933, 0.999999, -0.000327367, 1.04972, 0.000674865, 0.000326693, 1, 0.850294, 0, 0, 0, 1
