-0.999999, -0.000797282, -0.000797199, 0.290901, 0.00079686, 0.000424669, -1, 0.848124, 0.00079762, -1, -0.000424034, 1.02183, 0, 0, 0, 1
-0.99513, 0.00741658, 0.0982904, 0.288379, -0.0979539, 0.0368927, -0.994507, 0.852108, -0.011002, -0.999292, -0.0359866, 1.01368, 0, 0, 0, 1
-0.980428, 0.0145309, 0.196339, 0.28571, -0.19478, 0.0735435, -0.978086, 0.856134, -0.028652, -0.997186, -0.0692738, 1.00584, 0, 0, 0, 1
-0.956098, 0.020545, 0.292325, 0.282893, -0.288434, 0.110296, -0.951126, 0.860184, -0.0517831, -0.993686, -0.0995278, 0.998321, 0, 0, 0, 1
-0.922457, 0.0254617, 0.385259, 0.279925, -0.377734, 0.147069, -0.91416, 0.864244, -0.0799358, -0.988798, -0.126047, 0.991117, 0, 0, 0, 1
-0.879928, 0.0292881, 0.474204, 0.276806, -0.461579, 0.183783, -0.867853, 0.868294, -0.112568, -0.98253, -0.148197, 0.984236, 0, 0, 0, 1
-0.829031, 0.0320347, 0.558284, 0.273537, -0.538968, 0.220358, -0.812992, 0.872319, -0.149066, -0.974893, -0.165418, 0.977681, 0, 0, 0, 1
-0.770378, 0.0337161, 0.636695, 0.270119, -0.609008, 0.256715, -0.750471, 0.8763, -0.188752, -0.965899, -0.177234, 0.971455, 0, 0, 0, 1
-0.704656, 0.0343504, 0.708717, 0.266555, -0.670929, 0.292778, -0.681275, 0.880222, -0.230899, -0.955563, -0.183261, 0.965558, 0, 0, 0, 1
-0.632622, 0.0339593, 0.773716, 0.262847, -0.724091, 0.328471, -0.606464, 0.884067, -0.274738, -0.943904, -0.183208, 0.959991, 0, 0, 0, 1
-0.555088, 0.0325681, 0.831154, 0.259, -0.767993, 0.363719, -0.527158, 0.887818, -0.319475, -0.930939, -0.176884, 0.954756, 0, 0, 0, 1
-0.472907, 0.0302053, 0.880595, 0.255018, -0.802275, 0.39845, -0.444514, 0.89146, -0.3643, -0.916693, -0.164197, 0.949853, 0, 0, 0, 1
-0.386965, 0.0269031, 0.921702, 0.250907, -0.826721, 0.432595, -0.359715, 0.894975, -0.408401, -0.901187, -0.145158, 0.94528, 0, 0, 0, 1
-0.298163, 0.0226964, 0.954245, 0.246675, -0.84126, 0.466085, -0.273946, 0.898348, -0.450977, -0.884449, -0.119876, 0.941037, 0, 0, 0, 1
-0.207411, 0.0176235, 0.978095, 0.242327, -0.845964, 0.498856, -0.18838, 0.901564, -0.491248, -0.866506, -0.0885592, 0.937121, 0, 0, 0, 1
-0.115606, 0.0117253, 0.993226, 0.237873, -0.841044, 0.530844, -0.10416, 0.904607, -0.52847, -0.847388, -0.0515073, 0.933531, 0, 0, 0, 1
-0.0236308, 0.00504574, 0.999708, 0.23332, -0.826841, 0.56199, -0.0223811, 0.907463, -0.561939, -0.827128, -0.00910825, 0.930264, 0, 0, 0, 1
0.0676641, -0.00236899, 0.997705, 0.22868, -0.803821, 0.592238, 0.0559211, 0.910118, -0.591011, -0.80576, 0.038169, 0.927317, 0, 0, 0, 1
0.157468, -0.0104701, 0.987469, 0.223962, -0.772562, 0.621532, 0.129787, 0.912559, -0.615103, -0.783319, 0.0897823, 0.924685, 0, 0, 0, 1
0.245017, -0.0192068, 0.969328, 0.219176, -0.733749, 0.649824, 0.198346, 0.914773, -0.633703, -0.759842, 0.145125, 0.922364, 0, 0, 0, 1
0.329608, -0.0285259, 0.943687, 0.214336, -0.688152, 0.677067, 0.260822, 0.916747, -0.646379, -0.735369, 0.203536, 0.920351, 0, 0, 0, 1
0.410597, -0.0383728, 0.911009, 0.209453, -0.63662, 0.703216, 0.316549, 0.918471, -0.652783, -0.70994, 0.26431, 0.918638, 0, 0, 0, 1
0.487412, -0.0486911, 0.871813, 0.204539, -0.580063, 0.728232, 0.364973, 0.919934, -0.652654, -0.683598, 0.326705, 0.917221, 0, 0, 0, 1
0.559552, -0.0594229, 0.826662, 0.199608, -0.519438, 0.75208, 0.40566, 0.921125, -0.645822, -0.656387, 0.389962, 0.916093, 0, 0, 0, 1
0.626592, -0.0705092, 0.776151, 0.194675, -0.455734, 0.774727, 0.438297, 0.922037, -0.63221, -0.628352, 0.453305, 0.915247, 0, 0, 0, 1
0.688183, -0.08189, 0.720901, 0.189752, -0.389956, 0.796146, 0.462695, 0.92266, -0.611832, -0.599538, 0.515961, 0.914678, 0, 0, 0, 1
0.744054, -0.0935045, 0.661544, 0.184854, -0.323109, 0.816311, 0.478788, 0.922987, -0.584795, -0.569995, 0.577167, 0.914376, 0, 0, 0, 1
0.794007, -0.105291, 0.598721, 0.179997, -0.256187, 0.835202, 0.486627, 0.923012, -0.551291, -0.539769, 0.636182, 0.914334, 0, 0, 0, 1
0.83792, -0.117189, 0.533064, 0.175196, -0.190153, 0.852804, 0.486381, 0.922729, -0.511598, -0.508912, 0.692298, 0.914544, 0, 0, 0, 1
0.860273, -0.112584, 0.497247, 0.171644, -0.153159, 0.873195, 0.46268, 0.93654, -0.486284, -0.474189, 0.733943, 0.90934, 0, 0, 0, 1
0.88094, -0.107441, 0.46087, 0.16833, -0.11921, 0.892096, 0.435837, 0.949649, -0.457967, -0.438887, 0.773075, 0.904235, 0, 0, 0, 1
0.899931, -0.101743, 0.423995, 0.165265, -0.0885496, 0.909488, 0.40619, 0.962045, -0.426946, -0.403088, 0.809468, 0.899228, 0, 0, 0, 1
0.917258, -0.0954767, 0.38668, 0.162456, -0.0613832, 0.925358, 0.374093, 0.97372, -0.393535, -0.366875, 0.842931, 0.894321, 0, 0, 0, 1
0.93293, -0.0886288, 0.34898, 0.159913, -0.0378795, 0.939694, 0.339913, 0.984665, -0.35806, -0.330334, 0.873311, 0.889511, 0, 0, 0, 1
0.946954, -0.0811884, 0.310946, 0.157642, -0.0181687, 0.95249, 0.304027, 0.994875, -0.320856, -0.293549, 0.900489, 0.884798, 0, 0, 0, 1
0.959335, -0.0731462, 0.272629, 0.155651, -0.00234321, 0.963744, 0.266817, 1.00434, -0.282262, -0.256606, 0.924382, 0.880182, 0, 0, 0, 1
0.970076, -0.0644948, 0.23408, 0.153945, 0.00954276, 0.973458, 0.228665, 1.01307, -0.242615, -0.219588, 0.944944, 0.87566, 0, 0, 0, 1
0.979178, -0.0552288, 0.195347, 0.152531, 0.0174721, 0.981638, 0.189951, 1.02104, -0.202251, -0.182583, 0.962163, 0.871231, 0, 0, 0, 1
0.98664, -0.0453444, 0.156481, 0.151414, 0.0214638, 0.988293, 0.15105, 1.02827, -0.161498, -0.145673, 0.976062, 0.866892, 0, 0, 0, 1
0.992458, -0.03484, 0.117533, 0.150598, 0.021572, 0.993437, 0.112326, 1.03476, -0.120676, -0.108944, 0.986696, 0.862642, 0, 0, 0, 1
0.996627, -0.0237159, 0.0785572, 0.150086, 0.0178835, 0.997088, 0.0741322, 1.04049, -0.0800866, -0.0724773, 0.994149, 0.858478, 0, 0, 0, 1
0.999144, -0.0119742, 0.0396081, 0.149883, 0.0105167, 0.999267, 0.0368039, 1.04549, -0.0400198, -0.0363559, 0.998537, 0.854397, 0, 0, 0, 1
1, 0.000380752, 0.000744681, 0.14999, -0.000381243, 1, 0.000659665, 1.04976, -0.00074443, -0.000659949, 1, 0.850397, 0, 0, 0, 1
