0.999999, -0.000849093, 0.000816763, 0.150201, 0.00084941, 1, -0.000388034, 1.04999, -0.000816433, 0.000388728, 1, 0.850939, 0, 0, 0, 1
0.996876, 0.00551633, 0.0787885, 0.134529, 0.007265, 0.986924, -0.16102, 1.07954, -0.0786465, 0.161089, 0.983801, 0.926484, 0, 0, 0, 1
0.987561, 0.0244459, 0.155326, 0.123769, 0.0262149, 0.948417, -0.31594, 1.09854, -0.155038, 0.316082, 0.935979, 1.0072, 0, 0, 0, 1
0.972097, 0.0555272, 0.227914, 0.118301, 0.0572865, 0.885971, -0.460189, 1.10649, -0.227478, 0.460404, 0.858069, 1.09122, 0, 0, 0, 1
0.950733, 0.0979451, 0.294131, 0.118374, 0.0996658, 0.801842, -0.589166, 1.10316, -0.293553, 0.589455, 0.752576, 1.1766, 0, 0, 0, 1
0.923923, 0.150505, 0.35173, 0.1241, 0.15216, 0.698967, -0.698779, 1.08863, -0.351017, 0.699138, 0.622891, 1.2614, 0, 0, 0, 1
0.892313, 0.211667, 0.398715, 0.135453, 0.213231, 0.58087, -0.785572, 1.06322, -0.397881, 0.785995, 0.473184, 1.34373, 0, 0, 0, 1
0.856727, 0.279594, 0.433411, 0.152272, 0.281046, 0.451538, -0.846833, 1.02754, -0.432471, 0.847314, 0.308266, 1.42177, 0, 0, 0, 1
0.818143, 0.35221, 0.454522, 0.174262, 0.353532, 0.315295, -0.880684, 0.982409, -0.453494, 0.881214, 0.133439, 1.49387, 0, 0, 0, 1
0.777665, 0.427263, 0.461177, 0.201005, 0.428442, 0.176657, -0.886132, 0.928878, -0.460081, 0.886701, -0.0456778, 1.55852, 0, 0, 0, 1
0.736488, 0.502401, 0.452967, 0.231977, 0.503427, 0.0401855, -0.863103, 0.86816, -0.451826, 0.863701, -0.223326, 1.61444, 0, 0, 0, 1
0.695863, 0.575244, 0.429965, 0.266555, 0.576112, -0.089659, -0.812438, 0.801615, -0.4288, 0.813054, -0.393795, 1.6606, 0, 0, 0, 1
0.657055, 0.643465, 0.392724, 0.304044, 0.644176, -0.208661, -0.735866, 0.730698, -0.391557, 0.736487, -0.551606, 1.69622, 0, 0, 0, 1
0.621299, 0.704866, 0.342274, 0.34369, 0.705422, -0.312985, -0.63594, 0.656927, -0.341125, 0.636557, -0.691685, 1.72079, 0, 0, 0, 1
0.589763, 0.75745, 0.280086, 0.384705, 0.75786, -0.399294, -0.515958, 0.581831, -0.278976, 0.516559, -0.80953, 1.73408, 0, 0, 0, 1
0.563502, 0.799491, 0.208035, 0.426287, 0.799765, -0.464856, -0.379848, 0.506917, -0.206979, 0.380424, -0.901353, 1.73616, 0, 0, 0, 1
0.543423, 0.82959, 0.128339, 0.467643, 0.829742, -0.507625, -0.232045, 0.433627, -0.127354, 0.232587, -0.964201, 1.72733, 0, 0, 0, 1
0.530249, 0.846725, 0.0434974, 0.508013, 0.846771, -0.526305, -0.077342, 0.363302, -0.0425945, 0.0778429, -0.996055, 1.70815, 0, 0, 0, 1
0.524494, 0.850287, -0.0437954, 0.546682, 0.850245, -0.520385, 0.0792642, 0.29715, 0.0446068, -0.0788104, -0.995891, 1.67943, 0, 0, 0, 1
0.526434, 0.840105, -0.13073, 0.583008, 0.839994, -0.490149, 0.232734, 0.236219, 0.131444, -0.232331, -0.963714, 1.64213, 0, 0, 0, 1
0.536101, 0.816453, -0.214475, 0.616429, 0.816292, -0.436659, 0.378148, 0.181378, 0.215088, -0.377799, -0.900558, 1.5974, 0, 0, 0, 1
0.553268, 0.780048, -0.292267, 0.646481, 0.779856, -0.361722, 0.510864, 0.133295, 0.292779, -0.510571, -0.808454, 1.54649, 0, 0, 0, 1
0.577453, 0.732025, -0.361507, 0.672806, 0.731821, -0.267815, 0.626668, 0.0924384, 0.36192, -0.62643, -0.690362, 1.49074, 0, 0, 0, 1
0.607931, 0.673909, -0.41984, 0.695157, 0.673709, -0.15801, 0.721906, 0.0590636, 0.420161, -0.72172, -0.550078, 1.43153, 0, 0, 0, 1
0.643752, 0.607564, -0.465241, 0.713402, 0.607384, -0.0358644, 0.793598, 0.0332247, 0.465476, -0.793461, -0.392112, 1.37022, 0, 0, 0, 1
0.683763, 0.535135, -0.496083, 0.727523, 0.534988, 0.0946947, 0.839536, 0.014781, 0.496241, -0.839443, -0.221542, 1.30816, 0, 0, 0, 1
0.726648, 0.458982, -0.511193, 0.737608, 0.458879, 0.229502, 0.858346, 0.0034132, 0.511285, -0.858292, -0.0438501, 1.24658, 0, 0, 0, 1
0.770962, 0.381603, -0.509899, 0.743846, 0.381554, 0.364289, 0.849535, -0.00135619, 0.509936, -0.849513, 0.135251, 1.18663, 0, 0, 0, 1
0.815181, 0.305554, -0.492054, 0.746516, 0.305564, 0.494824, 0.813499, -0.000138865, 0.492048, -0.813502, 0.310005, 1.12932, 0, 0, 0, 1
0.857748, 0.233365, -0.458049, 0.745972, 0.233437, 0.617045, 0.751507, 0.00634682, 0.458012, -0.751529, 0.474793, 1.07548, 0, 0, 0, 1
0.897126, 0.167457, -0.408806, 0.74263, 0.167593, 0.727193, 0.665659, 0.0173053, 0.40875, -0.665694, 0.62432, 1.0258, 0, 0, 0, 1
0.931847, 0.110064, -0.345755, 0.736947, 0.110263, 0.82193, 0.558814, 0.0318945, 0.345692, -0.558853, 0.753777, 0.980738, 0, 0, 0, 1
0.960565, 0.063156, -0.270789, 0.729407, 0.0634149, 0.89844, 0.434493, 0.049256, 0.270729, -0.43453, 0.859005, 0.940607, 0, 0, 0, 1
0.9821, 0.0283756, -0.186212, 0.720502, 0.0286896, 0.95452, 0.296764, 0.0685451, 0.186164, -0.296794, 0.93662, 0.905513, 0, 0, 0, 1
0.995485, 0.0069798, -0.0946655, 0.710711, 0.00734285, 0.988642, 0.15011, 0.0889579, 0.0946381, -0.150127, 0.984127, 0.875393, 0, 0, 0, 1
1, -0.000202068, 0.000954237, 0.700489, 0.000202754, 1, -0.000718932, 0.109757, -0.000954092, 0.000719125, 0.999999, 0.850025, 0, 0, 0, 1
