0.999999, -0.000849093, 0.000816763, 0.150201, 0.00084941, 1, -0.000388034, 1.04999, -0.000816433, 0.000388728, 1, 0.850939, 0, 0, 0, 1
0.996878, 0.00550296, 0.0787671, 0.134531, 0.00727126, 0.986932, -0.160976, 1.07953, -0.0786236, 0.161046, 0.98381, 0.926465, 0, 0, 0, 1
0.987568, 0.0244124, 0.155285, 0.123771, 0.0262198, 0.948445, -0.315857, 1.09853, -0.15499, 0.316002, 0.936013, 1.00716, 0, 0, 0, 1
0.972114, 0.0554673, 0.227855, 0.1183, 0.0572823, 0.88603, -0.460075, 1.10648, -0.227406, 0.460297, 0.858145, 1.09115, 0, 0, 0, 1
0.950765, 0.0978537, 0.29406, 0.118366, 0.0996447, 0.801941, -0.589034, 1.10317, -0.293458, 0.589335, 0.752706, 1.17651, 0, 0, 0, 1
0.923973, 0.150378, 0.351654, 0.124083, 0.152115, 0.699112, -0.698644, 1.08865, -0.350906, 0.69902, 0.623085, 1.2613, 0, 0, 0, 1
0.892385, 0.211503, 0.398642, 0.135425, 0.213157, 0.58106, -0.785451, 1.06326, -0.39776, 0.785898, 0.473446, 1.34361, 0, 0, 0, 1
0.856823, 0.279393, 0.433351, 0.15223, 0.280939, 0.451772, -0.846744, 1.0276, -0.43235, 0.847255, 0.308596, 1.42165, 0, 0, 0, 1
0.818266, 0.351975, 0.454483, 0.174203, 0.35339, 0.315566, -0.880644, 0.982498, -0.453384, 0.881211, 0.133832, 1.49374, 0, 0, 0, 1
0.777814, 0.426998, 0.46117, 0.20093, 0.428265, 0.176953, -0.886158, 0.928993, -0.459993, 0.88677, -0.0452315, 1.55839, 0, 0, 0, 1
0.736664, 0.502111, 0.453001, 0.231883, 0.503219, 0.0404929, -0.86321, 0.868302, -0.451771, 0.863854, -0.222842, 1.61433, 0, 0, 0, 1
0.696064, 0.574939, 0.430047, 0.266444, 0.575878, -0.0893579, -0.812637, 0.801782, -0.428789, 0.813302, -0.393293, 1.66051, 0, 0, 0, 1
0.657276, 0.643154, 0.392862, 0.303916, 0.643923, -0.208386, -0.736165, 0.730888, -0.391601, 0.736836, -0.551109, 1.69615, 0, 0, 0, 1
0.621537, 0.704561, 0.34247, 0.343546, 0.705162, -0.312757, -0.636341, 0.657134, -0.341232, 0.637006, -0.691219, 1.72074, 0, 0, 0, 1
0.59001, 0.757164, 0.280341, 0.384546, 0.757603, -0.399133, -0.516459, 0.582052, -0.279151, 0.517104, -0.809122, 1.73407, 0, 0, 0, 1
0.563751, 0.799234, 0.208348, 0.426117, 0.799526, -0.464782, -0.380442, 0.507146, -0.207226, 0.381054, -0.90103, 1.73619, 0, 0, 0, 1
0.543666, 0.829374, 0.128705, 0.467465, 0.829534, -0.507657, -0.232718, 0.433858, -0.127672, 0.233286, -0.96399, 1.7274, 0, 0, 0, 1
0.530478, 0.846561, 0.0439078, 0.507829, 0.846608, -0.526459, -0.0780753, 0.363527, -0.0429799, 0.07859, -0.99598, 1.70827, 0, 0, 0, 1
0.524699, 0.850183, -0.0433515, 0.546497, 0.850141, -0.520671, 0.0784931, 0.297363, 0.0441616, -0.0780402, -0.995972, 1.67959, 0, 0, 0, 1
0.526609, 0.840068, -0.130267, 0.582825, 0.839961, -0.490574, 0.231952, 0.236414, 0.13095, -0.231567, -0.963965, 1.64233, 0, 0, 0, 1
0.536237, 0.816487, -0.214008, 0.616251, 0.816342, -0.437226, 0.377385, 0.181547, 0.21456, -0.377071, -0.900989, 1.59764, 0, 0, 0, 1
0.553359, 0.780153, -0.291815, 0.646312, 0.779995, -0.362426, 0.510152, 0.133435, 0.292235, -0.509911, -0.809067, 1.54676, 0, 0, 0, 1
0.577495, 0.732199, -0.361089, 0.672649, 0.732055, -0.268646, 0.626039, 0.092543, 0.36138, -0.625871, -0.691151, 1.49104, 0, 0, 0, 1
0.607921, 0.674145, -0.419476, 0.695016, 0.67404, -0.158952, 0.721391, 0.0591301, 0.419645, -0.721292, -0.551031, 1.43185, 0, 0, 0, 1
0.64369, 0.607852, -0.464951, 0.713278, 0.607807, -0.0368971, 0.793227, 0.033251, 0.465009, -0.793192, -0.393207, 1.37055, 0, 0, 0, 1
0.683651, 0.535463, -0.495884, 0.727416, 0.535499, 0.0935979, 0.839334, 0.0147663, 0.495846, -0.839356, -0.222751, 1.30849, 0, 0, 0, 1
0.72649, 0.459334, -0.511102, 0.737519, 0.459466, 0.228371, 0.858334, 0.003358, 0.510983, -0.858405, -0.0451388, 1.24691, 0, 0, 0, 1
0.770766, 0.38196, -0.509928, 0.743775, 0.382202, 0.363158, 0.849728, -0.00145006, 0.509746, -0.849837, 0.133924, 1.18695, 0, 0, 0, 1
0.814957, 0.305895, -0.492212, 0.746463, 0.306256, 0.493727, 0.813905, -0.000268376, 0.491988, -0.814041, 0.308684, 1.12963, 0, 0, 0, 1
0.857509, 0.233668, -0.458342, 0.745935, 0.234152, 0.616018, 0.752127, 0.00618578, 0.458095, -0.752277, 0.473527, 1.07577, 0, 0, 0, 1
0.896885, 0.167701, -0.409235, 0.742606, 0.168308, 0.726271, 0.666486, 0.0171177, 0.408985, -0.666639, 0.623156, 1.02605, 0, 0, 0, 1
0.931621, 0.110226, -0.346313, 0.736933, 0.110953, 0.821145, 0.559831, 0.031686, 0.346081, -0.559974, 0.752766, 0.980967, 0, 0, 0, 1
0.960369, 0.0632154, -0.271467, 0.729401, 0.0640542, 0.897821, 0.435676, 0.0490326, 0.271271, -0.435799, 0.858191, 0.940802, 0, 0, 0, 1
0.981953, 0.0283141, -0.186994, 0.720499, 0.0292535, 0.954092, 0.298083, 0.0683129, 0.18685, -0.298173, 0.936045, 0.905674, 0, 0, 0, 1
0.995403, 0.00678207, -0.095531, 0.710708, 0.00780777, 0.988422, 0.151526, 0.0887231, 0.0954526, -0.151575, 0.983826, 0.87552, 0, 0, 0, 1
1, -0.00054749, 3.06854e-05, 0.700484, 0.000547467, 1, 0.000751186, 0.109525, -3.10967e-05, -0.00075117, 1, 0.850121, 0, 0, 0, 1
