0.999999, -0.000849093, 0.000816763, 0.150201, 0.00084941, 1, -0.000388034, 1.04999, -0.000816433, 0.000388728, 1, 0.850939, 0, 0, 0, 1
0.996879, 0.0055107, 0.0787548, 0.134533, 0.00726238, 0.98693, -0.160986, 1.07955, -0.0786127, 0.161055, 0.98381, 0.926471, 0, 0, 0, 1
0.987572, 0.024428, 0.155255, 0.123777, 0.0261987, 0.948438, -0.315879, 1.09856, -0.154966, 0.31602, 0.936011, 1.00718, 0, 0, 0, 1
0.972125, 0.0554898, 0.227803, 0.11831, 0.0572455, 0.886014, -0.460111, 1.10652, -0.227368, 0.460326, 0.85814, 1.09118, 0, 0, 0, 1
0.950786, 0.0978809, 0.29398, 0.118382, 0.0995889, 0.80191, -0.589085, 1.10321, -0.293406, 0.589372, 0.752698, 1.17655, 0, 0, 0, 1
0.92401, 0.150407, 0.351544, 0.124105, 0.152037, 0.699062, -0.698711, 1.0887, -0.350842, 0.699064, 0.623073, 1.26135, 0, 0, 0, 1
0.892442, 0.21153, 0.3985, 0.135452, 0.213055, 0.580986, -0.785533, 1.06331, -0.397687, 0.785945, 0.473429, 1.34367, 0, 0, 0, 1
0.856905, 0.279413, 0.433176, 0.152261, 0.280812, 0.451669, -0.846841, 1.02765, -0.432271, 0.847304, 0.308575, 1.42172, 0, 0, 0, 1
0.818377, 0.351983, 0.454277, 0.174238, 0.353237, 0.31543, -0.880754, 0.982542, -0.453303, 0.881256, 0.133807, 1.49382, 0, 0, 0, 1
0.777958, 0.426989, 0.460935, 0.200966, 0.428086, 0.176782, -0.886279, 0.929028, -0.459917, 0.886808, -0.0452595, 1.55848, 0, 0, 0, 1
0.736843, 0.502082, 0.452742, 0.231919, 0.503016, 0.0402839, -0.863338, 0.868325, -0.451705, 0.863881, -0.222872, 1.61442, 0, 0, 0, 1
0.69628, 0.574884, 0.42977, 0.266476, 0.575653, -0.089605, -0.812769, 0.801789, -0.428739, 0.813314, -0.393324, 1.6606, 0, 0, 0, 1
0.657531, 0.643071, 0.392573, 0.303941, 0.64368, -0.20867, -0.736296, 0.730878, -0.391573, 0.736829, -0.551139, 1.69624, 0, 0, 0, 1
0.621828, 0.704446, 0.342177, 0.343562, 0.704905, -0.313075, -0.636469, 0.657105, -0.341231, 0.636977, -0.691247, 1.72083, 0, 0, 0, 1
0.590336, 0.757016, 0.280054, 0.38455, 0.757338, -0.399482, -0.516578, 0.582002, -0.279181, 0.51705, -0.809146, 1.73416, 0, 0, 0, 1
0.564108, 0.799054, 0.208074, 0.426105, 0.799258, -0.465157, -0.380547, 0.507075, -0.207291, 0.380974, -0.901049, 1.73626, 0, 0, 0, 1
0.544048, 0.829163, 0.128453, 0.467435, 0.829268, -0.50805, -0.232807, 0.433766, -0.127774, 0.23318, -0.964002, 1.72746, 0, 0, 0, 1
0.530878, 0.846321, 0.0436856, 0.507779, 0.84635, -0.526863, -0.0781448, 0.363416, -0.0431193, 0.0784587, -0.995984, 1.70832, 0, 0, 0, 1
0.525111, 0.849919, -0.0435371, 0.546423, 0.849896, -0.521078, 0.0784456, 0.297233, 0.0439861, -0.0781947, -0.995967, 1.67962, 0, 0, 0, 1
0.527023, 0.839786, -0.13041, 0.582725, 0.839734, -0.490975, 0.231928, 0.236267, 0.130741, -0.231741, -0.963952, 1.64234, 0, 0, 0, 1
0.536645, 0.816193, -0.214106, 0.616125, 0.816136, -0.437611, 0.377384, 0.181387, 0.214323, -0.377261, -0.900966, 1.59763, 0, 0, 0, 1
0.553752, 0.779854, -0.291866, 0.646158, 0.779813, -0.362786, 0.510174, 0.133265, 0.291976, -0.510111, -0.809034, 1.54673, 0, 0, 0, 1
0.577864, 0.731904, -0.361094, 0.672466, 0.731898, -0.268975, 0.626081, 0.0923662, 0.361106, -0.626074, -0.69111, 1.49099, 0, 0, 0, 1
0.60826, 0.673863, -0.419438, 0.694803, 0.673908, -0.159242, 0.72145, 0.0589504, 0.419367, -0.721492, -0.550982, 1.43178, 0, 0, 0, 1
0.64399, 0.607592, -0.464875, 0.713036, 0.607699, -0.0371422, 0.793298, 0.0330721, 0.464735, -0.793381, -0.393152, 1.37048, 0, 0, 0, 1
0.683908, 0.535232, -0.495779, 0.727145, 0.535411, 0.093401, 0.839411, 0.0145921, 0.495586, -0.839525, -0.222691, 1.3084, 0, 0, 0, 1
0.7267, 0.45914, -0.510977, 0.737221, 0.459395, 0.228224, 0.858412, 0.0031922, 0.510748, -0.858548, -0.0450758, 1.24681, 0, 0, 0, 1
0.770928, 0.38181, -0.509796, 0.743451, 0.382141, 0.36306, 0.849798, -0.00160406, 0.509548, -0.849946, 0.133988, 1.18684, 0, 0, 0, 1
0.815071, 0.305795, -0.492085, 0.746113, 0.306198, 0.493675, 0.813958, -0.000407575, 0.491835, -0.81411, 0.308746, 1.12951, 0, 0, 0, 1
0.857579, 0.233622, -0.458235, 0.745562, 0.234091, 0.616007, 0.752155, 0.00606388, 0.457996, -0.752301, 0.473586, 1.07565, 0, 0, 0, 1
0.896917, 0.16771, -0.409162, 0.742213, 0.168234, 0.726293, 0.66648, 0.017015, 0.408947, -0.666613, 0.62321, 1.02594, 0, 0, 0, 1
0.931622, 0.110291, -0.34629, 0.736522, 0.110858, 0.821189, 0.559784, 0.0316037, 0.346109, -0.559896, 0.752811, 0.980864, 0, 0, 0, 1
0.96035, 0.0633353, -0.271507, 0.728973, 0.0639306, 0.897877, 0.435581, 0.0489713, 0.271367, -0.435668, 0.858227, 0.940712, 0, 0, 0, 1
0.981926, 0.028485, -0.18711, 0.720057, 0.029093, 0.954144, 0.297932, 0.0682725, 0.187016, -0.29799, 0.93607, 0.9056, 0, 0, 0, 1
0.995382, 0.00699848, -0.0957333, 0.710255, 0.00760323, 0.988456, 0.151314, 0.0887027, 0.0956872, -0.151343, 0.983839, 0.875467, 0, 0, 0, 1
1, -0.000292877, -0.000267395, 0.70002, 0.000293004, 1, 0.00047484, 0.109523, 0.000267256, -0.000474919, 1, 0.850093, 0, 0, 0, 1
