0.999999, -0.000849093, 0.000816763, 0.150201, 0.00084941, 1, -0.000388034, 1.04999, -0.000816433, 0.000388728, 1, 0.850939, 0, 0, 0, 1
0.99112, 0.000860704, 0.132965, 0.141551, 0.0102521, 0.996508, -0.0828697, 1.06649, -0.132572, 0.0834971, 0.98765, 0.889064, 0, 0, 0, 1
0.964835, 0.00591911, 0.262788, 0.134145, 0.0379268, 0.98615, -0.161462, 1.08028, -0.260104, 0.165751, 0.951248, 0.928793, 0, 0, 0, 1
0.921663, 0.0143105, 0.387727, 0.128046, 0.082791, 0.96905, -0.232568, 1.09126, -0.379055, 0.24645, 0.891953, 0.96988, 0, 0, 0, 1
0.862531, 0.0259903, 0.505336, 0.123309, 0.143091, 0.945389, -0.292857, 1.09936, -0.48535, 0.324907, 0.811708, 1.01207, 0, 0, 0, 1
0.788753, 0.040885, 0.613349, 0.119981, 0.216462, 0.915403, -0.339384, 1.10452, -0.575338, 0.400457, 0.713177, 1.05511, 0, 0, 0, 1
0.70199, 0.058893, 0.709748, 0.118099, 0.300012, 0.879382, -0.369702, 1.10671, -0.645912, 0.47246, 0.599649, 1.09873, 0, 0, 0, 1
0.604207, 0.0798851, 0.792813, 0.117691, 0.390422, 0.837668, -0.381947, 1.10591, -0.694626, 0.540306, 0.474936, 1.14266, 0, 0, 0, 1
0.497613, 0.103706, 0.861177, 0.118775, 0.484061, 0.790647, -0.374916, 1.10211, -0.719768, 0.603425, 0.343237, 1.18664, 0, 0, 0, 1
0.3846, 0.130173, 0.913859, 0.12136, 0.577116, 0.738753, -0.348111, 1.09535, -0.720431, 0.661286, 0.209, 1.23042, 0, 0, 0, 1
0.267669, 0.159083, 0.950287, 0.125445, 0.665725, 0.682458, -0.301763, 1.08567, -0.696536, 0.713403, 0.0767677, 1.27372, 0, 0, 0, 1
0.149362, 0.190207, 0.970315, 0.131018, 0.746117, 0.62227, -0.236832, 1.07311, -0.648846, 0.759342, -0.0489732, 1.31628, 0, 0, 0, 1
0.0321828, 0.223299, 0.974219, 0.138059, 0.81474, 0.55873, -0.15498, 1.05777, -0.578932, 0.798723, -0.163949, 1.35788, 0, 0, 0, 1
-0.0814735, 0.258092, 0.962679, 0.146538, 0.868397, 0.492404, -0.0585183, 1.03974, -0.48913, 0.83122, -0.264244, 1.39825, 0, 0, 0, 1
-0.189389, 0.294304, 0.936759, 0.156416, 0.904355, 0.423882, 0.0496656, 1.01913, -0.382458, 0.856568, -0.346434, 1.43718, 0, 0, 0, 1
-0.289587, 0.331639, 0.897861, 0.167644, 0.920448, 0.353769, 0.166202, 0.996058, -0.262516, 0.874564, -0.407704, 1.47444, 0, 0, 0, 1
-0.380387, 0.369791, 0.847679, 0.180167, 0.915161, 0.282681, 0.287352, 0.970678, -0.133363, 0.885068, -0.445946, 1.50983, 0, 0, 0, 1
-0.460447, 0.408443, 0.788139, 0.193921, 0.887687, 0.211242, 0.409131, 0.94314, 0.000618349, 0.888004, -0.459835, 1.54316, 0, 0, 0, 1
-0.528799, 0.447274, 0.72133, 0.208832, 0.837962, 0.140077, 0.527444, 0.913612, 0.13487, 0.88336, -0.448871, 1.57426, 0, 0, 0, 1
-0.584871, 0.485958, 0.649439, 0.224822, 0.76668, 0.0698033, 0.638224, 0.882268, 0.264817, 0.87119, -0.4134, 1.60296, 0, 0, 0, 1
-0.628488, 0.524172, 0.574671, 0.241807, 0.675272, 0.00103156, 0.737568, 0.849296, 0.38602, 0.851612, -0.354607, 1.62912, 0, 0, 0, 1
-0.659872, 0.561592, 0.499183, 0.259695, 0.56587, -0.065644, 0.821877, 0.814889, 0.494328, 0.824806, -0.274472, 1.65263, 0, 0, 0, 1
-0.67962, 0.597901, 0.425007, 0.27839, 0.441242, -0.129649, 0.887973, 0.779247, 0.586022, 0.791016, -0.175707, 1.67337, 0, 0, 0, 1
-0.688673, 0.632789, 0.353988, 0.297793, 0.304705, -0.190434, 0.933215, 0.742574, 0.65794, 0.750542, -0.0616672, 1.69126, 0, 0, 0, 1
-0.688268, 0.665958, 0.287726, 0.317801, 0.16002, -0.24748, 0.955588, 0.705077, 0.707588, 0.703742, 0.063766, 1.70624, 0, 0, 0, 1
-0.67989, 0.697124, 0.227525, 0.338306, 0.0112701, -0.3003, 0.953778, 0.666967, 0.733227, 0.651029, 0.196314, 1.71826, 0, 0, 0, 1
-0.665208, 0.726016, 0.174355, 0.359202, -0.137267, -0.348446, 0.927223, 0.628452, 0.733932, 0.592863, 0.331447, 1.72729, 0, 0, 0, 1
-0.646005, 0.752384, 0.128828, 0.380378, -0.281263, -0.391513, 0.876133, 0.58974, 0.709626, 0.529752, 0.464537, 1.73332, 0, 0, 0, 1
-0.62411, 0.775997, 0.0911833, 0.401725, -0.416478, -0.429139, 0.80149, 0.551036, 0.661084, 0.462243, 0.591015, 1.73638, 0, 0, 0, 1
-0.601326, 0.79665, 0.0612887, 0.423135, -0.538898, -0.46101, 0.705024, 0.51254, 0.589912, 0.390921, 0.70653, 1.73648, 0, 0, 0, 1
-0.579356, 0.814157, 0.0386561, 0.444499, -0.644871, -0.486864, 0.589156, 0.474449, 0.498486, 0.316403, 0.807094, 1.73368, 0, 0, 0, 1
-0.559739, 0.828365, 0.0224678, 0.465712, -0.731221, -0.506491, 0.456927, 0.436949, 0.389882, 0.239331, 0.88922, 1.72805, 0, 0, 0, 1
-0.543788, 0.839142, 0.0116169, 0.486671, -0.795359, -0.519733, 0.3119, 0.400222, 0.267766, 0.160368, 0.950044, 1.71966, 0, 0, 0, 1
-0.532541, 0.846391, 0.00475734, 0.507276, -0.835362, -0.52649, 0.158045, 0.364437, 0.136273, 0.0801915, 0.98742, 1.70863, 0, 0, 0, 1
-0.526717, 0.850041, 0.000363703, 0.527431, -0.850041, -0.526717, -0.000383379, 0.329755, -0.00013432, -0.000511094, 1, 1.69506, 0, 0, 0, 1
-0.526687, 0.850053, -0.00320285, 0.547048, -0.838977, -0.520423, -0.158988, 0.296326, -0.136815, -0.0810501, 0.987275, 1.67907, 0, 0, 0, 1
-0.532461, 0.84642, -0.00762358, 0.566039, -0.802536, -0.507677, -0.313368, 0.264287, -0.269111, -0.160738, 0.949601, 1.66082, 0, 0, 0, 1
-0.543681, 0.839166, -0.0145494, 0.584326, -0.741857, -0.488599, -0.459259, 0.233762, -0.392503, -0.238897, 0.888183, 1.64045, 0, 0, 0, 1
-0.559636, 0.828345, -0.0255287, 0.601836, -0.658813, -0.463364, -0.592671, 0.204862, -0.502765, -0.314861, 0.80504, 1.61812, 0, 0, 0, 1
-0.579287, 0.814044, -0.0419383, 0.618504, -0.555948, -0.4322, -0.710017, 0.177684, -0.596111, -0.387988, 0.702934, 1.594, 0, 0, 0, 1
-0.601303, 0.79638, -0.0649206, 0.634269, -0.436395, -0.395384, -0.808227, 0.152311, -0.669324, -0.457658, 0.585281, 1.56827, 0, 0, 0, 1
-0.624113, 0.775497, -0.0953281, 0.649081, -0.303769, -0.353239, -0.884843, 0.128812, -0.719867, -0.523284, 0.456033, 1.54111, 0, 0, 0, 1
-0.645965, 0.751571, -0.133679, 0.662895, -0.162051, -0.306135, -0.938094, 0.10724, -0.745968, -0.584313, 0.319545, 1.51271, 0, 0, 0, 1
-0.664994, 0.724803, -0.180123, 0.675678, -0.0154555, -0.254481, -0.966954, 0.0876338, -0.746689, -0.640234, 0.18043, 1.48324, 0, 0, 0, 1
-0.679292, 0.695419, -0.234424, 0.687399, 0.131709, -0.198723, -0.971165, 0.0700187, -0.721952, -0.690581, 0.0433984, 1.45291, 0, 0, 0, 1
-0.68699, 0.663669, -0.295952, 0.698041, 0.275178, -0.139342, -0.951242, 0.0544047, -0.672548, -0.734933, -0.086901, 1.42189, 0, 0, 0, 1
-0.686329, 0.629825, -0.363693, 0.707591, 0.410876, -0.0768464, -0.908447, 0.0407879, -0.600111, -0.772926, -0.206038, 1.39038, 0, 0, 0, 1
-0.675735, 0.594178, -0.436274, 0.716045, 0.535041, -0.0117702, -0.844744, 0.0291513, -0.507063, -0.804248, -0.309956, 1.35856, 0, 0, 0, 1
-0.653891, 0.557033, -0.511996, 0.723408, 0.64435, 0.0553331, -0.762726, 0.0194646, -0.396533, -0.828645, -0.395106, 1.3266, 0, 0, 0, 1
-0.619795, 0.518713, -0.588889, 0.729691, 0.736024, 0.123895, -0.665521, 0.0116853, -0.272254, -0.845924, -0.458575, 1.29468, 0, 0, 0, 1
-0.572812, 0.47955, -0.664769, 0.734913, 0.807912, 0.193337, -0.556686, 0.00575912, -0.138434, -0.855952, -0.49818, 1.26295, 0, 0, 0, 1
-0.512714, 0.439884, -0.73731, 0.739099, 0.858559, 0.263075, -0.440077, 0.00162124, 0.000384945, -0.858658, -0.512549, 1.23159, 0, 0, 0, 1
-0.439706, 0.400063, -0.804119, 0.742282, 0.887245, 0.332526, -0.319723, -0.000803244, 0.139481, -0.854035, -0.501168, 1.20073, 0, 0, 0, 1
-0.354437, 0.360436, -0.862821, 0.7445, 0.894001, 0.401109, -0.199685, -0.00159819, 0.274112, -0.842138, -0.464398, 1.17051, 0, 0, 0, 1
-0.257995, 0.321351, -0.911138, 0.745796, 0.879598, 0.468258, -0.0839133, -0.000855428, 0.399682, -0.823085, -0.403468, 1.14106, 0, 0, 0, 1
-0.151891, 0.283154, -0.94697, 0.746221, 0.845516, 0.533416, 0.0238788, 0.00132626, 0.51189, -0.797052, -0.320432, 1.11249, 0, 0, 0, 1
-0.0380231, 0.246183, -0.968477, 0.745826, 0.793878, 0.596049, 0.120345, 0.00484224, 0.606887, -0.764277, -0.218103, 1.08491, 0, 0, 0, 1
0.0813726, 0.210768, -0.974143, 0.744669, 0.727375, 0.655647, 0.202617, 0.00958307, 0.681399, -0.725055, -0.0999559, 1.0584, 0, 0, 0, 1
0.203781, 0.177226, -0.962842, 0.742811, 0.649161, 0.711725, 0.268397, 0.0154357, 0.732846, -0.679734, 0.0299879, 1.03304, 0, 0, 0, 1
0.326481, 0.145859, -0.933882, 0.740314, 0.562743, 0.763835, 0.316032, 0.0222844, 0.759428, -0.628714, 0.167296, 1.0089, 0, 0, 0, 1
0.446621, 0.116951, -0.887047, 0.737245, 0.471848, 0.811561, 0.344571, 0.0300122, 0.76019, -0.572444, 0.307277, 0.986019, 0, 0, 0, 1
0.561313, 0.0907666, -0.822611, 0.733668, 0.380292, 0.854527, 0.353782, 0.0385016, 0.735055, -0.511415, 0.445139, 0.964441, 0, 0, 0, 1
0.66771, 0.0675464, -0.741351, 0.729652, 0.291843, 0.892401, 0.344162, 0.047636, 0.684829, -0.446159, 0.576152, 0.944189, 0, 0, 0, 1
0.763105, 0.0475074, -0.644526, 0.725263, 0.210086, 0.924896, 0.31691, 0.0573003, 0.611175, -0.377242, 0.695812, 0.925274, 0, 0, 0, 1
0.845011, 0.0308392, -0.533859, 0.720568, 0.138295, 0.951769, 0.273878, 0.0673823, 0.516557, -0.30526, 0.799991, 0.907695, 0, 0, 0, 1
0.911243, 0.0177031, -0.411488, 0.715632, 0.0793175, 0.972832, 0.217502, 0.0777735, 0.404159, -0.230836, 0.885082, 0.891439, 0, 0, 0, 1
0.95999, 0.00823061, -0.279914, 0.710518, 0.0354737, 0.987941, 0.15071, 0.0883698, 0.277779, -0.154609, 0.948122, 0.876482, 0, 0, 0, 1
0.989874, 0.00252173, -0.141928, 0.705288, 0.00847317, 0.99701, 0.0768107, 0.0990727, 0.141697, -0.0772355, 0.986892, 0.862789, 0, 0, 0, 1
1, 0.000644391, -0.000533029, 0.699999, -0.000644722, 1, -0.000622238, 0.10979, 0.000532628, 0.000622581, 1, 0.850316, 0, 0, 0, 1
