0.999999, -0.000849093, 0.000816763, 0.150201, 0.00084941, 1, -0.000388034, 1.04999, -0.000816433, 0.000388728, 1, 0.850939, 0, 0, 0, 1
0.996878, 0.00550901, 0.0787709, 0.134533, 0.00726697, 0.986929, -0.160989, 1.07956, -0.0786282, 0.161059, 0.983808, 0.926478, 0, 0, 0, 1
0.987568, 0.0244245, 0.155283, 0.123777, 0.0262127, 0.948435, -0.315887, 1.09858, -0.154991, 0.31603, 0.936004, 1.00719, 0, 0, 0, 1
0.972117, 0.0554839, 0.22784, 0.118312, 0.0572723, 0.886006, -0.460123, 1.10654, -0.227397, 0.460342, 0.858123, 1.0912, 0, 0, 0, 1
0.950774, 0.0978714, 0.294023, 0.118387, 0.0996308, 0.801894, -0.5891, 1.10324, -0.293431, 0.589395, 0.75267, 1.17659, 0, 0, 0, 1
0.923996, 0.150392, 0.351588, 0.124113, 0.152094, 0.699034, -0.698727, 1.08872, -0.350855, 0.699095, 0.623031, 1.26139, 0, 0, 0, 1
0.892428, 0.211508, 0.398543, 0.135464, 0.213126, 0.580943, -0.785546, 1.06334, -0.39768, 0.785983, 0.473372, 1.34373, 0, 0, 0, 1
0.856895, 0.279382, 0.433216, 0.152276, 0.280894, 0.451607, -0.846847, 1.02767, -0.432237, 0.847347, 0.308503, 1.42179, 0, 0, 0, 1
0.818375, 0.35194, 0.454313, 0.174256, 0.353326, 0.315345, -0.880749, 0.982551, -0.453236, 0.881303, 0.133721, 1.4939, 0, 0, 0, 1
0.77797, 0.426933, 0.460967, 0.200987, 0.428176, 0.176671, -0.886258, 0.929025, -0.459812, 0.886857, -0.0453579, 1.55857, 0, 0, 0, 1
0.736875, 0.50201, 0.45277, 0.231941, 0.503099, 0.0401445, -0.863296, 0.868308, -0.451559, 0.86393, -0.222979, 1.61451, 0, 0, 0, 1
0.696338, 0.574795, 0.429795, 0.266499, 0.575722, -0.0897746, -0.812702, 0.801755, -0.428552, 0.813358, -0.393436, 1.6607, 0, 0, 0, 1
0.65762, 0.642963, 0.392599, 0.303964, 0.643727, -0.208871, -0.736199, 0.730825, -0.391346, 0.736866, -0.55125, 1.69633, 0, 0, 0, 1
0.621954, 0.704319, 0.342209, 0.343583, 0.704921, -0.313307, -0.636338, 0.657031, -0.340969, 0.637003, -0.691352, 1.72093, 0, 0, 0, 1
0.590504, 0.756869, 0.280095, 0.384568, 0.757315, -0.399743, -0.516411, 0.581907, -0.278889, 0.517063, -0.809238, 1.73424, 0, 0, 0, 1
0.564322, 0.798889, 0.208131, 0.426118, 0.799188, -0.465444, -0.380343, 0.506958, -0.206979, 0.380971, -0.901122, 1.73634, 0, 0, 0, 1
0.54431, 0.828979, 0.128531, 0.467441, 0.829146, -0.50836, -0.232565, 0.433627, -0.127451, 0.233159, -0.96405, 1.72752, 0, 0, 0, 1
0.531189, 0.846121, 0.0437912, 0.507776, 0.846172, -0.527191, -0.0778668, 0.363256, -0.0427984, 0.0784169, -0.996002, 1.70836, 0, 0, 0, 1
0.525469, 0.849705, -0.043398, 0.54641, 0.849659, -0.521419, 0.0787571, 0.297054, 0.0442918, -0.0782579, -0.995949, 1.67964, 0, 0, 0, 1
0.527427, 0.83956, -0.130232, 0.5827, 0.839437, -0.491321, 0.232268, 0.236071, 0.131018, -0.231826, -0.963894, 1.64235, 0, 0, 0, 1
0.53709, 0.815959, -0.213883, 0.616086, 0.815782, -0.437957, 0.377748, 0.181177, 0.214556, -0.377367, -0.900866, 1.59761, 0, 0, 0, 1
0.554231, 0.779616, -0.291594, 0.646104, 0.779407, -0.363123, 0.510555, 0.133043, 0.292152, -0.510236, -0.808892, 1.54669, 0, 0, 0, 1
0.57837, 0.731665, -0.36077, 0.672396, 0.731446, -0.269296, 0.626471, 0.0921375, 0.361213, -0.626216, -0.690926, 1.49092, 0, 0, 0, 1
0.608783, 0.673626, -0.41906, 0.694715, 0.673419, -0.159542, 0.72184, 0.0587185, 0.419393, -0.721647, -0.550759, 1.43169, 0, 0, 0, 1
0.64452, 0.607361, -0.464442, 0.712929, 0.607184, -0.0374143, 0.79368, 0.0328413, 0.464673, -0.793544, -0.392894, 1.37035, 0, 0, 0, 1
0.684433, 0.535011, -0.495292, 0.727019, 0.534883, 0.0931616, 0.839775, 0.0143666, 0.495431, -0.839693, -0.222405, 1.30825, 0, 0, 0, 1
0.727209, 0.458932, -0.51044, 0.737074, 0.458868, 0.228021, 0.858747, 0.00297641, 0.510498, -0.858713, -0.04477, 1.24664, 0, 0, 0, 1
0.771409, 0.381617, -0.509212, 0.743284, 0.38163, 0.362895, 0.850098, -0.00180613, 0.509202, -0.850103, 0.134304, 1.18665, 0, 0, 0, 1
0.815514, 0.305619, -0.491461, 0.745925, 0.305718, 0.493549, 0.814215, -0.000592153, 0.4914, -0.814252, 0.309062, 1.1293, 0, 0, 0, 1
0.857972, 0.233465, -0.457578, 0.745354, 0.233656, 0.615918, 0.752363, 0.00590014, 0.457481, -0.752422, 0.47389, 1.07543, 0, 0, 0, 1
0.897253, 0.167571, -0.408482, 0.741983, 0.167859, 0.726238, 0.666635, 0.016875, 0.408364, -0.666707, 0.62349, 1.02571, 0, 0, 0, 1
0.931894, 0.110171, -0.345596, 0.736271, 0.110555, 0.821163, 0.559883, 0.0314895, 0.345474, -0.559959, 0.753056, 0.980627, 0, 0, 0, 1
0.960554, 0.0632329, -0.270811, 0.728702, 0.0637098, 0.897871, 0.435624, 0.0488845, 0.270699, -0.435693, 0.858425, 0.940475, 0, 0, 0, 1
0.982059, 0.028398, -0.186422, 0.719767, 0.0289629, 0.954151, 0.297921, 0.0682139, 0.186336, -0.297976, 0.93621, 0.905368, 0, 0, 0, 1
0.995447, 0.0069244, -0.095066, 0.709946, 0.00756915, 0.988466, 0.151255, 0.0886724, 0.0950168, -0.151286, 0.983913, 0.875246, 0, 0, 0, 1
1, -0.000357236, 0.000368973, 0.699694, 0.000357098, 1, 0.000373905, 0.10952, -0.000369107, -0.000373773, 1, 0.849885, 0, 0, 0, 1
