0.999999, -0.000849093, 0.000816763, 0.150201, 0.00084941, 1, -0.000388034, 1.04999, -0.000816433, 0.000388728, 1, 0.850939, 0, 0, 0, 1
0.996876, 0.0055043, 0.0787916, 0.134505, 0.00727558, 0.986928, -0.160997, 1.07958, -0.0786478, 0.161067, 0.983805, 0.926497, 0, 0, 0, 1
0.98756, 0.0244188, 0.155334, 0.123724, 0.0262362, 0.948431, -0.315895, 1.09862, -0.155038, 0.316041, 0.935992, 1.00723, 0, 0, 0, 1
0.972096, 0.0554824, 0.227929, 0.118235, 0.057318, 0.886002, -0.460125, 1.1066, -0.227475, 0.46035, 0.858098, 1.09127, 0, 0, 0, 1
0.950732, 0.0978811, 0.294156, 0.118289, 0.0997061, 0.801894, -0.589088, 1.1033, -0.293543, 0.589394, 0.752627, 1.17668, 0, 0, 0, 1
0.923922, 0.150421, 0.351769, 0.124, 0.152207, 0.699044, -0.698692, 1.08879, -0.350999, 0.699079, 0.622967, 1.26152, 0, 0, 0, 1
0.892313, 0.211563, 0.398771, 0.135341, 0.213283, 0.580972, -0.785482, 1.0634, -0.397854, 0.785947, 0.473286, 1.34389, 0, 0, 0, 1
0.856729, 0.279473, 0.433487, 0.152152, 0.2811, 0.451665, -0.846748, 1.02772, -0.432434, 0.847286, 0.308394, 1.42197, 0, 0, 0, 1
0.818147, 0.352073, 0.454621, 0.174137, 0.353585, 0.315444, -0.880609, 0.982597, -0.453446, 0.881215, 0.133591, 1.49411, 0, 0, 0, 1
0.777671, 0.427115, 0.461303, 0.200881, 0.428491, 0.176822, -0.886075, 0.929061, -0.460025, 0.886739, -0.0455053, 1.5588, 0, 0, 0, 1
0.736499, 0.502245, 0.453122, 0.231857, 0.503469, 0.0403611, -0.86307, 0.868333, -0.451761, 0.863783, -0.223139, 1.61477, 0, 0, 0, 1
0.695879, 0.575086, 0.430149, 0.266444, 0.576146, -0.0894819, -0.812434, 0.801769, -0.428729, 0.813184, -0.393602, 1.66096, 0, 0, 0, 1
0.657076, 0.643311, 0.392939, 0.303946, 0.644198, -0.208492, -0.735894, 0.730829, -0.391484, 0.736669, -0.551415, 1.69661, 0, 0, 0, 1
0.621327, 0.704722, 0.342519, 0.343608, 0.705433, -0.312835, -0.636003, 0.657029, -0.341053, 0.63679, -0.691507, 1.7212, 0, 0, 0, 1
0.589798, 0.757322, 0.280359, 0.384643, 0.757858, -0.399173, -0.516054, 0.5819, -0.278908, 0.51684, -0.809374, 1.73451, 0, 0, 0, 1
0.563543, 0.799385, 0.208333, 0.426247, 0.799752, -0.464774, -0.379977, 0.50695, -0.20692, 0.380748, -0.90123, 1.7366, 0, 0, 0, 1
0.543471, 0.82951, 0.128659, 0.467628, 0.829718, -0.507592, -0.232202, 0.433622, -0.127308, 0.232946, -0.964121, 1.72776, 0, 0, 0, 1
0.530303, 0.846674, 0.0438335, 0.508023, 0.846739, -0.52633, -0.0775207, 0.363258, -0.0425639, 0.078225, -0.996027, 1.70858, 0, 0, 0, 1
0.524553, 0.850269, -0.0434489, 0.546718, 0.850208, -0.520475, 0.0790715, 0.297069, 0.044618, -0.0784177, -0.995922, 1.67984, 0, 0, 0, 1
0.526498, 0.84012, -0.130379, 0.583067, 0.839956, -0.490307, 0.232537, 0.236104, 0.131433, -0.231943, -0.963809, 1.64251, 0, 0, 0, 1
0.536167, 0.816501, -0.214127, 0.61651, 0.816258, -0.436889, 0.377957, 0.181232, 0.215053, -0.377431, -0.900721, 1.59773, 0, 0, 0, 1
0.553335, 0.780127, -0.291929, 0.646581, 0.77983, -0.36202, 0.510692, 0.133127, 0.29272, -0.510239, -0.808685, 1.54677, 0, 0, 0, 1
0.577521, 0.732131, -0.361185, 0.67292, 0.731809, -0.26818, 0.626527, 0.092254, 0.361837, -0.626151, -0.690659, 1.49096, 0, 0, 0, 1
0.607998, 0.674035, -0.419542, 0.69528, 0.673716, -0.158434, 0.721807, 0.058873, 0.420054, -0.721509, -0.550436, 1.43168, 0, 0, 0, 1
0.643815, 0.607703, -0.464972, 0.713527, 0.607414, -0.0363378, 0.793554, 0.0330386, 0.465349, -0.793333, -0.392522, 1.3703, 0, 0, 0, 1
0.683822, 0.535279, -0.495847, 0.727642, 0.535047, 0.0941842, 0.839556, 0.0146113, 0.496097, -0.839408, -0.221994, 1.30815, 0, 0, 0, 1
0.726701, 0.45912, -0.510994, 0.737712, 0.45897, 0.228969, 0.85844, 0.00327282, 0.511129, -0.85836, -0.0443306, 1.24649, 0, 0, 0, 1
0.771008, 0.381725, -0.509738, 0.743927, 0.381679, 0.36375, 0.84971, -0.00145384, 0.509773, -0.849689, 0.134757, 1.18646, 0, 0, 0, 1
0.815219, 0.305648, -0.491932, 0.746564, 0.305726, 0.494295, 0.813759, -0.000180064, 0.491884, -0.813788, 0.309515, 1.12907, 0, 0, 0, 1
0.857779, 0.23342, -0.457964, 0.745978, 0.233636, 0.616546, 0.751855, 0.0063757, 0.457854, -0.751922, 0.474324, 1.07517, 0, 0, 0, 1
0.897149, 0.167463, -0.408755, 0.742584, 0.167829, 0.726741, 0.666094, 0.0174174, 0.408605, -0.666186, 0.62389, 1.02542, 0, 0, 0, 1
0.931862, 0.11001, -0.345732, 0.736841, 0.110532, 0.821542, 0.559331, 0.0321021, 0.345565, -0.559434, 0.753404, 0.980317, 0, 0, 0, 1
0.960573, 0.0630335, -0.270787, 0.729232, 0.0637153, 0.898132, 0.435086, 0.0495701, 0.270628, -0.435185, 0.858705, 0.940152, 0, 0, 0, 1
0.982103, 0.0281777, -0.186223, 0.72025, 0.029016, 0.954305, 0.297423, 0.068975, 0.186094, -0.297503, 0.936409, 0.905042, 0, 0, 0, 1
0.995485, 0.00670175, -0.0946781, 0.710377, 0.00768938, 0.988531, 0.150822, 0.089511, 0.094603, -0.150869, 0.984017, 0.874926, 0, 0, 0, 1
0.999999, -0.000562682, 0.000950477, 0.700068, 0.000562652, 1, 3.21681e-05, 0.110438, -0.000950494, -3.16333e-05, 1, 0.849584, 0, 0, 0, 1
