-0.999998, -0.00169224, -0.000802374, -0.109052, 0.000802313, 3.69927e-05, -1, 0.298071, 0.00169227, -0.999999, -3.56349e-05, 0.43255, 0, 0, 0, 1
-0.999998, -0.0017129, -0.000823036, -0.109049, 0.000822974, 3.7019e-05, -1, 0.298068, 0.00171293, -0.999999, -3.56093e-05, 0.43255, 0, 0, 0, 1
-0.999998, -0.00177488, -0.000885019, -0.109039, 0.000884955, 3.71006e-05, -1, 0.298057, 0.00177492, -0.999998, -3.55298e-05, 0.432551, 0, 0, 0, 1
-0.999998, -0.00187819, -0.000988326, -0.109022, 0.000988258, 3.72451e-05, -1, 0.298038, 0.00187822, -0.999998, -3.53889e-05, 0.432552, 0, 0, 0, 1
-0.999997, -0.00202281, -0.00113295, -0.108999, 0.00113288, 3.74654e-05, -0.999999, 0.298012, 0.00202285, -0.999998, -3.51737e-05, 0.432554, 0, 0, 0, 1
-0.999997, -0.00220875, -0.00131891, -0.108969, 0.00131883, 3.77793e-05, -0.999999, 0.297979, 0.0022088, -0.999998, -3.48662e-05, 0.432556, 0, 0, 0, 1
-0.999996, -0.00243602, -0.00154618, -0.108932, 0.00154609, 3.82099e-05, -0.999999, 0.297938, 0.00243607, -0.999997, -3.44434e-05, 0.432559, 0, 0, 0, 1
-0.999995, -0.0027046, -0.00181477, -0.108889, 0.00181468, 3.87854e-05, -0.999998, 0.29789, 0.00270467, -0.999996, -3.38772e-05, 0.432563, 0, 0, 0, 1
-0.999993, -0.00301451, -0.00212469, -0.108839, 0.00212458, 3.95391e-05, -0.999998, 0.297834, 0.00301459, -0.999995, -3.31343e-05, 0.432566, 0, 0, 0, 1
-0.999991, -0.00336574, -0.00247593, -0.108782, 0.00247581, 4.05094e-05, -0.999997, 0.297771, 0.00336583, -0.999994, -3.21761e-05, 0.432571, 0, 0, 0, 1
-0.999989, -0.00375828, -0.00286849, -0.108718, 0.00286836, 4.17399e-05, -0.999996, 0.2977, 0.00375839, -0.999993, -3.09593e-05, 0.432576, 0, 0, 0, 1
-0.999986, -0.00419215, -0.00330238, -0.108648, 0.00330222, 4.32791e-05, -0.999995, 0.297622, 0.00419227, -0.999991, -2.94351e-05, 0.432581, 0, 0, 0, 1
-0.999982, -0.00466733, -0.00377758, -0.108571, 0.00377741, 4.51809e-05, -0.999993, 0.297537, 0.00466747, -0.999989, -2.75497e-05, 0.432587, 0, 0, 0, 1
-0.999977, -0.00518383, -0.0042941, -0.108488, 0.00429391, 4.75042e-05, -0.999991, 0.297444, 0.00518399, -0.999987, -2.52442e-05, 0.432593, 0, 0, 0, 1
-0.999972, -0.00574165, -0.00485194, -0.108397, 0.00485173, 5.0313e-05, -0.999988, 0.297344, 0.00574183, -0.999984, -2.24546e-05, 0.4326, 0, 0, 0, 1
-0.999965, -0.00634079, -0.0054511, -0.108301, 0.00545087, 5.36765e-05, -0.999985, 0.297236, 0.00634099, -0.99998, -1.91118e-05, 0.432608, 0, 0, 0, 1
-0.999957, -0.00698124, -0.00609158, -0.108197, 0.00609133, 5.76688e-05, -0.999981, 0.297121, 0.00698146, -0.999976, -1.51414e-05, 0.432615, 0, 0, 0, 1
-0.999948, -0.007663, -0.00677337, -0.108087, 0.00677309, 6.23696e-05, -0.999977, 0.296999, 0.00766325, -0.999971, -1.04641e-05, 0.432624, 0, 0, 0, 1
-0.999937, -0.00838607, -0.00749648, -0.10797, 0.00749617, 6.78631e-05, -0.999972, 0.296869, 0.00838635, -0.999965, -4.99533e-06, 0.432633, 0, 0, 0, 1
-0.999924, -0.00915046, -0.00826089, -0.107846, 0.00826056, 7.42391e-05, -0.999966, 0.296732, 0.00915076, -0.999958, 1.3545e-06, 0.432642, 0, 0, 0, 1
-0.999909, -0.00995615, -0.00906662, -0.107716, 0.00906626, 8.15923e-05, -0.999959, 0.296587, 0.00995648, -0.99995, 8.68016e-06, 0.432652, 0, 0, 0, 1
-0.999893, -0.0108031, -0.00991365, -0.107579, 0.00991326, 9.00225e-05, -0.999951, 0.296435, 0.0108035, -0.999942, 1.70815e-05, 0.432663, 0, 0, 0, 1
-0.999873, -0.0116914, -0.010802, -0.107435, 0.0108016, 9.96348e-05, -0.999942, 0.296275, 0.0116918, -0.999932, 2.66636e-05, 0.432674, 0, 0, 0, 1
-0.999852, -0.012621, -0.0117316, -0.107285, 0.0117312, 0.000110539, -0.999931, 0.296108, 0.0126215, -0.99992, 3.75365e-05, 0.432685, 0, 0, 0, 1
-0.999827, -0.0135919, -0.0127026, -0.107128, 0.0127021, 0.000122851, -0.999919, 0.295934, 0.0135924, -0.999908, 4.98154e-05, 0.432697, 0, 0, 0, 1
-0.999799, -0.0146041, -0.0137148, -0.106964, 0.0137142, 0.000136691, -0.999906, 0.295752, 0.0146046, -0.999893, 6.36207e-05, 0.43271, 0, 0, 0, 1
-0.999768, -0.0156575, -0.0147683, -0.106794, 0.0147677, 0.000152183, -0.999891, 0.295563, 0.0156581, -0.999877, 7.90778e-05, 0.432723, 0, 0, 0, 1
-0.999734, -0.0167523, -0.0158631, -0.106617, 0.0158625, 0.00016946, -0.999874, 0.295366, 0.0167528, -0.99986, 9.63173e-05, 0.432736, 0, 0, 0, 1
-0.999695, -0.0178883, -0.0169991, -0.106433, 0.0169985, 0.000188656, -0.999855, 0.295162, 0.0178889, -0.99984, 0.000115475, 0.43275, 0, 0, 0, 1
-0.999653, -0.0190655, -0.0181764, -0.106242, 0.0181757, 0.000209911, -0.999835, 0.29495, 0.0190662, -0.999818, 0.000136691, 0.432765, 0, 0, 0, 1
-0.999606, -0.020284, -0.019395, -0.106045, 0.0193943, 0.000233373, -0.999812, 0.294732, 0.0202847, -0.999794, 0.000160113, 0.43278, 0, 0, 0, 1
-0.999555, -0.0215438, -0.0206548, -0.105841, 0.020654, 0.000259192, -0.999787, 0.294505, 0.0215445, -0.999768, 0.000185889, 0.432796, 0, 0, 0, 1
-0.999498, -0.0228448, -0.0219559, -0.105631, 0.0219551, 0.000287524, -0.999759, 0.294271, 0.0228456, -0.999739, 0.000214178, 0.432812, 0, 0, 0, 1
-0.999436, -0.024187, -0.0232982, -0.105414, 0.0232973, 0.00031853, -0.999729, 0.29403, 0.0241878, -0.999707, 0.00024514, 0.432828, 0, 0, 0, 1
-0.999368, -0.0255704, -0.0246817, -0.10519, 0.0246807, 0.000352377, -0.999695, 0.293782, 0.0255713, -0.999673, 0.000278941, 0.432845, 0, 0, 0, 1
-0.999295, -0.026995, -0.0261064, -0.104959, 0.0261054, 0.000389236, -0.999659, 0.293525, 0.026996, -0.999635, 0.000315753, 0.432863, 0, 0, 0, 1
-0.999215, -0.0284608, -0.0275722, -0.104722, 0.0275712, 0.000429283, -0.99962, 0.293262, 0.0284618, -0.999595, 0.000355752, 0.432881, 0, 0, 0, 1
-0.999128, -0.0299677, -0.0290793, -0.104478, 0.0290782, 0.0004727, -0.999577, 0.292991, 0.0299688, -0.999551, 0.000399119, 0.4329, 0, 0, 0, 1
-0.999034, -0.0315158, -0.0306275, -0.104228, 0.0306263, 0.000519673, -0.999531, 0.292713, 0.031517, -0.999503, 0.000446042, 0.432919, 0, 0, 0, 1
-0.998932, -0.033105, -0.0322168, -0.10397, 0.0322156, 0.000570395, -0.999481, 0.292427, 0.0331062, -0.999452, 0.000496712, 0.432939, 0, 0, 0, 1
-0.998823, -0.0347354, -0.0338472, -0.103706, 0.033846, 0.000625062, -0.999427, 0.292134, 0.0347366, -0.999396, 0.000551326, 0.432959, 0, 0, 0, 1
-0.998706, -0.0364068, -0.0355188, -0.103436, 0.0355174, 0.000683875, -0.999369, 0.291833, 0.0364081, -0.999337, 0.000610085, 0.43298, 0, 0, 0, 1
-0.998579, -0.0381192, -0.0372314, -0.103158, 0.0372299, 0.000747042, -0.999306, 0.291525, 0.0381206, -0.999273, 0.000673197, 0.433001, 0, 0, 0, 1
-0.998444, -0.0398728, -0.038985, -0.102874, 0.0389835, 0.000814774, -0.99924, 0.29121, 0.0398742, -0.999204, 0.000740873, 0.433023, 0, 0, 0, 1
-0.998299, -0.0416673, -0.0407796, -0.102584, 0.0407781, 0.000887289, -0.999168, 0.290887, 0.0416688, -0.999131, 0.000813331, 0.433045, 0, 0, 0, 1
-0.998144, -0.0435027, -0.0426152, -0.102286, 0.0426136, 0.000964808, -0.999091, 0.290557, 0.0435043, -0.999053, 0.000890792, 0.433068, 0, 0, 0, 1
-0.997979, -0.0453792, -0.0444918, -0.101982, 0.0444901, 0.00104756, -0.999009, 0.290219, 0.0453808, -0.998969, 0.000973483, 0.433091, 0, 0, 0, 1
-0.997802, -0.0472965, -0.0464093, -0.101672, 0.0464075, 0.00113577, -0.998922, 0.289874, 0.0472982, -0.99888, 0.00106164, 0.433115, 0, 0, 0, 1
-0.997614, -0.0492547, -0.0483677, -0.101354, 0.0483658, 0.00122969, -0.998829, 0.289521, 0.0492565, -0.998785, 0.00115549, 0.433139, 0, 0, 0, 1
-0.997415, -0.0512538, -0.0503669, -0.10103, 0.050365, 0.00132955, -0.99873, 0.289161, 0.0512556, -0.998685, 0.00125529, 0.433164, 0, 0, 0, 1
-0.997203, -0.0532936, -0.0524069, -0.100699, 0.0524049, 0.00143559, -0.998625, 0.288794, 0.0532956, -0.998578, 0.00136127, 0.433189, 0, 0, 0, 1
-0.996978, -0.0553742, -0.0544877, -0.100362, 0.0544856, 0.00154808, -0.998513, 0.288419, 0.0553762, -0.998464, 0.00147369, 0.433215, 0, 0, 0, 1
-0.99674, -0.0574955, -0.0566091, -0.100018, 0.056607, 0.00166727, -0.998395, 0.288037, 0.0574976, -0.998344, 0.00159282, 0.433241, 0, 0, 0, 1
-0.996487, -0.0596574, -0.0587713, -0.099667, 0.0587691, 0.00179342, -0.99827, 0.287647, 0.0596596, -0.998217, 0.0017189, 0.433268, 0, 0, 0, 1
-0.996221, -0.06186, -0.0609741, -0.0993095, 0.0609717, 0.00192679, -0.998138, 0.28725, 0.0618623, -0.998083, 0.0018522, 0.433295, 0, 0, 0, 1
-0.995939, -0.0641031, -0.0632174, -0.0989453, 0.063215, 0.00206766, -0.997998, 0.286846, 0.0641055, -0.997941, 0.00199301, 0.433323, 0, 0, 0, 1
-0.995642, -0.0663867, -0.0655012, -0.0985744, 0.0654987, 0.00221631, -0.99785, 0.286434, 0.0663892, -0.997792, 0.00214159, 0.433351, 0, 0, 0, 1
-0.995328, -0.0687107, -0.0678255, -0.0981968, 0.0678229, 0.00237302, -0.997695, 0.286015, 0.0687133, -0.997634, 0.00229823, 0.43338, 0, 0, 0, 1
-0.994998, -0.0710751, -0.0701901, -0.0978126, 0.0701874, 0.00253807, -0.997531, 0.285588, 0.0710778, -0.997468, 0.00246321, 0.43341, 0, 0, 0, 1
-0.994651, -0.0734798, -0.072595, -0.0974217, 0.0725923, 0.00271175, -0.997358, 0.285154, 0.0734826, -0.997293, 0.00263682, 0.43344, 0, 0, 0, 1
-0.994286, -0.0759248, -0.0750402, -0.0970241, 0.0750374, 0.00289437, -0.997177, 0.284712, 0.0759276, -0.997109, 0.00281936, 0.43347, 0, 0, 0, 1
-0.993902, -0.0784098, -0.0775255, -0.0966198, 0.0775226, 0.00308622, -0.996986, 0.284263, 0.0784127, -0.996916, 0.00301114, 0.433501, 0, 0, 0, 1
-0.9935, -0.080935, -0.080051, -0.0962088, 0.0800479, 0.0032876, -0.996786, 0.283806, 0.080938, -0.996714, 0.00321245, 0.433532, 0, 0, 0, 1
-0.993077, -0.0835001, -0.0826164, -0.0957912, 0.0826133, 0.00349883, -0.996576, 0.283343, 0.0835032, -0.996502, 0.00342361, 0.433564, 0, 0, 0, 1
-0.992634, -0.0861052, -0.0852217, -0.0953669, 0.0852185, 0.00372023, -0.996355, 0.282871, 0.0861084, -0.996279, 0.00364493, 0.433597, 0, 0, 0, 1
-0.992171, -0.08875, -0.0878669, -0.0949358, 0.0878636, 0.0039521, -0.996125, 0.282393, 0.0887533, -0.996046, 0.00387673, 0.43363, 0, 0, 0, 1
-0.991685, -0.0914346, -0.0905518, -0.0944981, 0.0905483, 0.00419479, -0.995883, 0.281906, 0.091438, -0.995802, 0.00411934, 0.433663, 0, 0, 0, 1
-0.991178, -0.0941588, -0.0932763, -0.0940538, 0.0932728, 0.00444861, -0.995631, 0.281413, 0.0941623, -0.995547, 0.00437308, 0.433697, 0, 0, 0, 1
-0.990647, -0.0969225, -0.0960404, -0.0936027, 0.0960367, 0.0047139, -0.995367, 0.280912, 0.0969261, -0.995281, 0.0046383, 0.433732, 0, 0, 0, 1
-0.990093, -0.0997256, -0.0988439, -0.093145, 0.0988401, 0.00499101, -0.995091, 0.280404, 0.0997294, -0.995002, 0.00491532, 0.433767, 0, 0, 0, 1
-0.989515, -0.102568, -0.101687, -0.0926805, 0.101683, 0.00528026, -0.994803, 0.279888, 0.102572, -0.994712, 0.0052045, 0.433802, 0, 0, 0, 1
-0.988911, -0.10545, -0.104569, -0.0922094, 0.104565, 0.00558201, -0.994502, 0.279364, 0.105454, -0.994409, 0.00550617, 0.433838, 0, 0, 0, 1
-0.988282, -0.10837, -0.10749, -0.0917317, 0.107485, 0.00589662, -0.994189, 0.278834, 0.108374, -0.994093, 0.0058207, 0.433875, 0, 0, 0, 1
-0.987627, -0.11133, -0.11045, -0.0912472, 0.110445, 0.00622443, -0.993863, 0.278296, 0.111334, -0.993764, 0.00614843, 0.433912, 0, 0, 0, 1
-0.986944, -0.114328, -0.113448, -0.090756, 0.113444, 0.00656581, -0.993523, 0.27775, 0.114332, -0.993421, 0.00648974, 0.433949, 0, 0, 0, 1
-0.986233, -0.117365, -0.116486, -0.0902582, 0.116481, 0.00692113, -0.993169, 0.277197, 0.11737, -0.993065, 0.00684498, 0.433987, 0, 0, 0, 1
-0.985494, -0.120441, -0.119562, -0.0897537, 0.119557, 0.00729075, -0.992801, 0.276637, 0.120445, -0.992694, 0.00721452, 0.434026, 0, 0, 0, 1
-0.984726, -0.123554, -0.122676, -0.0892425, 0.122671, 0.00767505, -0.992418, 0.276069, 0.123559, -0.992308, 0.00759874, 0.434065, 0, 0, 0, 1
-0.983927, -0.126706, -0.125828, -0.0887246, 0.125824, 0.00807441, -0.99202, 0.275494, 0.126711, -0.991907, 0.00799801, 0.434105, 0, 0, 0, 1
-0.983098, -0.129896, -0.129019, -0.0882, 0.129014, 0.00848921, -0.991606, 0.274911, 0.129901, -0.991491, 0.00841273, 0.434145, 0, 0, 0, 1
-0.982237, -0.133124, -0.132247, -0.0876688, 0.132242, 0.00891983, -0.991177, 0.274321, 0.133129, -0.991059, 0.00884327, 0.434185, 0, 0, 0, 1
-0.981343, -0.13639, -0.135513, -0.0871308, 0.135508, 0.00936667, -0.990732, 0.273724, 0.136395, -0.990611, 0.00929003, 0.434227, 0, 0, 0, 1
-0.980416, -0.139693, -0.138817, -0.0865862, 0.138812, 0.00983012, -0.99027, 0.273119, 0.139698, -0.990146, 0.0097534, 0.434268, 0, 0, 0, 1
-0.979455, -0.143033, -0.142158, -0.0860349, 0.142153, 0.0103106, -0.989791, 0.272507, 0.143039, -0.989664, 0.0102338, 0.43431, 0, 0, 0, 1
-0.97846, -0.146411, -0.145536, -0.085477, 0.14553, 0.0108085, -0.989295, 0.271887, 0.146416, -0.989165, 0.0107316, 0.434353, 0, 0, 0, 1
-0.977428, -0.149825, -0.148951, -0.0849123, 0.148945, 0.0113242, -0.988781, 0.27126, 0.149831, -0.988648, 0.0112472, 0.434396, 0, 0, 0, 1
-0.97636, -0.153276, -0.152403, -0.084341, 0.152397, 0.0118581, -0.988248, 0.270625, 0.153282, -0.988112, 0.011781, 0.43444, 0, 0, 0, 1
-0.975255, -0.156764, -0.155891, -0.0837629, 0.155885, 0.0124107, -0.987697, 0.269983, 0.15677, -0.987558, 0.0123335, 0.434484, 0, 0, 0, 1
-0.974112, -0.160288, -0.159415, -0.0831782, 0.159409, 0.0129823, -0.987127, 0.269334, 0.160294, -0.986985, 0.0129051, 0.434529, 0, 0, 0, 1
-0.97293, -0.163847, -0.162976, -0.0825868, 0.16297, 0.0135734, -0.986538, 0.268677, 0.163854, -0.986392, 0.0134961, 0.434574, 0, 0, 0, 1
-0.971708, -0.167443, -0.166572, -0.0819888, 0.166566, 0.0141845, -0.985928, 0.268013, 0.16745, -0.98578, 0.0141071, 0.43462, 0, 0, 0, 1
-0.970445, -0.171074, -0.170204, -0.081384, 0.170197, 0.0148158, -0.985299, 0.267341, 0.171081, -0.985147, 0.0147384, 0.434666, 0, 0, 0, 1
-0.969141, -0.174741, -0.173871, -0.0807726, 0.173864, 0.015468, -0.984648, 0.266662, 0.174747, -0.984493, 0.0153905, 0.434713, 0, 0, 0, 1
-0.967795, -0.178442, -0.177573, -0.0801545, 0.177566, 0.0161414, -0.983976, 0.265975, 0.178449, -0.983818, 0.0160637, 0.43476, 0, 0, 0, 1
-0.966405, -0.182178, -0.18131, -0.0795297, 0.181303, 0.0168364, -0.983283, 0.265281, 0.182185, -0.983121, 0.0167587, 0.434808, 0, 0, 0, 1
-0.96497, -0.185949, -0.185082, -0.0788982, 0.185074, 0.0175535, -0.982568, 0.26458, 0.185956, -0.982403, 0.0174757, 0.434856, 0, 0, 0, 1
-0.963491, -0.189753, -0.188887, -0.07826, 0.188879, 0.0182931, -0.98183, 0.263871, 0.189761, -0.981661, 0.0182152, 0.434905, 0, 0, 0, 1
-0.961966, -0.193592, -0.192726, -0.0776152, 0.192719, 0.0190557, -0.981069, 0.263155, 0.193599, -0.980897, 0.0189778, 0.434954, 0, 0, 0, 1
-0.960394, -0.197464, -0.196599, -0.0769636, 0.196591, 0.0198418, -0.980285, 0.262431, 0.197472, -0.980109, 0.0197638, 0.435004, 0, 0, 0, 1
-0.958774, -0.201369, -0.200505, -0.0763054, 0.200497, 0.0206517, -0.979477, 0.2617, 0.201377, -0.979298, 0.0205736, 0.435055, 0, 0, 0, 1
-0.957106, -0.205307, -0.204445, -0.0756405, 0.204436, 0.021486, -0.978644, 0.260962, 0.205315, -0.978462, 0.0214079, 0.435105, 0, 0, 0, 1
-0.955396, -0.209258, -0.208396, -0.0749723, 0.208388, 0.0223408, -0.977791, 0.26022, 0.209266, -0.977605, 0.0222626, 0.435156, 0, 0, 0, 1
-0.953654, -0.213202, -0.212341, -0.074304, 0.212333, 0.0232119, -0.976922, 0.259477, 0.21321, -0.976732, 0.0231336, 0.435208, 0, 0, 0, 1
-0.951879, -0.217138, -0.216279, -0.0736358, 0.21627, 0.0240993, -0.976036, 0.258735, 0.217147, -0.975843, 0.0240209, 0.435259, 0, 0, 0, 1
-0.950072, -0.221068, -0.220209, -0.0729676, 0.2202, 0.0250029, -0.975134, 0.257993, 0.221076, -0.974938, 0.0249245, 0.43531, 0, 0, 0, 1
-0.948233, -0.224989, -0.224131, -0.0722993, 0.224122, 0.0259228, -0.974216, 0.257251, 0.224998, -0.974016, 0.0258443, 0.435361, 0, 0, 0, 1
-0.946361, -0.228903, -0.228046, -0.0716311, 0.228037, 0.0268588, -0.973282, 0.256509, 0.228912, -0.973079, 0.0267802, 0.435412, 0, 0, 0, 1
-0.944456, -0.232809, -0.231953, -0.0709629, 0.231944, 0.027811, -0.972331, 0.255766, 0.232819, -0.972125, 0.0277324, 0.435463, 0, 0, 0, 1
-0.94252, -0.236707, -0.235853, -0.0702946, 0.235843, 0.0287794, -0.971365, 0.255024, 0.236717, -0.971155, 0.0287006, 0.435514, 0, 0, 0, 1
-0.940551, -0.240597, -0.239744, -0.0696264, 0.239734, 0.0297638, -0.970382, 0.254282, 0.240607, -0.970169, 0.029685, 0.435565, 0, 0, 0, 1
-0.93855, -0.244479, -0.243627, -0.0689581, 0.243617, 0.0307643, -0.969384, 0.25354, 0.244489, -0.969166, 0.0306854, 0.435616, 0, 0, 0, 1
-0.936517, -0.248353, -0.247501, -0.0682899, 0.247491, 0.0317808, -0.968369, 0.252798, 0.248363, -0.968148, 0.0317019, 0.435668, 0, 0, 0, 1
-0.934452, -0.252218, -0.251367, -0.0676217, 0.251357, 0.0328133, -0.967338, 0.252056, 0.252228, -0.967114, 0.0327343, 0.435719, 0, 0, 0, 1
-0.932355, -0.256074, -0.255225, -0.0669534, 0.255214, 0.0338617, -0.966291, 0.251313, 0.256085, -0.966064, 0.0337827, 0.43577, 0, 0, 0, 1
-0.930226, -0.259922, -0.259074, -0.0662852, 0.259063, 0.0349261, -0.965229, 0.250571, 0.259933, -0.964998, 0.034847, 0.435821, 0, 0, 0, 1
-0.928066, -0.263761, -0.262914, -0.065617, 0.262903, 0.0360064, -0.96415, 0.249829, 0.263772, -0.963916, 0.0359272, 0.435872, 0, 0, 0, 1
-0.925874, -0.267591, -0.266745, -0.0649487, 0.266734, 0.0371025, -0.963056, 0.249087, 0.267602, -0.962818, 0.0370233, 0.435923, 0, 0, 0, 1
-0.92365, -0.271411, -0.270567, -0.0642805, 0.270555, 0.0382144, -0.961946, 0.248345, 0.271423, -0.961704, 0.0381351, 0.435974, 0, 0, 0, 1
-0.921395, -0.275223, -0.274379, -0.0636123, 0.274368, 0.0393421, -0.96082, 0.247602, 0.275234, -0.960575, 0.0392628, 0.436025, 0, 0, 0, 1
-0.919108, -0.279025, -0.278183, -0.062944, 0.278171, 0.0404855, -0.959678, 0.24686, 0.279036, -0.95943, 0.0404061, 0.436076, 0, 0, 0, 1
-0.91679, -0.282818, -0.281976, -0.0622758, 0.281965, 0.0416446, -0.958521, 0.246118, 0.282829, -0.958269, 0.0415652, 0.436127, 0, 0, 0, 1
-0.91444, -0.2866, -0.28576, -0.0616075, 0.285749, 0.0428193, -0.957348, 0.245376, 0.286612, -0.957093, 0.0427399, 0.436179, 0, 0, 0, 1
-0.91206, -0.290374, -0.289535, -0.0609393, 0.289523, 0.0440097, -0.956159, 0.244634, 0.290386, -0.955901, 0.0439302, 0.43623, 0, 0, 0, 1
-0.909648, -0.294137, -0.293299, -0.0602711, 0.293287, 0.0452157, -0.954955, 0.243891, 0.294149, -0.954693, 0.0451361, 0.436281, 0, 0, 0, 1
-0.907205, -0.29789, -0.297054, -0.0596028, 0.297041, 0.0464371, -0.953735, 0.243149, 0.297902, -0.95347, 0.0463576, 0.436332, 0, 0, 0, 1
-0.904731, -0.301633, -0.300798, -0.0589346, 0.300785, 0.0476741, -0.9525, 0.242407, 0.301645, -0.952231, 0.0475945, 0.436383, 0, 0, 0, 1
-0.902226, -0.305366, -0.304532, -0.0582664, 0.304519, 0.0489265, -0.951249, 0.241665, 0.305378, -0.950977, 0.0488469, 0.436434, 0, 0, 0, 1
-0.899691, -0.309088, -0.308255, -0.0575981, 0.308243, 0.0501943, -0.949983, 0.240923, 0.309101, -0.949708, 0.0501146, 0.436485, 0, 0, 0, 1
-0.897124, -0.3128, -0.311969, -0.0569299, 0.311955, 0.0514775, -0.948701, 0.24018, 0.312813, -0.948423, 0.0513978, 0.436536, 0, 0, 0, 1
-0.894527, -0.316501, -0.315671, -0.0562617, 0.315658, 0.052776, -0.947404, 0.239438, 0.316514, -0.947123, 0.0526962, 0.436587, 0, 0, 0, 1
-0.8919, -0.320191, -0.319363, -0.0555934, 0.319349, 0.0540898, -0.946092, 0.238696, 0.320204, -0.945808, 0.05401, 0.436639, 0, 0, 0, 1
-0.889242, -0.32387, -0.323043, -0.0549252, 0.32303, 0.0554188, -0.944765, 0.237954, 0.323884, -0.944477, 0.055339, 0.43669, 0, 0, 0, 1
-0.886554, -0.327539, -0.326713, -0.0542569, 0.326699, 0.056763, -0.943422, 0.237212, 0.327552, -0.943131, 0.0566831, 0.436741, 0, 0, 0, 1
-0.883835, -0.331196, -0.330371, -0.0535887, 0.330357, 0.0581223, -0.942065, 0.23647, 0.33121, -0.94177, 0.0580424, 0.436792, 0, 0, 0, 1
-0.881086, -0.334841, -0.334019, -0.0529205, 0.334004, 0.0594967, -0.940692, 0.235727, 0.334856, -0.940394, 0.0594168, 0.436843, 0, 0, 0, 1
-0.878307, -0.338476, -0.337654, -0.0522522, 0.33764, 0.0608861, -0.939304, 0.234985, 0.33849, -0.939003, 0.0608062, 0.436894, 0, 0, 0, 1
-0.875498, -0.342099, -0.341279, -0.051584, 0.341264, 0.0622906, -0.937901, 0.234243, 0.342113, -0.937597, 0.0622106, 0.436945, 0, 0, 0, 1
-0.87266, -0.34571, -0.344891, -0.0509158, 0.344876, 0.06371, -0.936483, 0.233501, 0.345724, -0.936176, 0.06363, 0.436996, 0, 0, 0, 1
-0.869791, -0.349309, -0.348492, -0.0502475, 0.348477, 0.0651443, -0.935051, 0.232759, 0.349324, -0.93474, 0.0650643, 0.437047, 0, 0, 0, 1
-0.866893, -0.352897, -0.352081, -0.0495793, 0.352066, 0.0665934, -0.933603, 0.232016, 0.352912, -0.93329, 0.0665134, 0.437098, 0, 0, 0, 1
-0.863965, -0.356472, -0.355658, -0.0489111, 0.355642, 0.0680574, -0.932141, 0.231274, 0.356487, -0.931824, 0.0679773, 0.43715, 0, 0, 0, 1
-0.861008, -0.360035, -0.359222, -0.0482428, 0.359207, 0.0695361, -0.930664, 0.230532, 0.360051, -0.930344, 0.069456, 0.437201, 0, 0, 0, 1
-0.858021, -0.363586, -0.362775, -0.0475746, 0.362759, 0.0710295, -0.929172, 0.22979, 0.363602, -0.928849, 0.0709494, 0.437252, 0, 0, 0, 1
-0.855005, -0.367125, -0.366315, -0.0469063, 0.366299, 0.0725375, -0.927666, 0.229048, 0.36714, -0.927339, 0.0724574, 0.437303, 0, 0, 0, 1
-0.851959, -0.370651, -0.369842, -0.0462381, 0.369826, 0.0740602, -0.926144, 0.228305, 0.370667, -0.925815, 0.0739801, 0.437354, 0, 0, 0, 1
-0.848885, -0.374164, -0.373357, -0.0455699, 0.373341, 0.0755974, -0.924609, 0.227563, 0.37418, -0.924276, 0.0755173, 0.437405, 0, 0, 0, 1
-0.845782, -0.377664, -0.376859, -0.0449016, 0.376843, 0.0771491, -0.923059, 0.226821, 0.377681, -0.922723, 0.077069, 0.437456, 0, 0, 0, 1
-0.842649, -0.381152, -0.380349, -0.0442334, 0.380332, 0.0787152, -0.921494, 0.226079, 0.381169, -0.921155, 0.0786351, 0.437507, 0, 0, 0, 1
-0.839488, -0.384627, -0.383825, -0.0435652, 0.383808, 0.0802957, -0.919915, 0.225337, 0.384643, -0.919573, 0.0802156, 0.437558, 0, 0, 0, 1
-0.836299, -0.388088, -0.387288, -0.0428969, 0.387271, 0.0818906, -0.918322, 0.224594, 0.388105, -0.917977, 0.0818104, 0.43761, 0, 0, 0, 1
-0.83308, -0.391537, -0.390738, -0.0422287, 0.390721, 0.0834997, -0.916714, 0.223852, 0.391554, -0.916366, 0.0834196, 0.437661, 0, 0, 0, 1
-0.829834, -0.394972, -0.394175, -0.0415605, 0.394157, 0.0851231, -0.915092, 0.22311, 0.394989, -0.914741, 0.0850429, 0.437712, 0, 0, 0, 1
-0.826559, -0.398393, -0.397598, -0.0408922, 0.39758, 0.0867606, -0.913456, 0.222368, 0.39841, -0.913102, 0.0866804, 0.437763, 0, 0, 0, 1
-0.823255, -0.401801, -0.401007, -0.040224, 0.400989, 0.0884122, -0.911806, 0.221626, 0.401818, -0.911449, 0.0883321, 0.437814, 0, 0, 0, 1
-0.819924, -0.405195, -0.404403, -0.0395557, 0.404385, 0.0900779, -0.910142, 0.220883, 0.405213, -0.909782, 0.0899978, 0.437865, 0, 0, 0, 1
-0.816565, -0.408575, -0.407785, -0.0388875, 0.407767, 0.0917576, -0.908464, 0.220141, 0.408593, -0.908101, 0.0916775, 0.437916, 0, 0, 0, 1
-0.813177, -0.411942, -0.411153, -0.0382193, 0.411135, 0.0934512, -0.906772, 0.219399, 0.41196, -0.906406, 0.0933711, 0.437967, 0, 0, 0, 1
-0.809762, -0.415294, -0.414507, -0.037551, 0.414489, 0.0951588, -0.905066, 0.218657, 0.415312, -0.904697, 0.0950786, 0.438018, 0, 0, 0, 1
-0.80632, -0.418632, -0.417847, -0.0368828, 0.417828, 0.0968801, -0.903346, 0.217915, 0.418651, -0.902974, 0.0968, 0.438069, 0, 0, 0, 1
-0.802849, -0.421956, -0.421172, -0.0362146, 0.421154, 0.0986152, -0.901612, 0.217173, 0.421975, -0.901237, 0.0985351, 0.438121, 0, 0, 0, 1
-0.799352, -0.425265, -0.424484, -0.0355463, 0.424465, 0.100364, -0.899865, 0.21643, 0.425284, -0.899487, 0.100284, 0.438172, 0, 0, 0, 1
-0.795827, -0.42856, -0.42778, -0.0348781, 0.427761, 0.102126, -0.898104, 0.215688, 0.428579, -0.897723, 0.102046, 0.438223, 0, 0, 0, 1
-0.792275, -0.431841, -0.431062, -0.0342099, 0.431043, 0.103903, -0.896329, 0.214946, 0.43186, -0.895945, 0.103822, 0.438274, 0, 0, 0, 1
-0.788695, -0.435106, -0.43433, -0.0335416, 0.43431, 0.105692, -0.894541, 0.214204, 0.435126, -0.894154, 0.105612, 0.438325, 0, 0, 0, 1
-0.785089, -0.438357, -0.437582, -0.0328734, 0.437562, 0.107495, -0.89274, 0.213462, 0.438376, -0.89235, 0.107415, 0.438376, 0, 0, 0, 1
-0.781456, -0.441593, -0.44082, -0.0322051, 0.4408, 0.109312, -0.890925, 0.212719, 0.441612, -0.890532, 0.109232, 0.438427, 0, 0, 0, 1
-0.777797, -0.444813, -0.444042, -0.0315369, 0.444022, 0.111141, -0.889096, 0.211977, 0.444833, -0.888701, 0.111061, 0.438478, 0, 0, 0, 1
-0.774111, -0.448019, -0.447249, -0.0308687, 0.447229, 0.112984, -0.887255, 0.211235, 0.448039, -0.886856, 0.112905, 0.438529, 0, 0, 0, 1
-0.770398, -0.451209, -0.450441, -0.0302004, 0.450421, 0.114841, -0.8854, 0.210493, 0.451229, -0.884998, 0.114761, 0.438581, 0, 0, 0, 1
-0.766659, -0.454384, -0.453618, -0.0295322, 0.453597, 0.11671, -0.883532, 0.209751, 0.454404, -0.883128, 0.11663, 0.438632, 0, 0, 0, 1
-0.762894, -0.457543, -0.456779, -0.028864, 0.456758, 0.118593, -0.88165, 0.209008, 0.457564, -0.881244, 0.118513, 0.438683, 0, 0, 0, 1
-0.759103, -0.460687, -0.459925, -0.0281957, 0.459904, 0.120488, -0.879756, 0.208266, 0.460707, -0.879347, 0.120408, 0.438734, 0, 0, 0, 1
-0.755286, -0.463815, -0.463055, -0.0275275, 0.463033, 0.122397, -0.877849, 0.207524, 0.463836, -0.877437, 0.122317, 0.438785, 0, 0, 0, 1
-0.751443, -0.466927, -0.466168, -0.0268592, 0.466147, 0.124318, -0.875929, 0.206782, 0.466948, -0.875514, 0.124238, 0.438836, 0, 0, 0, 1
-0.747574, -0.470023, -0.469267, -0.026191, 0.469245, 0.126253, -0.873996, 0.20604, 0.470044, -0.873578, 0.126173, 0.438887, 0, 0, 0, 1
-0.74368, -0.473103, -0.472349, -0.0255228, 0.472327, 0.1282, -0.872051, 0.205297, 0.473125, -0.87163, 0.12812, 0.438938, 0, 0, 0, 1
-0.739761, -0.476167, -0.475414, -0.0248545, 0.475393, 0.130159, -0.870092, 0.204555, 0.476189, -0.869669, 0.13008, 0.438989, 0, 0, 0, 1
-0.735816, -0.479215, -0.478464, -0.0241863, 0.478442, 0.132132, -0.868121, 0.203813, 0.479237, -0.867695, 0.132052, 0.439041, 0, 0, 0, 1
-0.731846, -0.482246, -0.481497, -0.0235181, 0.481475, 0.134116, -0.866138, 0.203071, 0.482268, -0.865709, 0.134037, 0.439092, 0, 0, 0, 1
-0.727851, -0.485261, -0.484514, -0.0228498, 0.484492, 0.136114, -0.864142, 0.202329, 0.485283, -0.86371, 0.136034, 0.439143, 0, 0, 0, 1
-0.723832, -0.488259, -0.487515, -0.0221816, 0.487492, 0.138124, -0.862133, 0.201587, 0.488282, -0.861699, 0.138044, 0.439194, 0, 0, 0, 1
-0.719787, -0.491241, -0.490498, -0.0215134, 0.490476, 0.140146, -0.860112, 0.200844, 0.491264, -0.859675, 0.140066, 0.439245, 0, 0, 0, 1
-0.715718, -0.494206, -0.493465, -0.0208451, 0.493442, 0.14218, -0.858079, 0.200102, 0.494229, -0.857639, 0.142101, 0.439296, 0, 0, 0, 1
-0.711625, -0.497154, -0.496415, -0.0201769, 0.496392, 0.144227, -0.856034, 0.19936, 0.497177, -0.855591, 0.144148, 0.439347, 0, 0, 0, 1
-0.707507, -0.500085, -0.499348, -0.0195086, 0.499325, 0.146286, -0.853976, 0.198618, 0.500108, -0.853531, 0.146207, 0.439398, 0, 0, 0, 1
-0.703365, -0.502999, -0.502264, -0.0188404, 0.502241, 0.148357, -0.851906, 0.197876, 0.503022, -0.851459, 0.148278, 0.439449, 0, 0, 0, 1
-0.699199, -0.505896, -0.505163, -0.0181722, 0.505139, 0.15044, -0.849825, 0.197133, 0.505919, -0.849375, 0.15036, 0.4395, 0, 0, 0, 1
-0.69501, -0.508775, -0.508045, -0.0175039, 0.508021, 0.152535, -0.847731, 0.196391, 0.508799, -0.847279, 0.152455, 0.439552, 0, 0, 0, 1
-0.690796, -0.511637, -0.510909, -0.0168357, 0.510885, 0.154641, -0.845626, 0.195649, 0.511661, -0.845171, 0.154562, 0.439603, 0, 0, 0, 1
-0.686559, -0.514482, -0.513756, -0.0161675, 0.513732, 0.15676, -0.843508, 0.194907, 0.514506, -0.843051, 0.156681, 0.439654, 0, 0, 0, 1
-0.682298, -0.517309, -0.516585, -0.0154992, 0.516561, 0.15889, -0.841379, 0.194165, 0.517334, -0.840919, 0.158811, 0.439705, 0, 0, 0, 1
-0.678015, -0.520119, -0.519397, -0.014831, 0.519372, 0.161032, -0.839239, 0.193422, 0.520143, -0.838776, 0.160953, 0.439756, 0, 0, 0, 1
-0.673708, -0.522911, -0.52219, -0.0141628, 0.522166, 0.163186, -0.837086, 0.19268, 0.522935, -0.836621, 0.163107, 0.439807, 0, 0, 0, 1
-0.669377, -0.525684, -0.524966, -0.0134945, 0.524942, 0.165351, -0.834923, 0.191938, 0.525709, -0.834455, 0.165272, 0.439858, 0, 0, 0, 1
-0.665025, -0.52844, -0.527724, -0.0128263, 0.527699, 0.167527, -0.832747, 0.191196, 0.528465, -0.832277, 0.167448, 0.439909, 0, 0, 0, 1
-0.660649, -0.531178, -0.530464, -0.012158, 0.530439, 0.169715, -0.830561, 0.190454, 0.531203, -0.830088, 0.169636, 0.43996, 0, 0, 0, 1
-0.656251, -0.533898, -0.533186, -0.0114898, 0.533161, 0.171914, -0.828363, 0.189711, 0.533923, -0.827888, 0.171835, 0.440012, 0, 0, 0, 1
-0.65183, -0.5366, -0.53589, -0.0108216, 0.535865, 0.174124, -0.826154, 0.188969, 0.536625, -0.825677, 0.174045, 0.440063, 0, 0, 0, 1
-0.647387, -0.539283, -0.538575, -0.0101533, 0.53855, 0.176345, -0.823934, 0.188227, 0.539309, -0.823454, 0.176267, 0.440114, 0, 0, 0, 1
-0.642923, -0.541948, -0.541242, -0.0094851, 0.541217, 0.178578, -0.821702, 0.187485, 0.541974, -0.82122, 0.178499, 0.440165, 0, 0, 0, 1
-0.638436, -0.544594, -0.543891, -0.00881686, 0.543865, 0.180821, -0.81946, 0.186743, 0.54462, -0.818976, 0.180743, 0.440216, 0, 0, 0, 1
-0.633927, -0.547222, -0.546521, -0.00814863, 0.546495, 0.183076, -0.817207, 0.186, 0.547248, -0.81672, 0.182997, 0.440267, 0, 0, 0, 1
-0.629397, -0.549831, -0.549132, -0.00748039, 0.549106, 0.185341, -0.814943, 0.185258, 0.549857, -0.814454, 0.185262, 0.440318, 0, 0, 0, 1
-0.624845, -0.552421, -0.551725, -0.00681215, 0.551698, 0.187617, -0.812668, 0.184516, 0.552448, -0.812177, 0.187538, 0.440369, 0, 0, 0, 1
-0.620272, -0.554992, -0.554298, -0.00614392, 0.554271, 0.189903, -0.810383, 0.183774, 0.555019, -0.809889, 0.189825, 0.44042, 0, 0, 0, 1
-0.615677, -0.557545, -0.556853, -0.00547568, 0.556826, 0.1922, -0.808087, 0.183032, 0.557572, -0.807591, 0.192122, 0.440471, 0, 0, 0, 1
-0.611062, -0.560078, -0.559389, -0.00480744, 0.559361, 0.194508, -0.80578, 0.18229, 0.560105, -0.805282, 0.19443, 0.440523, 0, 0, 0, 1
-0.606426, -0.562593, -0.561905, -0.00413921, 0.561878, 0.196826, -0.803463, 0.181547, 0.56262, -0.802963, 0.196748, 0.440574, 0, 0, 0, 1
-0.601769, -0.565088, -0.564402, -0.00347097, 0.564375, 0.199154, -0.801136, 0.180805, 0.565115, -0.800633, 0.199077, 0.440625, 0, 0, 0, 1
-0.597091, -0.567564, -0.566881, -0.00280273, 0.566853, 0.201493, -0.798798, 0.180063, 0.567591, -0.798293, 0.201415, 0.440676, 0, 0, 0, 1
-0.592393, -0.57002, -0.569339, -0.0021345, 0.569312, 0.203842, -0.79645, 0.179321, 0.570048, -0.795943, 0.203764, 0.440727, 0, 0, 0, 1
-0.587675, -0.572457, -0.571779, -0.00146626, 0.571751, 0.206201, -0.794092, 0.178579, 0.572485, -0.793583, 0.206124, 0.440778, 0, 0, 0, 1
-0.582937, -0.574875, -0.574198, -0.000798024, 0.57417, 0.20857, -0.791724, 0.177836, 0.574903, -0.791213, 0.208493, 0.440829, 0, 0, 0, 1
-0.578179, -0.577272, -0.576598, -0.000129787, 0.57657, 0.210949, -0.789346, 0.177094, 0.577301, -0.788833, 0.210872, 0.44088, 0, 0, 0, 1
-0.573401, -0.579651, -0.578979, 0.000538449, 0.57895, 0.213338, -0.786958, 0.176352, 0.579679, -0.786443, 0.213261, 0.440931, 0, 0, 0, 1
-0.568604, -0.582009, -0.581339, 0.00120669, 0.581311, 0.215737, -0.784561, 0.17561, 0.582038, -0.784043, 0.215659, 0.440983, 0, 0, 0, 1
-0.563787, -0.584347, -0.58368, 0.00187492, 0.583651, 0.218145, -0.782153, 0.174868, 0.584376, -0.781633, 0.218068, 0.441034, 0, 0, 0, 1
-0.558951, -0.586666, -0.586001, 0.00254316, 0.585972, 0.220563, -0.779736, 0.174125, 0.586695, -0.779214, 0.220486, 0.441085, 0, 0, 0, 1
-0.554095, -0.588964, -0.588302, 0.0032114, 0.588273, 0.222991, -0.77731, 0.173383, 0.588994, -0.776786, 0.222914, 0.441136, 0, 0, 0, 1
-0.549221, -0.591243, -0.590583, 0.00387963, 0.590553, 0.225428, -0.774874, 0.172641, 0.591272, -0.774348, 0.225351, 0.441187, 0, 0, 0, 1
-0.544328, -0.593501, -0.592843, 0.00454787, 0.592814, 0.227874, -0.772428, 0.171899, 0.59353, -0.7719, 0.227797, 0.441238, 0, 0, 0, 1
-0.539417, -0.595739, -0.595084, 0.0052161, 0.595054, 0.23033, -0.769973, 0.171157, 0.595769, -0.769444, 0.230253, 0.441289, 0, 0, 0, 1
-0.534487, -0.597957, -0.597304, 0.00588434, 0.597274, 0.232795, -0.76751, 0.170414, 0.597986, -0.766978, 0.232718, 0.44134, 0, 0, 0, 1
-0.529539, -0.600154, -0.599503, 0.00655258, 0.599473, 0.235269, -0.765036, 0.169672, 0.600184, -0.764503, 0.235192, 0.441391, 0, 0, 0, 1
-0.524573, -0.60233, -0.601682, 0.00722081, 0.601652, 0.237752, -0.762554, 0.16893, 0.602361, -0.762018, 0.237675, 0.441442, 0, 0, 0, 1
-0.519589, -0.604487, -0.603841, 0.00788905, 0.60381, 0.240244, -0.760063, 0.168188, 0.604517, -0.759525, 0.240167, 0.441494, 0, 0, 0, 1
-0.514587, -0.606622, -0.605979, 0.00855729, 0.605948, 0.242745, -0.757563, 0.167446, 0.606653, -0.757024, 0.242668, 0.441545, 0, 0, 0, 1
-0.509567, -0.608737, -0.608096, 0.00922552, 0.608065, 0.245254, -0.755054, 0.166704, 0.608768, -0.754513, 0.245178, 0.441596, 0, 0, 0, 1
-0.50453, -0.610831, -0.610192, 0.00989376, 0.610161, 0.247773, -0.752537, 0.165961, 0.610862, -0.751994, 0.247697, 0.441647, 0, 0, 0, 1
-0.499476, -0.612904, -0.612268, 0.010562, 0.612237, 0.2503, -0.750011, 0.165219, 0.612935, -0.749466, 0.250224, 0.441698, 0, 0, 0, 1
-0.494405, -0.614956, -0.614322, 0.0112302, 0.614291, 0.252835, -0.747476, 0.164477, 0.614987, -0.746929, 0.252759, 0.441749, 0, 0, 0, 1
-0.489317, -0.616988, -0.616356, 0.0118985, 0.616325, 0.255379, -0.744933, 0.163735, 0.617019, -0.744384, 0.255303, 0.4418, 0, 0, 0, 1
-0.484213, -0.618998, -0.618369, 0.0125667, 0.618337, 0.257931, -0.742382, 0.162993, 0.619029, -0.741831, 0.257856, 0.441851, 0, 0, 0, 1
-0.479091, -0.620987, -0.62036, 0.0132349, 0.620329, 0.260492, -0.739822, 0.16225, 0.621018, -0.739269, 0.260417, 0.441902, 0, 0, 0, 1
-0.473954, -0.622955, -0.622331, 0.0139032, 0.622299, 0.263061, -0.737254, 0.161508, 0.622986, -0.7367, 0.262985, 0.441954, 0, 0, 0, 1
-0.4688, -0.624901, -0.62428, 0.0145714, 0.624248, 0.265637, -0.734678, 0.160766, 0.624933, -0.734122, 0.265562, 0.442005, 0, 0, 0, 1
-0.46363, -0.626827, -0.626207, 0.0152397, 0.626175, 0.268222, -0.732094, 0.160024, 0.626859, -0.731536, 0.268147, 0.442056, 0, 0, 0, 1
-0.458444, -0.62873, -0.628114, 0.0159079, 0.628081, 0.270815, -0.729502, 0.159282, 0.628763, -0.728943, 0.27074, 0.442107, 0, 0, 0, 1
-0.453243, -0.630613, -0.629999, 0.0165761, 0.629966, 0.273416, -0.726902, 0.158539, 0.630645, -0.726341, 0.273341, 0.442158, 0, 0, 0, 1
-0.448026, -0.632474, -0.631862, 0.0172444, 0.631829, 0.276024, -0.724294, 0.157797, 0.632506, -0.723732, 0.275949, 0.442209, 0, 0, 0, 1
-0.442794, -0.634313, -0.633704, 0.0179126, 0.633671, 0.27864, -0.721679, 0.157055, 0.634346, -0.721115, 0.278566, 0.44226, 0, 0, 0, 1
-0.437547, -0.636131, -0.635524, 0.0185808, 0.635491, 0.281264, -0.719056, 0.156313, 0.636163, -0.718491, 0.281189, 0.442311, 0, 0, 0, 1
-0.432285, -0.637927, -0.637322, 0.0192491, 0.637289, 0.283895, -0.716426, 0.155571, 0.63796, -0.715859, 0.28382, 0.442362, 0, 0, 0, 1
-0.427008, -0.639701, -0.639099, 0.0199173, 0.639066, 0.286533, -0.713789, 0.154828, 0.639734, -0.713219, 0.286459, 0.442413, 0, 0, 0, 1
-0.421716, -0.641453, -0.640854, 0.0205855, 0.64082, 0.289179, -0.711144, 0.154086, 0.641486, -0.710573, 0.289105, 0.442465, 0, 0, 0, 1
-0.416411, -0.643183, -0.642587, 0.0212538, 0.642553, 0.291831, -0.708491, 0.153344, 0.643217, -0.707919, 0.291758, 0.442516, 0, 0, 0, 1
-0.41109, -0.644892, -0.644297, 0.021922, 0.644264, 0.294491, -0.705832, 0.152602, 0.644925, -0.705258, 0.294418, 0.442567, 0, 0, 0, 1
-0.405756, -0.646578, -0.645986, 0.0225903, 0.645953, 0.297158, -0.703166, 0.15186, 0.646612, -0.702591, 0.297085, 0.442618, 0, 0, 0, 1
-0.400408, -0.648243, -0.647653, 0.0232585, 0.647619, 0.299832, -0.700492, 0.151117, 0.648277, -0.699916, 0.299759, 0.442669, 0, 0, 0, 1
-0.395047, -0.649885, -0.649298, 0.0239267, 0.649264, 0.302513, -0.697812, 0.150375, 0.649919, -0.697234, 0.30244, 0.44272, 0, 0, 0, 1
-0.389671, -0.651505, -0.650921, 0.024595, 0.650886, 0.305201, -0.695126, 0.149633, 0.651539, -0.694546, 0.305128, 0.442771, 0, 0, 0, 1
-0.384283, -0.653103, -0.652521, 0.0252632, 0.652487, 0.307895, -0.692432, 0.148891, 0.653137, -0.691851, 0.307822, 0.442822, 0, 0, 0, 1
-0.378881, -0.654678, -0.654099, 0.0259314, 0.654064, 0.310596, -0.689732, 0.148149, 0.654713, -0.689149, 0.310523, 0.442873, 0, 0, 0, 1
-0.373467, -0.656231, -0.655655, 0.0265997, 0.65562, 0.313303, -0.687025, 0.147407, 0.656266, -0.686441, 0.31323, 0.442925, 0, 0, 0, 1
-0.368039, -0.657762, -0.657188, 0.0272679, 0.657153, 0.316016, -0.684312, 0.146664, 0.657797, -0.683727, 0.315944, 0.442976, 0, 0, 0, 1
-0.3626, -0.65927, -0.658699, 0.0279361, 0.658664, 0.318736, -0.681593, 0.145922, 0.659305, -0.681007, 0.318664, 0.443027, 0, 0, 0, 1
-0.357147, -0.660756, -0.660187, 0.0286044, 0.660152, 0.321462, -0.678868, 0.14518, 0.660791, -0.67828, 0.32139, 0.443078, 0, 0, 0, 1
-0.351683, -0.662219, -0.661653, 0.0292726, 0.661618, 0.324194, -0.676136, 0.144438, 0.662255, -0.675547, 0.324122, 0.443129, 0, 0, 0, 1
-0.346206, -0.66366, -0.663096, 0.0299409, 0.663061, 0.326933, -0.673398, 0.143696, 0.663695, -0.672808, 0.326861, 0.44318, 0, 0, 0, 1
-0.340718, -0.665078, -0.664517, 0.0306091, 0.664481, 0.329677, -0.670655, 0.142953, 0.665113, -0.670063, 0.329605, 0.443231, 0, 0, 0, 1
-0.335218, -0.666473, -0.665915, 0.0312773, 0.665879, 0.332427, -0.667906, 0.142211, 0.666509, -0.667313, 0.332355, 0.443282, 0, 0, 0, 1
-0.329707, -0.667846, -0.66729, 0.0319456, 0.667254, 0.335182, -0.665151, 0.141469, 0.667881, -0.664556, 0.335111, 0.443333, 0, 0, 0, 1
-0.324184, -0.669195, -0.668642, 0.0326138, 0.668606, 0.337943, -0.66239, 0.140727, 0.669231, -0.661794, 0.337872, 0.443385, 0, 0, 0, 1
-0.318651, -0.670522, -0.669972, 0.033282, 0.669935, 0.34071, -0.659624, 0.139985, 0.670558, -0.659027, 0.340639, 0.443436, 0, 0, 0, 1
-0.313106, -0.671826, -0.671278, 0.0339503, 0.671242, 0.343482, -0.656852, 0.139242, 0.671862, -0.656254, 0.343411, 0.443487, 0, 0, 0, 1
-0.307551, -0.673107, -0.672562, 0.0346185, 0.672525, 0.34626, -0.654075, 0.1385, 0.673144, -0.653476, 0.346189, 0.443538, 0, 0, 0, 1
-0.301985, -0.674365, -0.673822, 0.0352867, 0.673786, 0.349043, -0.651292, 0.137758, 0.674402, -0.650692, 0.348972, 0.443589, 0, 0, 0, 1
-0.296409, -0.6756, -0.67506, 0.035955, 0.675023, 0.351831, -0.648505, 0.137016, 0.675637, -0.647904, 0.35176, 0.44364, 0, 0, 0, 1
-0.290823, -0.676812, -0.676275, 0.0366232, 0.676238, 0.354624, -0.645712, 0.136274, 0.676849, -0.64511, 0.354553, 0.443691, 0, 0, 0, 1
-0.285227, -0.678001, -0.677466, 0.0372915, 0.677429, 0.357422, -0.642915, 0.135531, 0.678038, -0.642312, 0.357351, 0.443742, 0, 0, 0, 1
-0.279621, -0.679167, -0.678634, 0.0379597, 0.678597, 0.360225, -0.640112, 0.134789, 0.679204, -0.639508, 0.360154, 0.443793, 0, 0, 0, 1
-0.274005, -0.680309, -0.67978, 0.0386279, 0.679742, 0.363032, -0.637305, 0.134047, 0.680347, -0.6367, 0.362962, 0.443844, 0, 0, 0, 1
-0.26838, -0.681429, -0.680902, 0.0392962, 0.680864, 0.365845, -0.634493, 0.133305, 0.681466, -0.633887, 0.365775, 0.443896, 0, 0, 0, 1
-0.262747, -0.682525, -0.682, 0.0399644, 0.681963, 0.368661, -0.631677, 0.132563, 0.682562, -0.63107, 0.368592, 0.443947, 0, 0, 0, 1
-0.257104, -0.683597, -0.683076, 0.0406326, 0.683038, 0.371483, -0.628856, 0.131821, 0.683635, -0.628248, 0.371413, 0.443998, 0, 0, 0, 1
-0.251452, -0.684647, -0.684128, 0.0413009, 0.68409, 0.374309, -0.626031, 0.131078, 0.684685, -0.625421, 0.374239, 0.444049, 0, 0, 0, 1
-0.245792, -0.685673, -0.685156, 0.0419691, 0.685118, 0.377139, -0.623201, 0.130336, 0.685711, -0.622591, 0.37707, 0.4441, 0, 0, 0, 1
-0.240123, -0.686675, -0.686162, 0.0426374, 0.686124, 0.379973, -0.620367, 0.129594, 0.686714, -0.619756, 0.379904, 0.444151, 0, 0, 0, 1
-0.234446, -0.687655, -0.687143, 0.0433056, 0.687105, 0.382811, -0.617529, 0.128852, 0.687693, -0.616917, 0.382742, 0.444202, 0, 0, 0, 1
-0.228761, -0.68861, -0.688102, 0.0439738, 0.688063, 0.385654, -0.614687, 0.12811, 0.688649, -0.614074, 0.385585, 0.444253, 0, 0, 0, 1
-0.223069, -0.689542, -0.689037, 0.0446421, 0.688998, 0.3885, -0.611841, 0.127367, 0.689581, -0.611227, 0.388431, 0.444304, 0, 0, 0, 1
-0.217368, -0.690451, -0.689948, 0.0453103, 0.689909, 0.39135, -0.608991, 0.126625, 0.69049, -0.608377, 0.391282, 0.444356, 0, 0, 0, 1
-0.21166, -0.691336, -0.690836, 0.0459785, 0.690797, 0.394204, -0.606138, 0.125883, 0.691375, -0.605523, 0.394136, 0.444407, 0, 0, 0, 1
-0.205945, -0.692198, -0.6917, 0.0466468, 0.691661, 0.397061, -0.603281, 0.125141, 0.692237, -0.602665, 0.396993, 0.444458, 0, 0, 0, 1
-0.200223, -0.693036, -0.69254, 0.047315, 0.692501, 0.399922, -0.60042, 0.124399, 0.693075, -0.599803, 0.399854, 0.444509, 0, 0, 0, 1
-0.194495, -0.69385, -0.693357, 0.0479832, 0.693318, 0.402786, -0.597556, 0.123656, 0.693889, -0.596939, 0.402719, 0.44456, 0, 0, 0, 1
